DK,FR,DE,IB,LU,UK
0.0,2000.0,0.0,0.0,1016.0000000000001,0.0
0.0,2000.0000000000002,0.0,0.0,1016.0,0.0
0.0,1936.557996377995,0.0,0.0,1016.0000000000001,0.0
0.0,1999.9999999999998,0.0,0.0,0.0,0.0
0.0,2000.0000000000002,0.0,0.0,1016.0000000000001,0.0
0.0,0.0,0.0,0.0,0.0,0.0
0.0,0.0,0.0,0.0,0.0,0.0
0.0,0.0,0.0,0.0,0.0,0.0
0.0,0.0,0.0,0.0,0.0,0.0
0.0,0.0,0.0,0.0,0.0,0.0
0.0,2000.0000000000002,0.0,0.0,0.0,0.0
0.0,2000.0,0.0,0.0,1015.9999999999999,0.0
0.0,2000.0,0.0,0.0,1015.9999999999999,0.0
0.0,2000.0,0.0,0.0,1016.0,0.0
0.0,1650.214261109018,0.0,0.0,0.0,0.0
0.0,2000.0000000000002,0.0,0.0,0.0,0.0
0.0,2000.0,0.0,0.0,702.1222523761277,0.0
0.0,2000.0,0.0,0.0,1016.0,0.0
0.0,1999.9999999999998,0.0,0.0,1015.9999999999999,0.0
0.0,2000.0,0.0,0.0,0.0,0.0
0.0,2000.0,0.0,0.0,1016.0,0.0
0.0,906.7056897257445,0.0,0.0,1016.0,0.0
0.0,577.4064674580471,0.0,0.0,1016.0,0.0
0.0,0.0,0.0,0.0,1015.9999999999999,0.0
0.0,165.02084341131317,0.0,0.0,0.0,0.0
0.0,0.0,0.0,0.0,0.0,0.0
0.0,1141.1351989987324,0.0,0.0,0.0,0.0
0.0,0.0,0.0,0.0,0.0,0.0
0.0,0.0,0.0,0.0,0.0,0.0
0.0,0.0,0.0,0.0,0.0,0.0
0.0,0.0,0.0,0.0,1016.0000000000001,0.0
0.0,0.0,0.0,0.0,0.0,0.0
0.0,0.0,0.0,0.0,0.0,0.0
0.0,2000.0000000000002,0.0,0.0,0.0,0.0
0.0,2000.0000000000002,0.0,0.0,1016.0,0.0
0.0,2000.0,0.0,0.0,0.0,0.0
0.0,2000.0,0.0,0.0,0.0,0.0
0.0,2000.0,0.0,0.0,170.80119141902077,0.0
0.0,2000.0,0.0,0.0,1015.9999999999999,0.0
0.0,1999.9999999999998,0.0,0.0,0.0,0.0
0.0,0.0,0.0,0.0,0.0,0.0
0.0,121.14735977470221,0.0,0.0,0.0,0.0
0.0,2000.0,0.0,0.0,1016.0,0.0
0.0,2000.0,0.0,0.0,1016.0,0.0
0.0,2000.0,0.0,0.0,1015.9999999999999,0.0
0.0,2000.0,0.0,0.0,413.6073774266213,0.0
0.0,0.0,0.0,0.0,0.0,0.0
0.0,2000.0,0.0,0.0,1016.0000000000001,0.0
0.0,0.0,0.0,0.0,0.0,0.0
0.0,2000.0,0.0,0.0,1016.0,0.0
0.0,2000.0,0.0,0.0,1016.0,0.0
0.0,1999.9999999999998,0.0,0.0,0.0,0.0
0.0,1428.3145457384512,0.0,0.0,1016.0,0.0
0.0,0.0,0.0,0.0,0.0,0.0
0.0,2000.0,0.0,0.0,0.0,0.0
0.0,2000.0,0.0,0.0,1016.0000000000001,0.0
0.0,2000.0000000000002,0.0,0.0,1016.0,0.0
0.0,0.0,0.0,0.0,0.0,0.0
0.0,2000.0000000000002,0.0,0.0,0.0,0.0
0.0,0.0,0.0,0.0,0.0,0.0
0.0,2000.0,0.0,0.0,0.0,0.0
0.0,1287.4905541686242,0.0,0.0,532.9873397577193,0.0
0.0,2000.0,0.0,0.0,0.0,0.0
0.0,2000.0000000000002,0.0,0.0,0.0,0.0
0.0,0.0,0.0,0.0,327.7302496641845,0.0
0.0,0.0,0.0,0.0,0.0,0.0
0.0,0.0,0.0,0.0,0.0,0.0
0.0,0.0,0.0,0.0,0.0,0.0
0.0,0.0,0.0,0.0,1015.9999999999999,0.0
0.0,2000.0,0.0,0.0,0.0,0.0
0.0,0.0,0.0,0.0,1016.0,0.0
0.0,0.0,0.0,0.0,0.0,0.0
0.0,0.0,0.0,0.0,0.0,0.0
0.0,0.0,0.0,0.0,0.0,0.0
0.0,0.0,0.0,0.0,0.0,0.0
0.0,0.0,0.0,0.0,0.0,0.0
0.0,0.0,0.0,0.0,148.095269178891,0.0
0.0,0.0,0.0,0.0,0.0,0.0
0.0,0.0,0.0,0.0,1016.0,0.0
0.0,0.0,0.0,0.0,0.0,0.0
0.0,0.0,0.0,0.0,0.0,0.0
0.0,0.0,0.0,0.0,0.0,0.0
0.0,0.0,0.0,0.0,0.0,0.0
0.0,2000.0,0.0,0.0,0.0,0.0
0.0,2000.0,0.0,0.0,1015.9999999999999,0.0
0.0,2000.0000000000002,0.0,0.0,0.0,0.0
0.0,0.0,0.0,0.0,0.0,0.0
0.0,1999.9999999999998,0.0,0.0,0.0,0.0
0.0,526.4719606752441,0.0,0.0,0.0,0.0
0.0,2000.0,0.0,0.0,1016.0000000000001,0.0
0.0,0.0,0.0,0.0,1016.0,0.0
0.0,0.0,0.0,0.0,0.0,0.0
0.0,2000.0,0.0,0.0,1016.0,0.0
0.0,0.0,0.0,0.0,1016.0000000000001,0.0
0.0,0.0,0.0,0.0,1015.9999999999999,0.0
0.0,0.0,0.0,0.0,1016.0,0.0
0.0,0.0,0.0,0.0,0.0,0.0
0.0,0.0,0.0,0.0,0.0,0.0
0.0,0.0,0.0,0.0,0.0,0.0
0.0,0.0,0.0,0.0,31.338971721769674,0.0
0.0,0.0,0.0,0.0,0.0,0.0
0.0,0.0,0.0,0.0,0.0,0.0
0.0,0.0,0.0,0.0,886.2936674316297,0.0
0.0,0.0,0.0,0.0,0.0,0.0
0.0,0.0,0.0,0.0,1016.0,0.0
0.0,2000.0,0.0,0.0,268.6081617652099,0.0
0.0,1999.9999999999998,0.0,0.0,0.0,0.0
0.0,2000.0,0.0,0.0,1016.0,0.0
0.0,1999.9999999999998,0.0,0.0,1016.0,0.0
0.0,2000.0,0.0,0.0,1016.0,0.0
0.0,2000.0,0.0,0.0,1016.0000000000001,0.0
0.0,2000.0,0.0,0.0,1016.0,0.0
0.0,2000.0,0.0,0.0,1016.0,0.0
0.0,0.0,0.0,0.0,0.0,0.0
0.0,2000.0,0.0,0.0,1016.0,0.0
0.0,2000.0,0.0,0.0,1016.0,0.0
0.0,2000.0,0.0,0.0,0.0,0.0
0.0,0.0,0.0,0.0,0.0,0.0
0.0,0.0,0.0,0.0,0.0,0.0
0.0,0.0,0.0,0.0,0.0,0.0
0.0,1562.0930155886592,0.0,0.0,970.7358498847353,0.0
0.0,2000.0,0.0,0.0,0.0,0.0
0.0,0.0,0.0,0.0,0.0,0.0
0.0,0.0,0.0,0.0,1016.0,0.0
0.0,2000.0,0.0,0.0,0.0,0.0
0.0,0.0,0.0,0.0,0.0,0.0
0.0,2000.0,0.0,0.0,1016.0,0.0
0.0,0.0,0.0,0.0,0.0,0.0
0.0,0.0,0.0,0.0,0.0,0.0
0.0,0.0,0.0,0.0,479.2984037600857,0.0
0.0,2000.0,0.0,0.0,1016.0000000000001,0.0
0.0,2000.0,0.0,0.0,1016.0000000000001,0.0
0.0,2000.0,0.0,0.0,1016.0,0.0
0.0,2000.0,0.0,0.0,1016.0,0.0
0.0,1999.9999999999998,0.0,0.0,1016.0,0.0
0.0,2000.0,0.0,0.0,1015.9999999999999,0.0
0.0,2000.0,0.0,0.0,1016.0,0.0
0.0,1999.9999999999998,0.0,0.0,1015.9999999999999,0.0
0.0,2000.0,0.0,0.0,1016.0,0.0
0.0,1999.9999999999998,0.0,0.0,1015.9999999999999,0.0
0.0,2000.0,0.0,0.0,1016.0,0.0
0.0,2000.0,0.0,0.0,1016.0,0.0
0.0,2000.0,0.0,0.0,0.0,0.0
0.0,2000.0,0.0,0.0,0.0,0.0
0.0,2000.0,0.0,0.0,0.0,0.0
0.0,2000.0000000000002,0.0,0.0,1016.0000000000001,0.0
0.0,2000.0,0.0,0.0,1016.0,0.0
0.0,2000.0,0.0,0.0,1016.0,0.0
0.0,2000.0,0.0,0.0,1015.9999999999999,0.0
0.0,2000.0,0.0,0.0,0.0,0.0
0.0,2000.0,0.0,0.0,434.9537453944864,0.0
0.0,2000.0000000000002,0.0,0.0,348.673749808927,0.0
0.0,2000.0,0.0,0.0,1015.9999999999999,0.0
0.0,2000.0,0.0,0.0,1016.0,0.0
0.0,1999.9999999999998,0.0,0.0,1015.9999999999999,0.0
0.0,1999.9999999999998,0.0,0.0,1016.0,0.0
0.0,1999.9999999999998,0.0,0.0,1015.9999999999999,0.0
0.0,2000.0,0.0,0.0,1016.0,0.0
0.0,2000.0,0.0,0.0,1016.0,0.0
0.0,2000.0000000000002,0.0,0.0,1015.9999999999999,0.0
0.0,2000.0,0.0,0.0,1015.9999999999999,0.0
0.0,2000.0000000000002,0.0,0.0,1016.0,0.0
0.0,1999.9999999999998,0.0,0.0,747.0585345598208,0.0
0.0,2000.0,0.0,0.0,1016.0,0.0
0.0,2000.0000000000002,0.0,0.0,1016.0,0.0
0.0,2000.0,0.0,0.0,1016.0,0.0
0.0,1999.9999999999998,0.0,0.0,1015.9999999999999,0.0
0.0,2000.0,0.0,0.0,399.5128939828125,0.0
