DK,FR,DE,IB,LU,UK
1091.25,1800.0,0.0,0.0,3380.0,0.0
1091.25,1800.0,0.0,0.0,3380.0,0.0
1091.25,1800.0,0.0,0.0,3380.0,0.0
1091.25,1800.0,0.0,0.0,3380.0,0.0
1091.25,1800.0,0.0,0.0,3380.0,0.0
1091.25,1800.0,0.0,0.0,3380.0,0.0
1091.25,1800.0,0.0,0.0,3380.0,0.0
1091.25,0.0,0.0,0.0,3380.0,0.0
1091.25,0.0,0.0,0.0,3380.0,0.0
0.0,0.0,0.0,0.0,3380.0,0.0
0.0,0.0,0.0,0.0,3380.0,0.0
0.0,0.0,0.0,0.0,3380.0,0.0
0.0,0.0,0.0,0.0,3380.0,0.0
1091.25,1800.0,0.0,0.0,3380.0,0.0
1091.25,1800.0,0.0,0.0,3380.0,0.0
1091.25,1800.0,0.0,0.0,3380.0,0.0
1091.25,1800.0,0.0,0.0,3380.0,0.0
1091.25,1800.0,0.0,0.0,3380.0,0.0
1091.25,1800.0,0.0,0.0,3380.0,0.0
1091.25,1800.0,0.0,0.0,3380.0,0.0
1091.25,0.0,0.0,0.0,3380.0,0.0
1091.25,1800.0,0.0,0.0,3380.0,0.0
1091.25,1800.0,0.0,0.0,0.0,0.0
0.0,1800.0,0.0,0.0,3380.0,0.0
1091.25,0.0,0.0,0.0,3380.0,0.0
1091.25,1800.0,0.0,0.0,3380.0,0.0
0.0,1800.0,0.0,0.0,3380.0,0.0
1091.25,1016.829118666571,0.0,0.0,0.0,0.0
1091.25,1800.0,0.0,0.0,3380.0,0.0
1091.25,1800.0,0.0,0.0,2229.1829652478555,0.0
1091.25,1800.0,0.0,0.0,0.0,0.0
1091.25,1800.0,0.0,0.0,0.0,0.0
901.2744802399002,0.0,0.0,0.0,0.0,0.0
1091.25,0.0,0.0,0.0,0.0,0.0
0.0,0.0,0.0,0.0,0.0,0.0
0.0,0.0,0.0,0.0,0.0,0.0
1091.25,1800.0,0.0,0.0,0.0,0.0
1091.25,0.0,0.0,0.0,0.0,0.0
1091.25,0.0,0.0,0.0,0.0,0.0
1091.25,0.0,0.0,0.0,0.0,0.0
1091.25,0.0,0.0,0.0,0.0,0.0
1091.25,0.0,0.0,0.0,0.0,0.0
1091.25,0.0,0.0,0.0,0.0,0.0
1091.25,0.0,0.0,0.0,0.0,0.0
1091.25,0.0,0.0,0.0,0.0,0.0
1091.25,0.0,0.0,0.0,0.0,0.0
1091.25,0.0,0.0,0.0,0.0,0.0
1091.25,0.0,0.0,0.0,0.0,0.0
1091.25,0.0,0.0,0.0,0.0,0.0
1091.25,1350.4510324828016,0.0,0.0,0.0,0.0
1091.25,1800.0,0.0,0.0,0.0,0.0
1091.25,1800.0,0.0,0.0,0.0,0.0
1091.25,1800.0,0.0,0.0,0.0,0.0
1091.25,1800.0,0.0,0.0,3380.0,0.0
1091.25,1800.0,0.0,0.0,3380.0,0.0
1091.25,1800.0,0.0,0.0,3380.0,0.0
1091.25,1800.0,0.0,0.0,0.0,0.0
1091.25,1800.0,0.0,0.0,0.0,0.0
1091.25,1800.0,0.0,0.0,0.0,0.0
1091.25,1800.0,0.0,0.0,0.0,0.0
1052.286502257608,1800.0,0.0,0.0,1688.4561074685712,0.0
253.92207591965143,1800.0,0.0,0.0,0.0,0.0
0.0,1800.0,0.0,0.0,0.0,0.0
0.0,1800.0,0.0,0.0,955.1149336146336,0.0
1091.25,1800.0,0.0,0.0,0.0,0.0
1091.25,1800.0,0.0,0.0,2678.526593314891,0.0
1091.25,1800.0,0.0,0.0,270.0668117142668,0.0
1091.25,1800.0,0.0,0.0,1947.4171156466327,0.0
1091.25,1800.0,0.0,0.0,0.0,0.0
0.0,1800.0,0.0,0.0,0.0,0.0
1091.25,1800.0,0.0,0.0,0.0,0.0
1091.25,1800.0,0.0,0.0,3380.0,0.0
0.0,1800.0,0.0,0.0,3380.0,0.0
0.0,1800.0,0.0,0.0,0.0,0.0
1091.25,1800.0,0.0,0.0,0.0,0.0
0.0,1800.0,0.0,0.0,0.0,0.0
0.0,1800.0,0.0,0.0,0.0,0.0
0.0,1800.0,0.0,0.0,0.0,0.0
0.0,1800.0,0.0,0.0,3380.0,0.0
0.0,0.0,0.0,0.0,0.0,0.0
0.0,0.0,0.0,0.0,0.0,0.0
0.0,0.0,0.0,0.0,0.0,0.0
0.0,1800.0,0.0,0.0,0.0,0.0
0.0,1800.0,0.0,0.0,0.0,0.0
0.0,1800.0,0.0,0.0,0.0,0.0
0.0,1800.0,0.0,0.0,0.0,0.0
0.0,1800.0,0.0,0.0,3380.0,0.0
0.0,0.0,0.0,0.0,0.0,0.0
0.0,1800.0,0.0,0.0,0.0,0.0
0.0,1800.0,0.0,0.0,0.0,0.0
0.0,1800.0,0.0,0.0,1772.9486364850927,0.0
92.09274603087033,1800.0,0.0,0.0,3380.0,0.0
0.0,1800.0,0.0,0.0,0.0,0.0
1091.25,0.0,0.0,0.0,3380.0,0.0
0.0,0.0,0.0,0.0,3380.0,0.0
1091.25,0.0,0.0,0.0,0.0,0.0
1091.25,0.0,0.0,0.0,0.0,0.0
0.0,0.0,0.0,0.0,3380.0,0.0
0.0,1800.0,0.0,0.0,3380.0,0.0
1091.25,1800.0,0.0,0.0,3380.0,0.0
0.0,0.0,0.0,0.0,0.0,0.0
0.0,1800.0,0.0,0.0,3380.0,0.0
1091.25,1800.0,0.0,0.0,2447.322850887147,0.0
1091.25,1800.0,0.0,0.0,0.0,0.0
1020.050422078064,1800.0,0.0,0.0,2009.209317509245,0.0
1091.25,0.0,0.0,0.0,0.0,0.0
1091.25,0.0,0.0,0.0,0.0,0.0
1091.25,1800.0,0.0,0.0,0.0,0.0
1091.25,1800.0,0.0,0.0,0.0,0.0
1091.25,1800.0,0.0,0.0,0.0,0.0
1091.25,1800.0,0.0,0.0,1341.7704033753835,0.0
1091.25,1800.0,0.0,0.0,1110.3728664762275,0.0
1091.25,1800.0,0.0,0.0,0.0,0.0
1091.25,1800.0,0.0,0.0,603.7461285960671,0.0
1091.25,1800.0,0.0,0.0,0.0,0.0
1091.25,1800.0,0.0,0.0,0.0,0.0
1091.25,1800.0,0.0,0.0,0.0,0.0
1091.25,1800.0,0.0,0.0,2825.5785422266563,0.0
1091.25,1800.0,0.0,0.0,1985.7883209470383,0.0
1091.25,1800.0,0.0,0.0,0.0,0.0
1091.25,1800.0,0.0,0.0,0.0,0.0
1091.25,1800.0,0.0,0.0,0.0,0.0
1091.25,1800.0,0.0,0.0,0.0,0.0
1091.25,1800.0,0.0,0.0,0.0,0.0
1091.25,1800.0,0.0,0.0,0.0,0.0
1091.25,1800.0,0.0,0.0,2989.2885079105326,0.0
1091.25,1800.0,0.0,0.0,0.0,0.0
1091.25,1800.0,0.0,0.0,0.0,0.0
1091.25,1800.0,0.0,0.0,0.0,0.0
1077.19425283705,0.0,0.0,0.0,0.0,0.0
250.65215160740627,1800.0,0.0,0.0,0.0,0.0
0.0,1800.0,0.0,0.0,1535.628410193397,0.0
0.0,1800.0,0.0,0.0,296.70690010230237,0.0
0.0,1800.0,0.0,0.0,0.0,0.0
1091.25,1800.0,0.0,0.0,0.0,0.0
1091.25,0.0,0.0,0.0,0.0,0.0
1091.25,0.0,0.0,0.0,3380.0,0.0
1091.25,0.0,0.0,0.0,3380.0,0.0
1091.25,1800.0,0.0,0.0,3380.0,0.0
1091.25,1800.0,0.0,0.0,0.0,0.0
1091.25,0.0,0.0,0.0,3380.0,0.0
1091.25,1800.0,0.0,0.0,0.0,0.0
1057.0814328338174,0.0,0.0,0.0,0.0,0.0
1091.25,1800.0,0.0,0.0,0.0,0.0
954.1175672745849,1800.0,0.0,0.0,0.0,0.0
1091.25,1800.0,0.0,0.0,0.0,0.0
1091.25,1800.0,0.0,0.0,0.0,0.0
1091.25,1800.0,0.0,0.0,0.0,0.0
1091.25,1800.0,0.0,0.0,0.0,0.0
1091.25,1800.0,0.0,0.0,0.0,0.0
1091.25,1800.0,0.0,0.0,0.0,0.0
1091.25,1800.0,0.0,0.0,0.0,0.0
1018.835710853793,1800.0,0.0,0.0,0.0,0.0
0.0,0.0,0.0,0.0,0.0,0.0
0.0,0.0,0.0,0.0,0.0,0.0
0.0,0.0,0.0,0.0,0.0,0.0
1074.4511474074725,0.0,0.0,0.0,0.0,0.0
0.0,0.0,0.0,0.0,387.05938368833176,0.0
0.0,0.0,0.0,0.0,329.5333854475657,0.0
1091.25,1800.0,0.0,0.0,270.8090639900147,0.0
1091.25,1800.0,0.0,0.0,0.0,0.0
1091.25,1800.0,0.0,0.0,3380.0,0.0
1091.25,1800.0,0.0,0.0,3380.0,0.0
1091.25,1800.0,0.0,0.0,3380.0,0.0
1091.25,1800.0,0.0,0.0,3380.0,0.0
1091.25,1800.0,0.0,0.0,3380.0,0.0
1091.25,1800.0,0.0,0.0,3380.0,0.0
0.0,0.0,0.0,0.0,3380.0,0.0
