Lignite,Coal,Gas,WindOnshore,WindOffshore,PVGround,PVRoof
9963.125077603712,0.0,0.0,22488.39943,5063.225492396286,0.0,0.0
9433.065245827853,0.0,0.0,23587.456545,5124.228209172145,0.0,0.0
9075.549020984796,0.0,0.0,25379.765071,5557.435908015202,0.0,0.0
10903.656360975587,0.0,0.0,27307.342165,6134.751474024416,0.0,0.0
17824.313411448387,0.0,0.0,29032.016406999996,6831.420181551616,0.0,0.0
23490.761305480024,0.0,0.0,31585.210627999997,7277.889340563337,0.0,0.0
21777.764942543115,0.0,0.0,33292.976298999994,7444.099641343937,419.592225,939.3168921129547
11688.917828139984,0.0,0.0,37909.016182,7434.374570553583,3317.5758589999996,7426.865560306429
0.0,0.0,0.0,42707.155794330196,7402.547066148788,0.0,18636.04713952102
0.0,0.0,0.0,35427.05161252622,7484.76811919451,0.0,29820.18026827927
0.0,0.0,0.0,34949.253603944,0.0,0.0,36833.746396056
0.0,0.0,0.0,33704.147973239684,0.0,0.0,37146.852026760316
0.0,0.0,0.0,31157.050095714425,7338.0079599946175,0.0,31247.94194429096
0.0,0.0,0.0,33056.96289981674,0.0,9678.59399,21666.909644738822
0.0,0.0,0.0,38433.181883,6717.371624101097,5085.457767,11384.520732409012
9981.9456500937,0.0,0.0,39210.976148999995,6879.16143815881,1538.504825,3444.161937747501
10102.755882302437,0.0,0.0,46126.581688,7244.293641469386,5.594563,12.52422522817273
5722.479623648166,0.0,0.0,50607.353003,7475.043048404156,0.0,0.0
0.0,0.0,0.0,52991.461514,7485.652216539088,0.0,0.0
0.0,0.0,0.0,48861.65579220778,7322.09420779222,0.0,0.0
0.0,0.0,0.0,49019.61006637143,7047.139933628567,0.0,0.0
0.0,0.0,0.0,47773.75,0.0,0.0,0.0
0.0,0.0,0.0,47775.003767503615,6521.1020136048555,0.0,0.0
0.0,0.0,0.0,40463.58208255675,6368.15317299292,0.0,0.0
0.0,0.0,0.0,38883.26712014135,6278.859341190576,0.0,0.0
0.0,0.0,0.0,35687.3675404881,6255.872810231556,0.0,0.0
0.0,0.0,0.0,40213.0876350786,6376.110049094118,0.0,0.0
0.0,0.0,0.0,48341.604489,6646.643836534884,0.0,0.0
1320.6570416056438,0.0,0.0,48899.587332,6888.886508949165,0.0,0.0
11756.66412336696,0.0,0.0,48510.690199,7054.212712385188,0.0,0.0
14087.94205546999,0.0,0.0,49694.290169,7123.172305262245,251.75533499999997,563.5901352677728
6419.061128139248,0.0,0.0,51723.318689,7125.8245972959785,2097.961125,4696.5844605647735
0.0,0.0,0.0,58926.369934999995,7132.8973760526,0.0,10720.736795315855
0.0,0.0,0.0,64134.209803,0.0,0.0,13008.847057786006
0.0,0.0,0.0,66518.318314,0.0,0.0,12833.755332588637
0.0,0.0,0.0,67262.295438,0.0,0.0,11173.722237181273
0.0,0.0,0.0,65791.249761,0.0,4916.5044810435065,0.0
0.0,0.0,0.0,61648.64986599999,0.0,0.0,11758.101152090449
0.0,0.0,0.0,55307.935741,6767.765172742023,1571.4792745295335,8566.570056070148
9526.742849980537,0.0,0.0,51960.038683,6855.2908098552125,1303.533179,2918.1444781642463
17556.074193253135,0.0,0.0,50319.90729599999,6976.412146062353,16.783689,37.57267568451819
17489.21201284369,0.0,0.0,50759.530142,7010.007845156305,0.0,0.0
14205.719312949637,0.0,0.0,50083.187302,6896.843385050363,0.0,0.0
13042.32544738566,0.0,0.0,47360.907371,6731.517181614339,0.0,0.0
13864.901477840926,0.0,0.0,42981.587481999995,6512.261040159079,0.0,0.0
13440.653648325177,0.0,0.0,38737.536160999996,6395.560190674828,0.0,0.0
13782.261484828668,0.0,0.0,35034.559111999995,6224.929403171337,0.0,0.0
15126.566855356135,0.0,0.0,31805.022050999996,5895.161093643868,0.0,0.0
17769.164131057012,0.0,0.0,28727.662128999997,5446.923739942993,0.0,0.0
19484.74656990402,0.0,0.0,24838.690799,5027.86159861318,0.0,0.0
24410.759894090203,0.0,0.0,21541.519454,4710.470651909798,0.0,0.0
31051.81897265723,0.0,0.0,18413.433818999998,4359.484006112465,0.0,0.0
31878.783790817368,0.0,10881.63355177355,15860.239597999998,4042.0930594090833,0.0,0.0
31878.783790817368,0.0,12671.627888349249,13983.388216999998,3760.950103833386,0.0,0.0
31878.783790817368,0.0,15483.822443326499,12512.34254,3475.3866615348006,302.106402,676.3081623213275
31878.783790817368,0.0,9955.135606659707,9992.965461,3179.2140511012826,2903.578197,6500.072893421647
31878.783790817368,0.0,7614.344846339998,8082.296938,2797.2839982437317,6830.961423,15292.079003598903
27089.991123118925,0.0,0.0,7490.496953,2374.6854675356076,11189.126,25048.45045634546
10425.83237903244,0.0,0.0,7439.771239999999,1924.6799191455764,16129.125129,36107.34133282198
6885.902912198731,0.0,0.0,6256.17127,1461.41291058688,17438.252870999997,39038.01003621439
10669.212672907639,0.0,0.0,4599.1313119999995,1080.3669550739064,15944.504549999998,35694.04190029228
24875.065423686185,0.0,0.0,3263.354203,823.9787251463837,12559.793935,28116.88563724778
31878.783790817368,0.0,9244.266037096204,2198.1142299999997,656.884327021205,7703.713250999999,17245.858139193846
31878.783790817368,0.0,21152.097521809308,2164.297088,602.0702916573897,2925.956449,6550.169794334338
31878.783790817368,0.0,34924.86303143263,3584.617052,653.3479376428942,100.70213399999999,225.43605410710913
31878.783790817368,0.0,33060.32008881638,4818.942735,709.0460703512871,0.0,0.0
31878.783790817368,0.0,26219.225971974898,5241.65701,694.0164154934669,0.0,0.0
31878.783790817368,0.0,20733.201723541286,5038.754158,628.5932119947197,0.0,0.0
31878.783790817368,0.0,23459.602576746882,4413.137031,532.2266014357542,0.0,0.0
31878.783790817368,0.0,21510.23408107111,3381.7142,403.14838912741516,0.0,0.0
31878.783790817368,0.0,17239.562719472007,2468.651366,291.7521237106294,0.0,0.0
31878.783790817368,0.0,8435.603692180397,1792.308526,236.05399100223653,0.0,0.0
31878.783790817368,0.0,10286.63528648526,1352.68568,211.2992653540619,0.0,0.0
31878.783790817368,0.0,18841.744707404694,1166.6913989999998,177.70356626011062,0.0,0.0
31878.783790817368,0.0,17760.080695218865,1166.6913989999998,128.1941149637614,0.0,0.0
31878.783790817368,0.0,24916.560678312817,1099.0571149999998,94.59841586981013,0.0,0.0
31878.783790817368,0.0,31528.693783589413,828.5199789999999,74.26417694452384,0.0,0.0
31878.783790817368,0.0,35868.50880745942,541.074272,59.23452208670354,0.0,0.0
31878.783790817368,0.0,35868.50880745942,304.35427799999997,45.97306191803857,111.89126,250.4845045634546
31878.783790817368,0.0,35868.50880745942,135.268568,38.900283161417256,1549.693951,3469.210388203846
31878.783790817368,0.0,32680.196143742804,84.542855,41.55257519515025,3849.059344,8616.666956982837
31878.783790817368,0.0,24591.812454418876,169.08571,42.43667253972791,6512.0713319999995,14578.198165593058
31878.783790817368,0.0,4917.096668496015,371.988562,36.24799112768426,11267.449881999999,25223.78960953988
24989.777559994476,0.0,0.0,456.531417,30.94340706021827,15200.427671,34028.31994494531
22502.381799944367,0.0,0.0,422.714275,30.0593097156406,15675.965526,35092.87908933999
29868.671548001705,0.0,0.0,371.988562,38.900283161417256,13113.655671999999,29356.78393483688
31878.783790817368,0.0,2807.4172194187995,355.07999099999995,49.509451296349226,8598.843331,19249.734175701487
31878.783790817368,0.0,27693.46038493715,371.988562,36.24799112768426,3440.6562449999997,7702.398515326228
31878.783790817368,0.0,35868.50880745942,760.8856949999999,9.725070790354314,61.540193,137.76647750990003
31878.783790817368,0.0,35868.50880745942,1538.679961,3.5363893783106595,0.0,0.0
31878.783790817368,0.0,33217.31333373041,2417.925653,3.5363893783106595,0.0,0.0
31878.783790817368,0.0,22633.45249146261,3161.9027770000002,1.7681946891553297,0.0,0.0
31878.783790817368,0.0,27501.4954391489,3686.0684779999997,2.6522920337329943,0.0,0.0
31878.783790817368,0.0,15511.122966459741,3990.422756,4.420486722888324,0.0,0.0
31878.783790817368,0.0,14152.358909710078,4074.9656109999996,6.188681412043653,0.0,0.0
31878.783790817368,0.0,16978.934285047697,3990.422756,10.609168134931977,0.0,0.0
31878.783790817368,0.0,15508.147282791273,3956.605614,16.79784954697563,0.0,0.0
31878.783790817368,0.0,10961.243553550958,3855.154188,20.33423892528629,0.0,0.0
31878.783790817368,0.0,9121.19661942358,3601.5256229999995,22.10243361444162,0.0,0.0
31878.783790817368,0.0,11651.448978433255,3364.805629,32.7116017493736,0.0,0.0
31878.783790817368,0.0,31683.96901170793,3347.897058,53.929938019237554,0.0,0.0
31878.783790817368,0.0,27606.342576521478,3533.891339,74.26417694452384,0.0,0.0
31878.783790817368,0.0,28719.778340907404,3601.5256229999995,93.71431852523247,346.86290599999995,776.5019641467093
31878.783790817368,0.0,25330.915174403046,2806.8227859999997,139.68738044327105,3233.657414,7239.002181883838
31878.783790817368,0.0,3179.259848652815,1859.9428099999998,221.90843348899386,8470.168382,18961.676995453512
27706.844280544014,0.0,0.0,1741.582813,370.4367873780416,13645.139157,30546.585331513288
15605.341849963448,0.0,0.0,2198.1142299999997,538.4152828477979,16996.282394,38048.59624318875
4732.443253996216,0.0,0.0,2891.365641,679.8708579802242,18512.408967,41442.66128002357
7366.460672016838,0.0,0.0,3314.0799159999997,750.5986455464374,17124.957343,38336.65342343672
19879.411952245555,0.0,0.0,3381.7142,771.8169818163014,12895.467715,28868.339150938144
31878.783790817368,0.0,0.0,3144.9942059999994,801.876291531942,7362.4449079999995,16481.880400275313
31878.783790817368,0.0,16016.233690690438,3956.605614,846.0811587608251,2433.634905,5448.037974255137
31878.783790817368,0.0,26475.117155226035,5715.096997999999,954.825132143878,11.189126,25.04845045634546
31878.783790817368,0.0,24614.105821370475,7253.776959,1065.337300216086,0.0,0.0
31878.783790817368,0.0,23108.671467718428,8724.822635999999,1163.4721054642068,0.0,0.0
31878.783790817368,0.0,17599.89361209674,10331.136881,1159.9357160858963,0.0,0.0
31878.783790817368,0.0,12563.231807067743,12140.353978,1057.380424114887,0.0,0.0
31878.783790817368,0.0,0.0,13915.753932999998,887.6337339559755,0.0,0.0
31878.783790817368,0.0,0.0,15014.811048,752.3668402355927,0.0,0.0
31452.886169895315,0.0,0.0,15843.331027,661.3048137440933,0.0,0.0
29597.883144091986,0.0,0.0,15995.508166,569.3586899080161,0.0,0.0
29759.865926205173,0.0,0.0,16080.051021,481.8330527948273,0.0,0.0
30057.904659048498,0.0,0.0,16215.319588999999,415.52575195150246,0.0,0.0
31165.793608621956,0.0,0.0,15623.519604,370.4367873780416,0.0,0.0
31878.783790817368,0.0,1840.7404874455242,14761.182483,320.0432387371147,0.0,0.0
31878.783790817368,0.0,0.0,13425.405374,257.2723272721005,0.0,0.0
31878.783790817368,0.0,11216.748031187097,11531.645422,210.41516800948423,195.809705,438.34788298604553
31878.783790817368,0.0,10569.196807937791,7676.491234,207.76287597575123,2237.8251999999998,5009.690091269092
31878.783790817368,0.0,3548.362358068436,5106.388442,259.04052196125576,5471.482614,12248.69227315293
28077.638323621966,0.0,0.0,4802.034164,328.8842121828913,9007.24643,20164.002617358095
15122.29064524404,0.0,0.0,5004.937016,361.5958139322649,11798.933367,26413.591006216287
10667.939288985039,0.0,0.0,5275.474152,343.9138670407116,12201.741902999998,27315.335222644724
9951.530023980067,0.0,0.0,5613.645571999999,315.62275201422636,10914.992413,24434.763420164996
21979.21878879769,0.0,0.0,5850.3655659999995,336.8410882840903,8095.3326609999995,18122.55390516594
31878.783790817368,0.0,1851.3935771802717,5630.554143,483.60124748398266,4352.570014,9743.847227518383
31878.783790817368,0.0,14697.687371427506,7169.234104,761.2078136813693,1314.722305,2943.1929286205914
31878.783790817368,0.0,12420.104741649098,11497.82828,1130.7605037148335,5.594563,12.52422522817273
31878.783790817368,0.0,9142.842489494557,13915.753932999998,1469.3697866880789,0.0,0.0
31878.783790817368,0.0,1827.6513767549332,14101.748214,1658.566618427699,0.0,0.0
31878.783790817368,0.0,6764.605701379129,13239.411092999999,1792.9494148035044,0.0,0.0
31878.783790817368,0.0,2404.092875359893,12021.993981,1846.8793528227418,0.0,0.0
31878.783790817368,0.0,3638.530459820162,10889.119724,1889.3160253624696,0.0,0.0
31878.783790817368,0.0,4669.4197240828,9959.148319,1986.566733266013,0.0,0.0
31878.783790817368,0.0,0.0,9367.348333999998,2145.7042552899925,0.0,0.0
31748.199593729532,0.0,0.0,9536.434044,2332.2487949958795,0.0,0.0
28959.05514666726,0.0,0.0,9671.702612,2418.890334764491,0.0,0.0
29080.033357013872,0.0,0.0,9434.982618,2488.7340249861263,0.0,0.0
29058.87836475376,0.0,0.0,9536.434044,2666.437591246237,0.0,0.0
28408.862645421446,0.0,0.0,10128.234029,2954.6533255785557,0.0,0.0
27755.119832404747,0.0,0.0,11802.182558,3357.8017147059713,0.0,0.0
26820.207199147317,0.0,0.0,14152.473927,3923.6240152356763,162.242327,363.20253161700913
19446.49668079972,0.0,0.0,16570.39958,4445.241448536499,2713.363055,6074.249235663774
1266.1167366715208,0.0,0.0,20780.633758999997,4742.298156314594,7776.44257,17408.673067160096
0.0,0.0,0.0,26073.016482,4767.052881962769,7764.697115803407,28555.233520233825
0.0,0.0,0.0,26850.810748,0.0,0.0,35905.38610914977
0.0,0.0,0.0,25413.582212999998,0.0,0.0,35505.417787
0.0,0.0,0.0,23942.536536,0.0,0.0,31737.01231659253
0.0,0.0,0.0,23621.273686999997,957.3024622034354,0.0,32500.364467108237
0.0,0.0,0.0,24787.965086,0.0,9589.080982,21466.522041088057
943.0420063260926,0.0,0.0,25751.753632999997,4401.036581307616,3479.818186,7790.068091923437
15203.7853227573,0.0,0.0,32920.987737,4605.263067905056,16.783689,37.57267568451819
9788.787283796362,0.0,0.0,36962.136205999996,4890.826510203642,0.0,0.0
7419.603564336354,0.0,0.0,37198.8562,5215.290235663644,0.0,0.0
4565.981064671447,0.0,0.0,37181.947629,5424.821306328551,0.0,0.0
3188.06026552453,0.0,0.0,36674.690499,5514.999235475473,0.0,0.0
1520.5255226379913,0.0,0.0,37384.850480999994,5794.373996362015,0.0,0.0
0.0,0.0,0.0,35307.629313479076,5964.120686520927,0.0,0.0
0.0,0.0,0.0,39319.386047999564,5975.613952000436,0.0,0.0
