Lignite,Coal,Gas,WindOnshore,WindOffshore,PVGround,PVRoof
0.0,0.0,0.0,11615.642266036832,61328.508799173556,0.0,0.0
0.0,0.0,0.0,10927.307909530946,54060.35875746906,0.0,0.0
0.0,0.0,0.0,10344.871146333659,38176.69552066634,0.0,0.0
0.0,0.0,0.0,9984.157469126247,41898.06338425016,0.0,0.0
0.0,0.0,0.0,9666.464689200455,52051.131627607814,0.0,0.0
1171.111274043586,0.0,0.0,9213.090617848018,48672.964775108405,0.0,0.0
1744.9999993383112,0.0,0.0,8607.488756114475,50672.50278749123,84.17512405596665,0.0
3176.9650556551164,0.0,1901.0662718522558,7253.985141638957,43905.645198216705,2261.5049996369708,0.0
3176.965055655116,0.0,406.34494572353054,5265.095967311852,29088.016138032348,6363.639378631078,0.0
3176.965055655116,0.0,10982.516780365864,4762.082399096012,28425.011428663307,10858.591003219697,0.0
1754.6345014573212,0.0,0.0,5169.126273375935,35518.10943048451,14562.29646168223,0.0
0.0,0.0,0.0,5685.37704075535,49136.01568323916,16352.420766605785,0.0
0.0,0.0,0.0,0.0,50871.425069037716,15785.641597962276,0.0
0.0,0.0,0.0,5847.53273050914,48141.188122867265,0.0,0.0
0.0,0.0,0.0,0.0,49477.27360408822,9994.393062911773,0.0
0.0,0.0,0.0,5033.444981949295,57428.221685050696,0.0,0.0
0.0,0.0,0.0,5447.107455811004,56460.63913912574,1526.3755828815283,0.0
1020.0041018052498,0.0,0.0,6370.402097470343,53429.76046772441,0.0,0.0
0.0,0.0,0.0,6777.445971750267,53734.95311171969,0.0,0.0
0.0,0.0,0.0,7048.808554603548,52208.9898917433,0.0,0.0
0.0,0.0,0.0,7763.617309436583,52514.182535738575,0.0,0.0
0.0,0.0,0.0,7991.958995008247,45274.707671991746,0.0,0.0
0.0,0.0,0.0,7565.0593219829625,43046.10734501704,0.0,0.0
0.0,0.0,0.0,7191.108445611976,47353.05822138803,0.0,0.0
0.0,0.0,0.0,6787.373871122947,35619.792795877045,0.0,0.0
0.0,0.0,0.0,6830.394768404566,36390.77189859544,0.0,0.0
0.0,0.0,0.0,6926.3644623404825,36167.80220465952,0.0,0.0
0.0,0.0,0.0,7201.036344984656,37947.6139250373,0.0,0.0
0.0,0.0,0.0,7310.24323808415,54957.92342891584,0.0,0.0
0.0,0.0,0.0,7422.759430974535,59627.33045075827,0.0,0.0
0.0,0.0,0.0,7756.998709854797,59611.667957145204,0.0,0.0
0.0,0.0,0.0,7518.729124910451,59192.81583048025,3423.1217116093103,0.0
3176.965055655116,0.0,0.0,7614.698818846367,38612.13140754005,9539.847393009553,0.0
0.0,0.0,0.0,8425.47726761532,46199.85197031911,12102.577303657174,0.0
0.0,0.0,0.0,8369.219171170127,42527.01635810012,13791.90844239826,0.0
0.0,0.0,0.0,7747.070810482115,39653.995950834265,18165.599905683637,0.0
0.0,0.0,0.0,7201.036344984656,41621.962310389994,10661.168011625337,0.0
0.0,0.0,0.0,6655.001879487199,33889.39277944845,18799.11103916588,0.0
0.0,0.0,0.0,6016.307019844717,39201.4689269792,14747.481734605353,0.0
3176.965055655116,0.0,2993.4045725721344,5215.456470448447,30856.028696349807,9186.311871974496,0.0
3176.965055655116,0.0,19419.711499499266,5046.682181112869,29361.637129200524,2805.837468532222,0.0
3176.965055655116,0.0,23596.614599028897,5609.263145564796,32381.991916326173,5.611674937064444,0.0
3176.965055655116,0.0,4957.010159115622,5675.44914138267,29361.637129200524,0.0,0.0
3176.965055655116,0.0,18151.621709591713,5470.272554347261,28288.200933079213,0.0,0.0
3176.965055655116,0.0,13239.239654633087,5235.31226919381,31129.64968751798,0.0,0.0
3176.965055655116,0.0,14142.868968110677,4917.619489268016,33360.71315396619,0.0,0.0
3176.965055655116,0.0,8797.62422521651,4470.864017497368,33076.56827852232,0.0,0.0
3176.965055655116,0.0,7486.271262367846,3914.9016526272285,30856.028696349807,0.0,0.0
3176.965055655116,0.0,6089.2751074557345,3583.9716735378597,32381.991916326173,0.0,0.0
3176.965055655116,0.0,0.0,3570.7344743742856,39653.995950834265,0.0,0.0
0.0,0.0,0.0,3713.0343653827135,50977.69543148651,0.0,0.0
0.0,0.0,0.0,3756.055262664332,60480.76293244281,0.0,0.0
0.0,0.0,0.0,3653.4669691466283,62227.72772220887,0.0,0.0
1436.1296980136622,0.0,0.0,3521.09497751088,60922.76607202217,0.0,0.0
3176.965055655116,0.0,0.0,3411.888084411389,59449.42227342429,347.9238460979954,0.0
2626.240689216006,0.0,0.0,2941.9675141044854,55408.25071155583,5465.771388700768,0.0
2137.531903746295,0.0,0.0,2154.3541638717884,47894.19733870667,14652.083260675261,0.0
0.0,0.0,0.0,2554.779438569925,44132.930286574614,22856.352018663478,0.0
0.0,0.0,0.0,2845.9978201685685,62943.3518529564,0.0,0.0
0.0,0.0,0.0,2839.3792205867812,58860.084753985146,4555.202692428069,0.0
0.0,0.0,0.0,2783.1211241415886,56618.49740326124,2332.5481395971756,0.0
0.0,0.0,0.0,2743.409526650864,34123.560022803904,25185.197117545213,0.0
0.0,0.0,0.0,2759.9560256053333,40262.12497439666,18546.585666997988,0.0
0.0,0.0,0.0,2710.3165287419274,51148.99515229729,10168.35498596077,0.0
3176.9650556551164,0.0,0.0,3001.534910340572,56165.97037940616,2379.350173315324,0.0
1641.3924671436387,0.0,0.0,3944.6853507452724,60333.42855258302,0.0,0.0
0.0,0.0,0.0,4987.114784876782,63795.78647928803,0.0,0.0
0.0,0.0,0.0,5738.32583740965,56814.2375203346,0.0,0.0
0.0,0.0,0.0,6075.874416080805,56764.79225091919,0.0,0.0
0.0,0.0,0.0,6234.7208060437015,55435.9458609563,0.0,0.0
0.0,0.0,0.0,0.0,60297.666667000005,0.0,0.0
0.0,0.0,0.0,6188.390608971192,53019.276058028816,0.0,0.0
0.0,0.0,0.0,5900.481527163438,46609.89360732005,0.0,0.0
0.0,0.0,0.0,5592.716646610327,46662.90287844987,0.0,0.0
0.0,0.0,0.0,5235.31226919381,45284.274038333286,0.0,0.0
910.4718716800793,0.0,0.0,4480.791916870049,46662.90287844987,0.0,0.0
3176.9650556551164,0.0,1827.8934662778167,3769.292461827907,49136.01568323916,0.0,0.0
3176.965055655116,0.0,4456.084432209629,3481.3833800201564,50051.593615224985,0.0,0.0
3176.9650556551155,0.0,7483.580246093529,3441.671782529432,49904.25923536521,235.69034735670655,0.0
3176.965055655116,0.0,18096.121797395914,3123.979002603638,38612.13140754005,4118.969403805301,0.0
3176.965055655116,0.0,29516.73378714144,2700.3886293692462,19163.993266048084,10808.085928786117,0.0
3176.9650556551164,0.0,936.5323591481101,3411.888084411389,26478.092837658965,17968.583148480346,0.0
0.0,0.0,0.0,4057.2015436356573,43600.452554221425,23647.59818478956,0.0
0.0,0.0,0.0,4024.10854572672,45126.4157741978,26801.35949941978,0.0
0.0,0.0,0.0,3799.0761599459493,44821.223130202525,26080.877273178397,0.0
0.0,0.0,0.0,3782.5296609914817,43295.25991022615,19942.8861379008,0.0
2793.9337543858364,0.0,0.0,3957.9225499088466,38759.46578739984,17805.844575305477,0.0
3176.965055655116,0.0,9608.819303560285,3984.396948235996,31266.46018310207,9887.771239107547,0.0
3176.9650556551164,0.0,22776.3932595162,5006.970583622144,31266.46018310207,2474.7486472454198,0.0
3176.965055655116,0.0,18346.07391162532,7111.68525063053,38159.60438368498,0.0,0.0
3176.9650556551155,0.0,8037.945305790087,8303.033175352255,44821.223130202525,0.0,0.0
3176.965055655116,0.0,0.0,8716.695649213965,48052.05560284215,0.0,0.0
3176.9650556551155,0.0,0.0,8799.428143986308,47746.86295884688,0.0,0.0
3176.965055655116,0.0,7343.464607721266,8587.632957369111,41464.104046254506,0.0,0.0
3176.9650556551155,0.0,90.92768029637257,7991.958995008247,30035.165722845268,0.0,0.0
3176.965055655116,0.0,16841.771624765905,7028.952755858186,20258.477230720793,0.0,0.0
3176.9650556551155,0.0,20654.346876463373,5864.079229463608,15322.775505417912,0.0,0.0
3176.965055655116,0.0,22834.383532047264,5006.970583622144,12049.847495675487,0.0,0.0
3176.965055655116,0.0,27345.230921281196,4464.245417915579,8250.725272148105,0.0,0.0
3176.965055655116,0.0,34054.311769713844,3941.3760509543786,5293.513790676655,0.0,0.0
3176.965055655116,0.0,40188.86281377513,3623.683271028584,5135.655526541168,0.0,0.0
3176.965055655116,0.0,40454.77955040218,3451.5996819021125,8513.822379040583,0.0,0.0
3176.9650556551164,0.0,37932.15049759436,3296.06259173011,14038.861623782619,157.12689823780443,0.0
3176.965055655116,0.0,35532.56660381283,2958.514013058954,19595.47252135175,3512.9085106023413,0.0
3176.965055655116,0.0,31272.164278255375,2587.872436478862,16490.926660020512,10112.238236590127,0.0
3176.965055655116,0.0,23755.128959561134,2551.4701387790305,16196.25790030094,16700.344612703782,0.0
3176.9650556551164,0.0,3002.7369710612443,2624.274734178692,24594.31755230883,21952.872353796098,0.0
0.0,0.0,0.0,2839.3792205867812,41158.91140225923,24584.747899279322,0.0
0.0,0.0,0.0,3266.278893612066,43489.19106068895,24270.494102803714,0.0
0.0,0.0,0.0,3716.3436651736083,37028.35568613802,21728.405356313517,0.0
0.0,0.0,0.0,3891.736554090973,38927.9047033756,16947.25830993462,0.0
0.0,0.0,0.0,3583.9716735378597,46978.10650876009,10280.588484702059,0.0
0.0,0.0,0.0,3544.2600760471364,57362.1807973577,2800.225793595157,0.0
0.0,0.0,0.0,4030.7271453085077,61648.9140870454,0.0,0.0
0.0,0.0,0.0,4533.7407135243475,55695.92595347565,0.0,0.0
0.0,0.0,0.0,5129.414675885211,54073.2519911148,0.0,0.0
0.0,0.0,0.0,5771.4188353185855,54585.247831681416,0.0,0.0
0.0,0.0,0.0,6251.267304998171,55285.39936200183,0.0,0.0
0.0,0.0,0.0,6631.836780950944,51667.82988604906,0.0,0.0
0.0,0.0,0.0,6939.601661504056,49597.065005495955,0.0,0.0
0.0,0.0,0.0,6989.241158367461,42926.425508632536,0.0,0.0
0.0,0.0,0.0,6754.280873214011,44956.385793786,0.0,0.0
0.0,0.0,0.0,6631.836780950944,40537.82988604905,0.0,0.0
0.0,0.0,0.0,6621.908881578262,41797.75778542174,0.0,0.0
0.0,0.0,0.0,6707.9506761415,47911.7159908585,0.0,0.0
0.0,0.0,0.0,6952.838860667631,46382.827806332374,0.0,0.0
0.0,0.0,0.0,7363.1920347384485,47549.474632261554,0.0,0.0
0.0,0.0,0.0,6744.352973841329,45462.118420961604,4708.195272197068,0.0
1034.8701219082238,0.0,0.0,4480.791916870049,38464.797027680266,12659.938658017383,0.0
3022.3386366985787,0.0,0.0,4616.47320829669,26730.66606027575,19422.006957180038,0.0
0.0,0.0,0.0,5476.891153929048,31676.891669854333,20963.883843216605,0.0
0.0,0.0,0.0,5602.644545983007,33508.047533825986,15901.974587191002,0.0
0.0,0.0,0.0,5509.984151837985,34076.33728471373,15185.345230448282,0.0
0.0,0.0,0.0,5149.270474630573,31824.22604971412,16001.3121664426,0.0
0.0,0.0,0.0,4245.831631716596,27762.00671929426,16801.354761570943,0.0
3176.965055655116,0.0,0.0,3362.248587547983,27246.336389785007,9292.933695778718,0.0
3176.965055655116,0.0,14081.59936727276,3226.567296121342,27509.433496677488,2115.601451273295,0.0
3176.965055655116,0.0,18213.645312571112,3153.7627007216815,27372.623001093398,0.0,0.0
3176.965055655116,0.0,15692.597327102907,3147.144101139894,31266.46018310207,0.0,0.0
3176.965055655116,0.0,13745.750494317625,3226.567296121342,30571.88382090592,0.0,0.0
3176.9650556551164,0.0,11199.153503444411,3186.855698630618,33792.19240926985,0.0,0.0
3176.965055655116,0.0,10684.449460857737,3120.669702812744,32655.612907494353,0.0,0.0
3176.965055655116,0.0,7193.158591787756,3114.0511032309573,32381.991916326173,0.0,0.0
2565.4635963778446,0.0,0.0,3157.0720005125754,41916.631070109564,0.0,0.0
0.0,0.0,0.0,3269.58819340296,44677.20169211788,0.0,0.0
0.0,0.0,0.0,3438.3624827385383,38582.80418426146,0.0,0.0
0.0,0.0,0.0,3574.043774165179,38617.789559834826,0.0,0.0
0.0,0.0,0.0,3656.7762689375213,37598.390398062475,0.0,0.0
0.0,0.0,0.0,3636.9204701921594,38844.246196807835,0.0,0.0
0.0,0.0,0.0,3590.590273119648,40712.57639388035,0.0,0.0
0.0,0.0,0.0,3570.7344743742856,43522.43219262572,0.0,0.0
0.0,0.0,0.0,3339.0834890117276,44845.974171162066,3849.6090068262074,0.0
0.0,0.0,0.0,2260.2517571803864,32939.75778293823,11487.098596170914,0.0
0.0,0.0,0.0,1998.8170736997854,23499.83358763612,18698.100890298723,0.0
0.0,0.0,0.0,2700.3886293692462,22655.179852841193,23647.59818478956,0.0
0.0,0.0,0.0,3160.3813003034684,44652.785366696524,0.0,0.0
0.0,0.0,0.0,3352.3206881753026,44854.845978824706,0.0,0.0
0.0,0.0,0.0,3564.1158747924987,40496.0507922075,0.0,0.0
0.0,0.0,0.0,3868.5714555547174,39957.10548598445,0.0,0.0
0.0,0.0,0.0,3941.3760509543786,44210.83784221198,0.0,0.0
0.0,0.0,0.0,5076.465879230913,49955.200787769085,0.0,0.0
0.0,0.0,0.0,7214.273544148233,49052.86211814951,0.0,0.0
0.0,0.0,0.0,8670.365452141454,46972.467881858545,0.0,0.0
0.0,0.0,0.0,9580.422894637215,45875.410439362786,0.0,0.0
0.0,0.0,0.0,9931.208672471945,37775.95799452806,0.0,0.0
0.0,0.0,0.0,10136.385259507357,45654.78140749264,0.0,0.0
0.0,0.0,0.0,10275.37585072489,46846.79081627512,0.0,0.0
0.0,0.0,0.0,10033.796965989653,39734.86970101035,0.0,0.0
