PumpedStor,BatteryStor
5994.0,0.0
5994.0,0.0
0.0,0.0
0.0,0.0
0.0,0.0
0.0,0.0
1438.5600000000004,0.0
0.0,0.0
0.0,0.0
0.0,0.0
345.2543999999998,0.0
0.0,0.0
0.0,0.0
0.0,0.0
82.86105599999973,0.0
19.886653440000373,0.0
4.7727968256003805,0.0
1.1454712381437275,0.0
0.27491309715423995,0.0
0.06597914331723587,0.0
0.01583499439584557,0.0
0.0038003986546755186,0.0
0.0009120956774495426,0.0
0.00021890296284254873,0.0
5.253671133687021e-5,0.0
1.2608810720848851e-5,0.0
3.026114427484572e-6,0.0
7.262678991537541e-7,0.0
0.0,0.0
0.0,0.0
0.0,0.0
0.0,0.0
0.0,0.0
0.0,0.0
0.0,0.0
0.0,0.0
0.0,0.0
0.0,0.0
0.0,0.0
0.0,0.0
0.0,0.0
0.0,0.0
0.0,0.0
0.0,0.0
0.0,0.0
0.0,0.0
0.0,0.0
0.0,0.0
3908.0102882279607,0.0
3023.9121809467506,0.0
725.7389234272196,0.0
174.17734162253237,0.0
0.0,0.0
0.0,0.0
0.0,0.0
0.0,0.0
0.0,0.0
0.0,0.0
0.0,0.0
5994.0,0.0
1438.5600000000004,0.0
345.2543999999998,0.0
82.86105599999973,0.0
19.886653440000373,0.0
0.0,0.0
453.94130331713677,0.0
108.94591279611632,0.0
0.0,0.0
0.0,0.0
0.0,0.0
0.0,0.0
0.0,0.0
0.0,0.0
0.0,0.0
0.0,0.0
5994.0,0.0
0.0,0.0
0.0,0.0
0.0,0.0
0.0,0.0
0.0,0.0
0.0,0.0
0.0,0.0
0.0,0.0
0.0,0.0
0.0,0.0
0.0,0.0
0.0,0.0
0.0,0.0
0.0,0.0
0.0,0.0
0.0,0.0
0.0,0.0
0.0,0.0
0.0,0.0
0.0,0.0
0.0,0.0
0.0,0.0
0.0,0.0
0.0,0.0
0.0,0.0
0.0,0.0
0.0,0.0
0.0,0.0
0.0,0.0
0.0,0.0
0.0,0.0
0.0,0.0
0.0,0.0
0.0,0.0
0.0,0.0
0.0,0.0
0.0,0.0
0.0,0.0
0.0,0.0
0.0,0.0
0.0,0.0
0.0,0.0
0.0,0.0
0.0,0.0
0.0,0.0
0.0,0.0
0.0,0.0
0.0,0.0
0.0,0.0
0.0,0.0
0.0,0.0
0.0,0.0
0.0,0.0
0.0,0.0
0.0,0.0
0.0,0.0
0.0,0.0
0.0,0.0
0.0,0.0
0.0,0.0
0.0,0.0
0.0,0.0
0.0,0.0
0.0,0.0
0.0,0.0
0.0,0.0
0.0,0.0
0.0,0.0
0.0,0.0
0.0,0.0
1438.5600000000004,0.0
0.0,0.0
0.0,0.0
0.0,0.0
345.2543999999998,0.0
0.0,0.0
0.0,0.0
0.0,0.0
82.86105599999973,0.0
0.0,0.0
0.0,0.0
0.0,0.0
19.886653440000373,0.0
0.0,0.0
0.0,0.0
0.0,0.0
4.7727968256003805,0.0
0.0,0.0
0.0,0.0
0.0,0.0
1.1454712381437275,0.0
0.0,0.0
0.0,0.0
0.0,0.0
0.27491309715423995,0.0
0.0,0.0
0.0,0.0
0.0,0.0
0.06597914331723587,0.0
0.0,0.0
0.0,0.0
0.0,0.0
0.01583499439584557,0.0
0.0,0.0
0.0,0.0
0.0,0.0
0.0038003986546755186,0.0
0.0009120956774495426,0.0
0.00021890296284254873,0.0
5.253671133687021e-5,0.0
1.2608810720848851e-5,0.0
3.026114427484572e-6,0.0
7.262678991537541e-7,0.0
1.743046595947817e-7,0.0
4.183311830274761e-8,0.0
1.0039912012871355e-8,0.0
2.409251464996487e-9,0.0
5.784386303275824e-10,0.0
1.3915268937125802e-10,0.0
3.3651303965598345e-11,0.0
0.0,0.0
0.0,0.0
0.0,0.0
0.0,0.0
0.0,0.0
0.0,0.0
0.0,0.0
0.0,0.0
0.0,0.0
0.0,0.0
3060.417936204234,0.0
3668.082368484782,0.0
880.3397684363481,0.0
211.2815444247235,0.0
50.70757066193346,0.0
12.16981695886443,0.0
2.9207560701270268,0.0
0.7009814568300499,0.0
0.16823554963957577,0.0
0.04037653191426216,0.0
0.009690367659459298,0.0
0.002325688238670409,0.0
0.0005581651776083163,0.0
0.00013395964288065443,0.0
3.2150314837053884e-5,0.0
7.716075742791872e-6,0.0
1.85185854206793e-6,0.0
4.4444641389418393e-7,0.0
0.0,0.0
0.0,0.0
0.0,0.0
0.0,0.0
0.0,0.0
0.0,0.0
0.0,0.0
0.0,0.0
0.0,0.0
0.0,0.0
0.0,0.0
0.0,0.0
0.0,0.0
0.0,0.0
0.0,0.0
0.0,0.0
0.0,0.0
0.0,0.0
0.0,0.0
0.0,0.0
0.0,0.0
0.0,0.0
0.0,0.0
0.0,0.0
0.0,0.0
0.0,0.0
0.0,0.0
0.0,0.0
0.0,0.0
0.0,0.0
0.0,0.0
0.0,0.0
0.0,0.0
0.0,0.0
0.0,0.0
0.0,0.0
0.0,0.0
0.0,0.0
0.0,0.0
0.0,0.0
0.0,0.0
0.0,0.0
0.0,0.0
0.0,0.0
5994.0,0.0
0.0,0.0
0.0,0.0
0.0,0.0
0.0,0.0
0.0,0.0
0.0,0.0
0.0,0.0
0.0,0.0
1438.5600000000004,0.0
0.0,0.0
0.0,0.0
0.0,0.0
0.0,0.0
345.2543999999998,0.0
82.86105599999973,0.0
19.886653440000373,0.0
0.0,0.0
587.7032374295013,0.0
286.9978752587085,0.0
68.87949006208964,0.0
16.531077614901733,0.0
3.9674586275759793,0.0
0.9521900706185988,0.0
0.22852561694890028,0.0
0.05484614806755417,0.0
0.013163075535885582,0.0
0.0031591381284670206,0.0
0.0007581931504319073,0.0
0.00018196635573985986,0.0
4.3671925595845096e-5,0.0
1.0481262506800704e-5,0.0
2.5155031835311092e-6,0.0
6.037207640474662e-7,0.0
1.4489341992884874e-7,0.0
3.477452992228791e-8,0.0
8.34552338346839e-9,0.0
2.002707333303988e-9,0.0
4.802132025361061e-10,0.0
1.1550582712516189e-10,0.0
2.9103830456733704e-11,0.0
0.0,0.0
0.0,0.0
0.0,0.0
1162.7698481983098,0.0
2434.15870100187,0.0
3017.817014258435,0.0
966.7933717714513,0.0
0.0,0.0
0.0,0.0
995.9390084418628,0.0
0.0,0.0
0.0,0.0
0.0,0.0
5994.0,0.0
0.0,0.0
1438.5600000000004,0.0
0.0,0.0
345.2543999999998,0.0
0.0,0.0
0.0,0.0
0.0,0.0
82.86105599999973,0.0
19.886653440000373,0.0
4.7727968256003805,0.0
1.1454712381437275,0.0
0.27491309715423995,0.0
0.06597914331723587,0.0
0.01583499439584557,0.0
0.0038003986546755186,0.0
0.0009120956774495426,0.0
0.00021890296284254873,0.0
5.253671133687021e-5,0.0
1.2608810720848851e-5,0.0
3.026114427484572e-6,0.0
7.262678991537541e-7,0.0
0.0,0.0
0.0,0.0
0.0,0.0
0.0,0.0
0.0,0.0
0.0,0.0
0.0,0.0
0.0,0.0
0.0,0.0
0.0,0.0
5833.476997253025,0.0
0.0,0.0
1560.557482087701,0.0
0.0,0.0
0.0,0.0
0.0,0.0
0.0,0.0
0.0,0.0
0.0,0.0
1812.782386418825,0.0
435.0677727405182,0.0
104.41626545772397,0.0
25.059903709853643,0.0
6.014376890364474,0.0
1.4434504536875465,0.0
0.3464281088854477,0.0
0.08314274613258021,0.0
0.019954259071710112,0.0
0.004789022177646984,0.0
0.0011493653228171752,0.0
0.0002758476775852614,0.0
6.620344265684253e-5,0.0
1.5888826055743266e-5,0.0
3.8133184716571122e-6,0.0
9.151963240583427e-7,0.0
2.1964751795167103e-7,0.0
5.2715222409460694e-8,0.0
0.0,0.0
0.0,0.0
2699.9301415514055,0.0
0.0,0.0
0.0,0.0
0.0,0.0
0.0,0.0
0.0,0.0
0.0,0.0
0.0,0.0
0.0,0.0
0.0,0.0
0.0,0.0
0.0,0.0
0.0,0.0
0.0,0.0
0.0,0.0
0.0,0.0
0.0,0.0
0.0,0.0
0.0,0.0
0.0,0.0
0.0,0.0
0.0,0.0
0.0,0.0
0.0,0.0
0.0,0.0
0.0,0.0
0.0,0.0
0.0,0.0
0.0,0.0
0.0,0.0
0.0,0.0
0.0,0.0
0.0,0.0
0.0,0.0
0.0,0.0
0.0,0.0
0.0,0.0
0.0,0.0
0.0,0.0
0.0,0.0
0.0,0.0
0.0,0.0
0.0,0.0
0.0,0.0
0.0,0.0
0.0,0.0
0.0,0.0
0.0,0.0
0.0,0.0
0.0,0.0
0.0,0.0
0.0,0.0
0.0,0.0
0.0,0.0
0.0,0.0
0.0,0.0
0.0,0.0
0.0,0.0
0.0,0.0
0.0,0.0
0.0,0.0
0.0,0.0
0.0,0.0
0.0,0.0
0.0,0.0
0.0,0.0
0.0,0.0
0.0,0.0
0.0,0.0
0.0,0.0
0.0,0.0
0.0,0.0
0.0,0.0
0.0,0.0
0.0,0.0
1099.610204381166,0.0
0.0,0.0
0.0,0.0
0.0,0.0
3417.271960837065,-4.547473508864641e-13
3396.8733097638305,0.0
0.0,0.0
0.0,0.0
774.8265899731196,0.0
5075.554824655592,0.0
1547.7101248821746,0.0
371.45042997172186,0.0
89.1481031932135,0.0
0.0,0.0
0.0,0.0
0.0,0.0
0.0,0.0
0.0,0.0
0.0,0.0
0.0,0.0
0.0,0.0
0.0,0.0
0.0,0.0
0.0,0.0
0.0,0.0
0.0,0.0
0.0,0.0
0.0,0.0
0.0,0.0
0.0,0.0
0.0,0.0
0.0,0.0
0.0,0.0
0.0,0.0
0.0,0.0
0.0,0.0
0.0,0.0
0.0,0.0
0.0,0.0
0.0,0.0
0.0,0.0
0.0,0.0
0.0,0.0
0.0,0.0
0.0,0.0
0.0,0.0
0.0,0.0
0.0,0.0
0.0,0.0
0.0,0.0
0.0,0.0
0.0,0.0
0.0,0.0
0.0,0.0
0.0,0.0
0.0,0.0
0.0,0.0
0.0,0.0
5994.0,0.0
1438.5600000000004,0.0
345.2543999999998,0.0
82.86105599999973,0.0
19.886653440000373,0.0
4.7727968256003805,0.0
1.1454712381437275,0.0
0.27491309715423995,0.0
0.0,0.0
0.0,0.0
0.0,0.0
0.0,0.0
0.0,0.0
0.0,0.0
0.0,0.0
0.0,0.0
0.0,0.0
0.0,0.0
0.0,0.0
0.0,0.0
0.0,0.0
0.0,0.0
0.0,0.0
0.0,0.0
0.0,0.0
0.0,0.0
0.0,0.0
0.0,0.0
0.0,0.0
5994.0,0.0
1438.5600000000004,0.0
345.2543999999998,0.0
82.86105599999973,0.0
19.886653440000373,0.0
4.7727968256003805,0.0
1.1454712381437275,0.0
0.27491309715423995,0.0
0.06597914331723587,0.0
0.0,0.0
0.0,0.0
0.0,0.0
0.0,0.0
0.0,0.0
0.0,0.0
0.0,0.0
0.0,0.0
0.0,0.0
0.0,0.0
0.0,0.0
0.0,0.0
0.0,0.0
943.612748257156,0.0
5276.854311324561,0.0
1266.4450347178945,0.0
303.9468083322945,0.0
72.947233999751,0.0
17.507336159940678,0.0
4.201760678385654,0.0
1.008422562812484,0.0
0.24202141507521446,0.0
0.05808513961801509,0.0
0.01394043350865104,0.0
0.0033457040417488315,0.0
0.000802968969765061,0.0
0.00019271255314379232,0.0
4.625101246347185e-5,0.0
1.1100242772954516e-5,0.0
2.664058229129296e-6,0.0
8.412815460408303e-7,0.0
0.0,0.0
0.0,0.0
0.0,0.0
0.0,0.0
0.0,0.0
0.0,0.0
0.0,0.0
0.0,0.0
0.0,0.0
0.0,0.0
0.0,0.0
0.0,0.0
0.0,0.0
222.886286148394,0.0
1014.6650499325806,0.0
243.51961198381923,0.0
58.44470687611647,0.0
14.026729650267953,0.0
0.0,0.0
0.0,0.0
474.5765439258903,0.0
4398.362418929879,0.0
0.0,0.0
0.0,0.0
0.0,0.0
0.0,0.0
0.0,0.0
889.4367313769617,0.0
4910.6402305971205,0.0
1585.9415088996939,0.0
380.6259621359268,0.0
0.0,0.0
4180.064397673928,0.0
1003.215455441743,0.0
240.77170930601824,0.0
0.0,0.0
0.0,0.0
0.0,0.0
0.0,0.0
0.0,0.0
0.0,0.0
0.0,0.0
0.0,0.0
0.0,0.0
0.0,0.0
0.0,0.0
0.0,0.0
5994.0,0.0
0.0,0.0
0.0,0.0
0.0,0.0
0.0,0.0
0.0,0.0
0.0,0.0
0.0,0.0
0.0,0.0
0.0,0.0
1438.5600000000004,0.0
345.2543999999998,0.0
82.86105599999973,0.0
19.886653440000373,0.0
4.7727968256003805,0.0
1.1454712381437275,0.0
0.27491309715423995,0.0
0.06597914331723587,0.0
0.01583499439584557,0.0
0.0038003986546755186,0.0
0.0009120956774495426,0.0
0.00021890296284254873,0.0
5.253671133687021e-5,0.0
1.2608810720848851e-5,0.0
3.026114427484572e-6,0.0
7.262678991537541e-7,0.0
1.743046595947817e-7,0.0
4.183311830274761e-8,0.0
1.0039912012871355e-8,0.0
0.0,0.0
0.0,0.0
0.0,0.0
0.0,0.0
0.0,0.0
0.0,0.0
0.0,0.0
0.0,0.0
0.0,0.0
0.0,0.0
0.0,0.0
0.0,0.0
0.0,0.0
0.0,0.0
5994.0,0.0
0.0,0.0
0.0,0.0
0.0,0.0
0.0,0.0
0.0,0.0
0.0,0.0
0.0,0.0
0.0,0.0
0.0,0.0
0.0,0.0
0.0,0.0
1438.5600000000004,0.0
0.0,0.0
0.0,0.0
0.0,0.0
0.0,0.0
0.0,0.0
0.0,0.0
0.0,0.0
0.0,0.0
0.0,0.0
0.0,0.0
0.0,0.0
0.0,0.0
0.0,0.0
0.0,0.0
0.0,0.0
0.0,0.0
0.0,0.0
0.0,0.0
0.0,0.0
0.0,0.0
0.0,0.0
0.0,0.0
0.0,0.0
0.0,0.0
0.0,0.0
0.0,0.0
0.0,0.0
0.0,0.0
0.0,0.0
0.0,0.0
0.0,0.0
0.0,0.0
0.0,0.0
0.0,0.0
0.0,0.0
0.0,0.0
0.0,0.0
0.0,0.0
0.0,0.0
0.0,0.0
0.0,0.0
0.0,0.0
0.0,0.0
1010.3790729593093,0.0
0.0,0.0
0.0,0.0
242.4909775102342,0.0
0.0,0.0
0.0,0.0
0.0,0.0
58.19783460245617,0.0
13.967480304589117,0.0
3.3521952731016427,0.0
0.804526865544176,0.0
0.1930864477308205,0.0
0.04634074745536054,0.0
0.01112177938921377,0.0
0.002669227053047507,0.0
0.00064061449302244,0.0
0.00015374747817986645,0.0
3.689939512696583e-5,0.0
8.855854503053706e-6,0.0
2.12540544453077e-6,0.0
5.10097379446961e-7,0.0
0.0,0.0
0.0,0.0
0.0,0.0
0.0,0.0
0.0,0.0
5994.0,0.0
0.0,0.0
0.0,0.0
0.0,0.0
0.0,0.0
0.0,0.0
0.0,0.0
0.0,0.0
0.0,0.0
0.0,0.0
0.0,0.0
0.0,0.0
0.0,0.0
0.0,0.0
0.0,0.0
0.0,0.0
0.0,0.0
0.0,0.0
0.0,0.0
0.0,0.0
0.0,0.0
0.0,0.0
0.0,0.0
0.0,0.0
0.0,0.0
0.0,0.0
0.0,0.0
0.0,0.0
0.0,0.0
0.0,0.0
1438.5600000000004,0.0
345.2543999999998,0.0
82.86105599999973,0.0
19.886653440000373,0.0
4.7727968256003805,0.0
1.1454712381437275,0.0
0.27491309715423995,0.0
0.06597914331723587,0.0
0.01583499439584557,0.0
0.0038003986546755186,0.0
0.0009120956774495426,0.0
0.00021890296284254873,0.0
5.253671133687021e-5,0.0
1.2608810720848851e-5,0.0
0.0,0.0
0.0,0.0
0.0,0.0
0.0,0.0
0.0,0.0
0.0,0.0
2331.0889558597555,0.0
0.0,0.0
0.0,0.0
4222.372393546582,0.0
1013.3693744511802,0.0
243.20864986828292,0.0
58.37007596838794,0.0
14.008818232413432,0.0
3.3621163757788963,0.0
0.8069079301867532,0.0
0.19365790324445697,0.0
0.04647789677892433,0.0
0.011154695226650801,0.0
0.0026771268539960147,0.0
0.0006425104447771446,0.0
0.00015420250656461576,0.0
0.0,0.0
0.0,0.0
0.0,0.0
0.0,0.0
0.0,0.0
849.3480147783266,0.0
5348.495508768472,0.0
1283.6389221044337,0.0
308.0733413050639,0.0
73.93760191321508,0.0
17.745024459171873,0.0
4.258805870201286,0.0
1.022113408847872,0.0
0.24530721812334377,0.0
0.058873732349638885,0.0
0.0,0.0
0.0,0.0
0.0,0.0
0.0,0.0
5994.0,0.0
1438.5600000000004,0.0
345.2543999999998,0.0
82.86105599999973,0.0
19.886653440000373,0.0
4.7727968256003805,0.0
1.1454712381437275,0.0
0.0,0.0
0.0,0.0
0.0,0.0
0.0,0.0
0.0,0.0
0.0,0.0
0.0,0.0
0.0,0.0
0.0,0.0
0.0,0.0
0.0,0.0
0.0,0.0
0.0,0.0
0.0,0.0
0.0,0.0
0.0,0.0
0.0,0.0
0.0,0.0
0.0,0.0
0.0,0.0
2859.401681995103,0.0
3820.8547216837233,-3.637978807091713e-12
917.005133204093,0.0
0.0,0.0
0.0,0.0
0.0,0.0
0.0,0.0
0.0,0.0
0.0,0.0
0.0,0.0
0.0,0.0
0.0,0.0
0.0,0.0
0.0,0.0
0.0,0.0
0.0,0.0
0.0,0.0
0.0,0.0
0.0,0.0
0.0,0.0
0.0,0.0
0.0,0.0
0.0,0.0
0.0,0.0
0.0,0.0
0.0,0.0
0.0,0.0
0.0,0.0
0.0,0.0
0.0,0.0
0.0,0.0
0.0,0.0
0.0,0.0
0.0,0.0
0.0,0.0
0.0,0.0
0.0,0.0
0.0,0.0
0.0,0.0
0.0,0.0
0.0,0.0
0.0,0.0
0.0,0.0
0.0,0.0
0.0,0.0
0.0,0.0
0.0,0.0
0.0,0.0
0.0,0.0
0.0,0.0
0.0,0.0
0.0,0.0
0.0,0.0
0.0,0.0
0.0,0.0
0.0,0.0
0.0,0.0
0.0,0.0
0.0,0.0
0.0,0.0
0.0,0.0
0.0,0.0
0.0,0.0
0.0,0.0
0.0,0.0
0.0,0.0
0.0,0.0
0.0,0.0
0.0,0.0
0.0,0.0
0.0,0.0
0.0,0.0
3082.6287131256613,0.0
3651.2021780244904,0.0
876.2885227258776,0.0
210.3092454542102,0.0
0.0,0.0
0.0,0.0
0.0,0.0
0.0,0.0
0.0,0.0
0.0,0.0
0.0,0.0
5994.0,0.0
1438.5600000000004,0.0
345.2543999999998,0.0
0.0,0.0
0.0,0.0
0.0,0.0
0.0,0.0
0.0,0.0
0.0,0.0
0.0,0.0
0.0,0.0
0.0,0.0
0.0,0.0
5994.0,0.0
1438.5600000000004,0.0
345.2543999999998,0.0
82.86105599999973,0.0
0.0,0.0
1832.2912548201857,0.0
439.7499011568443,0.0
105.53997627764238,0.0
25.329594306634135,0.0
6.079102633591901,0.0
1.458984632062311,0.0
0.0,0.0
1701.396506828697,0.0
408.33516163888726,0.0
98.00043879333316,0.0
0.0,0.0
0.0,0.0
0.0,0.0
0.0,0.0
0.0,0.0
0.0,0.0
0.0,0.0
0.0,0.0
0.0,0.0
0.0,0.0
0.0,0.0
0.0,0.0
0.0,0.0
0.0,0.0
0.0,0.0
0.0,0.0
0.0,0.0
0.0,0.0
0.0,0.0
0.0,0.0
0.0,0.0
0.0,0.0
0.0,0.0
0.0,0.0
0.0,0.0
0.0,0.0
0.0,0.0
5913.927187150941,0.0
1499.4153377652838,0.0
359.8596810636682,0.0
86.36632345528051,0.0
20.727917629267722,0.0
4.974700231024144,0.0
1.193928055446122,0.0
0.2865427333072148,0.0
0.06877025599351327,0.0
0.016504861438079388,0.0
0.003961166745284572,0.0
0.0009506800188319176,0.0
0.00022816320415586233,0.0
5.475916896102717e-5,0.0
1.314220207859762e-5,0.0
0.0,0.0
0.0,0.0
0.0,0.0
4602.612299760447,0.0
2496.014652182057,5.4569682106375694e-12
599.043516523694,0.0
0.0,0.0
0.0,0.0
0.0,0.0
0.0,0.0
0.0,0.0
0.0,0.0
0.0,0.0
0.0,0.0
0.0,0.0
0.0,0.0
0.0,0.0
0.0,0.0
0.0,0.0
0.0,0.0
0.0,0.0
0.0,0.0
0.0,0.0
0.0,0.0
0.0,0.0
0.0,0.0
0.0,0.0
0.0,0.0
0.0,0.0
0.0,0.0
0.0,0.0
0.0,0.0
0.0,0.0
0.0,0.0
0.0,0.0
0.0,0.0
0.0,0.0
0.0,0.0
0.0,0.0
0.0,0.0
0.0,0.0
5994.0,0.0
0.0,0.0
0.0,0.0
0.0,0.0
0.0,0.0
1438.5600000000004,0.0
0.0,0.0
0.0,0.0
0.0,0.0
0.0,0.0
0.0,0.0
0.0,0.0
0.0,0.0
0.0,0.0
0.0,0.0
345.2543999999998,0.0
0.0,0.0
0.0,0.0
0.0,0.0
82.86105599999973,0.0
19.886653440000373,0.0
4.7727968256003805,0.0
1.1454712381437275,0.0
0.27491309715423995,0.0
0.06597914331723587,0.0
0.01583499439584557,0.0
0.0038003986546755186,0.0
0.0009120956774495426,0.0
0.00021890296284254873,0.0
5.253671133687021e-5,0.0
1.2608810720848851e-5,0.0
3.026114427484572e-6,0.0
0.0,0.0
0.0,0.0
0.0,0.0
0.0,0.0
0.0,0.0
0.0,0.0
0.0,0.0
0.0,0.0
0.0,0.0
0.0,0.0
0.0,0.0
0.0,0.0
0.0,0.0
0.0,0.0
0.0,0.0
0.0,0.0
0.0,0.0
0.0,0.0
0.0,0.0
0.0,0.0
0.0,0.0
0.0,0.0
0.0,0.0
0.0,0.0
0.0,0.0
0.0,0.0
0.0,0.0
0.0,0.0
0.0,0.0
0.0,0.0
0.0,0.0
0.0,0.0
0.0,0.0
0.0,0.0
0.0,0.0
0.0,0.0
0.0,0.0
0.0,0.0
0.0,0.0
0.0,0.0
0.0,0.0
0.0,0.0
0.0,0.0
0.0,0.0
0.0,0.0
0.0,0.0
0.0,0.0
0.0,0.0
0.0,0.0
0.0,0.0
0.0,0.0
5994.0,0.0
1438.5600000000004,0.0
0.0,0.0
0.0,0.0
0.0,0.0
0.0,0.0
0.0,0.0
0.0,0.0
0.0,0.0
0.0,0.0
0.0,0.0
5994.0,0.0
1438.5600000000004,0.0
345.2543999999998,0.0
0.0,0.0
0.0,0.0
0.0,0.0
0.0,0.0
0.0,0.0
0.0,0.0
0.0,0.0
0.0,0.0
0.0,0.0
0.0,0.0
2249.6588695123155,0.0
0.0,0.0
0.0,0.0
0.0,0.0
0.0,0.0
0.0,0.0
0.0,0.0
0.0,0.0
0.0,0.0
0.0,0.0
0.0,0.0
1995.3425760675127,0.0
4477.539642188691,3.637978807091713e-12
1074.6095141252863,0.0
0.0,0.0
0.0,0.0
0.0,0.0
0.0,0.0
0.0,0.0
0.0,0.0
0.0,0.0
0.0,0.0
0.0,0.0
0.0,0.0
0.0,0.0
5994.0,0.0
0.0,0.0
0.0,0.0
1438.5600000000004,0.0
0.0,0.0
0.0,0.0
0.0,0.0
0.0,0.0
345.2543999999998,0.0
0.0,0.0
0.0,0.0
82.86105599999973,0.0
19.886653440000373,0.0
4.7727968256003805,0.0
1.1454712381437275,0.0
0.27491309715423995,0.0
0.06597914331723587,0.0
0.01583499439584557,0.0
0.0038003986546755186,0.0
0.0009120956774495426,0.0
0.00021890296284254873,0.0
5.253671133687021e-5,0.0
1.2608810720848851e-5,0.0
3.026114427484572e-6,0.0
7.262678991537541e-7,0.0
1.743046595947817e-7,0.0
4.183311830274761e-8,0.0
0.0,0.0
0.0,0.0
0.0,0.0
0.0,0.0
0.0,0.0
0.0,0.0
0.0,0.0
0.0,0.0
0.0,0.0
0.0,0.0
5994.0,0.0
1438.5600000000004,0.0
345.2543999999998,0.0
82.86105599999973,0.0
19.886653440000373,0.0
4.7727968256003805,0.0
1.1454712381437275,0.0
0.27491309715423995,0.0
0.06597914331723587,0.0
0.01583499439584557,0.0
0.0038003986546755186,0.0
0.0009120956774495426,0.0
0.00021890296284254873,0.0
5.253671133687021e-5,0.0
1.2608810720848851e-5,0.0
3.026114427484572e-6,0.0
7.262678991537541e-7,0.0
1.743046595947817e-7,0.0
4.183311830274761e-8,0.0
0.0,0.0
981.1348410397404,0.0
235.47236184953726,0.0
56.513366843889344,0.0
13.563208042534825,0.0
0.0,0.0
0.0,0.0
0.0,0.0
0.0,0.0
0.0,0.0
0.0,0.0
0.0,0.0
0.0,0.0
0.0,0.0
0.0,0.0
0.0,0.0
0.0,0.0
0.0,0.0
0.0,0.0
0.0,0.0
0.0,0.0
0.0,0.0
0.0,0.0
0.0,0.0
0.0,0.0
0.0,0.0
2837.9408697986364,0.0
3837.164938953034,0.0
920.9195853487281,0.0
0.0,0.0
0.0,0.0
0.0,0.0
0.0,0.0
0.0,0.0
0.0,0.0
0.0,0.0
0.0,0.0
63.36271168218991,0.0
5945.844339121537,0.0
1427.0026413891692,0.0
342.4806339334009,0.0
0.0,0.0
0.0,0.0
0.0,0.0
0.0,0.0
0.0,0.0
0.0,0.0
0.0,0.0
0.0,0.0
5994.0,0.0
1438.5600000000004,0.0
345.2543999999998,0.0
82.86105599999973,0.0
19.886653440000373,0.0
0.0,0.0
0.0,0.0
0.0,0.0
0.0,0.0
0.0,0.0
0.0,0.0
0.0,0.0
0.0,0.0
0.0,0.0
1080.629658221429,0.0
0.0,0.0
0.0,0.0
0.0,0.0
0.0,0.0
0.0,0.0
0.0,0.0
0.0,0.0
0.0,0.0
0.0,0.0
0.0,0.0
1497.0052421372548,0.0
3957.2348231909,0.0
0.0,0.0
0.0,0.0
0.0,0.0
0.0,0.0
0.0,0.0
0.0,0.0
0.0,0.0
0.0,0.0
0.0,0.0
0.0,0.0
0.0,0.0
1677.8773193901416,0.0
0.0,0.0
0.0,0.0
0.0,0.0
0.0,0.0
0.0,0.0
0.0,0.0
0.0,0.0
0.0,0.0
0.0,0.0
0.0,0.0
0.0,0.0
3631.6078370663436,0.0
0.0,0.0
0.0,0.0
0.0,0.0
0.0,0.0
0.0,0.0
0.0,0.0
0.0,0.0
0.0,0.0
0.0,0.0
0.0,0.0
0.0,0.0
1831.2186618593967,0.0
4103.457820347052,0.0
0.0,0.0
0.0,0.0
0.0,0.0
0.0,0.0
622.517527589469,0.0
676.918910508175,0.0
652.2111263269726,0.0
275.7934430860223,0.0
4301.144834291928,0.0
1032.2747602300624,0.0
247.7459424552153,0.0
59.459026189251745,0.0
14.2701662854206,0.0
0.0,0.0
0.0,0.0
0.0,0.0
0.0,0.0
0.0,0.0
0.0,0.0
0.0,0.0
0.0,0.0
1408.2947807611963,0.0
4923.695966621492,0.0
1181.6870319891577,0.0
283.6048876773975,0.0
68.06517304257522,0.0
0.0,0.0
1924.8669299614908,0.0
461.9680631907577,0.0
110.8723351657818,0.0
0.0,0.0
0.0,0.0
1429.0318912932416,0.0
4907.935762617139,0.0
1177.9045830281138,0.0
282.6970999267469,0.0
67.84730398241936,0.0
16.283352955781083,0.0
3.908004709387569,0.0
0.9379211302530166,0.0
0.22510107126072398,0.0
0.05402425710235548,0.0
0.012965821704710834,0.0
0.0031117972093852586,0.0
0.00074683133061626,0.0
0.0001792395196389407,0.0
4.301748504076386e-5,0.0
1.0324196409783326e-5,0.0
2.4778073566267267e-6,0.0
0.0,0.0
0.0,0.0
5994.0,0.0
1438.5600000000004,0.0
345.2543999999998,0.0
82.86105599999973,0.0
0.0,0.0
1257.7619630894696,0.0
301.8628711414731,0.0
72.44708907395398,0.0
17.38730137774928,0.0
4.172952330659427,0.0
0.0,0.0
0.0,0.0
0.0,0.0
68.4083604895568,0.0
4164.831849238093,0.0
2776.737440606983,0.0
0.0,0.0
1584.1037839866349,0.0
380.1849081567925,0.0
91.2443779576306,0.0
21.89865070983069,0.0
0.0,0.0
0.0,0.0
0.0,0.0
0.0,0.0
0.0,0.0
0.0,0.0
0.0,0.0
0.0,0.0
0.0,0.0
0.0,0.0
0.0,0.0
0.0,0.0
0.0,0.0
0.0,0.0
0.0,0.0
0.0,0.0
0.0,0.0
0.0,0.0
0.0,0.0
0.0,0.0
5994.0,0.0
0.0,0.0
0.0,0.0
0.0,0.0
0.0,0.0
0.0,0.0
1438.5600000000004,0.0
345.2543999999998,0.0
82.86105599999973,0.0
19.886653440000373,0.0
4.7727968256003805,0.0
1.1454712381437275,0.0
0.27491309715423995,0.0
0.06597914331723587,0.0
0.01583499439584557,0.0
0.0038003986546755186,0.0
0.0009120956774495426,0.0
0.00021890296284254873,0.0
5.253671133687021e-5,0.0
1.2608810720848851e-5,0.0
3.026114427484572e-6,0.0
7.262678991537541e-7,0.0
1.743046595947817e-7,0.0
4.183311830274761e-8,0.0
1.0039912012871355e-8,0.0
2.409251464996487e-9,0.0
5.784386303275824e-10,0.0
1.3915268937125802e-10,0.0
3.3651303965598345e-11,0.0
0.0,0.0
0.0,0.0
1694.3014982541572,0.0
0.0,0.0
0.0,0.0
0.0,0.0
4706.330861326842,0.0
0.0,0.0
0.0,0.0
0.0,0.0
0.0,0.0
0.0,0.0
0.0,0.0
0.0,0.0
0.0,0.0
0.0,0.0
0.0,0.0
0.0,0.0
1129.519406718442,0.0
0.0,0.0
0.0,0.0
271.0846576124259,0.0
65.0603178269821,0.0
15.614476278476104,0.0
3.7474743068341922,0.0
0.899393833639806,0.0
0.21585452007366257,0.0
0.0518050848177154,0.0
0.012433220355887897,0.0
0.002983972884976538,0.0
0.0,0.0
2100.3918098903314,0.0
504.0940343736793,0.0
120.98256824968303,0.0
29.035816379923745,0.0
0.0,0.0
0.0,0.0
0.0,0.0
0.0,0.0
0.0,0.0
0.0,0.0
0.0,0.0
0.0,0.0
0.0,0.0
0.0,0.0
0.0,0.0
0.0,0.0
0.0,0.0
0.0,0.0
5496.483247901131,0.0
1816.6727315951393,0.0
436.00145558283293,0.0
104.64034933988023,0.0
25.1136838415714,0.0
6.027284121977573,0.0
1.4465481892748357,0.0
0.3471715654259242,0.0
0.08332117570262199,9.094947017729282e-13
0.019997082168629277,0.0
0.0,0.0
0.0,0.0
0.0,0.0
0.0,0.0
0.0,0.0
0.0,0.0
1719.94255045498,0.0
0.0,0.0
0.0,0.0
0.0,0.0
4686.843661654217,0.0
1124.8424787970125,0.0
0.0,0.0
0.0,0.0
0.0,0.0
0.0,0.0
0.0,0.0
0.0,0.0
0.0,0.0
0.0,0.0
269.9621949112825,0.0
0.0,0.0
0.0,0.0
64.79092677870813,0.0
15.549822426890387,0.0
3.731957382453402,0.0
0.8956697717885618,0.0
0.2149607452292912,0.0
0.05159057885521179,0.0
0.012381738924887031,0.0
0.0029716173421547865,0.0
0.000713188162080769,0.0
0.0001711651584628271,0.0
4.107963832211681e-5,0.0
9.859113561105914e-6,0.0
2.3661868908675388e-6,0.0
5.678848538082093e-7,0.0
1.3629232853418216e-7,0.0
3.2709976949263364e-8,0.0
7.850758265703917e-9,0.0
1.8844730220735073e-9,0.0
4.5201886678114533e-10,0.0
0.0,0.0
0.0,0.0
0.0,0.0
0.0,0.0
0.0,0.0
0.0,0.0
0.0,0.0
0.0,0.0
0.0,0.0
0.0,0.0
0.0,0.0
2142.6931432708698,0.0
2117.5737225946577,0.0
2756.197181942196,0.0
661.4873236661269,0.0
158.75695767987054,0.0
38.101669843168565,0.0
9.14440076236042,0.0
0.0,0.0
0.0,0.0
0.0,0.0
0.0,0.0
0.0,0.0
0.0,0.0
0.0,0.0
0.0,0.0
0.0,0.0
5994.0,0.0
1438.5600000000004,0.0
345.2543999999998,0.0
82.86105599999973,0.0
19.886653440000373,0.0
4.7727968256003805,0.0
1.1454712381437275,0.0
0.27491309715423995,0.0
0.06597914331723587,0.0
0.01583499439584557,0.0
0.0038003986546755186,0.0
0.0009120956774495426,0.0
0.00021890296284254873,0.0
5.253671133687021e-5,0.0
1.2608810720848851e-5,0.0
3.026114427484572e-6,0.0
9.556156567812554e-7,0.0
0.0,0.0
0.0,0.0
0.0,0.0
0.0,0.0
0.0,0.0
0.0,0.0
0.0,0.0
0.0,0.0
0.0,0.0
0.0,0.0
0.0,0.0
0.0,0.0
0.0,0.0
3558.7289471957592,0.0
3167.6768258798256,0.0
760.2424382111585,0.0
182.458185170678,0.0
0.0,0.0
0.0,0.0
3800.3466643232423,0.0
3105.7365351143344,-4.092726157978177e-12
745.3767684274408,0.0
178.89042442258597,0.0
0.0,0.0
0.0,0.0
0.0,0.0
0.0,0.0
0.0,0.0
0.0,0.0
0.0,0.0
0.0,0.0
0.0,0.0
5994.0,0.0
0.0,0.0
1438.5600000000004,0.0
345.2543999999998,0.0
82.86105599999973,0.0
19.886653440000373,0.0
4.7727968256003805,0.0
1.1454712381437275,0.0
0.27491309715423995,0.0
0.06597914331723587,0.0
0.01583499439584557,0.0
0.0038003986546755186,0.0
0.0009120956774495426,0.0
0.00021890296284254873,0.0
5.253671133687021e-5,0.0
0.0,0.0
0.0,0.0
0.0,0.0
3874.0812217844136,0.0
3049.6982714438454,0.0
0.0,0.0
0.0,0.0
5994.0,0.0
1438.5600000000004,0.0
345.2543999999998,0.0
82.86105599999973,0.0
19.886653440000373,0.0
4.7727968256003805,0.0
1.1454712381437275,0.0
0.27491309715423995,0.0
0.06597914331723587,0.0
0.01583499439584557,0.0
0.0038003986546755186,0.0
0.0,0.0
2504.392536428324,0.0
601.0542087427975,0.0
144.25301009827126,0.0
34.62072242358499,0.0
8.308973381660508,0.0
0.0,0.0
0.0,0.0
0.0,0.0
0.0,0.0
0.0,0.0
0.0,0.0
0.0,0.0
0.0,0.0
0.0,0.0
797.1707320415162,0.0
2300.3272067028993,0.0
0.0,0.0
0.0,0.0
0.0,0.0
0.0,0.0
0.0,0.0
0.0,0.0
5994.0,0.0
1438.5600000000004,0.0
345.2543999999998,0.0
82.86105599999973,0.0
19.886653440000373,0.0
4.7727968256003805,0.0
1.1454712381437275,0.0
0.27491309715423995,0.0
0.06597914331723587,0.0
0.01583499439584557,0.0
0.0038003986546755186,0.0
0.0009120956774495426,0.0
0.00021890296284254873,0.0
5.253671133687021e-5,0.0
1.2608810720848851e-5,0.0
3.026114427484572e-6,0.0
7.262678991537541e-7,0.0
1.743046595947817e-7,0.0
4.183311830274761e-8,0.0
0.0,0.0
0.0,0.0
0.0,0.0
0.0,0.0
0.0,0.0
0.0,0.0
0.0,0.0
5994.0,0.0
1438.5600000000004,0.0
345.2543999999998,0.0
82.86105599999973,0.0
19.886653440000373,0.0
4.7727968256003805,0.0
0.0,0.0
655.9677318968534,0.0
1841.9268308943028,0.0
1091.2150865200347,0.0
0.0,0.0
0.0,0.0
0.0,0.0
2707.1451458583683,0.0
0.0,0.0
0.0,0.0
0.0,0.0
0.0,0.0
0.0,0.0
0.0,0.0
5994.0,0.0
1438.5600000000004,0.0
345.2543999999998,0.0
82.86105599999973,0.0
19.886653440000373,0.0
4.7727968256003805,0.0
1.1454712381437275,0.0
0.27491309715423995,0.0
0.06597914331723587,0.0
0.01583499439584557,0.0
0.0038003986546755186,0.0
0.0009120956774495426,0.0
0.00021890296284254873,0.0
5.253671133687021e-5,0.0
0.0,0.0
0.0,0.0
0.0,0.0
5994.0,0.0
1438.5600000000004,0.0
345.2543999999998,0.0
82.86105599999973,0.0
19.886653440000373,0.0
4.7727968256003805,0.0
1.1454712381437275,0.0
0.27491309715423995,0.0
0.06597914331723587,0.0
0.01583499439584557,0.0
0.0038003986546755186,0.0
0.0009120956774495426,0.0
0.00021890296284254873,0.0
5.253671133687021e-5,0.0
1.2608810720848851e-5,0.0
0.0,0.0
0.0,0.0
0.0,0.0
0.0,0.0
0.0,0.0
0.0,0.0
0.0,0.0
0.0,0.0
0.0,0.0
0.0,0.0
0.0,0.0
0.0,0.0
0.0,0.0
0.0,0.0
0.0,0.0
0.0,0.0
0.0,0.0
0.0,0.0
5994.0,0.0
0.0,0.0
0.0,0.0
0.0,0.0
1438.5600000000004,0.0
345.2543999999998,0.0
82.86105599999973,0.0
19.886653440000373,0.0
4.7727968256003805,0.0
1.1454712381437275,0.0
0.27491309715423995,0.0
0.06597914331723587,0.0
0.01583499439584557,0.0
0.0038003986546755186,0.0
0.0009120956774495426,0.0
0.00021890296284254873,0.0
5.253671133687021e-5,0.0
1.2608810720848851e-5,0.0
3.026114427484572e-6,0.0
9.556156567812554e-7,0.0
0.0,0.0
0.0,0.0
0.0,0.0
0.0,0.0
0.0,0.0
0.0,0.0
0.0,0.0
0.0,0.0
0.0,0.0
0.0,0.0
0.0,0.0
0.0,0.0
0.0,0.0
0.0,0.0
0.0,0.0
0.0,0.0
0.0,0.0
0.0,0.0
0.0,0.0
1166.5167966309546,0.0
549.2536009720152,0.0
0.0,0.0
0.0,0.0
0.0,0.0
0.0,0.0
0.0,0.0
1748.5960189374637,0.0
3479.2708225022434,0.0
0.0,0.0
0.0,0.0
0.0,0.0
0.0,0.0
0.0,0.0
5994.0,0.0
0.0,0.0
0.0,0.0
0.0,0.0
0.0,0.0
0.0,0.0
0.0,0.0
0.0,0.0
0.0,0.0
0.0,0.0
0.0,0.0
0.0,0.0
1438.5600000000004,0.0
345.2543999999998,0.0
82.86105599999973,0.0
19.886653440000373,0.0
4.7727968256003805,0.0
1.1454712381437275,0.0
0.27491309715423995,0.0
0.06597914331723587,0.0
0.01583499439584557,0.0
0.0038003986546755186,0.0
0.0009120956774495426,0.0
0.00021890296284254873,0.0
5.253671133687021e-5,0.0
1.2608810720848851e-5,0.0
3.026114427484572e-6,0.0
0.0,0.0
0.0,0.0
0.0,0.0
0.0,0.0
0.0,0.0
0.0,0.0
0.0,0.0
2525.355735955867,0.0
4074.7296406735413,-3.637978807091713e-12
977.9351137616504,0.0
0.0,0.0
0.0,0.0
0.0,0.0
0.0,0.0
0.0,0.0
0.0,0.0
0.0,0.0
0.0,0.0
0.0,0.0
4830.832893238687,0.0
2322.5670011385973,0.0
557.4160802732658,0.0
0.0,0.0
0.0,0.0
0.0,0.0
0.0,0.0
0.0,0.0
0.0,0.0
0.0,0.0
0.0,0.0
0.0,0.0
5510.98473840829,0.0
1805.651598809699,0.0
433.3563837143265,0.0
0.0,0.0
0.0,0.0
0.0,0.0
0.0,0.0
0.0,0.0
0.0,0.0
0.0,0.0
0.0,0.0
0.0,0.0
5744.095441469701,0.0
1628.487464483027,0.0
0.0,0.0
0.0,0.0
0.0,0.0
0.0,0.0
0.0,0.0
0.0,0.0
0.0,0.0
0.0,0.0
0.0,0.0
0.0,0.0
0.0,0.0
0.0,0.0
0.0,0.0
0.0,0.0
0.0,0.0
0.0,0.0
0.0,0.0
0.0,0.0
0.0,0.0
0.0,0.0
0.0,0.0
0.0,0.0
0.0,0.0
0.0,0.0
0.0,0.0
0.0,0.0
0.0,0.0
0.0,0.0
0.0,0.0
0.0,0.0
0.0,0.0
0.0,0.0
0.0,0.0
0.0,0.0
2433.482631303101,0.0
3195.9696593399512,0.0
1715.6162591112807,0.0
0.0,0.0
0.0,0.0
0.0,0.0
0.0,0.0
0.0,0.0
0.0,0.0
0.0,0.0
0.0,0.0
0.0,0.0
0.0,0.0
0.0,0.0
0.0,0.0
0.0,0.0
0.0,0.0
0.0,0.0
0.0,0.0
0.0,0.0
0.0,0.0
0.0,0.0
0.0,0.0
0.0,0.0
0.0,0.0
775.0093633863966,0.0
0.0,0.0
0.0,0.0
0.0,0.0
5994.0,0.0
1438.5600000000004,0.0
0.0,0.0
0.0,0.0
0.0,0.0
0.0,0.0
0.0,0.0
0.0,0.0
345.2543999999998,0.0
82.86105599999973,0.0
19.886653440000373,0.0
4.7727968256003805,0.0
1.1454712381437275,0.0
0.27491309715423995,0.0
0.06597914331723587,0.0
0.01583499439584557,0.0
0.0038003986546755186,0.0
0.0009120956774495426,0.0
0.00021890296284254873,0.0
5.253671133687021e-5,0.0
1.2608810720848851e-5,0.0
3.026114427484572e-6,0.0
7.262678991537541e-7,0.0
1.743046595947817e-7,0.0
0.0,0.0
0.0,0.0
2286.4350760484085,0.0
4256.309342203211,0.0
1021.514242128771,0.0
245.1634181109048,0.0
58.83922034661737,0.0
14.121412883187986,0.0
3.389139091965262,0.0
0.8133933820718084,0.0
0.1952144116985437,0.0
0.0,0.0
0.0,0.0
0.0,0.0
0.0,0.0
0.0,0.0
0.0,0.0
0.0,0.0
0.0,0.0
0.0,0.0
0.0,0.0
0.0,0.0
0.0,0.0
0.0,0.0
0.0,0.0
0.0,0.0
0.0,0.0
0.0,0.0
1376.8682000633999,0.0
4947.580167951815,0.0
1187.4192403084362,0.0
284.98061767402487,0.0
68.39534824176553,0.0
16.414883578023364,0.0
3.939572058725389,0.0
0.9454972940939115,0.0
0.0,0.0
0.0,0.0
0.0,0.0
0.0,0.0
0.0,0.0
0.0,0.0
3585.938920431712,0.0
3268.6864204718986,0.0
784.4847409132562,0.0
188.2763378191812,0.0
45.186321076603235,0.0
10.844717058384958,0.0
0.0,0.0
0.0,0.0
0.0,0.0
0.0,0.0
0.0,0.0
0.0,0.0
0.0,0.0
0.0,0.0
0.0,0.0
0.0,0.0
0.0,0.0
0.0,0.0
0.0,0.0
0.0,0.0
0.0,0.0
0.0,0.0
0.0,0.0
0.0,0.0
0.0,0.0
0.0,0.0
0.0,0.0
0.0,0.0
0.0,0.0
0.0,0.0
0.0,0.0
0.0,0.0
0.0,0.0
0.0,0.0
0.0,0.0
0.0,0.0
0.0,0.0
0.0,0.0
0.0,0.0
0.0,0.0
0.0,0.0
0.0,0.0
0.0,0.0
0.0,0.0
0.0,0.0
215.5567732634663,0.0
317.2762185255051,0.0
0.0,0.0
0.0,0.0
5994.0,0.0
1438.5600000000004,0.0
345.2543999999998,0.0
0.0,0.0
0.0,0.0
0.0,0.0
0.0,0.0
0.0,0.0
0.0,0.0
0.0,0.0
0.0,0.0
5645.581298318295,0.0
1703.3582132780975,0.0
408.8059711867436,0.0
98.1134330848181,0.0
23.54722394035616,0.0
0.0,0.0
0.0,0.0
0.0,0.0
5994.0,0.0
1438.5600000000004,0.0
345.2543999999998,0.0
82.86105599999973,0.0
19.886653440000373,0.0
4.7727968256003805,0.0
1.1454712381437275,0.0
0.27491309715423995,0.0
0.06597914331723587,0.0
0.01583499439584557,0.0
0.0,0.0
0.0,0.0
0.0,0.0
0.0,0.0
0.0,0.0
0.0,0.0
0.0,0.0
5994.0,0.0
1438.5600000000004,0.0
345.2543999999998,0.0
0.0,0.0
0.0,0.0
0.0,0.0
0.0,0.0
360.0689786106377,0.0
5720.347576255914,0.0
1372.8834183014196,0.0
0.0,0.0
4496.793398225425,0.0
1079.2304155741022,0.0
259.0152997377845,0.0
62.1636719370681,0.0
14.919281264890742,0.0
0.0,0.0
0.0,0.0
5994.0,0.0
1438.5600000000004,0.0
345.2543999999998,0.0
82.86105599999973,0.0
0.0,0.0
3238.8325346105194,0.0
3532.487273696006,0.0
847.7969456870414,0.0
203.47126696488976,0.0
0.0,0.0
0.0,0.0
0.0,0.0
0.0,0.0
0.0,0.0
0.0,0.0
0.0,0.0
0.0,0.0
0.0,0.0
0.0,0.0
0.0,0.0
0.0,0.0
0.0,0.0
0.0,0.0
0.0,0.0
0.0,0.0
0.0,0.0
0.0,0.0
0.0,0.0
0.0,0.0
0.0,0.0
784.3342164211681,0.0
2979.307414433195,0.0
1143.3641923079704,0.0
0.0,0.0
351.06810536026796,0.0
2413.9978002838634,0.0
579.3594720681267,0.0
139.0462732963506,0.0
33.37110559112443,0.0
8.009065341870155,0.0
1.9221756820488736,0.0
0.4613221636918752,0.0
0.11071731928586814,0.0
0.026572156628390076,0.0
0.006377317590704479,0.0
0.0015305562192224897,0.0
0.0,0.0
0.0,0.0
0.0,0.0
0.0,0.0
0.0,0.0
0.0,0.0
0.0,0.0
0.0,0.0
946.9202119516212,0.0
3796.676382213838,0.0
2388.866588434251,0.0
0.0,0.0
0.0,0.0
0.0,0.0
0.0,0.0
0.0,0.0
0.0,0.0
0.0,0.0
0.0,0.0
0.0,0.0
0.0,0.0
5994.0,0.0
1438.5600000000004,0.0
0.0,0.0
0.0,0.0
0.0,0.0
0.0,0.0
0.0,0.0
0.0,0.0
0.0,0.0
0.0,0.0
0.0,0.0
0.0,0.0
345.2543999999998,0.0
82.86105599999973,0.0
0.0,0.0
0.0,0.0
19.886653440000373,0.0
4.7727968256003805,0.0
1.1454712381437275,0.0
0.27491309715423995,0.0
0.06597914331723587,0.0
0.01583499439584557,0.0
0.0038003986546755186,0.0
0.0009120956774495426,0.0
0.00021890296284254873,0.0
5.253671133687021e-5,0.0
1.2608810720848851e-5,0.0
3.026114427484572e-6,0.0
0.0,0.0
498.74212684686063,0.0
2416.3225982913937,0.0
2162.2467751465174,0.0
0.0,0.0
0.0,0.0
0.0,0.0
3196.1106964645187,0.0
3564.9558706869648,0.0
855.5894089648718,0.0
0.0,0.0
0.0,0.0
0.0,0.0
0.0,0.0
0.0,0.0
0.0,0.0
0.0,0.0
0.0,0.0
5994.0,0.0
1438.5600000000004,0.0
345.2543999999998,0.0
82.86105599999973,0.0
19.886653440000373,0.0
0.0,0.0
0.0,0.0
0.0,0.0
0.0,0.0
0.0,0.0
2849.508594117222,0.0
0.0,0.0
0.0,0.0
0.0,0.0
3828.373468470916,0.0
0.0,0.0
918.8096324330199,0.0
220.51431178392522,0.0
52.92343482814249,0.0
12.701624358754088,0.0
3.04838984610069,0.0
0.7316135630644567,0.0
0.17558725513572426,0.0
0.04214094123290124,0.0
0.010113825896041817,0.0
0.002427318215268315,0.0
0.0005825563712278381,0.0
0.00013981352913106093,0.0
3.3555246773175895e-5,0.0
0.0,0.0
0.0,0.0
0.0,0.0
0.0,0.0
0.0,0.0
0.0,0.0
0.0,0.0
0.0,0.0
0.0,0.0
0.0,0.0
0.0,0.0
0.0,0.0
0.0,0.0
0.0,0.0
0.0,0.0
0.0,0.0
0.0,0.0
0.0,0.0
0.0,0.0
0.0,0.0
0.0,0.0
0.0,0.0
0.0,0.0
0.0,0.0
0.0,0.0
0.0,0.0
0.0,0.0
0.0,0.0
0.0,0.0
0.0,0.0
0.0,0.0
0.0,0.0
0.0,0.0
1663.0514959485026,0.0
0.0,0.0
0.0,0.0
0.0,0.0
0.0,0.0
0.0,0.0
0.0,0.0
0.0,0.0
0.0,0.0
0.0,0.0
0.0,0.0
0.0,0.0
5994.0,0.0
0.0,0.0
0.0,0.0
0.0,0.0
1438.5600000000004,0.0
0.0,0.0
0.0,0.0
0.0,0.0
345.2543999999998,0.0
0.0,0.0
0.0,0.0
0.0,0.0
82.86105599999973,0.0
19.886653440000373,0.0
4.7727968256003805,0.0
1.1454712381437275,0.0
0.27491309715423995,0.0
0.06597914331723587,0.0
0.01583499439584557,0.0
0.0038003986546755186,0.0
0.0009120956774495426,0.0
0.00021890296284254873,0.0
5.253671133687021e-5,0.0
1.2608810720848851e-5,0.0
3.026114427484572e-6,0.0
7.262678991537541e-7,0.0
1.743046595947817e-7,0.0
4.183311830274761e-8,0.0
0.0,0.0
1390.2230069061625,0.0
3126.5688780414202,0.0
750.3765307299409,0.0
0.0,0.0
2296.701521422717,0.0
551.2083651414523,0.0
132.29000763394833,0.0
31.749601832147164,0.0
7.619904439715356,0.0
1.8287770655297209,0.0
0.0,0.0
0.0,0.0
0.0,0.0
0.0,0.0
0.0,0.0
0.0,0.0
0.0,0.0
0.0,0.0
0.0,0.0
5994.0,0.0
1438.5600000000004,0.0
345.2543999999998,0.0
82.86105599999973,0.0
19.886653440000373,0.0
4.7727968256003805,0.0
1.1454712381437275,0.0
0.27491309715423995,0.0
0.06597914331723587,0.0
0.01583499439584557,0.0
0.0038003986546755186,0.0
0.0009120956774495426,0.0
0.00021890296284254873,0.0
5.253671133687021e-5,0.0
1.2608810720848851e-5,0.0
0.0,0.0
0.0,0.0
0.0,0.0
0.0,0.0
0.0,0.0
0.0,0.0
0.0,0.0
0.0,0.0
1873.957773838698,0.0
4569.792091882589,0.0
1096.7501020518212,0.0
263.220024492437,0.0
0.0,0.0
0.0,0.0
0.0,0.0
5154.270172966288,0.0
2076.754668545622,0.0
498.4211204509493,0.0
119.62106890822815,0.0
28.709056537974902,0.0
6.890173569114268,0.0
1.6536416565877516,0.0
0.39687399758076936,0.0
0.09524975941894809,0.0
0.0,0.0
0.0,0.0
0.0,0.0
0.0,0.0
0.0,0.0
0.0,0.0
0.0,0.0
0.0,0.0
0.0,0.0
0.0,0.0
0.0,0.0
0.0,0.0
0.0,0.0
0.0,0.0
0.0,0.0
2570.6642850348217,0.0
4040.295143373536,0.0
969.6708344096487,0.0
232.72100025831605,0.0
55.85304006199567,0.0
13.404729614879216,0.0
3.2171351075712664,0.0
0.7721124258168857,0.0
0.0,0.0
0.0,0.0
0.0,0.0
0.0,0.0
0.0,0.0
0.0,0.0
0.0,0.0
0.0,0.0
0.0,0.0
5994.0,0.0
1438.5600000000004,0.0
0.0,0.0
345.2543999999998,0.0
82.86105599999973,0.0
19.886653440000373,0.0
4.7727968256003805,0.0
1.1454712381437275,0.0
0.27491309715423995,0.0
0.06597914331723587,0.0
0.01583499439584557,0.0
0.0038003986546755186,0.0
0.0009120956774495426,0.0
0.00021890296284254873,0.0
5.253671133687021e-5,0.0
1.2608810720848851e-5,0.0
0.0,0.0
0.0,0.0
0.0,0.0
2139.680775343033,0.0
3430.0696281465935,0.0
1760.989693347884,0.0
0.0,0.0
0.0,0.0
484.25847578548746,0.0
5193.395778200732,-9.094947017729282e-13
1678.9827669704737,0.0
0.0,0.0
0.0,0.0
0.0,0.0
0.0,0.0
0.0,0.0
0.0,0.0
0.0,0.0
865.8503458614287,0.0
5335.953737145315,0.0
1280.6288969148754,0.0
307.3509352595702,0.0
73.76422446229662,0.0
17.703413870951408,0.0
0.0,0.0
0.0,0.0
0.0,0.0
0.0,0.0
0.0,0.0
0.0,0.0
0.0,0.0
0.0,0.0
2336.6032793298873,0.0
4218.181507709289,-1.8189894035458565e-12
1012.3635618502294,0.0
0.0,0.0
0.0,0.0
0.0,0.0
0.0,0.0
0.0,0.0
0.0,0.0
0.0,0.0
0.0,0.0
0.0,0.0
5994.0,0.0
1438.5600000000004,0.0
345.2543999999998,0.0
82.86105599999973,0.0
0.0,0.0
0.0,0.0
0.0,0.0
0.0,0.0
0.0,0.0
0.0,0.0
0.0,0.0
5994.0,0.0
1438.5600000000004,0.0
345.2543999999998,0.0
82.86105599999973,0.0
19.886653440000373,0.0
0.0,0.0
0.0,0.0
0.0,0.0
0.0,0.0
0.0,0.0
0.0,0.0
0.0,0.0
0.0,0.0
0.0,0.0
5994.0,0.0
0.0,0.0
0.0,0.0
0.0,0.0
1438.5600000000004,0.0
0.0,0.0
0.0,0.0
0.0,0.0
345.2543999999998,0.0
0.0,0.0
0.0,0.0
0.0,0.0
82.86105599999973,0.0
19.886653440000373,0.0
4.7727968256003805,0.0
0.0,0.0
0.0,0.0
0.0,0.0
0.0,0.0
0.0,0.0
0.0,0.0
0.0,0.0
0.0,0.0
0.0,0.0
1.1454712381437275,0.0
0.27491309715423995,0.0
0.06597914331723587,0.0
0.01583499439584557,0.0
0.0038003986546755186,0.0
0.0009120956774495426,0.0
0.00021890296284254873,0.0
5.253671133687021e-5,0.0
1.2608810720848851e-5,0.0
0.0,0.0
1336.0262888108664,0.0
320.6463093146076,0.0
76.95511423550579,0.0
18.46922741652179,0.0
4.432614579965048,0.0
0.0,0.0
573.3457099138177,0.0
606.1196069173093,0.0
145.46870566015423,0.0
34.91248935843669,0.0
0.0,0.0
0.0,0.0
0.0,0.0
5994.0,0.0
1438.5600000000004,-1.8189894035458565e-12
345.2543999999998,0.0
0.0,0.0
0.0,0.0
0.0,0.0
0.0,0.0
0.0,0.0
0.0,0.0
0.0,0.0
0.0,0.0
0.0,0.0
0.0,0.0
0.0,0.0
0.0,0.0
0.0,0.0
0.0,0.0
0.0,0.0
0.0,0.0
0.0,0.0
0.0,0.0
0.0,0.0
0.0,0.0
0.0,0.0
0.0,0.0
5994.0,0.0
1438.5600000000004,0.0
345.2543999999998,0.0
82.86105599999973,0.0
19.886653440000373,0.0
4.7727968256003805,0.0
1.1454712381437275,0.0
0.27491309715423995,0.0
0.06597914331723587,0.0
0.01583499439584557,0.0
0.0038003986546755186,0.0
0.0009120956774495426,0.0
0.00021890296284254873,0.0
5.253671133687021e-5,0.0
1.2608810720848851e-5,0.0
0.0,0.0
0.0,0.0
0.0,0.0
0.0,0.0
0.0,0.0
0.0,0.0
0.0,0.0
0.0,0.0
5994.0,0.0
1438.5600000000004,0.0
345.2543999999998,0.0
82.86105599999973,0.0
19.886653440000373,0.0
4.7727968256003805,0.0
1.1454712381437275,0.0
0.27491309715423995,0.0
0.06597914331723587,0.0
0.0,0.0
0.0,0.0
0.0,0.0
0.0,0.0
0.0,0.0
0.0,0.0
0.0,0.0
0.0,0.0
0.0,0.0
0.0,0.0
0.0,0.0
0.0,0.0
0.0,0.0
0.0,0.0
0.0,0.0
0.0,0.0
0.0,0.0
0.0,0.0
0.0,0.0
0.0,0.0
0.0,0.0
0.0,0.0
0.0,0.0
0.0,0.0
0.0,0.0
0.0,0.0
0.0,0.0
0.0,0.0
2188.6885352555764,0.0
0.0,0.0
0.0,0.0
0.0,0.0
0.0,0.0
0.0,0.0
0.0,0.0
0.0,0.0
0.0,0.0
0.0,0.0
0.0,0.0
0.0,0.0
0.0,0.0
0.0,0.0
0.0,0.0
0.0,0.0
0.0,0.0
0.0,0.0
85.73420646073646,0.0
246.2816972888395,0.0
316.368109022962,0.0
0.0,0.0
5994.0,0.0
1438.5600000000004,0.0
345.2543999999998,0.0
82.86105599999973,0.0
0.0,0.0
0.0,0.0
0.0,0.0
0.0,0.0
0.0,0.0
0.0,0.0
0.0,0.0
0.0,0.0
0.0,0.0
0.0,0.0
0.0,0.0
0.0,0.0
0.0,0.0
0.0,0.0
0.0,0.0
0.0,0.0
0.0,0.0
0.0,0.0
0.0,0.0
0.0,0.0
0.0,0.0
0.0,0.0
0.0,0.0
0.0,0.0
0.0,0.0
0.0,0.0
0.0,0.0
0.0,0.0
0.0,0.0
0.0,0.0
0.0,0.0
0.0,0.0
0.0,0.0
0.0,0.0
2317.1025260852075,0.0
0.0,0.0
0.0,0.0
0.0,0.0
0.0,0.0
0.0,0.0
0.0,0.0
0.0,0.0
0.0,0.0
0.0,0.0
0.0,0.0
5994.0,0.0
1438.5600000000004,0.0
345.2543999999998,0.0
82.86105599999973,0.0
19.886653440000373,0.0
0.0,0.0
0.0,0.0
0.0,0.0
0.0,0.0
0.0,0.0
0.0,0.0
0.0,0.0
0.0,0.0
5994.0,0.0
1438.5600000000004,0.0
345.2543999999998,0.0
82.86105599999973,0.0
19.886653440000373,0.0
4.7727968256003805,0.0
1.1454712381437275,0.0
0.27491309715423995,0.0
0.06597914331723587,0.0
0.01583499439584557,0.0
0.0038003986546755186,0.0
0.0009120956774495426,0.0
0.00021890296284254873,0.0
5.253671133687021e-5,0.0
1.2608810720848851e-5,0.0
0.0,0.0
0.0,0.0
0.0,0.0
0.0,0.0
0.0,0.0
0.0,0.0
0.0,0.0
0.0,0.0
0.0,0.0
2363.0655926795516,0.0
242.1110245355976,0.0
0.0,0.0
0.0,0.0
0.0,0.0
5155.20882146246,0.0
0.0,0.0
0.0,0.0
2076.04129568853,0.0
498.2499109652472,0.0
119.57997863165929,0.0
28.699194871598593,0.0
6.887806769183953,0.0
1.653073624604076,0.0
0.3967376699047236,0.0
0.0952170407772428,0.0
0.022852089786283614,0.0
0.005484501548380649,0.0
0.0013162803716113558,0.0
0.0003159072894050041,0.0
7.581774934806162e-5,0.0
0.0,0.0
0.0,0.0
0.0,0.0
0.0,0.0
0.0,0.0
0.0,0.0
0.0,0.0
0.0,0.0
1724.3902148527923,0.0
4683.463436711878,0.0
1124.0312248108512,0.0
269.7674939546041,0.0
0.0,0.0
690.479757045945,0.0
165.71514169102647,0.0
39.771634005845954,0.0
9.545192161400337,0.0
0.0,0.0
0.0,0.0
0.0,0.0
0.0,0.0
0.0,0.0
0.0,0.0
5994.0,0.0
0.0,0.0
0.0,0.0
0.0,0.0
1438.5600000000004,0.0
0.0,0.0
345.2543999999998,0.0
82.86105599999973,0.0
19.886653440000373,0.0
4.7727968256003805,0.0
1.1454712381437275,0.0
0.27491309715423995,0.0
0.06597914331723587,0.0
0.01583499439584557,0.0
0.0038003986546755186,0.0
0.0009120956774495426,0.0
0.00021890296284254873,0.0
5.253671133687021e-5,0.0
1.2608810720848851e-5,0.0
0.0,0.0
0.0,0.0
0.0,0.0
2544.102313015087,0.0
0.0,0.0
4060.4822421085337,0.0
0.0,0.0
4997.4537937195,0.0
1199.3889104926802,0.0
287.8533385182436,0.0
69.08480124437847,0.0
16.580352298650723,0.0
3.979284551675846,0.0
0.9550282924019484,0.0
0.22920679017624934,0.0
0.055009629641972424,0.0
0.013202311113673204,0.0
0.0031685546673543286,0.0
0.0007604531201650389,0.0
0.00018250874927616678,0.0
4.380209975352045e-5,0.0
1.0512503649806604e-5,0.0
2.5230010578525253e-6,0.0
6.055206540622748e-7,0.0
0.0,0.0
0.0,0.0
0.0,0.0
0.0,0.0
690.6603248417596,0.0
0.0,0.0
0.0,0.0
0.0,0.0
2570.2450552922455,0.0
4040.6137579778933,0.0
0.0,0.0
0.0,0.0
0.0,0.0
0.0,0.0
0.0,0.0
0.0,0.0
0.0,0.0
0.0,0.0
0.0,0.0
0.0,0.0
0.0,0.0
0.0,0.0
0.0,0.0
0.0,0.0
0.0,0.0
0.0,0.0
0.0,0.0
0.0,0.0
369.6006286664888,0.0
0.0,0.0
0.0,0.0
0.0,0.0
5972.341666190168,0.0
1455.0203336954728,-3.637978807091713e-12
349.20488008691336,0.0
0.0,0.0
0.0,0.0
0.0,0.0
0.0,0.0
0.0,0.0
0.0,0.0
0.0,0.0
0.0,0.0
0.0,0.0
4147.277711535946,0.0
2842.0689392326813,0.0
682.0965454158431,0.0
0.0,0.0
0.0,0.0
0.0,0.0
3246.7061918299696,0.0
3526.5032942092257,0.0
846.3607906102143,0.0
203.12658974645092,0.0
48.75038153914829,0.0
11.700091569395227,0.0
2.8080219766552545,0.0
0.6739252743973339,0.0
0.16174206585492357,0.0
0.038818095805254416,0.0
0.0,0.0
0.0,0.0
4481.733794520565,0.0
1075.6161106849358,0.0
258.14786656438446,0.0
61.95548797545234,0.0
0.0,0.0
950.7632392687592,0.0
5271.419938155748,0.0
1265.1407851573795,0.0
303.6337884377708,0.0
72.87210922506529,0.0
0.0,0.0
0.0,0.0
5025.237887050411,0.0
1206.0570928920988,0.0
289.453702294104,0.0
69.46888855058478,0.0
16.672533252140056,0.0
4.00140798051325,0.0
0.9603379153231799,0.0
0.23048109967749042,0.0
0.05531546392285236,0.0
0.013275711338792462,0.0
0.0,0.0
0.0,0.0
0.0,0.0
2642.863824061922,0.0
3985.4234937129386,0.0
956.501638491105,0.0
229.56039323786536,0.0
55.09449437708736,0.0
13.222678650500711,0.0
3.1734428761201343,0.0
0.7616262902683957,0.0
0.18279030966459686,0.0
0.0,0.0
0.0,0.0
0.0,0.0
0.0,0.0
0.0,0.0
0.0,0.0
0.0,0.0
0.0,0.0
0.0,0.0
0.0,0.0
0.0,0.0
0.0,0.0
0.0,0.0
0.0,0.0
0.0,0.0
0.0,0.0
0.0,0.0
0.0,0.0
0.0,0.0
0.0,0.0
0.0,0.0
0.0,0.0
0.0,0.0
0.0,0.0
0.0,0.0
0.0,0.0
0.0,0.0
0.0,0.0
0.0,0.0
0.0,0.0
0.0,0.0
0.0,0.0
0.0,0.0
5994.0,0.0
1438.5600000000004,0.0
0.0,0.0
0.0,0.0
0.0,0.0
4731.897810470939,0.0
2397.7576640420884,0.0
575.4618393701012,0.0
138.11084144882443,0.0
0.0,0.0
0.0,0.0
0.0,0.0
5994.0,0.0
0.0,0.0
0.0,0.0
0.0,0.0
1438.5600000000004,0.0
0.0,0.0
0.0,0.0
0.0,0.0
0.0,0.0
0.0,0.0
0.0,0.0
0.0,0.0
345.2543999999998,0.0
0.0,0.0
0.0,0.0
0.0,0.0
0.0,0.0
0.0,0.0
0.0,0.0
0.0,0.0
82.86105599999973,0.0
19.886653440000373,0.0
4.7727968256003805,0.0
1.1454712381437275,0.0
0.27491309715423995,0.0
0.06597914331723587,0.0
0.01583499439584557,0.0
0.0038003986546755186,0.0
0.0,0.0
1673.4225459332629,0.0
2151.9830353378056,0.0
516.4759284810734,0.0
123.95422283545759,0.0
0.0,0.0
0.0,0.0
4602.327845598029,0.0
1104.558682943527,0.0
265.09408390644603,0.0
0.0,0.0
0.0,0.0
0.0,0.0
0.0,0.0
0.0,0.0
0.0,0.0
0.0,0.0
0.0,0.0
0.0,0.0
5994.0,0.0
1438.5600000000004,0.0
345.2543999999998,0.0
0.0,0.0
0.0,0.0
0.0,0.0
2533.1679204599095,0.0
4068.792380450468,0.0
976.5101713081121,0.0
234.36244111394717,0.0
0.0,0.0
0.0,0.0
894.7723757232197,0.0
3147.0672099756084,0.0
0.0,0.0
0.0,0.0
0.0,0.0
0.0,0.0
0.0,0.0
0.0,0.0
0.0,0.0
0.0,0.0
0.0,0.0
0.0,0.0
0.0,0.0
0.0,0.0
0.0,0.0
0.0,0.0
0.0,0.0
0.0,0.0
0.0,0.0
0.0,0.0
0.0,0.0
0.0,0.0
0.0,0.0
0.0,0.0
0.0,0.0
0.0,0.0
0.0,0.0
0.0,0.0
0.0,0.0
0.0,0.0
0.0,0.0
0.0,0.0
0.0,0.0
0.0,0.0
0.0,0.0
0.0,0.0
0.0,0.0
0.0,0.0
0.0,0.0
0.0,0.0
0.0,0.0
0.0,0.0
0.0,0.0
0.0,0.0
0.0,0.0
0.0,0.0
0.0,0.0
0.0,0.0
0.0,0.0
456.8859522895482,0.0
0.0,0.0
0.0,0.0
0.0,0.0
0.0,0.0
0.0,0.0
0.0,0.0
0.0,0.0
0.0,0.0
0.0,0.0
0.0,0.0
5994.0,0.0
1438.5600000000004,0.0
345.2543999999998,0.0
0.0,0.0
0.0,0.0
0.0,0.0
0.0,0.0
0.0,0.0
0.0,0.0
0.0,0.0
0.0,0.0
0.0,0.0
0.0,0.0
0.0,0.0
0.0,0.0
0.0,0.0
0.0,0.0
0.0,0.0
0.0,0.0
0.0,0.0
0.0,0.0
516.2236564421182,0.0
0.0,0.0
0.0,0.0
5994.0,0.0
1438.5600000000004,0.0
345.2543999999998,0.0
82.86105599999973,0.0
0.0,0.0
0.0,0.0
0.0,0.0
335.2032059408448,0.0
0.0,0.0
0.0,0.0
0.0,0.0
0.0,0.0
5994.0,0.0
1438.5600000000004,0.0
345.2543999999998,0.0
0.0,0.0
0.0,0.0
0.0,0.0
0.0,0.0
0.0,0.0
0.0,0.0
5994.0,0.0
0.0,0.0
0.0,0.0
0.0,0.0
1438.5600000000004,0.0
345.2543999999998,0.0
82.86105599999973,0.0
19.886653440000373,0.0
4.7727968256003805,0.0
1.1454712381437275,0.0
0.27491309715423995,0.0
0.06597914331723587,0.0
0.01583499439584557,0.0
0.0038003986546755186,0.0
0.0009120956774495426,0.0
0.00021890296284254873,0.0
5.253671133687021e-5,0.0
1.2608810720848851e-5,0.0
0.0,0.0
0.0,0.0
0.0,0.0
0.0,0.0
0.0,0.0
0.0,0.0
0.0,0.0
0.0,0.0
0.0,0.0
0.0,0.0
0.0,0.0
0.0,0.0
0.0,0.0
0.0,0.0
0.0,0.0
0.0,0.0
0.0,0.0
0.0,0.0
0.0,0.0
0.0,0.0
0.0,0.0
5362.7212142866265,0.0
1918.3318771421636,0.0
460.39965051411946,0.0
0.0,0.0
0.0,0.0
0.0,0.0
0.0,0.0
0.0,0.0
0.0,0.0
0.0,0.0
0.0,0.0
0.0,0.0
3238.1854900781764,0.0
3532.979027540586,0.0
847.9149666097401,0.0
0.0,0.0
0.0,0.0
0.0,0.0
5994.0,0.0
1438.5600000000004,0.0
345.2543999999998,0.0
82.86105599999973,0.0
0.0,0.0
0.0,0.0
5370.655946995761,0.0
1912.3014802832217,0.0
0.0,0.0
0.0,0.0
0.0,0.0
0.0,0.0
0.0,0.0
0.0,0.0
0.0,0.0
0.0,0.0
0.0,0.0
0.0,0.0
2761.8502449396183,0.0
3894.99381384589,0.0
755.9273418274588,0.0
0.0,0.0
0.0,0.0
0.0,0.0
0.0,0.0
0.0,0.0
0.0,0.0
0.0,0.0
0.0,0.0
0.0,0.0
0.0,0.0
3857.4640595812907,0.0
587.4158052519942,0.0
0.0,0.0
0.0,0.0
0.0,0.0
0.0,0.0
0.0,0.0
0.0,0.0
0.0,0.0
0.0,0.0
0.0,0.0
0.0,0.0
1108.4843965125874,0.0
0.0,0.0
0.0,0.0
0.0,0.0
0.0,0.0
0.0,0.0
0.0,0.0
0.0,0.0
0.0,0.0
0.0,0.0
0.0,0.0
0.0,0.0
0.0,0.0
0.0,0.0
0.0,0.0
0.0,0.0
0.0,0.0
0.0,0.0
0.0,0.0
0.0,0.0
0.0,0.0
0.0,0.0
0.0,0.0
0.0,0.0
0.0,0.0
0.0,0.0
0.0,0.0
0.0,0.0
0.0,0.0
0.0,0.0
0.0,0.0
5994.0,0.0
1438.5600000000004,0.0
345.2543999999998,0.0
82.86105599999973,0.0
19.886653440000373,0.0
4.7727968256003805,0.0
1.1454712381437275,0.0
0.27491309715423995,0.0
0.06597914331723587,0.0
0.01583499439584557,0.0
0.0038003986546755186,0.0
0.0009120956774495426,0.0
0.00021890296284254873,0.0
5.253671133687021e-5,0.0
0.0,0.0
0.0,0.0
0.0,0.0
0.0,0.0
0.0,0.0
0.0,0.0
0.0,0.0
0.0,0.0
0.0,0.0
0.0,0.0
0.0,0.0
54.705186037375825,0.0
0.0,0.0
0.0,0.0
4665.567460172115,0.0
2448.1687302691926,0.0
587.5604952646063,0.0
0.0,0.0
0.0,0.0
0.0,0.0
0.0,0.0
0.0,0.0
0.0,0.0
0.0,0.0
0.0,0.0
0.0,0.0
0.0,0.0
0.0,0.0
0.0,0.0
0.0,0.0
0.0,0.0
0.0,0.0
0.0,0.0
0.0,0.0
0.0,0.0
0.0,0.0
0.0,0.0
0.0,0.0
0.0,0.0
0.0,0.0
0.0,0.0
0.0,0.0
0.0,0.0
0.0,0.0
0.0,0.0
0.0,0.0
0.0,0.0
0.0,0.0
0.0,0.0
0.0,0.0
0.0,0.0
0.0,0.0
0.0,0.0
0.0,0.0
0.0,0.0
0.0,0.0
0.0,0.0
0.0,0.0
0.0,0.0
0.0,0.0
0.0,0.0
0.0,0.0
98.90548922442576,0.0
281.23854333195595,0.0
0.0,0.0
0.0,0.0
0.0,0.0
0.0,0.0
0.0,0.0
0.0,0.0
0.0,0.0
0.0,0.0
0.0,0.0
0.0,0.0
904.3972216725233,0.0
3851.6187508514486,0.0
1065.822587883009,0.0
0.0,0.0
0.0,0.0
0.0,0.0
0.0,0.0
0.0,0.0
0.0,0.0
0.0,0.0
0.0,0.0
0.0,0.0
0.0,0.0
0.0,0.0
0.0,0.0
0.0,0.0
0.0,0.0
0.0,0.0
0.0,0.0
0.0,0.0
0.0,0.0
0.0,0.0
0.0,0.0
0.0,0.0
0.0,0.0
0.0,0.0
0.0,0.0
0.0,0.0
0.0,0.0
0.0,0.0
0.0,0.0
0.0,0.0
0.0,0.0
0.0,0.0
0.0,0.0
0.0,0.0
0.0,0.0
0.0,0.0
0.0,0.0
0.0,0.0
0.0,0.0
0.0,0.0
0.0,0.0
0.0,0.0
0.0,0.0
0.0,0.0
0.0,0.0
0.0,0.0
0.0,0.0
0.0,0.0
0.0,0.0
0.0,0.0
0.0,0.0
0.0,0.0
0.0,0.0
0.0,0.0
0.0,0.0
0.0,0.0
0.0,0.0
0.0,0.0
0.0,0.0
0.0,0.0
0.0,0.0
0.0,0.0
0.0,0.0
0.0,0.0
0.0,0.0
0.0,0.0
0.0,0.0
0.0,0.0
0.0,0.0
0.0,0.0
0.0,0.0
0.0,0.0
0.0,0.0
0.0,0.0
0.0,0.0
0.0,0.0
0.0,0.0
0.0,0.0
0.0,0.0
0.0,0.0
0.0,0.0
0.0,0.0
0.0,0.0
0.0,0.0
0.0,0.0
0.0,0.0
0.0,0.0
0.0,0.0
0.0,0.0
0.0,0.0
0.0,0.0
0.0,0.0
0.0,0.0
0.0,0.0
0.0,0.0
0.0,0.0
0.0,0.0
0.0,0.0
0.0,0.0
0.0,0.0
0.0,0.0
0.0,0.0
0.0,0.0
5994.0,0.0
1438.5600000000004,0.0
345.2543999999998,0.0
82.86105599999973,0.0
19.886653440000373,0.0
4.7727968256003805,0.0
0.0,0.0
1856.6028138534748,0.0
445.58467532483337,0.0
106.94032207796045,0.0
25.66567729871076,0.0
6.159762551690619,0.0
1.4783430124061852,0.0
0.3548023229777755,0.0
0.08515255751444784,0.0
0.020436613803212822,0.0
0.004904787312625558,0.0
0.0011771489553211723,0.0
0.00028251574894966325,0.0
0.0,0.0
0.0,0.0
0.0,0.0
0.0,0.0
3699.539633419299,0.0
3182.3498786013324,0.0
0.0,0.0
0.0,0.0
0.0,0.0
5994.0,0.0
1438.5600000000004,0.0
345.2543999999998,0.0
82.86105599999973,0.0
19.886653440000373,0.0
4.7727968256003805,0.0
1.1454712381437275,0.0
0.27491309715423995,0.0
0.06597914331723587,0.0
0.01583499439584557,0.0
0.0,0.0
166.75996971818677,0.0
583.7022657283233,0.0
140.08854377479747,0.0
33.62125050595114,0.0
8.069100121428164,0.0
1.9365840291429777,0.0
0.4647801669943874,0.0
0.11154724007883488,0.0
0.02677133761881123,0.0
0.006425121028769354,0.0
0.0,0.0
0.0,0.0
0.0,0.0
5906.0381310544835,0.0
1505.4110203985929,0.0
0.0,0.0
0.0,0.0
1688.849345338902,0.0
4710.474497542436,0.0
1130.513879410185,0.0
271.32333105844464,0.0
65.11759945402628,0.0
15.628223868966415,0.0
3.7507737285523035,0.0
0.9001856948525528,0.0
0.21604456676504924,0.0
0.05185069602885051,0.0
0.0,0.0
0.0,0.0
0.0,0.0
3844.600984923127,0.0
3072.103251458426,0.0
737.3047803500222,0.0
176.95314728400535,0.0
0.0,0.0
0.0,0.0
0.0,0.0
3188.352378395146,0.0
0.0,0.0
0.0,0.0
0.0,0.0
0.0,0.0
0.0,0.0
0.0,0.0
0.0,0.0
0.0,0.0
0.0,0.0
0.0,0.0
0.0,0.0
0.0,0.0
0.0,0.0
0.0,0.0
0.0,0.0
0.0,0.0
1395.4588372067883,0.0
4933.451283722839,0.0
1184.0283080934814,0.0
284.1667939424351,0.0
68.20003054618428,0.0
16.3680073310843,0.0
3.928321759460232,0.0
0.942797222270201,0.0
0.0,0.0
0.0,0.0
0.0,0.0
0.0,0.0
0.0,0.0
0.0,0.0
0.0,0.0
625.43968577743,0.0
0.0,0.0
0.0,0.0
0.0,0.0
0.0,0.0
0.0,0.0
0.0,0.0
0.0,0.0
5994.0,0.0
1438.5600000000004,0.0
345.2543999999998,0.0
82.86105599999973,0.0
19.886653440000373,0.0
4.7727968256003805,0.0
1.1454712381437275,0.0
0.27491309715423995,0.0
0.06597914331723587,0.0
0.01583499439584557,0.0
0.0,0.0
0.0,0.0
0.0,0.0
0.0,0.0
0.0,0.0
0.0,0.0
0.0,0.0
0.0,0.0
0.0,0.0
0.0,0.0
5994.0,0.0
1438.5600000000004,0.0
0.0,0.0
0.0,0.0
0.0,0.0
0.0,0.0
0.0,0.0
0.0,0.0
0.0,0.0
0.0,0.0
0.0,0.0
0.0,0.0
0.0,0.0
0.0,0.0
0.0,0.0
0.0,0.0
0.0,0.0
0.0,0.0
0.0,0.0
0.0,0.0
0.0,0.0
0.0,0.0
0.0,0.0
0.0,0.0
0.0,0.0
0.0,0.0
0.0,0.0
0.0,0.0
0.0,0.0
0.0,0.0
0.0,0.0
0.0,0.0
0.0,0.0
0.0,0.0
0.0,0.0
0.0,0.0
0.0,0.0
0.0,0.0
0.0,0.0
0.0,0.0
0.0,0.0
0.0,0.0
0.0,0.0
0.0,0.0
0.0,0.0
0.0,0.0
0.0,0.0
0.0,0.0
0.0,0.0
0.0,0.0
0.0,0.0
0.0,0.0
0.0,0.0
0.0,0.0
0.0,0.0
0.0,0.0
0.0,0.0
0.0,0.0
0.0,0.0
0.0,0.0
0.0,0.0
0.0,0.0
5994.0,0.0
0.0,0.0
0.0,0.0
0.0,0.0
0.0,0.0
0.0,0.0
0.0,0.0
0.0,0.0
0.0,0.0
0.0,0.0
0.0,0.0
0.0,0.0
0.0,0.0
0.0,0.0
0.0,0.0
0.0,0.0
0.0,0.0
0.0,0.0
0.0,0.0
0.0,0.0
0.0,0.0
0.0,0.0
0.0,0.0
0.0,0.0
0.0,0.0
0.0,0.0
0.0,0.0
0.0,0.0
0.0,0.0
0.0,0.0
0.0,0.0
0.0,0.0
0.0,0.0
0.0,0.0
0.0,0.0
0.0,0.0
0.0,0.0
0.0,0.0
0.0,0.0
0.0,0.0
0.0,0.0
0.0,0.0
0.0,0.0
0.0,0.0
0.0,0.0
0.0,0.0
0.0,0.0
0.0,0.0
0.0,0.0
0.0,0.0
1338.2425155768276,0.0
0.0,0.0
0.0,0.0
0.0,0.0
0.0,0.0
2589.784033642012,0.0
0.0,0.0
0.0,0.0
2423.0287620929175,0.0
0.0,0.0
0.0,0.0
0.0,0.0
0.0,0.0
0.0,0.0
0.0,0.0
0.0,0.0
0.0,0.0
0.0,0.0
894.0491333767422,0.0
0.0,0.0
0.0,0.0
0.0,0.0
0.0,0.0
0.0,0.0
214.571792010418,0.0
0.0,0.0
0.0,0.0
51.49723008250021,0.0
12.359335219800414,0.0
0.0,0.0
0.0,0.0
0.0,0.0
2.966240452751663,0.0
0.7118977086602172,0.0
0.1708554500783066,0.0
0.041005308018611686,0.0
0.009841273924394045,0.0
0.00236190574196371,0.0
0.000566857377634733,0.0
0.00013604577088699443,0.0
3.265098530391697e-5,0.0
7.836236363800708e-6,0.0
1.8806968000717461e-6,0.0
4.513676685746759e-7,0.0
1.0833173291757703e-7,0.0
0.0,0.0
0.0,0.0
0.0,0.0
0.0,0.0
0.0,0.0
0.0,0.0
0.0,0.0
0.0,0.0
0.0,0.0
0.0,0.0
0.0,0.0
0.0,0.0
0.0,0.0
0.0,0.0
0.0,0.0
0.0,0.0
0.0,0.0
0.0,0.0
0.0,0.0
0.0,0.0
0.0,0.0
0.0,0.0
0.0,0.0
5994.0,0.0
0.0,0.0
0.0,0.0
0.0,0.0
0.0,0.0
0.0,0.0
0.0,0.0
0.0,0.0
0.0,0.0
0.0,0.0
0.0,0.0
0.0,0.0
0.0,0.0
0.0,0.0
0.0,0.0
0.0,0.0
0.0,0.0
0.0,0.0
0.0,0.0
0.0,0.0
0.0,0.0
0.0,0.0
0.0,0.0
0.0,0.0
0.0,0.0
0.0,0.0
0.0,0.0
0.0,0.0
0.0,0.0
1438.5600000000004,0.0
0.0,0.0
0.0,0.0
0.0,0.0
0.0,0.0
0.0,0.0
0.0,0.0
345.2543999999998,0.0
0.0,0.0
0.0,0.0
0.0,0.0
0.0,0.0
0.0,0.0
0.0,0.0
0.0,0.0
82.86105599999973,0.0
19.886653440000373,0.0
0.0,0.0
2094.4444246470375,0.0
502.6666619152893,0.0
120.6399988596695,0.0
28.953599726321045,0.0
6.94886393431716,0.0
1.6677273442364822,0.0
0.4002545626171923,0.0
0.09606109502783511,0.0
0.023054662806316628,0.0
0.005533119073334092,0.0
0.0013279485774546629,0.0
0.00031870765815256163,0.0
7.648983773833606e-5,0.0
1.8357561202719808e-5,0.0
4.405817890074104e-6,0.0
0.0,0.0
0.0,0.0
0.0,0.0
0.0,0.0
0.0,0.0
0.0,0.0
0.0,0.0
0.0,0.0
0.0,0.0
0.0,0.0
0.0,0.0
0.0,0.0
0.0,0.0
0.0,0.0
0.0,0.0
0.0,0.0
0.0,0.0
0.0,0.0
0.0,0.0
0.0,0.0
0.0,0.0
0.0,0.0
0.0,0.0
0.0,0.0
3849.5574857767424,0.0
0.0,0.0
0.0,0.0
0.0,0.0
0.0,0.0
3068.3363108096746,0.0
736.4007145943215,0.0
176.73617150263726,0.0
0.0,0.0
42.416681160632834,0.0
10.180003478551953,0.0
2.4432008348521776,0.0
0.5863682003646318,0.0
0.1407283680873661,0.0
0.033774808341149765,0.0
0.008105954001621285,0.0
0.0019454289604254882,0.0
0.0004669029503929778,0.0
0.00011205670853087213,0.0
2.68936100837891e-5,0.0
6.454466529248748e-6,0.0
1.5490722944377922e-6,0.0
3.7177778722252697e-7,0.0
8.922506822273135e-8,0.0
0.0,0.0
0.0,0.0
0.0,0.0
0.0,0.0
2099.562388785085,0.0
662.6141645742282,0.0
0.0,0.0
0.0,0.0
0.0,0.0
0.0,0.0
0.0,0.0
0.0,0.0
0.0,0.0
0.0,0.0
0.0,0.0
0.0,0.0
0.0,0.0
0.0,0.0
5994.0,0.0
1438.5600000000004,0.0
345.2543999999998,0.0
82.86105599999973,0.0
19.886653440000373,0.0
4.7727968256003805,0.0
1.1454712381437275,0.0
0.27491309715423995,0.0
0.06597914331723587,0.0
0.01583499439584557,0.0
0.0038003986546755186,0.0
0.0009120956774495426,0.0
0.00021890296284254873,0.0
5.253671133687021e-5,0.0
1.2608810720848851e-5,0.0
3.026114427484572e-6,0.0
9.556156567812554e-7,0.0
0.0,0.0
0.0,0.0
0.0,0.0
0.0,0.0
0.0,0.0
0.0,0.0
0.0,0.0
0.0,0.0
0.0,0.0
0.0,0.0
0.0,0.0
0.0,0.0
0.0,0.0
0.0,0.0
0.0,0.0
0.0,0.0
0.0,0.0
0.0,0.0
0.0,0.0
0.0,0.0
0.0,0.0
0.0,0.0
0.0,0.0
2681.305547774888,0.0
2498.65661699012,0.0
599.6775880776286,0.0
0.0,0.0
0.0,0.0
0.0,0.0
0.0,0.0
0.0,0.0
0.0,0.0
0.0,0.0
0.0,0.0
0.0,0.0
5994.0,0.0
1438.5600000000004,0.0
345.2543999999998,0.0
82.86105599999973,0.0
19.886653440000373,0.0
4.7727968256003805,0.0
1.1454712381437275,0.0
0.27491309715423995,0.0
0.06597914331723587,0.0
0.01583499439584557,0.0
0.0038003986546755186,0.0
0.0009120956774495426,0.0
0.00021890296284254873,0.0
5.253671133687021e-5,0.0
0.0,0.0
0.0,0.0
0.0,0.0
0.0,0.0
0.0,0.0
0.0,0.0
0.0,0.0
0.0,0.0
0.0,0.0
0.0,0.0
0.0,0.0
0.0,0.0
0.0,0.0
0.0,0.0
0.0,0.0
0.0,0.0
0.0,0.0
0.0,0.0
0.0,0.0
0.0,0.0
0.0,0.0
0.0,0.0
0.0,0.0
0.0,0.0
0.0,0.0
0.0,0.0
0.0,0.0
0.0,0.0
0.0,0.0
0.0,0.0
0.0,0.0
5994.0,0.0
0.0,0.0
0.0,0.0
0.0,0.0
0.0,0.0
1438.5600000000004,0.0
345.2543999999998,0.0
82.86105599999973,0.0
19.886653440000373,0.0
4.7727968256003805,0.0
1.1454712381437275,0.0
0.27491309715423995,0.0
0.06597914331723587,0.0
0.01583499439584557,0.0
0.0038003986546755186,0.0
0.0009120956774495426,0.0
0.00021890296284254873,0.0
5.253671133687021e-5,0.0
0.0,0.0
0.0,0.0
0.0,0.0
0.0,0.0
0.0,0.0
1113.0117845113905,0.0
0.0,0.0
5148.111043771343,0.0
1235.5466505051227,0.0
296.5311961212292,0.0
71.16748706909493,0.0
17.080196896582493,0.0
4.099247255179762,0.0
0.9838193412433611,0.0
0.23611664189866133,0.0
0.0566679940557151,0.0
0.013600318573480763,0.0
0.0032640764575262438,0.0
0.0007833783502064762,0.0
0.00018801080386765534,0.0
4.512259329203516e-5,0.0
1.0829422535607591e-5,0.0
2.5990611902670935e-6,0.0
6.804037567283223e-7,0.0
0.0,0.0
0.0,0.0
0.0,0.0
0.0,0.0
0.0,0.0
0.0,0.0
0.0,0.0
0.0,0.0
0.0,0.0
0.0,0.0
0.0,0.0
0.0,0.0
0.0,0.0
0.0,0.0
0.0,0.0
0.0,0.0
0.0,0.0
0.0,0.0
0.0,0.0
0.0,0.0
0.0,0.0
0.0,0.0
0.0,0.0
0.0,0.0
0.0,0.0
160.1371188600242,0.0
38.43290852640621,0.0
9.223898046337126,0.0
2.2137355311206193,0.0
0.5312965274688395,0.0
0.12751116659273976,0.0
0.03060267998262134,0.0
0.00734464319612016,0.0
0.0017627143670324585,0.0
0.00042305144779675175,0.0
0.00010153234779863851,0.0
2.4367763217014726e-5,0.0
5.848262844665442e-6,0.0
1.4035831554792821e-6,0.0
3.3685955713735893e-7,0.0
0.0,0.0
0.0,0.0
0.0,0.0
0.0,0.0
0.0,0.0
0.0,0.0
1205.1213121013498,0.0
0.0,0.0
0.0,0.0
0.0,0.0
0.0,0.0
0.0,0.0
0.0,0.0
0.0,0.0
0.0,0.0
0.0,0.0
0.0,0.0
0.0,0.0
0.0,0.0
0.0,0.0
0.0,0.0
0.0,0.0
0.0,0.0
0.0,0.0
0.0,0.0
0.0,0.0
0.0,0.0
0.0,0.0
0.0,0.0
0.0,0.0
0.0,0.0
0.0,0.0
0.0,0.0
0.0,0.0
0.0,0.0
0.0,0.0
417.77676279184016,0.0
0.0,0.0
0.0,0.0
0.0,0.0
0.0,0.0
773.0498021484455,0.0
4875.1983735514295,0.0
1701.3313864680895,0.0
408.31953275234173,0.0
97.9966878605619,0.0
23.519205086535294,0.0
5.644609220768871,0.0
1.3547062129846381,0.0
0.3251294911160585,0.0
0.07803107786821784,0.0
0.0,0.0
1531.3640800618514,0.0
367.5273792148446,0.0
88.20657101156394,0.0
0.0,0.0
0.0,0.0
0.0,0.0
0.0,0.0
0.0,0.0
0.0,0.0
0.0,0.0
0.0,0.0
0.0,0.0
0.0,0.0
0.0,0.0
0.0,0.0
0.0,0.0
0.0,0.0
5994.0,0.0
0.0,0.0
0.0,0.0
0.0,0.0
0.0,0.0
0.0,0.0
0.0,0.0
0.0,0.0
1438.5600000000004,0.0
0.0,0.0
0.0,0.0
0.0,0.0
0.0,0.0
0.0,0.0
0.0,0.0
0.0,0.0
0.0,0.0
0.0,0.0
0.0,0.0
0.0,0.0
0.0,0.0
0.0,0.0
0.0,0.0
0.0,0.0
0.0,0.0
0.0,0.0
0.0,0.0
0.0,0.0
345.2543999999998,0.0
0.0,0.0
0.0,0.0
0.0,0.0
0.0,0.0
0.0,0.0
0.0,0.0
0.0,0.0
0.0,0.0
0.0,0.0
0.0,0.0
0.0,0.0
0.0,0.0
0.0,0.0
0.0,0.0
0.0,0.0
82.86105599999973,0.0
0.0,0.0
0.0,0.0
0.0,0.0
19.886653440000373,0.0
0.0,0.0
0.0,0.0
0.0,0.0
4.7727968256003805,0.0
0.0,0.0
0.0,0.0
0.0,0.0
1.1454712381437275,0.0
0.0,0.0
0.0,0.0
0.0,0.0
0.27491309715423995,0.0
0.0,0.0
0.0,0.0
0.0,0.0
0.06597914331723587,0.0
0.0,0.0
0.0,0.0
0.0,0.0
0.01583499439584557,0.0
0.0,0.0
0.0,0.0
0.0,0.0
0.0038003986546755186,0.0
0.0,0.0
0.0,0.0
0.0,0.0
0.0009120956774495426,0.0
0.00021890296284254873,0.0
5.253671133687021e-5,0.0
1.2608810720848851e-5,0.0
3.026114427484572e-6,0.0
7.262678991537541e-7,0.0
1.743046595947817e-7,0.0
4.183311830274761e-8,0.0
1.0039912012871355e-8,0.0
2.409251464996487e-9,0.0
5.784386303275824e-10,0.0
1.3915268937125802e-10,0.0
3.3651303965598345e-11,0.0
8.185452315956354e-12,0.0
1.8189894035458565e-12,0.0
0.0,0.0
0.0,0.0
0.0,0.0
1786.5554741915548,0.0
0.0,0.0
0.0,0.0
0.0,0.0
0.0,0.0
4636.217839614419,0.0
1112.6922815074604,0.0
267.04614756179035,0.0
64.0910754148299,0.0
15.381858099559395,0.0
3.6916459438944003,0.0
0.8859950265350562,0.0
0.21263880636797694,0.0
0.05103331352802343,0.0
0.012247995246980281,0.0
0.0029395188594207866,0.0
0.0007054845264065079,0.0
0.00016931628670135979,0.0
4.063590859004762e-5,0.0
9.752618097991217e-6,0.0
0.0,0.0
0.0,0.0
0.0,0.0
0.0,0.0
0.0,0.0
0.0,0.0
0.0,0.0
0.0,0.0
0.0,0.0
0.0,0.0
0.0,0.0
0.0,0.0
0.0,0.0
0.0,0.0
0.0,0.0
0.0,0.0
0.0,0.0
0.0,0.0
0.0,0.0
0.0,0.0
0.0,0.0
0.0,0.0
0.0,0.0
5994.0,0.0
0.0,0.0
0.0,0.0
0.0,0.0
1438.5600000000004,0.0
345.2543999999998,0.0
82.86105599999973,0.0
19.886653440000373,0.0
4.7727968256003805,0.0
1.1454712381437275,0.0
0.27491309715423995,0.0
0.06597914331723587,0.0
0.01583499439584557,0.0
0.0038003986546755186,0.0
0.0009120956774495426,0.0
0.00021890296284254873,0.0
5.253671133687021e-5,0.0
1.2608810720848851e-5,0.0
3.026114427484572e-6,0.0
0.0,0.0
0.0,0.0
0.0,0.0
0.0,0.0
0.0,0.0
0.0,0.0
0.0,0.0
0.0,0.0
0.0,0.0
0.0,0.0
0.0,0.0
0.0,0.0
0.0,0.0
0.0,0.0
