PumpedStor,BatteryStor
0.0,0.0
4555.44,0.0
4555.44,0.0
4555.44,0.0
4555.44,0.0
4555.44,0.0
5648.7456,0.0
5648.7456,0.0
5648.7456,0.0
5648.7456,0.0
5911.138944,0.0
5911.138944,0.0
5911.138944,0.0
5911.138944,0.0
5974.11334656,0.0
5989.2272031744,0.0
5992.854528761856,0.0
5993.725086902846,0.0
5993.934020856683,0.0
5993.984165005604,0.0
5993.996199601345,0.0
5993.999087904323,0.0
5993.999781097037,0.0
5993.999947463289,0.0
5993.999987391189,0.0
5993.999996973886,0.0
5993.999999273732,0.0
5993.999999825695,0.0
2026.579109395294,0.0
2026.579109395294,0.0
2026.579109395294,0.0
2026.579109395294,0.0
2026.579109395294,0.0
2026.579109395294,0.0
2026.579109395294,0.0
2026.579109395294,0.0
2026.579109395294,0.0
2026.579109395294,0.0
2026.579109395294,0.0
0.0,0.0
0.0,0.0
0.0,0.0
0.0,0.0
0.0,0.0
0.0,0.0
0.0,0.0
0.0,0.0
0.0,0.0
2970.0878190532494,0.0
5268.26107657278,0.0
5819.822658377468,0.0
5952.197438010592,0.0
544.980136057362,0.0
544.980136057362,0.0
544.980136057362,0.0
544.980136057362,0.0
544.980136057362,0.0
544.980136057362,0.0
0.0,0.0
4555.44,0.0
5648.7456,0.0
5911.138944,0.0
5974.11334656,0.0
5989.2272031744,0.0
5540.058696682863,0.0
5885.054087203884,0.0
5967.852980928932,0.0
5699.512706036883,0.0
0.0,0.0
0.0,0.0
0.0,0.0
0.0,0.0
0.0,0.0
0.0,0.0
0.0,0.0
4555.44,0.0
4555.44,0.0
4555.44,0.0
4555.44,0.0
4555.44,0.0
4555.44,0.0
4555.44,0.0
4555.44,0.0
4555.44,0.0
4555.44,0.0
4555.44,0.0
4555.44,0.0
4555.44,0.0
4555.44,0.0
4555.44,0.0
4555.44,0.0
4555.44,0.0
4555.44,0.0
4555.44,0.0
4555.44,0.0
4555.44,0.0
4555.44,0.0
4555.44,0.0
4555.44,0.0
4555.44,0.0
4555.44,0.0
4555.44,0.0
4555.44,0.0
4555.44,0.0
4555.44,0.0
4555.44,0.0
4555.44,0.0
4555.44,0.0
4555.44,0.0
4555.44,0.0
4555.44,0.0
4555.44,0.0
4555.44,0.0
4555.44,0.0
4555.44,0.0
4555.44,0.0
4555.44,0.0
4555.44,0.0
4555.44,0.0
4555.44,0.0
4555.44,0.0
4555.44,0.0
4555.44,0.0
4555.44,0.0
4555.44,0.0
4555.44,0.0
4555.44,0.0
4555.44,0.0
4555.44,0.0
4555.44,0.0
4555.44,0.0
4555.44,0.0
4555.44,0.0
4555.44,0.0
4555.44,0.0
4555.44,0.0
4555.44,0.0
4555.44,0.0
4555.44,0.0
4555.44,0.0
4555.44,0.0
4555.44,0.0
4555.44,0.0
4555.44,0.0
4555.44,0.0
4555.44,0.0
5648.7456,0.0
5648.7456,0.0
5648.7456,0.0
5648.7456,0.0
5911.138944,0.0
5911.138944,0.0
5911.138944,0.0
5911.138944,0.0
5974.11334656,0.0
5974.11334656,0.0
5974.11334656,0.0
5974.11334656,0.0
5989.2272031744,0.0
5989.2272031744,0.0
5989.2272031744,0.0
5989.2272031744,0.0
5992.854528761856,0.0
5992.854528761856,0.0
5992.854528761856,0.0
5992.854528761856,0.0
5993.725086902846,0.0
5993.725086902846,0.0
5993.725086902846,0.0
5993.725086902846,0.0
5993.934020856683,0.0
5993.934020856683,0.0
5993.934020856683,0.0
5993.934020856683,0.0
5993.984165005604,0.0
5993.984165005604,0.0
5993.984165005604,0.0
5993.984165005604,0.0
5993.996199601345,0.0
5993.996199601345,0.0
5993.996199601345,0.0
5993.996199601345,0.0
5993.999087904323,0.0
5993.999781097037,0.0
5993.999947463289,0.0
5993.999987391189,0.0
5993.999996973886,0.0
5993.999999273732,0.0
5993.999999825695,0.0
5993.999999958167,0.0
5993.99999998996,0.0
5993.999999997591,0.0
5993.999999999422,0.0
5993.999999999861,0.0
5993.999999999966,0.0
5993.999999999992,0.0
2170.739382195118,0.0
2170.739382195118,0.0
2170.739382195118,0.0
0.0,0.0
0.0,0.0
0.0,0.0
0.0,0.0
0.0,0.0
0.0,0.0
0.0,0.0
2325.917631515218,0.0
5113.660231563652,0.0
5782.7184555752765,0.0
5943.2924293380665,0.0
5981.830183041136,0.0
5991.079243929873,0.0
5993.29901854317,0.0
5993.83176445036,0.0
5993.959623468086,0.0
5993.9903096323405,0.0
5993.997674311761,0.0
5993.999441834822,0.0
5993.999866040357,0.0
5993.999967849685,0.0
5993.999992283924,0.0
5993.9999981481415,0.0
5993.999999555554,0.0
5993.999999893332,0.0
1958.3665168914813,0.0
0.0,0.0
0.0,0.0
0.0,0.0
0.0,0.0
0.0,0.0
0.0,0.0
0.0,0.0
0.0,0.0
0.0,0.0
0.0,0.0
0.0,0.0
0.0,0.0
0.0,0.0
0.0,0.0
0.0,0.0
0.0,0.0
0.0,0.0
0.0,0.0
0.0,0.0
0.0,0.0
0.0,0.0
0.0,0.0
0.0,0.0
0.0,0.0
0.0,0.0
0.0,0.0
0.0,0.0
0.0,0.0
0.0,0.0
0.0,0.0
0.0,0.0
0.0,0.0
0.0,0.0
0.0,0.0
0.0,0.0
0.0,0.0
0.0,0.0
0.0,0.0
0.0,0.0
0.0,0.0
0.0,0.0
0.0,0.0
0.0,0.0
4555.44,0.0
4555.44,0.0
4555.44,0.0
4555.44,0.0
4555.44,0.0
4555.44,0.0
4555.44,0.0
4555.44,0.0
4555.44,0.0
5648.7456,0.0
5648.7456,0.0
5648.7456,0.0
5648.7456,0.0
5648.7456,0.0
5911.138944,0.0
5974.11334656,0.0
5989.2272031744,0.0
5260.347664294866,0.0
5707.0021247412915,0.0
5925.12050993791,0.0
5977.468922385098,0.0
5990.032541372424,0.0
5993.047809929381,0.0
5993.771474383051,0.0
5993.945153851932,0.0
5993.986836924464,0.0
5993.9968408618715,0.0
5993.99924180685,0.0
5993.999818033644,0.0
5993.999956328074,0.0
5993.9999895187375,0.0
5993.999997484497,0.0
5993.999999396279,0.0
5993.999999855107,0.0
5993.9999999652255,0.0
5993.9999999916545,0.0
5993.999999997997,0.0
5993.99999999952,0.0
5993.9999999998845,0.0
5993.999999999971,0.0
5993.999999999993,0.0
978.2433314527952,0.0
0.0,0.0
0.0,0.0
883.7050846307175,0.0
2733.665697392138,0.0
5027.206628228549,0.0
5761.969590774852,0.0
1818.5543472716952,0.0
1818.5543472716952,0.0
2575.467993687511,0.0
0.0,0.0
0.0,0.0
0.0,0.0
4555.44,0.0
4555.44,0.0
5648.7456,0.0
5648.7456,0.0
5911.138944,0.0
5911.138944,0.0
5911.138944,0.0
5911.138944,0.0
5974.11334656,0.0
5989.2272031744,0.0
5992.854528761856,0.0
5993.725086902846,0.0
5993.934020856683,0.0
5993.984165005604,0.0
5993.996199601345,0.0
5993.999087904323,0.0
5993.999781097037,0.0
5993.999947463289,0.0
5993.999987391189,0.0
5993.999996973886,0.0
5993.999999273732,0.0
5993.999999825695,0.0
0.0,0.0
0.0,0.0
0.0,0.0
0.0,0.0
0.0,0.0
0.0,0.0
0.0,0.0
0.0,0.0
0.0,0.0
0.0,0.0
4433.442517912299,0.0
4433.442517912299,0.0
5619.466204298951,0.0
4181.217613581175,0.0
4181.217613581175,0.0
4181.217613581175,0.0
4181.217613581175,0.0
4181.217613581175,0.0
4181.217613581175,0.0
5558.932227259482,0.0
5889.583734542276,0.0
5968.940096290146,0.0
5987.9856231096355,0.0
5992.556549546312,0.0
5993.653571891115,0.0
5993.916857253867,0.0
5993.980045740928,0.0
5993.995210977822,0.0
5993.998850634677,0.0
5993.999724152322,0.0
5993.999933796557,0.0
5993.999984111174,0.0
5993.9999961866815,0.0
5993.999999084804,0.0
5993.9999997803525,0.0
5993.999999947285,0.0
5993.999999987348,0.0
1608.4070614049933,0.0
1608.4070614049933,0.0
3660.3539689840613,0.0
3522.016954946968,0.0
3282.252491968276,0.0
3282.252491968276,0.0
75.30114767865291,0.0
75.30114767865291,0.0
75.30114767865291,0.0
75.30114767865291,0.0
75.30114767865291,0.0
75.30114767865291,0.0
75.30114767865291,0.0
75.30114767865291,0.0
75.30114767865291,0.0
75.30114767865291,0.0
75.30114767865291,0.0
75.30114767865291,0.0
75.30114767865291,0.0
75.30114767865291,0.0
75.30114767865291,0.0
75.30114767865291,0.0
75.30114767865291,0.0
75.30114767865291,0.0
75.30114767865291,0.0
75.30114767865291,0.0
75.30114767865291,0.0
75.30114767865291,0.0
75.30114767865291,0.0
75.30114767865291,0.0
75.30114767865291,0.0
75.30114767865291,0.0
75.30114767865291,0.0
75.30114767865291,0.0
75.30114767865291,0.0
75.30114767865291,0.0
75.30114767865291,0.0
75.30114767865291,0.0
75.30114767865291,0.0
75.30114767865291,0.0
75.30114767865291,0.0
75.30114767865291,0.0
75.30114767865291,0.0
75.30114767865291,0.0
75.30114767865291,0.0
75.30114767865291,0.0
75.30114767865291,0.0
75.30114767865291,0.0
75.30114767865291,0.0
75.30114767865291,0.0
75.30114767865291,0.0
75.30114767865291,0.0
75.30114767865291,0.0
75.30114767865291,0.0
75.30114767865291,0.0
75.30114767865291,0.0
75.30114767865291,0.0
75.30114767865291,0.0
75.30114767865291,0.0
75.30114767865291,0.0
75.30114767865291,0.0
75.30114767865291,0.0
75.30114767865291,0.0
75.30114767865291,0.0
75.30114767865291,0.0
75.30114767865291,0.0
75.30114767865291,0.0
75.30114767865291,0.0
75.30114767865291,0.0
75.30114767865291,0.0
75.30114767865291,0.0
75.30114767865291,0.0
75.30114767865291,0.0
75.30114767865291,0.0
75.30114767865291,0.0
75.30114767865291,0.0
75.30114767865291,0.0
911.0049030083392,0.0
0.0,0.0
0.0,0.0
0.0,0.0
2597.1266902361695,0.0
5178.750405656681,0.0
3114.728821241115,0.0
0.0,0.0
588.868208379572,0.0
4446.289875117825,0.0
5622.549570028278,0.0
5904.8518968067865,0.0
5972.604455233629,0.0
5506.060987575908,0.0
0.0,0.0
0.0,0.0
0.0,0.0
0.0,0.0
0.0,0.0
0.0,0.0
0.0,0.0
0.0,0.0
0.0,0.0
0.0,0.0
0.0,0.0
0.0,0.0
0.0,0.0
0.0,0.0
0.0,0.0
0.0,0.0
0.0,0.0
0.0,0.0
0.0,0.0
0.0,0.0
0.0,0.0
0.0,0.0
0.0,0.0
0.0,0.0
0.0,0.0
0.0,0.0
0.0,0.0
0.0,0.0
0.0,0.0
0.0,0.0
0.0,0.0
0.0,0.0
0.0,0.0
0.0,0.0
0.0,0.0
0.0,0.0
0.0,0.0
0.0,0.0
0.0,0.0
0.0,0.0
0.0,0.0
0.0,0.0
0.0,0.0
0.0,0.0
4555.44,0.0
5648.7456,0.0
5911.138944,0.0
5974.11334656,0.0
5989.2272031744,0.0
5992.854528761856,0.0
5993.725086902846,0.0
5993.934020856683,0.0
1811.4120943409398,0.0
1811.4120943409398,0.0
1811.4120943409398,0.0
305.2897597033152,0.0
305.2897597033152,0.0
305.2897597033152,0.0
305.2897597033152,0.0
305.2897597033152,0.0
305.2897597033152,0.0
305.2897597033152,0.0
305.2897597033152,0.0
305.2897597033152,0.0
305.2897597033152,0.0
305.2897597033152,0.0
305.2897597033152,0.0
305.2897597033152,0.0
305.2897597033152,0.0
305.2897597033152,0.0
305.2897597033152,0.0
305.2897597033152,0.0
0.0,0.0
4555.44,0.0
5648.7456,0.0
5911.138944,0.0
5974.11334656,0.0
5989.2272031744,0.0
5992.854528761856,0.0
5993.725086902846,0.0
5993.934020856683,0.0
5993.984165005604,0.0
5993.984165005604,0.0
1043.0758989820279,0.0
1043.0758989820279,0.0
1043.0758989820279,0.0
1043.0758989820279,0.0
0.0,0.0
0.0,0.0
0.0,0.0
0.0,0.0
0.0,0.0
0.0,0.0
0.0,0.0
0.0,0.0
717.1456886754386,0.0
4727.5549652821055,0.0
5690.0531916677055,0.0
5921.052766000249,0.0
5976.492663840059,0.0
5989.798239321614,0.0
5992.9915774371875,0.0
5993.757978584925,0.0
5993.941914860382,0.0
5993.986059566491,0.0
5993.996654295958,0.0
5993.99919703103,0.0
5993.999807287447,0.0
5993.9999537489875,0.0
5993.999988899757,0.0
5993.999997335942,0.0
5993.999999360626,0.0
5994.0,0.0
5994.0,0.0
5994.0,0.0
5994.0,0.0
5994.0,0.0
5994.0,0.0
5994.0,0.0
5994.0,0.0
5994.0,0.0
5994.0,0.0
5994.0,0.0
5994.0,0.0
5994.0,0.0
4809.941372594636,0.0
4979.334950067419,0.0
5750.480388016181,0.0
5935.5552931238835,0.0
5979.973270349732,0.0
5990.633584883935,0.0
2801.6735430712088,0.0
0.0,0.0
360.6781733836766,0.0
3703.4336117703847,0.0
2477.9132364993407,0.0
0.0,0.0
0.0,0.0
0.0,0.0
0.0,0.0
675.9719158464904,0.0
4408.058491100306,0.0
5613.374037864073,0.0
5902.649769087377,0.0
1813.935602326072,0.0
4990.784544558257,0.0
5753.228290693982,0.0
5936.214789766555,0.0
2507.0613264223857,0.0
2507.0613264223857,0.0
2507.0613264223857,0.0
0.0,0.0
0.0,0.0
0.0,0.0
0.0,0.0
0.0,0.0
0.0,0.0
0.0,0.0
0.0,0.0
0.0,0.0
4555.44,0.0
4555.44,0.0
4555.44,0.0
4555.44,0.0
4555.44,0.0
4555.44,0.0
4555.44,0.0
4555.44,0.0
4555.44,0.0
4555.44,0.0
5648.7456,0.0
5911.138944,0.0
5974.11334656,0.0
5989.2272031744,0.0
5992.854528761856,0.0
5993.725086902846,0.0
5993.934020856683,0.0
5993.984165005604,0.0
5993.996199601345,0.0
5993.999087904323,0.0
5993.999781097037,0.0
5993.999947463289,0.0
5993.999987391189,0.0
5993.999996973886,0.0
5993.999999273732,0.0
5993.999999825695,0.0
5993.999999958167,0.0
5993.99999998996,0.0
5993.999999997591,0.0
5993.999999997591,0.0
5993.999999997591,0.0
0.0,0.0
0.0,0.0
0.0,0.0
0.0,0.0
0.0,0.0
0.0,0.0
0.0,0.0
0.0,0.0
0.0,0.0
0.0,0.0
0.0,0.0
0.0,0.0
4555.44,0.0
4555.44,0.0
4555.44,0.0
4555.44,0.0
4555.44,0.0
4555.44,0.0
4555.44,0.0
4555.44,0.0
4555.44,0.0
4555.44,0.0
4555.44,0.0
4555.44,0.0
5648.7456,0.0
5648.7456,0.0
5648.7456,0.0
5648.7456,0.0
5648.7456,0.0
4983.620927040691,0.0
4983.620927040691,0.0
4983.620927040691,0.0
4983.620927040691,0.0
4983.620927040691,0.0
4983.620927040691,0.0
4983.620927040691,0.0
4983.620927040691,0.0
4983.620927040691,0.0
4983.620927040691,0.0
4983.620927040691,0.0
4983.620927040691,0.0
4983.620927040691,0.0
4983.620927040691,0.0
4983.620927040691,0.0
4983.620927040691,0.0
4983.620927040691,0.0
4983.620927040691,0.0
4983.620927040691,0.0
4983.620927040691,0.0
4983.620927040691,0.0
4983.620927040691,0.0
4983.620927040691,0.0
4983.620927040691,0.0
4983.620927040691,0.0
4983.620927040691,0.0
4983.620927040691,0.0
4983.620927040691,0.0
4983.620927040691,0.0
4983.620927040691,0.0
4983.620927040691,0.0
4983.620927040691,0.0
4983.620927040691,0.0
4983.620927040691,0.0
4983.620927040691,0.0
4983.620927040691,0.0
4983.620927040691,0.0
4983.620927040691,0.0
4983.620927040691,0.0
5751.509022489766,0.0
5751.509022489766,0.0
5751.509022489766,0.0
5935.802165397544,0.0
5935.802165397544,0.0
5935.802165397544,0.0
5935.802165397544,0.0
5980.032519695411,0.0
5990.647804726898,0.0
5993.195473134456,0.0
5993.806913552269,0.0
5993.953659252545,0.0
5993.988878220611,0.0
5993.997330772947,0.0
5993.999359385507,0.0
5993.999846252522,0.0
5993.999963100605,0.0
5993.9999911441455,0.0
5993.999997874595,0.0
5993.999999489903,0.0
5993.999999877577,0.0
163.22569557274437,0.0
163.22569557274437,0.0
0.0,0.0
0.0,0.0
0.0,0.0
4555.44,0.0
4555.44,0.0
4555.44,0.0
4555.44,0.0
4555.44,0.0
4555.44,0.0
4555.44,0.0
4555.44,0.0
4555.44,0.0
4555.44,0.0
4555.44,0.0
4555.44,0.0
4555.44,0.0
4555.44,0.0
4555.44,0.0
4555.44,0.0
4555.44,0.0
4555.44,0.0
4555.44,0.0
4555.44,0.0
4555.44,0.0
4555.44,0.0
4555.44,0.0
4555.44,0.0
4555.44,0.0
4555.44,0.0
4555.44,0.0
4555.44,0.0
4555.44,0.0
4555.44,0.0
5648.7456,0.0
5911.138944,0.0
5974.11334656,0.0
5989.2272031744,0.0
5992.854528761856,0.0
5993.725086902846,0.0
5993.934020856683,0.0
5993.984165005604,0.0
5993.996199601345,0.0
5993.999087904323,0.0
5993.999781097037,0.0
5993.999947463289,0.0
5993.999987391189,0.0
5993.999996973886,0.0
5993.999996973886,0.0
5993.999996973886,0.0
0.0,0.0
0.0,0.0
0.0,0.0
0.0,0.0
1771.6276064534143,0.0
1771.6276064534143,0.0
1771.6276064534177,0.0
4980.63062554882,0.0
5750.791350131717,0.0
5935.629924031612,0.0
5979.991181767587,0.0
5990.637883624221,0.0
5993.193092069813,0.0
5993.8063420967555,0.0
5993.953522103221,0.0
5993.988845304773,0.0
5993.997322873146,0.0
5993.999357489555,0.0
5993.999845797493,0.0
5993.999962991398,0.0
3308.5008595618274,0.0
3308.5008595618274,0.0
0.0,0.0
0.0,0.0
0.0,0.0
645.5044912315279,0.0
4710.361077895566,0.0
5685.926658694936,0.0
5920.062398086785,0.0
5976.254975540828,0.0
5989.741194129799,0.0
5992.977886591152,0.0
5993.754692781877,0.0
5993.94112626765,0.0
5993.985870304236,0.0
5993.985870304236,0.0
0.0,0.0
0.0,0.0
0.0,0.0
4555.44,0.0
5648.7456,0.0
5911.138944,0.0
5974.11334656,0.0
5989.2272031744,0.0
5992.854528761856,0.0
5993.725086902846,0.0
5993.725086902846,0.0
5993.725086902846,0.0
0.0,0.0
0.0,0.0
0.0,0.0
0.0,0.0
0.0,0.0
0.0,0.0
0.0,0.0
0.0,0.0
0.0,0.0
0.0,0.0
0.0,0.0
0.0,0.0
0.0,0.0
0.0,0.0
0.0,0.0
0.0,0.0
0.0,0.0
0.0,0.0
2173.1452783162767,0.0
5076.994866795907,0.0
5773.918768031018,0.0
3455.2095341954846,0.0
3455.2095341954846,0.0
3455.2095341954846,0.0
3455.2095341954846,0.0
3455.2095341954846,0.0
3455.2095341954846,0.0
3455.2095341954846,0.0
3455.2095341954846,0.0
3455.2095341954846,0.0
3455.2095341954846,0.0
3455.2095341954846,0.0
3455.2095341954846,0.0
3455.2095341954846,0.0
3455.2095341954846,0.0
3455.2095341954846,0.0
3455.2095341954846,0.0
3455.2095341954846,0.0
3455.2095341954846,0.0
3455.2095341954846,0.0
3455.2095341954846,0.0
3455.2095341954846,0.0
3455.2095341954846,0.0
3455.2095341954846,0.0
3455.2095341954846,0.0
3455.2095341954846,0.0
3455.2095341954846,0.0
3455.2095341954846,0.0
3455.2095341954846,0.0
3455.2095341954846,0.0
3455.2095341954846,0.0
3455.2095341954846,0.0
3455.2095341954846,0.0
3455.2095341954846,0.0
3455.2095341954846,0.0
3455.2095341954846,0.0
3455.2095341954846,0.0
3455.2095341954846,0.0
0.0,0.0
0.0,0.0
0.0,0.0
0.0,0.0
0.0,0.0
0.0,0.0
0.0,0.0
0.0,0.0
0.0,0.0
0.0,0.0
0.0,0.0
0.0,0.0
0.0,0.0
0.0,0.0
0.0,0.0
0.0,0.0
0.0,0.0
0.0,0.0
0.0,0.0
0.0,0.0
0.0,0.0
0.0,0.0
0.0,0.0
0.0,0.0
0.0,0.0
0.0,0.0
0.0,0.0
0.0,0.0
0.0,0.0
0.0,0.0
0.0,0.0
0.0,0.0
2342.7978219755096,0.0
5117.711477274122,0.0
5783.69075454579,0.0
5943.52578109099,0.0
1556.0345729676555,0.0
1556.0345729676555,0.0
0.0,0.0
0.0,0.0
0.0,0.0
0.0,0.0
0.0,0.0
4555.44,0.0
5648.7456,0.0
5911.138944,0.0
3740.1079894614595,0.0
0.0,0.0
0.0,0.0
0.0,0.0
0.0,0.0
0.0,0.0
0.0,0.0
0.0,0.0
0.0,0.0
0.0,0.0
4555.44,0.0
5648.7456,0.0
5911.138944,0.0
5974.11334656,0.0
4161.708745179814,0.0
5554.250098843156,0.0
5888.460023722358,0.0
5968.670405693366,0.0
5987.920897366408,0.0
5992.541015367938,0.0
5993.649843688308,0.0
4292.603493171303,0.0
5585.664838361113,0.0
5895.999561206667,0.0
5970.4798946896,0.0
0.0,0.0
0.0,0.0
0.0,0.0
0.0,0.0
0.0,0.0
0.0,0.0
0.0,0.0
0.0,0.0
0.0,0.0
0.0,0.0
0.0,0.0
0.0,0.0
0.0,0.0
0.0,0.0
0.0,0.0
0.0,0.0
0.0,0.0
0.0,0.0
0.0,0.0
0.0,0.0
0.0,0.0
0.0,0.0
0.0,0.0
0.0,0.0
0.0,0.0
0.0,0.0
0.0,0.0
4494.584662234716,0.0
5634.140318936332,0.0
5907.6336765447195,0.0
5973.272082370732,0.0
5989.025299768976,0.0
5992.806071944554,0.0
5993.713457266693,0.0
5993.9312297440065,0.0
5993.983495138562,0.0
5993.996038833255,0.0
5993.999049319981,0.0
5993.999771836796,0.0
5993.999945240831,0.0
5993.999986857798,0.0
5993.9999968458715,0.0
0.0,0.0
0.0,0.0
0.0,0.0
3497.985347817943,0.0
5394.956483476306,0.0
5850.229556034314,0.0
0.0,0.0
0.0,0.0
0.0,0.0
0.0,0.0
0.0,0.0
0.0,0.0
0.0,0.0
0.0,0.0
0.0,0.0
0.0,0.0
0.0,0.0
0.0,0.0
0.0,0.0
0.0,0.0
0.0,0.0
0.0,0.0
0.0,0.0
0.0,0.0
0.0,0.0
0.0,0.0
0.0,0.0
0.0,0.0
0.0,0.0
0.0,0.0
0.0,0.0
0.0,0.0
0.0,0.0
0.0,0.0
0.0,0.0
0.0,0.0
0.0,0.0
0.0,0.0
0.0,0.0
0.0,0.0
0.0,0.0
4555.44,0.0
4555.44,0.0
4555.44,0.0
4555.44,0.0
4555.44,0.0
5648.7456,0.0
5648.7456,0.0
5648.7456,0.0
5648.7456,0.0
5648.7456,0.0
5648.7456,0.0
5648.7456,0.0
5648.7456,0.0
5648.7456,0.0
5648.7456,0.0
5911.138944,0.0
5911.138944,0.0
5911.138944,0.0
5911.138944,0.0
5974.11334656,0.0
5989.2272031744,0.0
5992.854528761856,0.0
5993.725086902846,0.0
5993.934020856683,0.0
5993.984165005604,0.0
5993.996199601345,0.0
5993.999087904323,0.0
5993.999781097037,0.0
5993.999947463289,0.0
5993.999987391189,0.0
5993.999996973886,0.0
5993.999999273732,0.0
1112.948535671907,0.0
1112.948535671907,0.0
1112.948535671907,0.0
1112.948535671907,0.0
1112.948535671907,0.0
1112.948535671907,0.0
1112.948535671907,0.0
1112.948535671907,0.0
60.92087729778177,0.0
60.92087729778177,0.0
60.92087729778177,0.0
60.92087729778177,0.0
60.92087729778177,0.0
60.92087729778177,0.0
60.92087729778177,0.0
60.92087729778177,0.0
60.92087729778177,0.0
60.92087729778177,0.0
60.92087729778177,0.0
60.92087729778177,0.0
60.92087729778177,0.0
60.92087729778177,0.0
60.92087729778177,0.0
60.92087729778177,0.0
60.92087729778177,0.0
60.92087729778177,0.0
60.92087729778177,0.0
60.92087729778177,0.0
0.0,0.0
0.0,0.0
0.0,0.0
0.0,0.0
0.0,0.0
0.0,0.0
0.0,0.0
0.0,0.0
0.0,0.0
0.0,0.0
0.0,0.0
0.0,0.0
0.0,0.0
0.0,0.0
0.0,0.0
0.0,0.0
0.0,0.0
0.0,0.0
0.0,0.0
0.0,0.0
0.0,0.0
0.0,0.0
0.0,0.0
4555.44,0.0
5648.7456,0.0
3200.395492740927,0.0
3200.395492740927,0.0
0.0,0.0
0.0,0.0
0.0,0.0
0.0,0.0
0.0,0.0
0.0,0.0
0.0,0.0
4555.44,0.0
5648.7456,0.0
5911.138944,0.0
583.9206936253472,0.0
583.9206936253472,0.0
583.9206936253472,0.0
583.9206936253472,0.0
583.9206936253472,0.0
583.9206936253472,0.0
583.9206936253472,0.0
583.9206936253472,0.0
583.9206936253472,0.0
583.9206936253472,0.0
2293.661434454707,0.0
0.0,0.0
0.0,0.0
0.0,0.0
0.0,0.0
0.0,0.0
0.0,0.0
0.0,0.0
0.0,0.0
0.0,0.0
0.0,0.0
1516.4603578113092,0.0
4919.390485874714,0.0
5736.093716609931,0.0
4461.910069211254,0.0
0.0,0.0
0.0,0.0
0.0,0.0
0.0,0.0
0.0,0.0
0.0,0.0
0.0,0.0
0.0,0.0
0.0,0.0
0.0,0.0
4555.44,0.0
4555.44,0.0
4555.44,0.0
5648.7456,0.0
5648.7456,0.0
5648.7456,0.0
5648.7456,0.0
5648.7456,0.0
5911.138944,0.0
5911.138944,0.0
5911.138944,0.0
5974.11334656,0.0
5989.2272031744,0.0
5992.854528761856,0.0
5993.725086902846,0.0
5993.934020856683,0.0
5993.984165005604,0.0
5993.996199601345,0.0
5993.999087904323,0.0
5993.999781097037,0.0
5993.999947463289,0.0
5993.999987391189,0.0
5993.999996973886,0.0
5993.999999273732,0.0
5993.999999825695,0.0
5993.999999958167,0.0
5993.99999998996,0.0
5993.999999893332,0.0
2684.358209272553,0.0
2684.358209272553,0.0
2684.358209272553,0.0
2684.358209272553,0.0
0.0,0.0
0.0,0.0
0.0,0.0
0.0,0.0
0.0,0.0
4555.44,0.0
5648.7456,0.0
5911.138944,0.0
5974.11334656,0.0
5989.2272031744,0.0
5992.854528761856,0.0
5993.725086902846,0.0
5993.934020856683,0.0
5993.984165005604,0.0
5993.996199601345,0.0
5993.999087904323,0.0
5993.999781097037,0.0
5993.999947463289,0.0
5993.999987391189,0.0
5993.999996973886,0.0
5993.999999273732,0.0
5993.999999825695,0.0
5993.999999958167,0.0
5993.99999998996,0.0
5012.86515896026,0.0
5758.527638150463,0.0
5937.486633156111,0.0
5980.436791957465,0.0
5990.7448300697915,0.0
3397.9014119770663,0.0
3397.9014119770663,0.0
3397.9014119770663,0.0
0.0,0.0
0.0,0.0
0.0,0.0
0.0,0.0
0.0,0.0
0.0,0.0
0.0,0.0
0.0,0.0
0.0,0.0
0.0,0.0
0.0,0.0
0.0,0.0
0.0,0.0
0.0,0.0
0.0,0.0
0.0,0.0
0.0,0.0
0.0,0.0
2156.835061046966,0.0
5073.080414651272,0.0
5772.979299516305,0.0
0.0,0.0
0.0,0.0
0.0,0.0
0.0,0.0
0.0,0.0
0.0,0.0
0.0,0.0
0.0,0.0
48.155660878463095,0.0
4566.997358610831,0.0
5651.519366066599,0.0
5911.804647855984,0.0
5565.893293835698,0.0
0.0,0.0
0.0,0.0
0.0,0.0
0.0,0.0
0.0,0.0
0.0,0.0
0.0,0.0
4555.44,0.0
5648.7456,0.0
5911.138944,0.0
5974.11334656,0.0
5989.2272031744,0.0
5989.2272031744,0.0
5989.2272031744,0.0
1642.628292813788,0.0
1642.628292813788,0.0
1642.628292813788,0.0
1642.628292813788,0.0
0.0,0.0
0.0,0.0
0.0,0.0
821.278540248286,0.0
0.0,0.0
0.0,0.0
0.0,0.0
0.0,0.0
0.0,0.0
0.0,0.0
0.0,0.0
0.0,0.0
0.0,0.0
0.0,0.0
1137.7239840243137,0.0
4145.222449649398,0.0
4145.222449649398,0.0
1695.8286530047103,0.0
1695.8286530047103,0.0
1695.8286530047103,0.0
1695.8286530047103,0.0
1695.8286530047103,0.0
1695.8286530047103,0.0
1695.8286530047103,0.0
1695.8286530047103,0.0
1695.8286530047103,0.0
1695.8286530047103,0.0
2971.015415741218,0.0
0.0,0.0
0.0,0.0
0.0,0.0
0.0,0.0
0.0,0.0
0.0,0.0
0.0,0.0
0.0,0.0
0.0,0.0
0.0,0.0
0.0,0.0
2760.021956170421,0.0
2760.021956170421,0.0
2760.021956170421,0.0
2760.021956170421,0.0
2760.021956170421,0.0
0.0,0.0
0.0,0.0
0.0,0.0
0.0,0.0
0.0,0.0
0.0,0.0
0.0,0.0
1391.7261830131415,0.0
4510.354126476901,0.0
0.0,0.0
0.0,0.0
0.0,0.0
0.0,0.0
473.1133209679938,0.0
987.5716929541982,0.0
1483.2521489626947,0.0
1692.8551657080716,0.0
4961.725239769938,0.0
5746.254057544785,0.0
5934.540973810748,0.0
5979.729833714579,0.0
5990.575160091499,0.0
5990.575160091499,0.0
5990.575160091499,0.0
5990.575160091499,0.0
5292.5168608647145,0.0
2986.8599096573816,0.0
2986.8599096573816,0.0
0.0,0.0
0.0,0.0
1070.3040333785084,0.0
4812.312968010842,0.0
5710.3951123226025,0.0
5925.934826957425,0.0
5977.664358469783,0.0
4069.1330700385092,0.0
5532.031936809242,0.0
5883.127664834218,0.0
5967.390639560213,0.0
5323.360100418419,0.0
0.0,0.0
1086.0642373828614,0.0
4816.095416971886,0.0
5711.302900073253,0.0
5926.152696017581,0.0
5977.716647044219,0.0
5990.091995290612,0.0
5993.062078869747,0.0
5993.774898928739,0.0
5993.945975742898,0.0
5993.987034178295,0.0
5993.996888202791,0.0
5993.999253168669,0.0
5993.99982076048,0.0
5993.999956982515,0.0
5993.999989675804,0.0
5993.999997522193,0.0
5993.999999405326,0.0
5993.999999405326,0.0
0.0,0.0
4555.44,0.0
5648.7456,0.0
5911.138944,0.0
5974.11334656,0.0
4736.23803691053,0.0
5692.137128858527,0.0
5921.552910926046,0.0
5976.612698622251,0.0
5989.827047669341,0.0
5992.998491440641,0.0
5992.998491440641,0.0
0.0,0.0
0.0,0.0
51.99035397206535,0.0
3217.262559393017,0.0
5327.583014254321,0.0
4409.896216013365,0.0
5613.8150918432075,0.0
5902.755622042369,0.0
5972.101349290169,0.0
5988.744323829641,0.0
3393.498295155722,0.0
3393.498295155722,0.0
3393.498295155722,0.0
0.0,0.0
0.0,0.0
0.0,0.0
0.0,0.0
0.0,0.0
0.0,0.0
0.0,0.0
0.0,0.0
0.0,0.0
0.0,0.0
0.0,0.0
0.0,0.0
0.0,0.0
0.0,0.0
0.0,0.0
0.0,0.0
0.0,0.0
4555.44,0.0
4555.44,0.0
4555.44,0.0
4555.44,0.0
4555.44,0.0
4555.44,0.0
5648.7456,0.0
5911.138944,0.0
5974.11334656,0.0
5989.2272031744,0.0
5992.854528761856,0.0
5993.725086902846,0.0
5993.934020856683,0.0
5993.984165005604,0.0
5993.996199601345,0.0
5993.999087904323,0.0
5993.999781097037,0.0
5993.999947463289,0.0
5993.999987391189,0.0
5993.999996973886,0.0
5993.999999273732,0.0
5993.999999825695,0.0
5993.999999958167,0.0
5993.99999998996,0.0
5993.999999997591,0.0
5993.999999999422,0.0
5993.999999999861,0.0
5993.999999999966,0.0
5993.999999999992,0.0
5993.999999999992,0.0
0.0,0.0
1287.6691386731582,0.0
1287.6691386731582,0.0
1287.6691386731582,0.0
1287.6691386731582,0.0
4864.480593281558,0.0
4864.480593281558,0.0
4864.480593281558,0.0
4864.480593281558,0.0
4864.480593281558,0.0
4864.480593281558,0.0
4864.480593281558,0.0
4864.480593281558,0.0
4864.480593281558,0.0
4864.480593281558,0.0
4864.480593281558,0.0
4864.480593281558,0.0
5722.915342387574,0.0
5722.915342387574,0.0
5722.915342387574,0.0
5928.939682173018,0.0
5978.385523721524,0.0
5990.252525693166,0.0
5993.10060616636,0.0
5993.784145479926,0.0
5993.948194915182,0.0
5993.987566779644,0.0
5993.997016027115,0.0
5993.999283846508,0.0
3893.6081901096686,0.0
5489.905965626321,0.0
5873.017431750317,0.0
5964.964183620076,0.0
5987.031404068818,0.0
1922.0148605329168,0.0
1922.0148605329168,0.0
1922.0148605329168,0.0
0.0,0.0
0.0,0.0
0.0,0.0
0.0,0.0
0.0,0.0
0.0,0.0
0.0,0.0
0.0,0.0
0.0,0.0
0.0,0.0
0.0,0.0
4177.327268404861,0.0
5557.998544417167,0.0
5889.35965066012,0.0
5968.886316158429,0.0
5987.972715878022,0.0
5992.553451810725,0.0
5993.652828434574,0.0
5993.916678824297,0.0
5993.980002917831,0.0
5993.995200700279,0.0
3800.2703536179106,0.0
0.0,0.0
0.0,0.0
0.0,0.0
0.0,0.0
0.0,0.0
1307.1563383457833,0.0
1307.1563383457833,0.0
1307.1563383457833,0.0
1307.1563383457833,0.0
4869.1575212029875,0.0
5724.0378050887175,0.0
5724.0378050887175,0.0
5724.0378050887175,0.0
5724.0378050887175,0.0
5724.0378050887175,0.0
5724.0378050887175,0.0
5724.0378050887175,0.0
5724.0378050887175,0.0
5724.0378050887175,0.0
5929.209073221292,0.0
5929.209073221292,0.0
5929.209073221292,0.0
5978.45017757311,0.0
5990.268042617547,0.0
5993.104330228211,0.0
5993.785039254771,0.0
5993.948409421145,0.0
5993.987618261075,0.0
5993.997028382658,0.0
5993.999286811838,0.0
5993.9998288348415,0.0
5993.999958920362,0.0
5993.999990140886,0.0
5993.999997633813,0.0
5993.999999432115,0.0
5993.999999863708,0.0
5993.99999996729,0.0
5993.999999992149,0.0
5993.9999999981155,0.0
5993.999999999548,0.0
5993.999999999892,0.0
5993.999999999892,0.0
0.0,0.0
0.0,0.0
0.0,0.0
0.0,0.0
0.0,0.0
0.0,0.0
0.0,0.0
0.0,0.0
0.0,0.0
0.0,0.0
1628.446788885861,0.0
3237.802818057804,0.0
5332.512676333873,0.0
5835.2430423201295,0.0
5955.898330156831,0.0
5984.85559923764,0.0
5991.805343817034,0.0
0.0,0.0
0.0,0.0
0.0,0.0
0.0,0.0
0.0,0.0
0.0,0.0
0.0,0.0
0.0,0.0
0.0,0.0
4555.44,0.0
5648.7456,0.0
5911.138944,0.0
5974.11334656,0.0
5989.2272031744,0.0
5992.854528761856,0.0
5993.725086902846,0.0
5993.934020856683,0.0
5993.984165005604,0.0
5993.996199601345,0.0
5993.999087904323,0.0
5993.999781097037,0.0
5993.999947463289,0.0
5993.999987391189,0.0
5993.999996973886,0.0
5993.999999273732,0.0
5994.0,0.0
5994.0,0.0
5994.0,0.0
5994.0,0.0
5994.0,0.0
5994.0,0.0
5994.0,0.0
5994.0,0.0
5994.0,0.0
5994.0,0.0
5994.0,0.0
5994.0,0.0
5117.931206632278,0.0
121.68917425139807,0.0
2826.3231741201744,0.0
5233.7575617888415,0.0
5811.541814829322,0.0
5950.210035559037,0.0
5950.210035559037,0.0
0.0,0.0
2888.2634648856656,0.0
5248.623231572559,-3.683453542180359e-12
5815.109575577414,-3.683453542180359e-12
5951.066298138579,0.0
5951.066298138579,0.0
0.0,0.0
0.0,0.0
0.0,0.0
0.0,0.0
0.0,0.0
0.0,0.0
0.0,0.0
0.0,0.0
4555.44,0.0
4555.44,0.0
5648.7456,0.0
5911.138944,0.0
5974.11334656,0.0
5989.2272031744,0.0
5992.854528761856,0.0
5993.725086902846,0.0
5993.934020856683,0.0
5993.984165005604,0.0
5993.996199601345,0.0
5993.999087904323,0.0
5993.999781097037,0.0
5993.999947463289,0.0
5993.999987391189,0.0
2432.31756932841,0.0
2432.31756932841,0.0
0.0,0.0
2944.3017285561546,0.0
5262.072414853477,0.0
5262.072414853477,0.0
0.0,0.0
4555.44,0.0
5648.7456,0.0
5911.138944,0.0
5974.11334656,0.0
5989.2272031744,0.0
5992.854528761856,0.0
5993.725086902846,0.0
5993.934020856683,0.0
5993.984165005604,0.0
5993.996199601345,0.0
5993.999087904323,0.0
3489.607463571676,0.0
5392.9457912572025,0.0
5849.746989901729,0.0
5959.379277576415,0.0
5985.6910266183395,0.0
5992.005846388402,0.0
5992.005846388402,0.0
5992.005846388402,0.0
0.0,0.0
0.0,0.0
0.0,0.0
0.0,0.0
0.0,0.0
0.0,0.0
0.0,0.0
605.8497563515523,0.0
2354.0984334457557,0.0
989.56419868475,0.0
0.0,0.0
0.0,0.0
0.0,0.0
0.0,0.0
0.0,0.0
4555.44,0.0
5648.7456,0.0
5911.138944,0.0
5974.11334656,0.0
5989.2272031744,0.0
5992.854528761856,0.0
5993.725086902846,0.0
5993.934020856683,0.0
5993.984165005604,0.0
5993.996199601345,0.0
5993.999087904323,0.0
5993.999781097037,0.0
5993.999947463289,0.0
5993.999987391189,0.0
5993.999996973886,0.0
5993.999999273732,0.0
5993.999999825695,0.0
5993.999999958167,0.0
5993.99999998996,0.0
5993.99999998996,0.0
5993.99999998996,0.0
1856.2777370857375,0.0
1856.2777370857375,0.0
1856.2777370857375,0.0
1856.2777370857375,0.0
0.0,0.0
4555.44,0.0
5648.7456,0.0
5911.138944,0.0
5974.11334656,0.0
5989.2272031744,0.0
5992.854528761856,0.0
2592.3804188913987,0.0
3090.9158951330073,0.0
4490.780286612678,0.0
5320.103752367904,0.0
4085.6867940248994,0.0
0.0,0.0
0.0,0.0
2057.43031085236,0.0
2057.43031085236,0.0
2057.43031085236,0.0
2057.43031085236,0.0
0.0,0.0
0.0,0.0
0.0,0.0
4555.44,0.0
5648.7456,0.0
5911.138944,0.0
5974.11334656,0.0
5989.2272031744,0.0
5992.854528761856,0.0
5993.725086902846,0.0
5993.934020856683,0.0
5993.984165005604,0.0
5993.996199601345,0.0
5993.999087904323,0.0
5993.999781097037,0.0
5993.999947463289,0.0
5993.999987391189,0.0
3703.874668321476,0.0
0.0,0.0
0.0,0.0
4555.44,0.0
5648.7456,0.0
5911.138944,0.0
5974.11334656,0.0
5989.2272031744,0.0
5992.854528761856,0.0
5993.725086902846,0.0
5993.934020856683,0.0
5993.984165005604,0.0
5993.996199601345,0.0
5993.999087904323,0.0
5993.999781097037,0.0
5993.999947463289,0.0
5993.999987391189,0.0
5993.999996973886,0.0
4185.556432425954,0.0
436.8815504647282,0.0
436.8815504647282,0.0
0.0,0.0
0.0,0.0
0.0,0.0
0.0,0.0
0.0,0.0
0.0,0.0
0.0,0.0
0.0,0.0
0.0,0.0
0.0,0.0
0.0,0.0
0.0,0.0
0.0,0.0
0.0,0.0
0.0,0.0
4555.44,0.0
4555.44,0.0
4555.44,0.0
4555.44,0.0
5648.7456,0.0
5911.138944,0.0
5974.11334656,0.0
5989.2272031744,0.0
5992.854528761856,0.0
5993.725086902846,0.0
5993.934020856683,0.0
5993.984165005604,0.0
5993.996199601345,0.0
5993.999087904323,0.0
5993.999781097037,0.0
5993.999947463289,0.0
5993.999987391189,0.0
5993.999996973886,0.0
5993.999999273732,0.0
5994.0,0.0
5994.0,0.0
5994.0,0.0
5994.0,0.0
5994.0,0.0
5994.0,0.0
5994.0,0.0
5994.0,0.0
5994.0,0.0
5994.0,0.0
5994.0,0.0
5994.0,0.0
5994.0,0.0
5994.0,0.0
0.0,0.0
0.0,0.0
0.0,0.0
0.0,0.0
0.0,0.0
0.0,0.0
886.5527654395255,0.0
1303.985502178257,0.0
619.5916175131827,0.0
619.5916175131827,0.0
619.5916175131827,0.0
619.5916175131827,0.0
327.3733553446539,0.0
1656.3063297371264,0.0
4300.5521548388315,0.0
4300.5521548388315,0.0
0.0,0.0
0.0,0.0
0.0,0.0
0.0,0.0
4555.44,0.0
4555.44,0.0
4555.44,0.0
4555.44,0.0
4555.44,0.0
4555.44,0.0
4555.44,0.0
4555.44,0.0
4555.44,0.0
4555.44,0.0
4555.44,0.0
4555.44,0.0
5648.7456,0.0
5911.138944,0.0
5974.11334656,0.0
5989.2272031744,0.0
5992.854528761856,0.0
5993.725086902846,0.0
5993.934020856683,0.0
5993.984165005604,0.0
5993.996199601345,0.0
5993.999087904323,0.0
5993.999781097037,0.0
5993.999947463289,0.0
5993.999987391189,0.0
5993.999996973886,0.0
5993.999999273732,0.0
4504.841547745367,0.0
3019.0305682425096,0.0
3019.0305682425096,0.0
3019.0305682425096,0.0
3019.0305682425096,0.0
3019.0305682425096,0.0
0.0,0.0
1919.2703593264587,0.0
5016.06488623835,0.0
5759.295572697204,0.0
0.0,0.0
0.0,0.0
0.0,0.0
0.0,0.0
0.0,0.0
0.0,0.0
0.0,0.0
0.0,0.0
0.0,0.0
3671.4329988614027,0.0
5436.583919726734,0.0
5860.220140734416,0.0
1081.5913282679649,0.0
1081.5913282679649,0.0
1081.5913282679649,0.0
0.0,0.0
0.0,0.0
0.0,0.0
0.0,0.0
0.0,0.0
0.0,0.0
4188.348401190301,0.0
5560.6436162856735,0.0
5889.994467908562,0.0
0.0,0.0
0.0,0.0
0.0,0.0
0.0,0.0
0.0,0.0
0.0,0.0
0.0,0.0
0.0,0.0
0.0,0.0
4365.512535516973,0.0
5603.163008524074,0.0
5603.163008524074,0.0
0.0,0.0
0.0,0.0
0.0,0.0
0.0,0.0
0.0,0.0
0.0,0.0
0.0,0.0
0.0,0.0
0.0,0.0
0.0,0.0
0.0,0.0
0.0,0.0
0.0,0.0
0.0,0.0
0.0,0.0
0.0,0.0
0.0,0.0
0.0,0.0
0.0,0.0
0.0,0.0
0.0,0.0
0.0,0.0
0.0,0.0
0.0,0.0
0.0,0.0
0.0,0.0
0.0,0.0
0.0,0.0
0.0,0.0
0.0,0.0
0.0,0.0
0.0,0.0
0.0,0.0
1849.4467997903566,0.0
4278.383740888719,0.0
5582.2520978132925,0.0
0.0,0.0
0.0,0.0
0.0,0.0
0.0,0.0
0.0,0.0
0.0,0.0
0.0,0.0
0.0,0.0
0.0,0.0
0.0,0.0
0.0,0.0
0.0,0.0
0.0,0.0
0.0,0.0
0.0,0.0
0.0,0.0
0.0,0.0
0.0,0.0
0.0,0.0
0.0,0.0
0.0,0.0
0.0,0.0
589.0071161736614,0.0
589.0071161736614,0.0
476.47245743563417,0.0
0.0,0.0
4555.44,0.0
5648.7456,0.0
5648.7456,0.0
5648.7456,0.0
5648.7456,0.0
5648.7456,0.0
5648.7456,0.0
5648.7456,0.0
5911.138944,0.0
5974.11334656,0.0
5989.2272031744,0.0
5992.854528761856,0.0
5993.725086902846,0.0
5993.934020856683,0.0
5993.984165005604,0.0
5993.996199601345,0.0
5993.999087904323,0.0
5993.999781097037,0.0
5993.999947463289,0.0
5993.999987391189,0.0
5993.999996973886,0.0
5993.999999273732,0.0
5993.999999825695,0.0
5993.999999958167,0.0
0.0,0.0
0.0,0.0
1737.6906577967893,0.0
4972.485757871229,0.0
5748.836581889095,0.0
5935.160779653383,0.0
5979.878587116812,0.0
5990.610860908035,0.0
5993.186606617928,0.0
5993.8047855883015,0.0
5993.953148541193,0.0
5993.953148541193,0.0
5993.953148541193,0.0
1782.4370309023816,0.0
1782.4370309023816,0.0
1782.4370309023816,0.0
1782.4370309023816,0.0
1782.4370309023816,0.0
1782.4370309023816,0.0
1782.4370309023816,0.0
1782.4370309023816,0.0
1128.237076066871,0.0
1128.237076066871,0.0
1128.237076066871,0.0
1128.237076066871,0.0
1128.237076066871,0.0
1128.237076066871,0.0
0.0,0.0
1046.4198320481846,0.0
4806.580759691564,0.0
5709.019382325975,0.0
5925.6046517582345,0.0
5977.585116421977,0.0
5990.060427941275,0.0
5993.054502705906,0.0
5993.773080649417,0.0
5993.773080649417,0.0
3146.959796282047,0.0
3146.959796282047,0.0
3146.959796282047,0.0
3146.959796282047,0.0
0.0,0.0
2725.3135795281014,0.0
5209.515259086744,0.0
5805.723662180819,0.0
5948.813678923397,0.0
5983.155282941615,0.0
5991.397267905988,0.0
4015.7673223747806,0.0
2372.25021401927,0.0
2372.25021401927,0.0
2372.25021401927,0.0
2372.25021401927,0.0
2372.25021401927,0.0
2372.25021401927,0.0
2372.25021401927,0.0
2372.25021401927,0.0
444.44326980795813,0.0
444.44326980795813,0.0
444.44326980795813,0.0
444.44326980795813,0.0
444.44326980795813,0.0
444.44326980795813,0.0
444.44326980795813,0.0
444.44326980795813,0.0
444.44326980795813,0.0
444.44326980795813,0.0
444.44326980795813,0.0
444.44326980795813,0.0
444.44326980795813,0.0
444.44326980795813,0.0
444.44326980795813,0.0
444.44326980795813,0.0
444.44326980795813,0.0
444.44326980795813,0.0
444.44326980795813,0.0
444.44326980795813,0.0
444.44326980795813,0.0
444.44326980795813,0.0
444.44326980795813,0.0
444.44326980795813,0.0
0.0,0.0
0.0,0.0
0.0,0.0
0.0,0.0
0.0,0.0
0.0,0.0
163.8231476802344,0.0
404.9530737596183,0.0
0.0,0.0
0.0,0.0
4555.44,0.0
5648.7456,0.0
5911.138944,0.0
2885.6400687643963,0.0
2885.6400687643963,0.0
0.0,0.0
0.0,0.0
0.0,0.0
0.0,0.0
0.0,0.0
0.0,0.0
4290.6417867219025,0.0
5585.194028813256,0.0
5895.886566915182,0.0
5970.452776059644,0.0
5988.348666254315,0.0
5988.348666254315,0.0
0.0,0.0
0.0,0.0
4555.44,0.0
5648.7456,0.0
5911.138944,0.0
5974.11334656,0.0
5989.2272031744,0.0
5992.854528761856,0.0
5993.725086902846,0.0
5993.934020856683,0.0
5993.984165005604,0.0
5993.996199601345,0.0
4720.819549424941,0.0
0.0,0.0
0.0,0.0
0.0,0.0
0.0,0.0
0.0,0.0
0.0,0.0
4555.44,0.0
5648.7456,0.0
5911.138944,0.0
0.0,0.0
0.0,0.0
0.0,0.0
0.0,0.0
273.65242374408626,0.0
4621.11658169858,0.0
5664.507979607661,0.0
1497.2066017745742,0.0
4914.769584425898,0.0
5734.9847002622155,0.0
5931.836328062932,0.0
5979.080718735109,0.0
5990.419372496426,0.0
1445.438209367705,0.0
0.0,0.0
4555.44,0.0
5648.7456,0.0
5911.138944,0.0
5974.11334656,0.0
0.0,0.0
2461.512726303994,0.0
5146.203054312959,0.0
5790.52873303511,0.0
5945.166895928426,0.0
1536.273332605787,0.0
1536.273332605787,0.0
1536.273332605787,0.0
1536.273332605787,0.0
1536.273332605787,0.0
1536.273332605787,0.0
1536.273332605787,0.0
0.0,0.0
0.0,0.0
0.0,0.0
0.0,0.0
0.0,0.0
0.0,0.0
0.0,0.0
0.0,0.0
0.0,0.0
0.0,0.0
0.0,0.0
0.0,0.0
0.0,0.0
0.0,0.0
596.0940044800877,0.0
2860.367639449316,0.0
3729.324425603396,0.0
3313.190439642336,0.0
3580.0021997161366,0.0
5414.640527931873,0.0
5854.953726703649,0.0
5960.628894408876,0.0
5985.99093465813,0.0
5992.077824317951,0.0
5993.538677836308,0.0
5993.889282680714,0.0
5993.973427843372,0.0
5993.993622682409,0.0
5993.998469443781,0.0
5993.999632666508,0.0
5993.999632666508,0.0
5993.999632666508,0.0
0.0,0.0
0.0,0.0
0.0,0.0
0.0,0.0
0.0,0.0
0.0,0.0
719.6593610832322,0.0
3605.133411565749,0.0
5420.67201877578,0.0
2956.2504976073633,0.0
2956.2504976073633,0.0
225.2611838102457,0.0
225.2611838102457,0.0
225.2611838102457,0.0
0.0,0.0
0.0,0.0
0.0,0.0
0.0,0.0
0.0,0.0
4555.44,0.0
5648.7456,0.0
5648.7456,0.0
5648.7456,0.0
5648.7456,0.0
5648.7456,0.0
5648.7456,0.0
5648.7456,0.0
5648.7456,0.0
5648.7456,0.0
5648.7456,0.0
5648.7456,0.0
5911.138944,0.0
5974.11334656,0.0
5974.11334656,0.0
5974.11334656,0.0
5989.2272031744,0.0
5992.854528761856,0.0
5993.725086902846,0.0
5993.934020856683,0.0
5993.984165005604,0.0
5993.996199601345,0.0
5993.999087904323,0.0
5993.999781097037,0.0
5993.999947463289,0.0
5993.999987391189,0.0
5993.999996973886,0.0
5993.999999273732,0.0
1616.3040337484126,0.0
1995.3480501520244,0.0
3831.7532248534826,0.0
5475.060773964836,0.0
3723.7579711051903,0.0
1685.6136778833916,0.0
0.0,0.0
2429.0441293130352,0.0
5138.410591035128,0.0
5788.658541848431,0.0
0.0,0.0
0.0,0.0
0.0,0.0
0.0,0.0
0.0,0.0
0.0,0.0
0.0,0.0
0.0,0.0
4555.44,0.0
5648.7456,0.0
5911.138944,0.0
5974.11334656,0.0
5989.2272031744,0.0
3050.9820301200234,0.0
0.0,0.0
0.0,0.0
0.0,0.0
0.0,0.0
2165.626531529089,0.0
2165.626531529089,0.0
2165.626531529084,0.0
2165.626531529084,0.0
5075.19036756698,0.0
5075.19036756698,0.0
5773.485688216075,0.0
5941.0765651718575,0.0
5981.298375641246,0.0
5990.951610153899,0.0
5993.2683864369355,0.0
5993.824412744864,0.0
5993.957859058767,0.0
5993.989886174104,0.0
5993.997572681785,0.0
5993.999417443629,0.0
5993.999860186471,0.0
5993.999966444753,0.0
5993.999991946741,0.0
5993.999991946741,0.0
5993.999991946741,0.0
0.0,0.0
0.0,0.0
0.0,0.0
0.0,0.0
0.0,0.0
0.0,0.0
0.0,0.0
0.0,0.0
0.0,0.0
0.0,0.0
0.0,0.0
0.0,0.0
0.0,0.0
0.0,0.0
0.0,0.0
0.0,0.0
0.0,0.0
0.0,0.0
0.0,0.0
0.0,0.0
0.0,0.0
0.0,0.0
0.0,0.0
0.0,0.0
0.0,0.0
0.0,0.0
0.0,0.0
0.0,0.0
0.0,0.0
0.0,0.0
0.0,0.0
1263.919136920862,0.0
1263.919136920862,0.0
1263.919136920862,0.0
1263.919136920862,0.0
1263.919136920862,0.0
0.0,0.0
0.0,0.0
0.0,0.0
0.0,0.0
0.0,0.0
0.0,0.0
0.0,0.0
4555.44,0.0
4555.44,0.0
4555.44,0.0
4555.44,0.0
5648.7456,0.0
5648.7456,0.0
5648.7456,0.0
5648.7456,0.0
5911.138944,0.0
5911.138944,0.0
5911.138944,0.0
5911.138944,0.0
5974.11334656,0.0
5989.2272031744,0.0
5992.854528761856,0.0
5993.725086902846,0.0
5993.934020856683,0.0
5993.984165005604,0.0
5993.996199601345,0.0
5993.999087904323,0.0
5993.999781097037,0.0
5993.999947463289,0.0
5993.999987391189,0.0
5993.999996973886,0.0
5993.999999273732,0.0
5993.999999825695,0.0
5993.999999958167,0.0
5993.99999998996,0.0
1810.8616367098978,0.0
2867.4311219585798,0.0
5243.623469270059,0.0
5813.909632624815,0.0
3697.298478577283,0.0
5442.791634858548,0.0
5861.709992366052,0.0
5962.250398167853,0.0
5986.380095560285,0.0
5992.17122293447,0.0
5993.561093504273,0.0
5993.561093504273,0.0
5993.561093504273,0.0
0.0,0.0
0.0,0.0
0.0,0.0
0.0,0.0
0.0,0.0
0.0,0.0
0.0,0.0
4555.44,0.0
5648.7456,0.0
5911.138944,0.0
5974.11334656,0.0
5989.2272031744,0.0
5992.854528761856,0.0
5993.725086902846,0.0
5993.934020856683,0.0
5993.984165005604,0.0
5993.996199601345,0.0
5993.999087904323,0.0
5993.999781097037,0.0
5993.999947463289,0.0
5993.999987391189,0.0
5993.999996973886,0.0
5993.999996973886,0.0
5993.999996973886,0.0
707.9007603918471,0.0
707.9007603918471,0.0
707.9007603918471,0.0
707.9007603918471,0.0
707.9007603918471,0.0
0.0,0.0
1424.2079081174106,0.0
4897.249897948179,0.0
5730.779975507563,0.0
5930.827194121815,0.0
5930.827194121815,0.0
0.0,0.0
0.0,0.0
3917.245331454378,0.0
5495.578879549051,0.0
5874.378931091772,0.0
5965.290943462025,0.0
5987.109826430886,0.0
5992.346358343412,0.0
5993.603126002419,0.0
5993.904750240581,0.0
5993.977140057739,0.0
5993.977140057739,0.0
5993.977140057739,0.0
0.0,0.0
0.0,0.0
0.0,0.0
0.0,0.0
0.0,0.0
0.0,0.0
0.0,0.0
0.0,0.0
0.0,0.0
0.0,0.0
0.0,0.0
0.0,0.0
0.0,0.0
1953.7048566264639,0.0
5024.329165590351,0.0
5761.278999741684,0.0
5938.146959938004,0.0
5980.595270385121,0.0
5990.782864892429,0.0
5993.227887574183,0.0
5993.814693017804,0.0
3030.112732789433,0.0
3030.112732789433,0.0
0.0,0.0
0.0,0.0
0.0,0.0
0.0,0.0
0.0,0.0
0.0,0.0
0.0,0.0
4555.44,0.0
5648.7456,0.0
5648.7456,0.0
5911.138944,0.0
5974.11334656,0.0
5989.2272031744,0.0
5992.854528761856,0.0
5993.725086902846,0.0
5993.934020856683,0.0
5993.984165005604,0.0
5993.996199601345,0.0
5993.999087904323,0.0
5993.999781097037,0.0
5993.999947463289,0.0
5993.999987391189,0.0
5993.999996973886,0.0
5993.999996973886,0.0
0.0,0.0
0.0,0.0
1626.157389260705,0.0
4233.010306652116,0.0
5571.362473596508,0.0
4121.212231723861,0.0
0.0,0.0
368.03644159697046,0.0
4315.017233029526,0.0
5591.044135927086,0.0
1308.8532767030065,0.0
1308.8532767030065,0.0
1308.8532767030065,0.0
0.0,0.0
0.0,0.0
0.0,0.0
0.0,0.0
658.0462628546848,0.0
4713.371103085125,0.0
5686.64906474043,0.0
5920.235775537703,0.0
5976.296586129049,0.0
5989.751180670972,0.0
1143.909921352133,0.0
1143.909921352133,0.0
0.0,0.0
0.0,0.0
0.0,0.0
0.0,0.0
0.0,0.0
0.0,0.0
1775.8184922907112,0.0
4981.636438149771,0.0
5751.032745155945,0.0
371.9248963637028,0.0
371.9248963637028,0.0
371.9248963637028,0.0
0.0,0.0
0.0,0.0
0.0,0.0
0.0,0.0
0.0,0.0
0.0,0.0
4555.44,0.0
5648.7456,0.0
5911.138944,0.0
5974.11334656,0.0
4821.73401308139,0.0
4821.73401308139,0.0
3613.1486386285214,0.0
3613.1486386285214,0.0
0.0,0.0
0.0,0.0
0.0,0.0
4555.44,0.0
5648.7456,0.0
5911.138944,0.0
5974.11334656,0.0
5989.2272031744,0.0
5288.822494051885,0.0
5288.822494051885,0.0
3594.9148775642643,0.0
3594.9148775642643,0.0
3594.9148775642643,0.0
3594.9148775642643,0.0
1809.12787926905,0.0
0.0,0.0
0.0,0.0
4555.44,0.0
4555.44,0.0
4555.44,0.0
4555.44,0.0
5648.7456,0.0
5648.7456,0.0
5648.7456,0.0
5648.7456,0.0
5911.138944,0.0
5911.138944,0.0
5911.138944,0.0
5911.138944,0.0
5974.11334656,0.0
5989.2272031744,0.0
5992.854528761856,0.0
5992.854528761856,0.0
5992.854528761856,0.0
5992.854528761856,0.0
5992.854528761856,0.0
5992.854528761856,0.0
5992.854528761856,0.0
5992.854528761856,0.0
5992.854528761856,0.0
5992.854528761856,0.0
5993.725086902846,0.0
5993.934020856683,0.0
5993.984165005604,0.0
5993.996199601345,0.0
5993.999087904323,0.0
5993.999781097037,0.0
5993.999947463289,0.0
5993.999987391189,0.0
5993.999996973886,0.0
4657.973711189134,0.0
5673.353690685392,0.0
5917.044885764494,0.0
5975.530772583478,0.0
5989.567385420035,0.0
5992.936172500808,0.0
4952.1376535481895,0.0
5387.880393082691,0.0
5848.531294339846,0.0
5959.087510641563,0.0
5985.621002553975,0.0
3344.4644348758866,0.0
1188.0513344208957,0.0
0.0,0.0
4555.44,0.0
5648.7456,0.0
5911.138944,0.0
3389.1821575086633,0.0
3389.1821575086633,0.0
3389.1821575086633,0.0
45.51034817498294,0.0
45.51034817498294,0.0
45.51034817498294,0.0
45.51034817498294,0.0
45.51034817498294,0.0
45.51034817498294,0.0
45.51034817498294,0.0
45.51034817498294,0.0
45.51034817498294,0.0
45.51034817498294,0.0
45.51034817498294,0.0
45.51034817498294,0.0
45.51034817498294,0.0
45.51034817498294,0.0
45.51034817498294,0.0
45.51034817498294,0.0
45.51034817498294,0.0
0.0,0.0
0.0,0.0
4555.44,0.0
5648.7456,0.0
5911.138944,0.0
5974.11334656,0.0
5989.2272031744,0.0
5992.854528761856,0.0
5993.725086902846,0.0
5993.934020856683,0.0
5993.984165005604,0.0
5993.996199601345,0.0
5993.999087904323,0.0
5993.999781097037,0.0
5993.999947463289,0.0
5993.999987391189,0.0
5993.999996973886,0.0
1722.8383445976651,0.0
1722.8383445976651,0.0
0.0,0.0
0.0,0.0
0.0,0.0
0.0,0.0
0.0,0.0
0.0,0.0
4555.44,0.0
5648.7456,0.0
5911.138944,0.0
5974.11334656,0.0
5989.2272031744,0.0
5992.854528761856,0.0
5993.725086902846,0.0
5993.934020856683,0.0
5993.984165005604,0.0
5993.984165005604,0.0
0.0,0.0
0.0,0.0
0.0,0.0
0.0,0.0
0.0,0.0
0.0,0.0
0.0,0.0
0.0,0.0
0.0,0.0
0.0,0.0
0.0,0.0
0.0,0.0
0.0,0.0
0.0,0.0
0.0,0.0
0.0,0.0
0.0,0.0
0.0,0.0
0.0,0.0
0.0,0.0
0.0,0.0
0.0,0.0
0.0,0.0
0.0,0.0
0.0,0.0
0.0,0.0
0.0,0.0
1663.403286794238,0.0
1663.403286794238,0.0
1663.403286794238,0.0
1663.403286794238,0.0
1663.403286794238,0.0
1663.403286794238,0.0
1663.403286794238,0.0
1663.403286794238,0.0
1663.403286794238,0.0
0.0,0.0
0.0,0.0
0.0,0.0
0.0,0.0
0.0,0.0
0.0,0.0
0.0,0.0
0.0,0.0
0.0,0.0
65.15799691015971,0.0
252.33208684967772,0.0
492.77184970712887,0.0
0.0,0.0
4555.44,0.0
5648.7456,0.0
5911.138944,0.0
5974.11334656,0.0
4627.731755383993,0.0
0.0,0.0
0.0,0.0
0.0,0.0
0.0,0.0
0.0,0.0
0.0,0.0
0.0,0.0
0.0,0.0
0.0,0.0
0.0,0.0
0.0,0.0
0.0,0.0
0.0,0.0
0.0,0.0
0.0,0.0
0.0,0.0
0.0,0.0
0.0,0.0
0.0,0.0
0.0,0.0
0.0,0.0
0.0,0.0
0.0,0.0
0.0,0.0
0.0,0.0
0.0,0.0
0.0,0.0
0.0,0.0
0.0,0.0
0.0,0.0
0.0,0.0
0.0,0.0
0.0,0.0
1760.9979198247577,0.0
0.0,0.0
0.0,0.0
0.0,0.0
0.0,0.0
0.0,0.0
0.0,0.0
0.0,0.0
0.0,0.0
0.0,0.0
0.0,0.0
4555.44,0.0
5648.7456,0.0
5911.138944,0.0
5974.11334656,0.0
5989.2272031744,0.0
4977.244405995891,0.0
0.0,0.0
0.0,0.0
0.0,0.0
0.0,0.0
0.0,0.0
0.0,0.0
0.0,0.0
4555.44,0.0
5648.7456,0.0
5911.138944,0.0
5974.11334656,0.0
5989.2272031744,0.0
5992.854528761856,0.0
5993.725086902846,0.0
5993.934020856683,0.0
5993.984165005604,0.0
5993.996199601345,0.0
5993.999087904323,0.0
5993.999781097037,0.0
5993.999947463289,0.0
5993.999987391189,0.0
5993.999996973886,0.0
1387.3017107738524,0.0
1387.3017107738524,0.0
478.519102158396,0.0
478.519102158396,0.0
478.519102158396,0.0
478.519102158396,0.0
478.519102158396,0.0
478.519102158396,0.0
478.519102158396,0.0
2274.448952594855,0.0
2458.4533312419094,0.0
0.0,0.0
0.0,0.0
0.0,0.0
3917.95870431147,0.0
3917.95870431147,0.0
3917.95870431147,0.0
5495.750089034753,0.0
5874.420021368341,0.0
5965.300805128401,0.0
5987.112193230816,0.0
5992.346926375396,0.0
5993.603262330095,0.0
5993.904782959223,0.0
5993.977147910214,0.0
5993.994515498452,0.0
5993.998683719628,0.0
5993.999684092711,0.0
5993.999924182251,0.0
5993.99998180374,0.0
0.0,0.0
0.0,0.0
0.0,0.0
0.0,0.0
0.0,0.0
0.0,0.0
0.0,0.0
0.0,0.0
1310.5365632881221,0.0
4869.968775189149,0.0
5724.232506045396,0.0
5929.255801450895,0.0
5303.520242954055,0.0
5828.2848583089735,0.0
5954.228365994154,0.0
5984.4548078386,0.0
5991.709153881264,0.0
0.0,0.0
0.0,0.0
0.0,0.0
0.0,0.0
0.0,0.0
0.0,0.0
4555.44,0.0
4555.44,0.0
4555.44,0.0
4555.44,0.0
5648.7456,0.0
5648.7456,0.0
5911.138944,0.0
5974.11334656,0.0
5989.2272031744,0.0
5992.854528761856,0.0
5993.725086902846,0.0
5993.934020856683,0.0
5993.984165005604,0.0
5993.996199601345,0.0
5993.999087904323,0.0
5993.999781097037,0.0
5993.999947463289,0.0
5993.999987391189,0.0
5993.999996973886,0.0
2577.3931949490216,0.0
0.0,0.0
0.0,0.0
1933.5177578914663,0.0
1933.5177578914663,0.0
5019.484261893952,0.0
996.5462062805,0.0
4794.61108950732,0.0
5706.146661481756,0.0
5924.9151987556215,0.0
5977.419647701349,0.0
5990.020715448324,0.0
5993.044971707598,0.0
5993.770793209824,0.0
5993.944990370358,0.0
5993.986797688886,0.0
5993.996831445333,0.0
5993.99923954688,0.0
5993.999817491251,0.0
5993.9999561979,0.0
5993.999989487496,0.0
5993.999997476999,0.0
5993.999999394479,0.0
5993.9999998546755,0.0
3332.8541853699207,0.0
3332.8541853699207,0.0
0.0,0.0
0.0,0.0
524.9018468797373,0.0
524.9018468797373,0.0
0.0,0.0
0.0,0.0
1953.3862420221067,0.0
5024.252698085305,0.0
5024.252698085305,0.0
64.69786737713889,0.0
64.69786737713889,0.0
64.69786737713889,0.0
64.69786737713889,0.0
64.69786737713889,0.0
64.69786737713889,0.0
64.69786737713889,0.0
64.69786737713889,0.0
64.69786737713889,0.0
64.69786737713889,0.0
64.69786737713889,0.0
64.69786737713889,0.0
64.69786737713889,0.0
64.69786737713889,0.0
64.69786737713889,0.0
64.69786737713889,0.0
64.69786737713889,0.0
345.59434516367037,0.0
345.59434516367037,0.0
345.59434516367037,0.0
0.0,0.0
4538.979666304527,0.0
5644.795119913087,0.0
5910.190828779141,0.0
0.0,0.0
0.0,0.0
0.0,0.0
0.0,0.0
0.0,0.0
0.0,0.0
0.0,0.0
0.0,0.0
0.0,0.0
3151.9310607673187,0.0
5311.903454584157,0.0
5830.296829100198,0.0
340.2284554934431,0.0
340.2284554934431,0.0
0.0,0.0
2467.4967057907743,0.0
5147.639209389786,0.0
5790.873410253549,0.0
5945.249618460852,0.0
5982.299908430605,0.0
5991.191978023345,0.0
5993.326074725603,0.0
5993.838257934145,0.0
5993.961181904195,0.0
5993.990683657007,0.0
1904.4947019525716,0.0
1512.2662054794346,0.0
4918.383889315064,0.0
5735.8521334356155,0.0
5932.044512024548,0.0
5979.1306828858915,0.0
0.0,0.0
722.5800618442518,0.0
4728.8592148426205,0.0
5690.366211562229,0.0
5921.127890774935,0.0
5976.510693785985,0.0
1253.227089259315,0.0
968.7621129495892,0.0
4787.942907107901,0.0
5704.546297705896,0.0
5924.531111449415,0.0
5977.32746674786,0.0
5989.998592019487,0.0
5993.039662084677,0.0
5993.7695189003225,0.0
5993.944684536077,0.0
5993.986724288661,0.0
5993.996813829279,0.0
5993.996813829279,0.0
0.0,0.0
0.0,0.0
2008.5765062870614,0.0
5037.498361508895,0.0
5764.439606762135,0.0
5938.905505622913,0.0
5980.777321349499,0.0
5990.82655712388,0.0
5993.238373709732,0.0
5993.817209690335,0.0
5993.9561303256805,0.0
1697.7183027111605,0.0
1697.7183027111605,0.0
0.0,0.0
0.0,0.0
0.0,0.0
0.0,0.0
0.0,0.0
0.0,0.0
0.0,0.0
0.0,0.0
0.0,0.0
0.0,0.0
0.0,0.0
0.0,0.0
0.0,0.0
0.0,0.0
0.0,0.0
0.0,0.0
0.0,0.0
0.0,0.0
0.0,0.0
0.0,0.0
0.0,0.0
0.0,0.0
0.0,0.0
0.0,0.0
0.0,0.0
0.0,0.0
0.0,0.0
0.0,0.0
0.0,0.0
0.0,0.0
0.0,0.0
4555.44,0.0
5648.7456,0.0
2773.956750832791,0.0
0.0,0.0
0.0,0.0
3596.2423359579116,0.0
5418.538160629899,0.0
5855.889158551176,0.0
5960.8533980522825,0.0
0.0,0.0
0.0,0.0
0.0,0.0
4555.44,0.0
4555.44,0.0
4555.44,0.0
4555.44,0.0
5648.7456,0.0
5648.7456,0.0
5648.7456,0.0
5648.7456,0.0
5648.7456,0.0
5648.7456,0.0
5648.7456,0.0
5648.7456,0.0
5911.138944,0.0
5911.138944,0.0
5911.138944,0.0
5911.138944,0.0
5911.138944,0.0
5911.138944,0.0
5911.138944,0.0
5911.138944,0.0
5974.11334656,0.0
5989.2272031744,0.0
5992.854528761856,0.0
5993.725086902846,0.0
5993.934020856683,0.0
5993.984165005604,0.0
5993.996199601345,0.0
5993.999087904323,0.0
2570.2158297529095,0.0
3842.0169646621944,0.0
5477.524071518927,0.0
5870.045777164542,0.0
5964.25098651949,0.0
2222.845701114971,0.0
1391.672154401971,0.0
4889.441317056473,0.0
5728.905916093554,0.0
5930.377419862453,0.0
0.0,0.0
0.0,0.0
0.0,0.0
0.0,0.0
0.0,0.0
0.0,0.0
0.0,0.0
0.0,0.0
0.0,0.0
4555.44,0.0
5648.7456,0.0
5911.138944,0.0
2221.947058957061,0.0
0.0,0.0
0.0,0.0
1925.207619549532,0.0
5017.489828691888,0.0
5759.637558886053,0.0
5937.753014132652,0.0
0.0,0.0
0.0,0.0
680.027005549647,0.0
3071.7980851311095,0.0
3071.7980851311095,0.0
3071.7980851311095,0.0
3071.7980851311095,0.0
3071.7980851311095,0.0
3071.7980851311095,0.0
3071.7980851311095,0.0
3071.7980851311095,0.0
3071.7980851311095,0.0
3071.7980851311095,0.0
3071.7980851311095,0.0
3071.7980851311095,0.0
3071.7980851311095,0.0
0.0,0.0
0.0,0.0
0.0,0.0
0.0,0.0
0.0,0.0
0.0,0.0
0.0,0.0
0.0,0.0
0.0,0.0
0.0,0.0
0.0,0.0
0.0,0.0
0.0,0.0
0.0,0.0
0.0,0.0
0.0,0.0
0.0,0.0
0.0,0.0
0.0,0.0
0.0,0.0
0.0,0.0
0.0,0.0
0.0,0.0
0.0,0.0
0.0,0.0
0.0,0.0
0.0,0.0
0.0,0.0
0.0,0.0
0.0,0.0
0.0,0.0
0.0,0.0
0.0,0.0
0.0,0.0
0.0,0.0
347.2333237400566,0.0
0.0,0.0
0.0,0.0
0.0,0.0
0.0,0.0
0.0,0.0
0.0,0.0
0.0,0.0
0.0,0.0
0.0,0.0
0.0,0.0
4555.44,0.0
5648.7456,0.0
5911.138944,0.0
155.42429717706182,0.0
155.42429717706182,0.0
155.42429717706182,0.0
155.42429717706182,0.0
155.42429717706182,0.0
155.42429717706182,0.0
155.42429717706182,0.0
155.42429717706182,0.0
155.42429717706182,0.0
155.42429717706182,0.0
155.42429717706182,0.0
0.0,0.0
0.0,0.0
0.0,0.0
0.0,0.0
0.0,0.0
0.0,0.0
0.0,0.0
392.32997889600983,0.0
0.0,0.0
0.0,0.0
4555.44,0.0
5648.7456,0.0
5911.138944,0.0
5974.11334656,0.0
1576.2413828449244,0.0
1576.2413828449244,0.0
0.0,0.0
254.75443651504204,0.0
254.75443651504204,0.0
0.0,0.0
0.0,0.0
0.0,0.0
4555.44,0.0
5648.7456,0.0
5911.138944,0.0
2168.7419236441037,0.0
0.0,0.0
0.0,0.0
0.0,0.0
0.0,0.0
0.0,0.0
4555.44,0.0
4555.44,0.0
4555.44,0.0
4555.44,0.0
5648.7456,0.0
5911.138944,0.0
5974.11334656,0.0
5989.2272031744,0.0
5992.854528761856,0.0
5993.725086902846,0.0
5993.934020856683,0.0
5993.984165005604,0.0
5993.996199601345,0.0
5993.999087904323,0.0
5993.999781097037,0.0
5993.999947463289,0.0
5993.999987391189,0.0
5993.999996973886,0.0
0.0,0.0
0.0,0.0
0.0,0.0
0.0,0.0
0.0,0.0
0.0,0.0
0.0,0.0
0.0,0.0
0.0,0.0
0.0,0.0
0.0,0.0
0.0,0.0
0.0,0.0
0.0,0.0
0.0,0.0
0.0,0.0
0.0,0.0
0.0,0.0
0.0,0.0
0.0,0.0
0.0,0.0
4075.6681228578364,0.0
5533.6003494858805,0.0
5883.504083876612,0.0
0.0,0.0
0.0,0.0
0.0,0.0
0.0,0.0
0.0,0.0
0.0,0.0
0.0,0.0
0.0,0.0
0.0,0.0
2461.020972459414,0.0
5146.08503339026,0.0
5790.500408013662,0.0
0.0,0.0
0.0,0.0
0.0,0.0
4555.44,0.0
5648.7456,0.0
5911.138944,0.0
5974.11334656,0.0
5974.11334656,0.0
0.0,0.0
4081.6985197167783,0.0
5535.047644732027,0.0
3026.4363286298867,0.0
3026.4363286298867,0.0
3026.4363286298867,0.0
0.0,0.0
0.0,0.0
0.0,0.0
0.0,0.0
0.0,0.0
0.0,0.0
0.0,0.0
2099.00618615411,0.0
5059.201484676986,0.0
5633.7062644658545,0.0
0.0,0.0
0.0,0.0
0.0,0.0
0.0,0.0
0.0,0.0
0.0,0.0
0.0,0.0
0.0,0.0
0.0,0.0
0.0,0.0
2931.672685281781,0.0
3378.1086972732965,0.0
3378.1086972732965,0.0
3378.1086972732965,0.0
3378.1086972732965,0.0
0.0,0.0
0.0,0.0
0.0,0.0
0.0,0.0
0.0,0.0
0.0,0.0
0.0,0.0
842.4481413495664,0.0
842.4481413495664,0.0
842.4481413495664,0.0
842.4481413495664,0.0
842.4481413495664,0.0
842.4481413495664,0.0
842.4481413495664,0.0
842.4481413495664,0.0
842.4481413495664,0.0
842.4481413495664,0.0
842.4481413495664,0.0
842.4481413495664,0.0
842.4481413495664,0.0
842.4481413495664,0.0
842.4481413495664,0.0
842.4481413495664,0.0
842.4481413495664,0.0
842.4481413495664,0.0
842.4481413495664,0.0
842.4481413495664,0.0
842.4481413495664,0.0
842.4481413495664,0.0
842.4481413495664,0.0
842.4481413495664,0.0
842.4481413495664,0.0
0.0,0.0
0.0,0.0
0.0,0.0
0.0,0.0
0.0,0.0
0.0,0.0
4555.44,0.0
5648.7456,0.0
5911.138944,0.0
5974.11334656,0.0
5989.2272031744,0.0
5992.854528761856,0.0
5993.725086902846,0.0
5993.934020856683,0.0
5993.984165005604,0.0
5993.996199601345,0.0
5993.999087904323,0.0
5993.999781097037,0.0
5993.999947463289,0.0
5993.999987391189,0.0
5781.188652158702,0.0
2279.078214181749,0.0
2279.078214181749,0.0
2279.078214181749,0.0
0.0,0.0
0.0,0.0
0.0,0.0
0.0,0.0
0.0,0.0
0.0,0.0
0.0,0.0
41.575941388405624,0.0
0.0,0.0
0.0,0.0
3545.8312697308074,0.0
5406.439504735394,0.0
5852.985481136495,0.0
3965.456871910237,0.0
3965.456871910237,0.0
3965.456871910237,0.0
1085.2484696817355,0.0
1085.2484696817355,0.0
1085.2484696817355,0.0
1085.2484696817355,0.0
1085.2484696817355,0.0
1085.2484696817355,0.0
1085.2484696817355,0.0
1085.2484696817355,0.0
1085.2484696817355,0.0
1085.2484696817355,0.0
1085.2484696817355,0.0
1085.2484696817355,0.0
1085.2484696817355,0.0
1085.2484696817355,0.0
1085.2484696817355,0.0
1085.2484696817355,0.0
1085.2484696817355,0.0
1085.2484696817355,0.0
1085.2484696817355,0.0
1085.2484696817355,0.0
1085.2484696817355,0.0
1085.2484696817355,0.0
1085.2484696817355,0.0
1085.2484696817355,0.0
1085.2484696817355,0.0
1085.2484696817355,0.0
1085.2484696817355,0.0
1085.2484696817355,0.0
1085.2484696817355,0.0
1085.2484696817355,0.0
1085.2484696817355,0.0
1085.2484696817355,0.0
1085.2484696817355,0.0
1085.2484696817355,0.0
1085.2484696817355,0.0
1085.2484696817355,0.0
1085.2484696817355,0.0
1085.2484696817355,0.0
1085.2484696817355,0.0
1085.2484696817355,0.0
1085.2484696817355,0.0
1085.2484696817355,0.0
1160.416641492299,0.0
1374.1579344245856,0.0
0.0,0.0
0.0,0.0
0.0,0.0
0.0,0.0
0.0,0.0
0.0,0.0
0.0,0.0
0.0,0.0
0.0,0.0
0.0,0.0
687.3418884711177,0.0
3614.5721391182187,0.0
4424.597305909306,0.0
4424.597305909306,0.0
4424.597305909306,0.0
4424.597305909306,0.0
0.0,0.0
0.0,0.0
0.0,0.0
0.0,0.0
0.0,0.0
0.0,0.0
0.0,0.0
0.0,0.0
0.0,0.0
0.0,0.0
0.0,0.0
0.0,0.0
0.0,0.0
0.0,0.0
0.0,0.0
0.0,0.0
0.0,0.0
0.0,0.0
0.0,0.0
0.0,0.0
0.0,0.0
0.0,0.0
0.0,0.0
0.0,0.0
0.0,0.0
0.0,0.0
0.0,0.0
0.0,0.0
0.0,0.0
0.0,0.0
0.0,0.0
0.0,0.0
0.0,0.0
0.0,0.0
0.0,0.0
0.0,0.0
0.0,0.0
0.0,0.0
0.0,0.0
0.0,0.0
0.0,0.0
0.0,0.0
0.0,0.0
0.0,0.0
0.0,0.0
0.0,0.0
0.0,0.0
0.0,0.0
0.0,0.0
0.0,0.0
0.0,0.0
0.0,0.0
0.0,0.0
0.0,0.0
0.0,0.0
0.0,0.0
0.0,0.0
0.0,0.0
0.0,0.0
0.0,0.0
0.0,0.0
0.0,0.0
0.0,0.0
0.0,0.0
0.0,0.0
0.0,0.0
0.0,0.0
0.0,0.0
0.0,0.0
0.0,0.0
0.0,0.0
0.0,0.0
0.0,0.0
0.0,0.0
0.0,0.0
0.0,0.0
0.0,0.0
0.0,0.0
0.0,0.0
0.0,0.0
0.0,0.0
0.0,0.0
0.0,0.0
0.0,0.0
0.0,0.0
0.0,0.0
0.0,0.0
0.0,0.0
0.0,0.0
0.0,0.0
0.0,0.0
0.0,0.0
0.0,0.0
0.0,0.0
0.0,0.0
0.0,0.0
0.0,0.0
0.0,0.0
0.0,0.0
4555.44,0.0
5648.7456,0.0
5911.138944,0.0
5974.11334656,0.0
5989.2272031744,0.0
5992.854528761856,0.0
4137.397186146525,0.0
5548.415324675167,0.0
5887.05967792204,0.0
5968.334322701289,0.0
5987.840237448309,0.0
5992.521656987594,0.0
5993.645197677022,0.0
5993.914847442486,0.0
5993.979563386197,0.0
5993.995095212687,0.0
5993.998822851045,0.0
5993.999717484251,0.0
5993.9999321962205,0.0
5993.9999321962205,0.0
2123.725217304691,0.0
2123.725217304691,0.0
0.0,0.0
2811.6501213986676,0.0
5230.23602913568,0.0
2764.746896522469,0.0
0.0,0.0
0.0,0.0
4555.44,0.0
5648.7456,0.0
5911.138944,0.0
5974.11334656,0.0
5989.2272031744,0.0
5992.854528761856,0.0
5993.725086902846,0.0
5993.934020856683,0.0
5993.984165005604,0.0
5993.996199601345,0.0
5283.560157285854,0.0
5410.297734271677,0.0
5853.9114562252025,0.0
5960.378749494049,0.0
5985.930899878572,0.0
5992.063415970857,0.0
5993.535219833006,0.0
5993.888452759921,0.0
5993.973228662381,0.0
5993.993574878971,0.0
5993.9984579709535,0.0
4462.824691687431,0.0
0.0,0.0
0.0,0.0
4488.588979601407,0.0
5632.701355104337,0.0
611.9141246387035,0.0
0.0,0.0
1283.5255024575636,0.0
4863.486120589815,0.0
5722.676668941555,0.0
5928.882400545974,0.0
5978.371776131034,0.0
5990.249226271448,0.0
5993.099814305147,0.0
5993.783955433235,0.0
5993.948149303971,0.0
5993.987555832953,0.0
3956.331231500286,0.0
0.0,0.0
0.0,0.0
2921.896748541574,0.0
5256.695219649978,0.0
5817.046852715995,0.0
5951.531244651838,0.0
3975.534262029627,0.0
0.0,0.0
0.0,0.0
2423.147807580311,0.0
2423.147807580311,0.0
2423.147807580311,0.0
2423.147807580311,0.0
2423.147807580311,0.0
590.4322037170909,0.0
590.4322037170909,0.0
590.4322037170909,0.0
590.4322037170909,0.0
590.4322037170909,0.0
590.4322037170909,0.0
590.4322037170909,0.0
590.4322037170909,0.0
0.0,0.0
0.0,0.0
0.0,0.0
0.0,0.0
1060.5487162771606,0.0
4809.971691906519,0.0
5709.833206057565,0.0
5925.799969453816,0.0
5977.631992668916,0.0
5990.07167824054,0.0
5993.05720277773,0.0
5993.773728666655,0.0
1651.6028901697528,0.0
1651.6028901697528,0.0
1651.6028901697528,0.0
1651.6028901697528,0.0
1651.6028901697528,0.0
1651.6028901697528,0.0
1651.6028901697528,0.0
2126.9370513605995,0.0
2126.9370513605995,0.0
0.0,0.0
0.0,0.0
0.0,0.0
0.0,0.0
0.0,0.0
0.0,0.0
4555.44,0.0
5648.7456,0.0
5911.138944,0.0
5974.11334656,0.0
5989.2272031744,0.0
5992.854528761856,0.0
5993.725086902846,0.0
5993.934020856683,0.0
5993.984165005604,0.0
5993.996199601345,0.0
0.0,0.0
0.0,0.0
0.0,0.0
0.0,0.0
0.0,0.0
0.0,0.0
0.0,0.0
0.0,0.0
0.0,0.0
0.0,0.0
4555.44,0.0
5648.7456,0.0
0.0,0.0
0.0,0.0
0.0,0.0
0.0,0.0
0.0,0.0
0.0,0.0
0.0,0.0
0.0,0.0
0.0,0.0
0.0,0.0
0.0,0.0
0.0,0.0
0.0,0.0
0.0,0.0
0.0,0.0
0.0,0.0
0.0,0.0
0.0,0.0
0.0,0.0
0.0,0.0
0.0,0.0
0.0,0.0
0.0,0.0
0.0,0.0
0.0,0.0
0.0,0.0
0.0,0.0
0.0,0.0
0.0,0.0
0.0,0.0
0.0,0.0
0.0,0.0
0.0,0.0
0.0,0.0
0.0,0.0
0.0,0.0
0.0,0.0
0.0,0.0
0.0,0.0
0.0,0.0
0.0,0.0
0.0,0.0
0.0,0.0
0.0,0.0
0.0,0.0
0.0,0.0
0.0,0.0
0.0,0.0
0.0,0.0
0.0,0.0
0.0,0.0
0.0,0.0
0.0,0.0
0.0,0.0
0.0,0.0
0.0,0.0
0.0,0.0
0.0,0.0
0.0,0.0
0.0,0.0
4555.44,0.0
4555.44,0.0
4555.44,0.0
4555.44,0.0
4555.44,0.0
4555.44,0.0
4555.44,0.0
4555.44,0.0
4555.44,0.0
2387.151654519599,0.0
2387.151654519599,0.0
2387.151654519599,0.0
2387.151654519599,0.0
2387.151654519599,0.0
2387.151654519599,0.0
2387.151654519599,0.0
2387.151654519599,0.0
2387.151654519599,0.0
2387.151654519599,0.0
2387.151654519599,0.0
2387.151654519599,0.0
2387.151654519599,0.0
2387.151654519599,0.0
2387.151654519599,0.0
2387.151654519599,0.0
2387.151654519599,0.0
2387.151654519599,0.0
2387.151654519599,0.0
2387.151654519599,0.0
2387.151654519599,0.0
2387.151654519599,0.0
2387.151654519599,0.0
2387.151654519599,0.0
2387.151654519599,0.0
2387.151654519599,0.0
2387.151654519599,0.0
2387.151654519599,0.0
2387.151654519599,0.0
2387.151654519599,0.0
2387.151654519599,0.0
2387.151654519599,0.0
2387.151654519599,0.0
2387.151654519599,0.0
2387.151654519599,0.0
2387.151654519599,0.0
2387.151654519599,0.0
2387.151654519599,0.0
2387.151654519599,0.0
2387.151654519599,0.0
2387.151654519599,0.0
3404.215966357988,0.0
3404.215966357988,0.0
3404.215966357988,0.0
3404.215966357988,0.0
3404.215966357988,0.0
5372.451831925917,0.0
3258.4490074326404,0.0
3258.4490074326404,0.0
5099.950866623258,0.0
5099.950866623258,0.0
5099.950866623258,0.0
5099.950866623258,0.0
5099.950866623258,0.0
5099.950866623258,0.0
5099.950866623258,0.0
5099.950866623258,0.0
5099.950866623258,0.0
5099.950866623258,0.0
5779.428207989582,0.0
5779.428207989582,0.0
5779.428207989582,0.0
5779.428207989582,0.0
5779.428207989582,0.0
5779.428207989582,0.0
5942.5027699175,0.0
5942.5027699175,0.0
5942.5027699175,0.0
5981.6406647802,0.0
5991.033759547248,0.0
5991.033759547248,0.0
5991.033759547248,0.0
5991.033759547248,0.0
5993.28810229134,0.0
5993.829144549922,0.0
5993.958994691981,0.0
5993.990158726076,0.0
5993.997638094258,0.0
5993.999433142622,0.0
5993.999863954229,0.0
5993.999967349015,0.0
5993.999992163764,0.0
5993.999998119303,0.0
5993.999999548632,0.0
5993.999999891668,0.0
5993.999999974,0.0
5942.275827723916,0.0
0.0,0.0
0.0,0.0
0.0,0.0
0.0,0.0
0.0,0.0
0.0,0.0
0.0,0.0
0.0,0.0
0.0,0.0
0.0,0.0
0.0,0.0
0.0,0.0
0.0,0.0
0.0,0.0
0.0,0.0
0.0,0.0
0.0,0.0
0.0,0.0
0.0,0.0
0.0,0.0
0.0,0.0
0.0,0.0
4555.44,0.0
4555.44,0.0
4555.44,0.0
4555.44,0.0
4555.44,0.0
4555.44,0.0
4555.44,0.0
4555.44,0.0
4555.44,0.0
4555.44,0.0
4555.44,0.0
4555.44,0.0
4555.44,0.0
4555.44,0.0
4555.44,0.0
4555.44,0.0
4555.44,0.0
4555.44,0.0
4555.44,0.0
4555.44,0.0
4555.44,0.0
4555.44,0.0
4555.44,0.0
4555.44,0.0
4555.44,0.0
4555.44,0.0
4555.44,0.0
4555.44,0.0
4555.44,0.0
5648.7456,0.0
5648.7456,0.0
5648.7456,0.0
5648.7456,0.0
5648.7456,0.0
5648.7456,0.0
5648.7456,0.0
5911.138944,0.0
5911.138944,0.0
5911.138944,0.0
5911.138944,0.0
5911.138944,0.0
5911.138944,0.0
5911.138944,0.0
5911.138944,0.0
5974.11334656,0.0
5989.2272031744,0.0
3899.5555753529625,0.0
5491.333338084711,0.0
5873.3600011403305,0.0
5965.046400273679,0.0
5987.051136065683,0.0
5992.3322726557635,0.0
5993.599745437383,0.0
5993.903938904972,0.0
5993.976945337194,0.0
5993.994466880927,0.0
5993.998672051423,0.0
5993.999681292342,0.0
5993.999923510162,0.0
5993.999981642439,0.0
5993.999995594182,0.0
5993.999998942603,0.0
0.0,0.0
0.0,0.0
0.0,0.0
0.0,0.0
0.0,0.0
0.0,0.0
0.0,0.0
0.0,0.0
0.0,0.0
0.0,0.0
0.0,0.0
0.0,0.0
0.0,0.0
0.0,0.0
0.0,0.0
0.0,0.0
0.0,0.0
0.0,0.0
0.0,0.0
0.0,0.0
0.0,0.0
0.0,0.0
0.0,0.0
0.0,0.0
2925.6636891903254,0.0
2925.6636891903254,0.0
2925.6636891903254,0.0
2925.6636891903254,0.0
2925.6636891903254,0.0
5257.5992854056785,0.0
5817.263828497363,0.0
5951.583318839367,0.0
5951.583318839367,0.0
5983.819996521448,0.0
5991.556799165148,0.0
5993.413631799635,0.0
5993.859271631913,0.0
5993.966225191659,0.0
5993.991894045998,0.0
5993.99805457104,0.0
5993.99953309705,0.0
5993.9998879432915,0.0
5993.99997310639,0.0
5993.9999935455335,0.0
5993.999998450928,0.0
5993.999999628222,0.0
5993.999999910775,0.0
5993.999999978586,0.0
0.0,0.0
0.0,0.0
0.0,0.0
0.0,0.0
1595.6674154766647,0.0
2099.254180553078,0.0
1887.6381303482995,0.0
0.0,0.0
0.0,0.0
0.0,0.0
0.0,0.0
0.0,0.0
0.0,0.0
0.0,0.0
0.0,0.0
0.0,0.0
0.0,0.0
0.0,0.0
4555.44,0.0
5648.7456,0.0
5911.138944,0.0
5974.11334656,0.0
5989.2272031744,0.0
5992.854528761856,0.0
5993.725086902846,0.0
5993.934020856683,0.0
5993.984165005604,0.0
5993.996199601345,0.0
5993.999087904323,0.0
5993.999781097037,0.0
5993.999947463289,0.0
5993.999987391189,0.0
5993.999996973886,0.0
5993.999999273732,0.0
5994.0,0.0
5994.0,0.0
5994.0,0.0
5994.0,0.0
5994.0,0.0
5994.0,0.0
5994.0,0.0
5994.0,0.0
5994.0,0.0
5994.0,0.0
5994.0,0.0
5994.0,0.0
5994.0,0.0
5994.0,0.0
5994.0,0.0
5994.0,0.0
5994.0,0.0
5994.0,0.0
5994.0,0.0
5994.0,0.0
5994.0,0.0
5994.0,0.0
3946.7519963678715,0.0
1457.551166700965,0.0
3495.34338300988,0.0
5394.322411922371,0.0
5850.077378861369,0.0
3696.270066272259,0.0
2214.361424731429,0.0
0.0,0.0
0.0,0.0
0.0,0.0
0.0,0.0
0.0,0.0
0.0,0.0
0.0,0.0
4555.44,0.0
5648.7456,0.0
5911.138944,0.0
5974.11334656,0.0
5989.2272031744,0.0
5992.854528761856,0.0
5993.725086902846,0.0
5993.934020856683,0.0
5993.984165005604,0.0
5993.996199601345,0.0
5993.999087904323,0.0
5993.999781097037,0.0
5993.999947463289,0.0
5993.999987391189,0.0
0.0,0.0
0.0,0.0
0.0,0.0
0.0,0.0
0.0,0.0
0.0,0.0
0.0,0.0
0.0,0.0
0.0,0.0
0.0,0.0
0.0,0.0
0.0,0.0
0.0,0.0
0.0,0.0
0.0,0.0
0.0,0.0
0.0,0.0
0.0,0.0
0.0,0.0
0.0,0.0
0.0,0.0
0.0,0.0
0.0,0.0
0.0,0.0
0.0,0.0
0.0,0.0
0.0,0.0
0.0,0.0
0.0,0.0
0.0,0.0
0.0,0.0
4555.44,0.0
4555.44,0.0
4555.44,0.0
4555.44,0.0
4555.44,0.0
5648.7456,0.0
5911.138944,0.0
5974.11334656,0.0
5989.2272031744,0.0
5992.854528761856,0.0
5993.725086902846,0.0
5993.934020856683,0.0
5993.984165005604,0.0
5993.996199601345,0.0
5993.999087904323,0.0
5993.999781097037,0.0
5993.999947463289,0.0
5993.999987391189,0.0
5993.999987391189,0.0
5993.999987391189,0.0
0.0,0.0
0.0,0.0
0.0,0.0
845.8889562286568,0.0
845.8889562286568,0.0
4758.453349494877,0.0
5697.468803878771,0.0
5922.832512930905,0.0
5976.9198031034175,0.0
5989.90075274482,0.0
5993.016180658757,0.0
5993.763883358101,0.0
5993.943332005944,0.0
5993.9863996814265,0.0
5993.9967359235425,0.0
5993.99921662165,0.0
5993.999811989196,0.0
5993.999954877407,0.0
5993.9999891705775,0.0
5993.999997400939,0.0
5993.999999376225,0.0
5993.999999893332,0.0
5993.999999893332,0.0
5993.999999893332,0.0
5993.999999893332,0.0
5993.999999893332,0.0
5993.999999893332,0.0
5993.999999893332,0.0
5993.999999893332,0.0
5993.999999893332,0.0
5993.999999893332,0.0
5993.999999893332,0.0
5993.999999893332,0.0
5993.999999893332,0.0
5993.999999893332,0.0
5993.999999893332,0.0
5993.999999893332,0.0
5993.999999893332,0.0
5993.999999893332,0.0
5993.999999893332,0.0
5993.999999893332,0.0
5993.999999893332,0.0
5993.999999893332,0.0
5993.999999893332,0.0
5993.999999893332,0.0
5993.999999893332,0.0
5833.862881139976,0.0
5955.567091473594,0.0
5984.776101953663,0.0
5991.786264468879,0.0
5993.468703472531,0.0
5993.872488833407,0.0
5993.969397320017,0.0
5993.992655356804,0.0
5993.998237285633,0.0
5993.999576948552,0.0
5993.999898467652,0.0
5993.999975632237,0.0
5993.999994151737,0.0
5993.999998596417,0.0
5993.99999966314,0.0
5993.999999919154,0.0
5993.999999919154,0.0
5993.999999919154,0.0
0.0,0.0
0.0,0.0
0.0,0.0
0.0,0.0
915.8921971970258,0.0
915.8921971970258,0.0
915.8921971970258,0.0
915.8921971970258,0.0
915.8921971970258,0.0
915.8921971970258,0.0
915.8921971970258,0.0
915.8921971970258,0.0
915.8921971970258,0.0
915.8921971970258,0.0
915.8921971970258,0.0
915.8921971970258,0.0
915.8921971970258,0.0
915.8921971970258,0.0
915.8921971970258,0.0
915.8921971970258,0.0
915.8921971970258,0.0
915.8921971970258,0.0
915.8921971970258,0.0
915.8921971970258,0.0
915.8921971970258,0.0
915.8921971970258,0.0
915.8921971970258,0.0
915.8921971970258,0.0
915.8921971970258,0.0
915.8921971970258,0.0
915.8921971970258,0.0
915.8921971970258,0.0
0.0,0.0
0.0,0.0
317.5103397217985,0.0
317.5103397217985,0.0
0.0,0.0
0.0,0.0
0.0,0.0
587.5178496328185,0.0
4292.6686135319105,0.0
5585.680467247658,0.0
5896.003312139438,0.0
5970.480794913465,0.0
5988.355390779231,0.0
5992.645293787015,0.0
5993.674870508884,0.0
5993.921968922132,0.0
5993.981272541311,0.0
4462.635919938149,0.0
5626.472620785155,0.0
5905.793428988436,0.0
5972.830422957225,0.0
2867.7559547796127,0.0
0.0,0.0
0.0,0.0
0.0,0.0
0.0,0.0
0.0,0.0
0.0,0.0
0.0,0.0
0.0,0.0
0.0,0.0
0.0,0.0
0.0,0.0
0.0,0.0
0.0,0.0
4555.44,0.0
4555.44,0.0
4555.44,0.0
4555.44,0.0
4555.44,0.0
4555.44,0.0
4555.44,0.0
4555.44,0.0
5648.7456,0.0
5648.7456,0.0
5648.7456,0.0
5648.7456,0.0
5648.7456,0.0
5648.7456,0.0
5648.7456,0.0
5648.7456,0.0
5648.7456,0.0
5648.7456,0.0
5648.7456,0.0
5648.7456,0.0
5648.7456,0.0
5648.7456,0.0
5648.7456,0.0
5648.7456,0.0
5648.7456,0.0
5648.7456,0.0
5648.7456,0.0
5648.7456,0.0
5911.138944,0.0
5911.138944,0.0
5911.138944,0.0
5911.138944,0.0
5911.138944,0.0
5911.138944,0.0
5911.138944,0.0
5911.138944,0.0
5911.138944,0.0
5911.138944,0.0
5911.138944,0.0
5911.138944,0.0
5911.138944,0.0
5911.138944,0.0
5911.138944,0.0
5911.138944,0.0
5974.11334656,0.0
5974.11334656,0.0
5974.11334656,0.0
5974.11334656,0.0
5989.2272031744,0.0
5989.2272031744,0.0
5989.2272031744,0.0
5989.2272031744,0.0
5992.854528761856,0.0
5992.854528761856,0.0
5992.854528761856,0.0
5992.854528761856,0.0
5993.725086902846,0.0
5993.725086902846,0.0
5993.725086902846,0.0
5993.725086902846,0.0
5993.934020856683,0.0
5993.934020856683,0.0
5993.934020856683,0.0
5993.934020856683,0.0
5993.984165005604,0.0
5993.984165005604,0.0
5993.984165005604,0.0
5993.984165005604,0.0
5993.996199601345,0.0
5993.996199601345,0.0
5993.996199601345,0.0
5993.996199601345,0.0
5993.999087904323,0.0
5993.999087904323,0.0
5993.999087904323,0.0
5993.999087904323,0.0
5993.999781097037,0.0
5993.999947463289,0.0
5993.999987391189,0.0
5993.999996973886,0.0
5993.999999273732,0.0
5993.999999825695,0.0
5993.999999958167,0.0
5993.99999998996,0.0
5993.999999997591,0.0
5993.999999999422,0.0
5993.999999999861,0.0
5993.999999999966,0.0
5993.999999999992,0.0
5993.999999999998,0.0
5994.0,0.0
5994.0,0.0
0.0,0.0
0.0,0.0
1357.782160385581,0.0
1357.782160385581,0.0
1357.782160385581,0.0
1357.782160385581,0.0
1357.782160385581,0.0
4881.30771849254,0.0
5726.95385243821,0.0
5929.90892458517,0.0
5978.618141900441,0.0
5990.308354056106,0.0
5993.114004973465,0.0
5993.787361193632,0.0
5993.948966686472,0.0
5993.987752004753,0.0
5993.997060481141,0.0
5993.999294515474,0.0
5993.999830683713,0.0
5993.999959364091,0.0
5993.999990247382,0.0
5993.999997659372,0.0
4350.936279367728,0.0
4350.936279367728,0.0
4262.879895136171,0.0
4262.879895136171,0.0
0.0,0.0
0.0,0.0
0.0,0.0
0.0,0.0
0.0,0.0
0.0,0.0
0.0,0.0
0.0,0.0
0.0,0.0
0.0,0.0
0.0,0.0
0.0,0.0
0.0,0.0
0.0,0.0
0.0,0.0
0.0,0.0
0.0,0.0
0.0,0.0
0.0,0.0
4555.44,0.0
4555.44,0.0
4555.44,0.0
4555.44,0.0
5648.7456,0.0
5911.138944,0.0
5974.11334656,0.0
5989.2272031744,0.0
5992.854528761856,0.0
5993.725086902846,0.0
5993.934020856683,0.0
5993.984165005604,0.0
5993.996199601345,0.0
5993.999087904323,0.0
5993.999781097037,0.0
5993.999947463289,0.0
5993.999987391189,0.0
5993.999996973886,0.0
5993.999999273732,0.0
0.0,0.0
0.0,0.0
0.0,0.0
0.0,0.0
0.0,0.0
0.0,0.0
0.0,0.0
0.0,0.0
0.0,0.0
0.0,0.0
0.0,0.0
0.0,0.0
0.0,0.0
0.0,0.0
