PumpedStor,BatteryStor
3228.0,0.0
3228.0,0.0
774.7199999999998,0.0
185.93280000000004,0.0
44.62387200000012,0.0
10.70972927999992,0.0
2.5703350272001444,0.0
0.0,0.0
0.0,0.0
0.0,0.0
0.0,0.0
0.0,0.0
0.0,0.0
0.0,0.0
0.0,0.0
0.0,0.0
0.0,0.0
0.0,0.0
0.0,0.0
0.0,0.0
0.0,0.0
0.0,0.0
0.0,0.0
0.0,0.0
0.0,0.0
0.6168804065282529,0.0
0.1480512975667807,0.0
0.0,0.0
0.0,0.0
0.0,0.0
0.0,0.0
0.0,0.0
0.0,0.0
0.0,0.0
0.0,0.0
0.0,0.0
0.0,0.0
0.0,0.0
0.0,0.0
0.0,0.0
0.0,0.0
0.0,0.0
0.0,0.0
0.0,0.0
0.0,0.0
0.0,0.0
0.0,0.0
0.0,0.0
0.0,0.0
0.0,0.0
0.0,0.0
0.0,0.0
0.0,0.0
0.0,0.0
0.0,0.0
0.0,0.0
0.0,0.0
0.0,0.0
0.0,0.0
0.0,0.0
0.0,0.0
0.0,0.0
0.0,0.0
0.0,0.0
0.0,0.0
0.0,0.0
0.0,0.0
0.0,0.0
0.0,0.0
0.0,0.0
0.0,0.0
0.0,0.0
0.0,0.0
0.0,0.0
0.0,0.0
0.0,0.0
0.0,0.0
0.0,0.0
0.0,0.0
0.0,0.0
0.0,0.0
0.0,0.0
0.0,0.0
0.0,0.0
0.0,0.0
0.0,0.0
0.0,0.0
0.0,0.0
0.0,0.0
0.0,0.0
0.0,0.0
0.0,0.0
0.0,0.0
0.0,0.0
3228.0,0.0
0.0,0.0
0.0,0.0
0.0,0.0
774.7199999999998,0.0
185.93280000000004,0.0
44.62387200000012,0.0
10.70972927999992,-3.637978807091713e-12
2.5703350272001444,0.0
0.6168804065282529,0.0
0.1480512975667807,0.0
0.03553231141586366,0.0
0.008527754739589,0.0
0.002046661137683259,0.0
0.0004911986729894124,0.0
0.00011788768142650952,0.0
2.8293043669691542e-5,0.0
6.7903306444350164e-6,0.0
1.6296794456138741e-6,0.0
3.9112319427658804e-7,0.0
9.386940291733481e-8,0.0
0.0,0.0
0.0,0.0
0.0,0.0
0.0,0.0
0.0,0.0
0.0,0.0
0.0,0.0
0.0,0.0
0.0,0.0
0.0,0.0
0.0,0.0
0.0,0.0
0.0,0.0
0.0,0.0
0.0,0.0
0.0,0.0
0.0,0.0
0.0,0.0
0.0,0.0
0.0,0.0
0.0,0.0
0.0,0.0
0.0,0.0
0.0,0.0
0.0,0.0
0.0,0.0
0.0,0.0
0.0,0.0
3228.0,0.0
774.7199999999998,0.0
185.93280000000004,0.0
44.62387200000012,0.0
10.70972927999992,0.0
0.0,0.0
0.0,0.0
0.0,0.0
0.0,0.0
0.0,0.0
0.0,0.0
0.0,0.0
0.0,0.0
0.0,0.0
0.0,0.0
0.0,0.0
0.0,0.0
0.0,0.0
0.0,0.0
0.0,0.0
0.0,0.0
0.0,0.0
0.0,0.0
0.0,0.0
0.0,0.0
0.0,0.0
0.0,0.0
0.0,0.0
0.0,0.0
0.0,0.0
0.0,0.0
0.0,0.0
0.0,0.0
0.0,0.0
0.0,0.0
0.0,0.0
0.0,0.0
0.0,0.0
760.4900054939062,0.0
2650.027595824631,0.0
0.0,0.0
1139.9096457864562,0.0
273.5783149887493,0.0
65.65879559730001,0.0
15.758110943352222,0.0
3.781946626404533,0.0
0.9076671903370879,0.0
0.0,0.0
0.0,0.0
0.0,0.0
0.0,0.0
0.0,0.0
0.0,0.0
0.0,0.0
0.0,0.0
0.0,0.0
0.0,0.0
0.0,0.0
0.0,0.0
0.0,0.0
0.0,0.0
0.0,0.0
0.0,0.0
0.0,0.0
0.0,0.0
0.0,0.0
0.0,0.0
0.0,0.0
0.0,0.0
0.0,0.0
0.0,0.0
0.0,0.0
0.0,0.0
0.0,0.0
0.0,0.0
0.0,0.0
0.0,0.0
0.0,0.0
0.0,0.0
0.0,0.0
0.0,0.0
0.0,0.0
0.0,0.0
0.0,0.0
0.0,0.0
0.0,0.0
0.0,0.0
0.0,0.0
0.0,0.0
0.0,0.0
0.0,0.0
0.0,0.0
0.0,0.0
0.0,0.0
0.0,0.0
0.0,0.0
0.0,0.0
0.0,0.0
0.0,0.0
0.0,0.0
0.0,0.0
0.0,0.0
0.0,0.0
0.0,0.0
0.0,0.0
0.0,0.0
0.0,0.0
0.0,0.0
0.0,0.0
0.0,0.0
0.0,0.0
0.0,0.0
0.0,0.0
0.0,0.0
0.0,0.0
0.0,0.0
0.0,0.0
0.0,0.0
0.0,0.0
0.0,0.0
0.0,0.0
0.0,0.0
0.0,0.0
0.0,0.0
0.0,0.0
0.0,0.0
0.0,0.0
0.0,0.0
0.0,0.0
0.0,0.0
0.0,0.0
0.0,0.0
0.0,0.0
0.0,0.0
0.0,0.0
0.0,0.0
0.0,0.0
0.0,0.0
0.0,0.0
0.0,0.0
0.0,0.0
0.0,0.0
0.0,0.0
0.0,0.0
0.0,0.0
0.0,0.0
0.0,0.0
0.0,0.0
0.0,0.0
0.0,0.0
0.0,0.0
0.0,0.0
0.0,0.0
0.0,0.0
0.0,0.0
0.0,0.0
0.0,0.0
0.0,0.0
0.0,0.0
0.0,0.0
0.0,0.0
0.0,0.0
0.0,0.0
0.0,0.0
0.0,0.0
0.0,0.0
0.0,0.0
0.0,0.0
0.0,0.0
0.0,0.0
0.0,0.0
0.0,0.0
0.0,0.0
0.0,0.0
0.0,0.0
3228.0,0.0
774.7199999999998,0.0
185.93280000000004,0.0
44.62387200000012,0.0
10.70972927999992,0.0
2.5703350272001444,0.0
0.6168804065282529,0.0
0.1480512975667807,0.0
0.03553231141586366,0.0
0.008527754739589,0.0
0.002046661137683259,0.0
0.0004911986729894124,0.0
0.00011788768142650952,0.0
2.8293043669691542e-5,0.0
0.0,0.0
0.0,0.0
0.0,0.0
0.0,0.0
0.0,0.0
0.0,0.0
0.0,0.0
0.0,0.0
0.0,0.0
0.0,0.0
0.0,0.0
0.0,0.0
486.25770749527874,0.0
2858.4441423035896,0.0
686.0265941528614,0.0
164.64638259668664,0.0
39.51513182320468,0.0
9.483631637569033,0.0
2.2760715930165683,0.0
0.0,0.0
0.0,0.0
0.0,0.0
0.0,0.0
0.0,0.0
0.0,0.0
0.0,0.0
0.0,0.0
0.0,0.0
0.0,0.0
0.0,0.0
1996.6231908736263,0.0
0.0,0.0
0.0,0.0
1035.2399335831506,0.0
2441.217650476806,0.0
0.0,0.0
0.0,0.0
0.0,0.0
0.0,0.0
0.0,0.0
736.175417961058,0.0
2668.5066823495945,0.0
640.441603763903,0.0
153.70598490333623,0.0
36.88943637680069,0.0
0.0,0.0
970.2634493246405,0.0
232.86322783791377,0.0
0.0,0.0
0.0,0.0
0.0,0.0
0.0,0.0
3228.0,0.0
774.7199999999998,0.0
185.93280000000004,0.0
44.62387200000012,0.0
10.70972927999992,0.0
2.5703350272001444,0.0
0.6168804065282529,0.0
0.1480512975667807,0.0
0.03553231141586366,0.0
0.008527754739589,0.0
0.0,0.0
0.0,0.0
0.0,0.0
2550.944769954225,0.0
0.0,0.0
0.0,0.0
0.0,0.0
0.0,0.0
0.0,0.0
0.0,0.0
0.0,0.0
0.0,0.0
0.0,0.0
0.0,0.0
0.0,0.0
0.0,0.0
0.0,0.0
0.0,0.0
0.0,0.0
0.0,0.0
0.0,0.0
0.0,0.0
0.0,0.0
0.0,0.0
0.0,0.0
0.0,0.0
0.0,0.0
0.0,0.0
0.0,0.0
0.0,0.0
0.0,0.0
0.0,0.0
0.0,0.0
0.0,0.0
0.0,0.0
0.0,0.0
0.0,0.0
0.0,0.0
0.0,0.0
0.0,0.0
0.0,0.0
0.0,0.0
0.0,0.0
0.0,0.0
0.0,0.0
0.0,0.0
0.0,0.0
0.0,0.0
0.0,0.0
0.0,0.0
0.0,0.0
0.0,0.0
0.0,0.0
0.0,0.0
0.0,0.0
0.0,0.0
0.0,0.0
0.0,0.0
0.0,0.0
0.0,0.0
0.0,0.0
0.0,0.0
0.0,0.0
0.0,0.0
0.0,0.0
0.0,0.0
0.0,0.0
0.0,0.0
0.0,0.0
0.0,0.0
0.0,0.0
0.0,0.0
0.0,0.0
0.0,0.0
0.0,0.0
0.0,0.0
0.0,0.0
0.0,0.0
0.0,0.0
0.0,0.0
0.0,0.0
0.0,0.0
0.0,0.0
0.0,0.0
0.0,0.0
0.0,0.0
0.0,0.0
0.0,0.0
0.0,0.0
0.0,0.0
0.0,0.0
0.0,0.0
0.0,0.0
1476.3344152695863,0.0
2105.9858443951125,0.0
505.43660265482686,0.0
121.30478463715826,0.0
29.11314831291793,0.0
6.987155595100376,0.0
1.6769173428242539,0.0
0.40246016227774817,0.0
0.09659043894680508,0.0
0.0231817053472696,0.0
0.005563609283399273,0.0
0.001335266228124965,0.0
0.0003204638946954219,0.0
7.691133472690126e-5,0.0
0.0,0.0
0.0,0.0
0.0,0.0
0.0,0.0
0.0,0.0
0.0,0.0
0.0,0.0
0.0,0.0
0.0,0.0
0.0,0.0
0.0,0.0
0.0,0.0
0.0,0.0
0.0,0.0
0.0,0.0
0.0,0.0
0.0,0.0
0.0,0.0
0.0,0.0
0.0,0.0
0.0,0.0
0.0,0.0
0.0,0.0
0.0,0.0
0.0,0.0
0.0,0.0
0.0,0.0
0.0,0.0
0.0,0.0
0.0,0.0
0.0,0.0
0.0,0.0
0.0,0.0
0.0,0.0
0.0,0.0
0.0,0.0
0.0,0.0
0.0,0.0
0.0,0.0
0.0,0.0
0.0,0.0
0.0,0.0
0.0,0.0
0.0,0.0
0.0,0.0
0.0,0.0
0.0,0.0
0.0,0.0
0.0,0.0
0.0,0.0
0.0,0.0
0.0,0.0
0.0,0.0
0.0,0.0
0.0,0.0
0.0,0.0
3228.0,0.0
774.7199999999998,0.0
185.93280000000004,0.0
0.0,0.0
0.0,0.0
0.0,0.0
0.0,0.0
0.0,0.0
0.0,0.0
0.0,0.0
0.0,0.0
0.0,0.0
0.0,0.0
0.0,0.0
0.0,0.0
0.0,0.0
0.0,0.0
0.0,0.0
0.0,0.0
0.0,0.0
0.0,0.0
0.0,0.0
0.0,0.0
0.0,0.0
0.0,0.0
0.0,0.0
0.0,0.0
0.0,0.0
0.0,0.0
0.0,0.0
3228.0,0.0
774.7199999999998,0.0
185.93280000000004,0.0
44.62387200000012,0.0
0.0,0.0
0.0,0.0
0.0,0.0
2314.8951063981476,0.0
0.0,0.0
0.0,0.0
0.0,0.0
0.0,0.0
0.0,0.0
1282.4926994290909,0.0
1765.767124391743,0.0
0.0,0.0
0.0,0.0
0.0,0.0
0.0,0.0
0.0,0.0
0.0,0.0
0.0,0.0
0.0,0.0
0.0,0.0
0.0,0.0
0.0,0.0
0.0,0.0
0.0,0.0
0.0,0.0
0.0,0.0
0.0,0.0
3228.0,0.0
774.7199999999998,0.0
0.0,0.0
0.0,0.0
0.0,0.0
0.0,0.0
0.0,0.0
0.0,0.0
0.0,0.0
0.0,0.0
0.0,0.0
0.0,0.0
165.42879201374672,0.0
0.0,0.0
0.0,0.0
0.0,0.0
2201.032988523577,0.0
1555.2149287220818,0.0
373.25158289329966,0.0
89.58037989439191,0.0
0.0,0.0
0.0,0.0
0.0,0.0
0.0,0.0
0.0,0.0
0.0,0.0
0.0,0.0
0.0,0.0
0.0,0.0
0.0,0.0
0.0,0.0
0.0,0.0
0.0,0.0
0.0,0.0
0.0,0.0
0.0,0.0
0.0,0.0
0.0,0.0
0.0,0.0
0.0,0.0
3104.0463965419513,0.0
868.9247386281204,0.0
208.5419372707488,0.0
50.05006494497957,0.0
12.012015586795314,0.0
2.8828837408309482,0.0
0.6918920977996095,0.0
0.1660541034719063,0.0
0.0,0.0
0.0,0.0
0.0,0.0
0.0,0.0
3228.0,0.0
774.7199999999998,0.0
185.93280000000004,0.0
44.62387200000012,0.0
10.70972927999992,0.0
0.0,0.0
0.0,0.0
3228.0,0.0
774.7199999999998,0.0
185.93280000000004,0.0
44.62387200000012,0.0
10.70972927999992,0.0
2.5703350272001444,0.0
0.6168804065282529,0.0
0.1480512975667807,0.0
0.03553231141586366,0.0
0.008527754739589,0.0
0.002046661137683259,0.0
0.0004911986729894124,0.0
0.00011788768142650952,0.0
2.8293043669691542e-5,0.0
6.7903306444350164e-6,0.0
0.0,0.0
0.0,0.0
0.0,0.0
0.0,0.0
0.0,0.0
0.0,0.0
3228.0,0.0
774.7199999999998,0.0
185.93280000000004,0.0
44.62387200000012,0.0
10.70972927999992,0.0
2.5703350272001444,0.0
0.6168804065282529,0.0
0.1480512975667807,0.0
0.03553231141586366,0.0
0.008527754739589,0.0
0.002046661137683259,0.0
0.0004911986729894124,0.0
0.00011788768097176217,0.0
0.0,0.0
0.0,0.0
3228.0,0.0
774.7199999999998,0.0
0.0,0.0
0.0,0.0
0.0,0.0
0.0,0.0
0.0,0.0
0.0,0.0
0.0,0.0
0.0,0.0
0.0,0.0
0.0,0.0
0.0,0.0
0.0,0.0
0.0,0.0
0.0,0.0
0.0,0.0
0.0,0.0
0.0,0.0
0.0,0.0
0.0,0.0
0.0,0.0
0.0,0.0
0.0,0.0
0.0,0.0
0.0,0.0
0.0,0.0
0.0,0.0
0.0,0.0
0.0,0.0
0.0,0.0
0.0,0.0
0.0,0.0
0.0,0.0
0.0,0.0
0.0,0.0
3228.0,0.0
774.7199999999998,0.0
185.93280000000004,0.0
0.0,0.0
0.0,0.0
0.0,0.0
0.0,0.0
0.0,0.0
0.0,0.0
0.0,0.0
0.0,0.0
0.0,0.0
0.0,0.0
0.0,0.0
0.0,0.0
0.0,0.0
502.48223375064845,0.0
2846.113502349508,0.0
683.067240563882,0.0
163.9361377353316,0.0
39.34467305647968,0.0
9.442721533554959,0.0
2.2662531680530265,0.0
0.54390076033269,0.0
0.13053618247977283,0.0
0.03132868379498177,0.0
0.007518884110795626,0.0
0.0,0.0
0.0,0.0
0.0,0.0
0.0,0.0
0.0,0.0
0.0,0.0
0.0,0.0
0.0,0.0
0.0,0.0
573.4466653958434,0.0
2792.1805342991593,0.0
670.123328231798,0.0
0.0,0.0
0.0,0.0
0.0,0.0
0.0,0.0
0.0,0.0
0.0,0.0
0.0,0.0
0.0,0.0
0.0,0.0
0.0,0.0
3228.0,1.8189894035458565e-12
774.7199999999998,0.0
0.0,0.0
0.0,0.0
0.0,0.0
0.0,0.0
0.0,0.0
0.0,0.0
0.0,0.0
0.0,0.0
0.0,0.0
0.0,0.0
0.0,0.0
0.0,0.0
0.0,0.0
0.0,0.0
0.0,0.0
0.0,0.0
0.0,0.0
0.0,0.0
0.0,0.0
0.0,0.0
0.0,0.0
3228.0,0.0
774.7199999999998,-1.8189894035458565e-12
185.93280000000004,0.0
0.0,0.0
0.0,0.0
0.0,0.0
0.0,0.0
0.0,0.0
0.0,0.0
0.0,0.0
0.0,0.0
0.0,0.0
0.0,0.0
0.0,0.0
0.0,0.0
0.0,0.0
0.0,0.0
0.0,0.0
0.0,0.0
0.0,0.0
0.0,0.0
0.0,0.0
0.0,0.0
0.0,0.0
0.0,0.0
0.0,0.0
0.0,0.0
0.0,0.0
0.0,0.0
0.0,0.0
0.0,0.0
0.0,0.0
0.0,0.0
0.0,0.0
0.0,0.0
0.0,0.0
2367.5451593954713,0.0
1428.6656788594428,0.0
342.87976292626627,0.0
0.0,0.0
0.0,0.0
0.0,0.0
0.0,0.0
250.00282128873368,0.0
3037.997855820562,0.0
729.119485396935,0.0
0.0,0.0
0.0,0.0
3228.0,0.0
774.7199999999998,0.0
185.93280000000004,0.0
44.623872000000006,0.0
0.0,0.0
0.0,0.0
0.0,0.0
0.0,0.0
0.0,0.0
0.0,0.0
0.0,0.0
0.0,0.0
3228.0,0.0
774.7199999999998,0.0
185.93280000000004,0.0
44.62387200000012,0.0
10.70972927999992,0.0
0.0,0.0
0.0,0.0
0.0,0.0
0.0,0.0
0.0,0.0
0.0,0.0
0.0,0.0
0.0,0.0
0.0,0.0
0.0,0.0
0.0,0.0
0.0,0.0
0.0,0.0
0.0,0.0
0.0,0.0
0.0,0.0
0.0,0.0
0.0,0.0
0.0,0.0
3228.0,0.0
774.7199999999998,0.0
185.93280000000004,0.0
0.0,0.0
0.0,0.0
0.0,0.0
0.0,0.0
0.0,0.0
0.0,0.0
0.0,0.0
0.0,0.0
0.0,0.0
0.0,0.0
3228.0,0.0
774.7199999999998,0.0
185.93280000000004,0.0
44.62387200000012,0.0
10.70972927999992,0.0
2.5703350272001444,0.0
0.6168804065282529,0.0
0.1480512975667807,0.0
0.03553231141586366,0.0
0.008527754739589,0.0
0.002046661137683259,0.0
0.0004911986729894124,0.0
0.0,0.0
0.0,0.0
0.0,0.0
0.0,0.0
0.0,0.0
3228.0,0.0
774.7199999999998,0.0
185.93280000000004,0.0
44.62387200000012,0.0
10.70972927999992,0.0
2.5703350272001444,0.0
0.6168804065282529,0.0
0.1480512975667807,0.0
0.03553231141586366,0.0
0.008527754739589,0.0
0.002046661137683259,0.0
0.0004911986729894124,0.0
0.00011788768142650952,0.0
2.8293043669691542e-5,0.0
0.0,0.0
0.0,0.0
0.0,0.0
0.0,0.0
0.0,0.0
0.0,0.0
0.0,0.0
0.0,0.0
0.0,0.0
0.0,0.0
0.0,0.0
0.0,0.0
0.0,0.0
0.0,0.0
0.0,0.0
0.0,0.0
1994.4050386025574,0.0
1712.2521706620646,0.0
410.9405209588954,0.0
0.0,0.0
0.0,0.0
0.0,0.0
0.0,0.0
2464.986481936834,0.0
0.0,0.0
0.0,0.0
0.0,0.0
0.0,0.0
0.0,0.0
0.0,0.0
0.0,0.0
0.0,0.0
0.0,0.0
0.0,0.0
0.0,0.0
0.0,0.0
0.0,0.0
0.0,0.0
0.0,0.0
0.0,0.0
0.0,0.0
0.0,0.0
0.0,0.0
0.0,0.0
0.0,0.0
0.0,0.0
0.0,0.0
0.0,0.0
0.0,0.0
0.0,0.0
0.0,0.0
0.0,0.0
0.0,0.0
0.0,0.0
0.0,0.0
0.0,0.0
0.0,0.0
3228.0,0.0
774.7199999999998,0.0
185.93280000000004,0.0
44.62387200000012,0.0
0.0,0.0
0.0,0.0
0.0,0.0
0.0,0.0
0.0,0.0
0.0,0.0
0.0,0.0
0.0,0.0
0.0,0.0
0.0,0.0
2559.718737879808,0.0
167.77673539644093,0.0
0.0,0.0
0.0,0.0
0.0,0.0
0.0,0.0
0.0,0.0
0.0,0.0
0.0,0.0
0.0,0.0
0.0,0.0
0.0,0.0
0.0,0.0
0.0,0.0
408.9286261583102,0.0
2917.214244119685,0.0
700.1314185887245,0.0
168.03154046129384,0.0
40.32756971071058,0.0
9.678616730570539,0.0
0.0,0.0
0.0,0.0
0.0,0.0
0.0,0.0
0.0,0.0
0.0,0.0
0.0,0.0
0.0,0.0
0.0,0.0
0.0,0.0
0.0,0.0
0.0,0.0
0.0,0.0
2223.34109198433,0.0
1538.2607700919107,0.0
369.18258482205874,0.0
88.60382035729407,0.0
0.0,0.0
0.0,0.0
0.0,0.0
0.0,0.0
3228.0,0.0
774.7199999999998,0.0
185.93280000000004,0.0
0.0,0.0
0.0,0.0
0.0,0.0
0.0,0.0
0.0,0.0
3228.0,0.0
0.0,0.0
774.7199999999998,0.0
185.93280000000004,0.0
44.62387200000012,0.0
10.70972927999992,0.0
2.5703350272001444,0.0
0.6168804065282529,0.0
0.1480512975667807,0.0
0.03553231141586366,0.0
0.008527754739589,0.0
0.002046661137683259,0.0
0.0004911986729894124,0.0
0.00011788768142650952,0.0
2.8293043669691542e-5,0.0
6.7903306444350164e-6,0.0
1.6296794456138741e-6,0.0
3.9112319427658804e-7,0.0
9.386940291733481e-8,0.0
2.252863851026632e-8,0.0
0.0,0.0
0.0,0.0
0.0,0.0
1168.5707887171375,0.0
729.0983191050946,0.0
0.0,0.0
0.0,0.0
3228.0,0.0
774.7199999999998,0.0
185.93280000000004,0.0
44.62387200000012,0.0
10.70972927999992,0.0
2.5703350272001444,0.0
0.6168804065282529,0.0
0.1480512975667807,0.0
0.0,0.0
0.0,0.0
0.0,0.0
0.0,0.0
0.0,0.0
0.0,0.0
0.0,0.0
0.0,0.0
0.0,0.0
0.0,0.0
0.0,0.0
0.0,0.0
0.0,0.0
0.0,0.0
0.0,0.0
0.0,0.0
0.0,0.0
0.0,0.0
3228.0,0.0
774.7199999999998,3.637978807091713e-12
0.0,0.0
0.0,0.0
0.0,0.0
0.0,0.0
0.0,0.0
0.0,0.0
0.0,0.0
0.0,0.0
0.0,0.0
3228.0,0.0
774.7199999999998,0.0
185.93280000000004,0.0
0.0,0.0
0.0,0.0
0.0,0.0
0.0,0.0
0.0,0.0
684.3410667276403,0.0
0.0,0.0
0.0,0.0
3228.0,0.0
774.7199999999998,0.0
185.93280000000004,0.0
44.62387200000012,0.0
0.0,0.0
2187.7067286876095,0.0
1565.3428861974191,0.0
375.6822926873806,0.0
90.16375024497029,0.0
0.0,0.0
0.0,0.0
0.0,0.0
0.0,0.0
0.0,0.0
0.0,0.0
0.0,0.0
0.0,0.0
0.0,0.0
0.0,0.0
0.0,0.0
0.0,0.0
0.0,0.0
0.0,0.0
0.0,0.0
0.0,0.0
0.0,0.0
0.0,0.0
0.0,0.0
0.0,0.0
0.0,0.0
0.0,0.0
0.0,0.0
0.0,0.0
0.0,0.0
0.0,0.0
0.0,0.0
0.0,0.0
0.0,0.0
0.0,0.0
0.0,0.0
0.0,0.0
0.0,0.0
0.0,0.0
0.0,0.0
0.0,0.0
0.0,0.0
0.0,0.0
0.0,0.0
0.0,0.0
0.0,0.0
0.0,0.0
562.872376231755,0.0
0.0,0.0
0.0,0.0
0.0,0.0
0.0,0.0
0.0,0.0
0.0,0.0
0.0,0.0
0.0,0.0
3228.0,0.0
774.7199999999998,0.0
185.93280000000004,3.637978807091713e-12
44.62387200000012,0.0
10.70972927999992,0.0
2.5703350272001444,0.0
0.0,0.0
0.0,0.0
0.0,0.0
0.0,0.0
0.0,0.0
0.0,0.0
3228.0,0.0
774.7199999999998,0.0
185.93280000000004,0.0
44.62387200000012,0.0
10.70972927999992,0.0
2.5703350272001444,0.0
0.6168804065282529,0.0
0.1480512975667807,0.0
0.03553231141586366,0.0
0.0,0.0
0.0,0.0
0.0,0.0
0.0,0.0
3228.0,0.0
774.7199999999998,0.0
185.93280000000004,0.0
0.0,0.0
0.0,0.0
0.0,0.0
0.0,0.0
0.0,0.0
0.0,0.0
0.0,0.0
0.0,0.0
0.0,0.0
3228.0,0.0
774.7199999999998,0.0
185.93280000000004,0.0
0.0,0.0
0.0,0.0
0.0,0.0
0.0,0.0
0.0,0.0
0.0,0.0
0.0,0.0
0.0,0.0
0.0,0.0
3228.0,0.0
774.7199999999998,0.0
185.93280000000004,0.0
0.0,0.0
0.0,0.0
0.0,0.0
0.0,0.0
0.0,0.0
0.0,0.0
0.0,0.0
0.0,0.0
0.0,0.0
3228.0,0.0
774.7199999999998,0.0
185.93280000000004,0.0
0.0,0.0
0.0,0.0
0.0,0.0
0.0,0.0
0.0,0.0
0.0,0.0
0.0,0.0
0.0,0.0
0.0,0.0
0.0,0.0
0.0,0.0
0.0,0.0
0.0,0.0
0.0,0.0
0.0,0.0
0.0,0.0
0.0,0.0
0.0,0.0
0.0,0.0
0.0,0.0
0.0,0.0
0.0,0.0
0.0,0.0
0.0,0.0
0.0,0.0
0.0,0.0
0.0,0.0
0.0,0.0
0.0,0.0
0.0,0.0
0.0,0.0
0.0,0.0
0.0,0.0
0.0,0.0
0.0,0.0
0.0,0.0
0.0,0.0
0.0,0.0
0.0,0.0
0.0,0.0
0.0,0.0
0.0,0.0
0.0,0.0
0.0,0.0
3228.0,0.0
774.7199999999998,0.0
185.93280000000004,0.0
44.62387200000012,0.0
10.70972927999992,0.0
0.0,0.0
0.0,0.0
0.0,0.0
0.0,0.0
0.0,0.0
0.0,0.0
0.0,0.0
0.0,0.0
0.0,0.0
3228.0,0.0
774.7199999999998,0.0
0.0,0.0
0.0,0.0
0.0,0.0
0.0,0.0
0.0,0.0
0.0,0.0
0.0,0.0
0.0,0.0
0.0,0.0
0.0,0.0
0.0,0.0
0.0,0.0
0.0,0.0
0.0,0.0
0.0,0.0
0.0,0.0
0.0,0.0
0.0,0.0
0.0,0.0
0.0,0.0
0.0,0.0
0.0,0.0
0.0,0.0
0.0,0.0
0.0,0.0
0.0,0.0
0.0,0.0
0.0,0.0
0.0,0.0
0.0,0.0
0.0,0.0
0.0,0.0
0.0,0.0
0.0,0.0
0.0,0.0
0.0,0.0
0.0,0.0
0.0,0.0
0.0,0.0
0.0,0.0
0.0,0.0
0.0,0.0
0.0,0.0
0.0,0.0
0.0,0.0
0.0,0.0
742.0051022645202,0.0
0.0,0.0
0.0,0.0
0.0,0.0
0.0,0.0
0.0,0.0
0.0,0.0
0.0,0.0
0.0,0.0
0.0,0.0
3228.0,0.0
774.7199999999998,0.0
185.93280000000004,0.0
44.623872000000006,0.0
0.0,0.0
0.0,0.0
0.0,0.0
0.0,0.0
0.0,0.0
0.0,0.0
0.0,0.0
0.0,0.0
0.0,0.0
0.0,0.0
0.0,0.0
0.0,0.0
0.0,0.0
0.0,0.0
0.0,0.0
0.0,0.0
0.0,0.0
0.0,0.0
0.0,0.0
0.0,0.0
0.0,0.0
0.0,0.0
0.0,0.0
0.0,0.0
0.0,0.0
0.0,0.0
0.0,0.0
0.0,0.0
0.0,0.0
0.0,0.0
0.0,0.0
0.0,0.0
0.0,0.0
0.0,0.0
0.0,0.0
0.0,0.0
0.0,0.0
0.0,0.0
0.0,0.0
0.0,0.0
0.0,0.0
0.0,0.0
0.0,0.0
0.0,0.0
0.0,0.0
3228.0,0.0
774.7199999999998,0.0
185.93280000000004,0.0
0.0,0.0
0.0,0.0
0.0,0.0
0.0,0.0
0.0,0.0
0.0,0.0
0.0,0.0
0.0,0.0
0.0,0.0
0.0,0.0
0.0,0.0
0.0,0.0
0.0,0.0
0.0,0.0
0.0,0.0
0.0,0.0
0.0,0.0
0.0,0.0
0.0,0.0
0.0,0.0
0.0,0.0
0.0,0.0
3228.0,0.0
0.0,0.0
0.0,0.0
0.0,0.0
774.7199999999998,0.0
0.0,0.0
0.0,0.0
0.0,0.0
185.93280000000004,0.0
44.62387200000012,0.0
0.0,0.0
0.0,0.0
10.70972927999992,0.0
2.5703350272001444,0.0
0.6168804065282529,0.0
0.1480512975667807,0.0
0.03553231141586366,0.0
0.008527754739589,0.0
0.002046661137683259,0.0
0.0004911986729894124,0.0
0.00011788768142650952,0.0
2.8293043669691542e-5,0.0
6.7903306444350164e-6,0.0
1.6296794456138741e-6,0.0
3.9112319427658804e-7,0.0
9.386940291733481e-8,0.0
2.252863851026632e-8,0.0
0.0,0.0
0.0,0.0
0.0,0.0
0.0,0.0
0.0,0.0
0.0,0.0
0.0,0.0
0.0,0.0
0.0,0.0
3228.0,0.0
774.7199999999998,0.0
0.0,0.0
0.0,0.0
0.0,0.0
0.0,0.0
760.6629876364377,0.0
0.0,0.0
0.0,0.0
0.0,0.0
3228.0,0.0
774.7199999999998,0.0
185.93280000000004,0.0
44.62387200000012,0.0
10.70972927999992,0.0
0.0,0.0
0.0,0.0
1392.8639760548485,0.0
0.0,0.0
0.0,0.0
0.0,0.0
0.0,0.0
0.0,0.0
728.6555225725097,0.0
0.0,0.0
0.0,0.0
0.0,0.0
0.0,0.0
0.0,0.0
0.0,0.0
0.0,0.0
0.0,0.0
0.0,0.0
0.0,0.0
0.0,0.0
0.0,0.0
0.0,0.0
0.0,0.0
0.0,0.0
0.0,0.0
0.0,0.0
0.0,0.0
0.0,0.0
0.0,0.0
0.0,0.0
0.0,0.0
0.0,0.0
0.0,0.0
0.0,0.0
0.0,0.0
0.0,0.0
0.0,0.0
0.0,0.0
0.0,0.0
0.0,0.0
0.0,0.0
0.0,0.0
0.0,0.0
0.0,0.0
0.0,0.0
1588.402367490955,0.0
0.0,0.0
0.0,0.0
0.0,0.0
0.0,0.0
0.0,0.0
0.0,0.0
0.0,0.0
0.0,0.0
0.0,0.0
0.0,0.0
0.0,0.0
0.0,0.0
0.0,0.0
0.0,0.0
0.0,0.0
466.19052815849864,0.0
2873.69519859954,0.0
689.6868476638897,0.0
165.52484343933338,0.0
39.72596242544023,0.0
0.0,0.0
9.534230982105782,0.0
2.288215435705297,0.0
0.5491717045692894,0.0
0.13180120909662946,0.0
0.0,0.0
0.0,0.0
0.0,0.0
0.0,0.0
0.0,0.0
0.0,0.0
0.0,0.0
0.0,0.0
0.0,0.0
0.0,0.0
0.0,0.0
0.0,0.0
0.0,0.0
0.0,0.0
0.0,0.0
0.0,0.0
0.0,0.0
0.0,0.0
0.0,0.0
0.0,0.0
0.0,0.0
0.0,0.0
0.0,0.0
0.0,0.0
0.0,0.0
0.0,0.0
0.0,0.0
0.0,0.0
0.0,0.0
0.0,0.0
0.0,0.0
0.0,0.0
0.0,0.0
0.0,0.0
257.5610641859894,0.0
0.0,0.0
0.0,0.0
0.0,0.0
0.0,0.0
0.0,0.0
0.0,0.0
0.0,0.0
0.0,0.0
0.0,0.0
0.0,0.0
3228.0,0.0
774.7199999999998,0.0
185.93280000000004,0.0
44.62387200000012,0.0
0.0,0.0
0.0,0.0
0.0,0.0
0.0,0.0
0.0,0.0
0.0,0.0
0.0,0.0
0.0,0.0
577.005533647296,0.0
2789.475794428055,0.0
0.0,0.0
0.0,0.0
0.0,0.0
0.0,0.0
0.0,0.0
0.0,0.0
0.0,0.0
0.0,0.0
0.0,0.0
0.0,0.0
0.0,0.0
0.0,0.0
0.0,0.0
0.0,0.0
0.0,0.0
0.0,0.0
0.0,0.0
0.0,0.0
0.0,0.0
0.0,0.0
0.0,0.0
0.0,0.0
2055.5318127587107,0.0
1665.79582230338,0.0
0.0,0.0
0.0,0.0
0.0,0.0
0.0,0.0
0.0,0.0
0.0,0.0
0.0,0.0
0.0,0.0
0.0,0.0
0.0,0.0
0.0,0.0
0.0,0.0
0.0,0.0
0.0,0.0
0.0,0.0
0.0,0.0
0.0,0.0
0.0,0.0
0.0,0.0
0.0,0.0
0.0,0.0
0.0,0.0
0.0,0.0
0.0,0.0
0.0,0.0
0.0,0.0
0.0,0.0
0.0,0.0
0.0,0.0
0.0,0.0
0.0,0.0
0.0,0.0
0.0,0.0
0.0,0.0
0.0,0.0
0.0,0.0
0.0,0.0
0.0,0.0
0.0,0.0
0.0,0.0
0.0,0.0
0.0,0.0
0.0,0.0
0.0,0.0
0.0,0.0
0.0,0.0
0.0,0.0
0.0,0.0
0.0,0.0
0.0,0.0
0.0,0.0
0.0,0.0
0.0,0.0
0.0,0.0
0.0,0.0
3228.0,0.0
0.0,0.0
774.7199999999998,0.0
185.93280000000004,0.0
44.62387200000012,0.0
10.70972927999992,0.0
0.0,0.0
0.0,0.0
0.0,0.0
0.0,0.0
0.0,0.0
0.0,0.0
0.0,0.0
0.0,0.0
0.0,0.0
2313.5406509145478,0.0
1469.7091053049435,0.0
352.7301852731864,0.0
0.0,0.0
0.0,0.0
0.0,0.0
0.0,0.0
0.0,0.0
0.0,0.0
0.0,0.0
0.0,0.0
0.0,0.0
0.0,0.0
0.0,0.0
0.0,0.0
0.0,0.0
0.0,0.0
0.0,0.0
0.0,0.0
0.0,0.0
0.0,0.0
0.0,0.0
0.0,0.0
0.0,0.0
0.0,0.0
0.0,0.0
0.0,0.0
0.0,0.0
0.0,0.0
0.0,0.0
0.0,0.0
0.0,0.0
0.0,0.0
0.0,0.0
0.0,0.0
0.0,0.0
3228.0,0.0
774.7199999999998,0.0
185.93280000000004,0.0
0.0,0.0
0.0,0.0
0.0,0.0
0.0,0.0
0.0,0.0
0.0,0.0
0.0,0.0
0.0,0.0
0.0,0.0
0.0,0.0
630.6683016388833,0.0
1476.55165414574,0.0
0.0,0.0
0.0,0.0
3228.0,0.0
774.7199999999998,0.0
185.93280000000004,0.0
44.62387200000012,0.0
0.0,0.0
0.0,0.0
3228.0,0.0
0.0,0.0
774.7199999999998,0.0
185.93280000000004,0.0
44.62387200000012,0.0
10.70972927999992,0.0
2.5703350272001444,0.0
0.6168804065282529,0.0
0.1480512975667807,0.0
0.03553231141586366,0.0
0.008527754739589,0.0
0.002046661137683259,0.0
0.0004911986729894124,0.0
0.00011788768142650952,0.0
2.8293043669691542e-5,0.0
6.79033048072597e-6,0.0
0.0,0.0
0.0,0.0
0.0,0.0
0.0,0.0
0.0,0.0
0.0,0.0
0.0,0.0
0.0,0.0
0.0,0.0
0.0,0.0
0.0,0.0
0.0,0.0
0.0,0.0
0.0,0.0
0.0,0.0
0.0,0.0
0.0,0.0
0.0,0.0
0.0,0.0
0.0,0.0
0.0,0.0
0.0,0.0
0.0,0.0
0.0,0.0
0.0,0.0
0.0,0.0
0.0,0.0
0.0,0.0
0.0,0.0
0.0,0.0
0.0,0.0
0.0,0.0
0.0,0.0
0.0,0.0
0.0,0.0
0.0,0.0
0.0,0.0
0.0,0.0
0.0,0.0
0.0,0.0
0.0,0.0
0.0,0.0
0.0,0.0
0.0,0.0
0.0,0.0
0.0,0.0
0.0,0.0
0.0,0.0
0.0,0.0
0.0,0.0
0.0,0.0
0.0,0.0
0.0,0.0
0.0,0.0
0.0,0.0
0.0,0.0
0.0,0.0
0.0,0.0
0.0,0.0
0.0,0.0
0.0,0.0
0.0,0.0
0.0,0.0
0.0,0.0
0.0,0.0
0.0,0.0
0.0,0.0
0.0,0.0
0.0,0.0
0.0,0.0
0.0,0.0
0.0,0.0
0.0,0.0
0.0,0.0
0.0,0.0
0.0,0.0
0.0,0.0
0.0,0.0
0.0,0.0
3228.0,0.0
774.7199999999998,0.0
185.93280000000004,0.0
44.62387200000012,0.0
10.70972927999992,0.0
0.0,0.0
0.0,0.0
0.0,0.0
0.0,0.0
0.0,0.0
0.0,0.0
0.0,0.0
0.0,0.0
0.0,0.0
0.0,0.0
0.0,0.0
0.0,0.0
0.0,0.0
0.0,0.0
0.0,0.0
0.0,0.0
0.0,0.0
0.0,0.0
0.0,0.0
0.0,0.0
0.0,0.0
0.0,0.0
0.0,0.0
0.0,0.0
0.0,0.0
0.0,0.0
0.0,0.0
0.0,0.0
0.0,0.0
0.0,0.0
0.0,0.0
0.0,0.0
0.0,0.0
0.0,0.0
0.0,0.0
0.0,0.0
0.0,0.0
0.0,0.0
0.0,0.0
0.0,0.0
0.0,0.0
0.0,0.0
0.0,0.0
0.0,0.0
1169.104410420985,0.0
2339.4806480800507,0.0
561.4753555392122,0.0
134.75408532941094,0.0
0.0,0.0
0.0,0.0
0.0,0.0
0.0,0.0
0.0,0.0
0.0,0.0
0.0,0.0
0.0,0.0
0.0,0.0
3228.0,0.0
774.7199999999998,0.0
185.93280000000004,0.0
0.0,0.0
0.0,0.0
0.0,0.0
0.0,0.0
0.0,0.0
0.0,0.0
0.0,0.0
0.0,0.0
0.0,0.0
0.0,0.0
0.0,0.0
0.0,0.0
0.0,0.0
0.0,0.0
0.0,0.0
0.0,0.0
0.0,0.0
0.0,0.0
0.0,0.0
0.0,0.0
0.0,0.0
899.773755770324,0.0
2544.171945614554,0.0
610.6012669474928,0.0
0.0,0.0
0.0,0.0
3228.0,0.0
774.7199999999998,0.0
185.93280000000004,0.0
44.62387200000012,0.0
0.0,0.0
0.0,0.0
1883.8777837441232,0.0
1796.2528843544626,0.0
431.10069224507106,0.0
103.46416613881684,0.0
24.83139987331606,0.0
0.0,0.0
252.21754324527137,0.0
350.5537272793713,0.0
84.13289454704909,0.0
20.19189469129178,0.0
0.0,0.0
0.0,0.0
3228.0,0.0
774.7199999999998,0.0
185.93280000000004,0.0
44.62387200000012,0.0
10.70972927999992,0.0
2.5703350272001444,0.0
0.6168804065282529,0.0
0.1480512975667807,0.0
0.03553231141586366,0.0
0.008527754739589,0.0
0.0,0.0
0.0,0.0
3228.0,0.0
774.7199999999998,0.0
185.93280000000004,0.0
44.62387200000012,0.0
0.0,0.0
0.0,0.0
0.0,0.0
0.0,0.0
0.0,0.0
0.0,0.0
0.0,0.0
0.0,0.0
0.0,0.0
0.0,0.0
0.0,0.0
996.6249020904288,0.0
0.0,0.0
0.0,0.0
24.9630741337387,0.0
0.0,0.0
0.0,0.0
0.0,0.0
0.0,0.0
0.0,0.0
3228.0,0.0
0.0,0.0
774.7199999999998,0.0
185.93280000000004,0.0
44.62387200000012,0.0
10.70972927999992,0.0
2.5703350272001444,0.0
0.6168804065282529,0.0
0.1480512975667807,0.0
0.03553231141586366,0.0
0.008527754739589,0.0
0.002046661137683259,0.0
0.0004911986729894124,0.0
0.00011788768142650952,0.0
2.8293043669691542e-5,0.0
6.7903306444350164e-6,0.0
1.629679900361225e-6,0.0
0.0,0.0
0.0,0.0
0.0,0.0
0.0,0.0
0.0,0.0
0.0,0.0
0.0,0.0
0.0,0.0
0.0,0.0
0.0,0.0
0.0,0.0
0.0,0.0
0.0,0.0
0.0,0.0
0.0,0.0
0.0,0.0
0.0,0.0
0.0,0.0
0.0,0.0
0.0,0.0
0.0,0.0
0.0,0.0
0.0,0.0
0.0,0.0
0.0,0.0
0.0,0.0
0.0,0.0
0.0,0.0
0.0,0.0
0.0,0.0
0.0,0.0
0.0,0.0
0.0,0.0
0.0,0.0
0.0,0.0
0.0,0.0
0.0,0.0
0.0,0.0
0.0,0.0
0.0,0.0
0.0,0.0
0.0,0.0
0.0,0.0
0.0,0.0
0.0,0.0
0.0,0.0
0.0,0.0
0.0,0.0
0.0,0.0
0.0,0.0
0.0,0.0
0.0,0.0
0.0,0.0
0.0,0.0
0.0,0.0
0.0,0.0
0.0,0.0
0.0,0.0
0.0,0.0
0.0,0.0
0.0,0.0
0.0,0.0
0.0,0.0
0.0,0.0
0.0,0.0
0.0,0.0
0.0,0.0
0.0,0.0
0.0,0.0
0.0,0.0
0.0,0.0
0.0,0.0
0.0,0.0
0.0,0.0
0.0,0.0
0.0,0.0
0.0,0.0
0.0,0.0
0.0,0.0
0.0,0.0
0.0,0.0
0.0,0.0
0.0,0.0
0.0,0.0
0.0,0.0
0.0,0.0
0.0,0.0
0.0,0.0
0.0,0.0
0.0,0.0
0.0,0.0
0.0,0.0
0.0,0.0
0.0,0.0
0.0,0.0
0.0,0.0
0.0,0.0
0.0,0.0
0.0,0.0
0.0,0.0
0.0,0.0
0.0,0.0
0.0,0.0
0.0,0.0
0.0,0.0
0.0,0.0
0.0,0.0
0.0,0.0
0.0,0.0
0.0,0.0
0.0,0.0
0.0,0.0
0.0,0.0
0.0,0.0
0.0,0.0
0.0,0.0
0.0,0.0
0.0,0.0
0.0,0.0
0.0,0.0
0.0,0.0
0.0,0.0
0.0,0.0
0.0,0.0
0.0,0.0
0.0,0.0
0.0,0.0
0.0,0.0
0.0,0.0
0.0,0.0
0.0,0.0
0.0,0.0
0.0,0.0
0.0,0.0
0.0,0.0
0.0,0.0
0.0,0.0
0.0,0.0
0.0,0.0
0.0,0.0
0.0,0.0
0.0,0.0
0.0,0.0
0.0,0.0
0.0,0.0
0.0,0.0
0.0,0.0
0.0,0.0
0.0,0.0
0.0,0.0
0.0,0.0
0.0,0.0
0.0,0.0
0.0,0.0
0.0,0.0
0.0,0.0
0.0,0.0
0.0,0.0
0.0,0.0
0.0,0.0
0.0,0.0
0.0,0.0
0.0,0.0
0.0,0.0
0.0,0.0
3228.0,0.0
774.7199999999998,0.0
185.93280000000004,0.0
0.0,0.0
0.0,0.0
0.0,0.0
0.0,0.0
0.0,0.0
0.0,0.0
0.0,0.0
0.0,0.0
0.0,0.0
0.0,0.0
0.0,0.0
0.0,0.0
0.0,0.0
0.0,0.0
0.0,0.0
0.0,0.0
0.0,0.0
0.0,0.0
0.0,0.0
0.0,0.0
0.0,0.0
0.0,0.0
0.0,0.0
0.0,0.0
0.0,0.0
0.0,0.0
0.0,0.0
0.0,0.0
0.0,0.0
0.0,0.0
0.0,0.0
0.0,0.0
0.0,0.0
0.0,0.0
0.0,0.0
0.0,0.0
0.0,0.0
0.0,0.0
0.0,0.0
0.0,0.0
0.0,0.0
0.0,0.0
0.0,0.0
0.0,0.0
0.0,0.0
0.0,0.0
0.0,0.0
0.0,0.0
0.0,0.0
0.0,0.0
0.0,0.0
0.0,0.0
0.0,0.0
0.0,0.0
0.0,0.0
0.0,0.0
0.0,0.0
0.0,0.0
0.0,0.0
0.0,0.0
0.0,0.0
0.0,0.0
0.0,0.0
0.0,0.0
0.0,0.0
0.0,0.0
0.0,0.0
0.0,0.0
0.0,0.0
0.0,0.0
0.0,0.0
0.0,0.0
0.0,0.0
0.0,0.0
0.0,0.0
0.0,0.0
0.0,0.0
0.0,0.0
0.0,0.0
0.0,0.0
2357.9729746953017,0.0
1435.9405392315707,0.0
0.0,0.0
0.0,0.0
0.0,0.0
0.0,0.0
0.0,0.0
0.0,0.0
0.0,0.0
0.0,0.0
0.0,0.0
0.0,0.0
0.0,0.0
0.0,0.0
0.0,0.0
0.0,0.0
0.0,0.0
0.0,0.0
0.0,0.0
0.0,0.0
0.0,0.0
0.0,0.0
0.0,0.0
0.0,0.0
0.0,0.0
0.0,0.0
0.0,0.0
0.0,0.0
0.0,0.0
0.0,0.0
0.0,0.0
0.0,0.0
0.0,0.0
0.0,0.0
0.0,0.0
0.0,0.0
2172.2567737728914,0.0
0.0,0.0
0.0,0.0
0.0,0.0
0.0,0.0
3228.0,0.0
774.7199999999998,0.0
185.93280000000004,0.0
44.62387200000012,0.0
10.70972927999992,0.0
2.5703350272001444,0.0
0.6168804065282529,0.0
0.1480512975667807,0.0
0.03553231141586366,0.0
0.008527754739589,0.0
0.002046661137683259,0.0
0.0,0.0
0.0,0.0
0.0,0.0
3228.0,0.0
774.7199999999998,0.0
185.93280000000004,0.0
44.62387200000012,0.0
10.70972927999992,0.0
2.5703350272001444,0.0
0.6168804065282529,0.0
0.1480512975667807,0.0
0.0,0.0
0.0,0.0
0.0,0.0
0.0,0.0
0.0,0.0
0.0,0.0
0.0,0.0
0.0,0.0
268.2464329999457,0.0
3024.1327109200392,0.0
725.7918506208093,0.0
174.19004414899428,0.0
0.0,0.0
0.0,0.0
0.0,0.0
0.0,0.0
0.0,0.0
0.0,0.0
0.0,0.0
0.0,0.0
0.0,0.0
3228.0,-1.3642420526593924e-12
774.7199999999998,0.0
0.0,0.0
0.0,0.0
0.0,0.0
0.0,0.0
0.0,0.0
0.0,0.0
0.0,0.0
0.0,0.0
0.0,0.0
0.0,0.0
0.0,0.0
0.0,0.0
0.0,0.0
0.0,0.0
0.0,0.0
0.0,0.0
0.0,0.0
0.0,0.0
0.0,0.0
0.0,0.0
0.0,0.0
0.0,0.0
0.0,0.0
0.0,0.0
0.0,0.0
0.0,0.0
0.0,0.0
0.0,0.0
0.0,0.0
0.0,0.0
0.0,0.0
0.0,0.0
0.0,0.0
0.0,0.0
0.0,0.0
0.0,0.0
0.0,0.0
0.0,0.0
0.0,0.0
0.0,0.0
0.0,0.0
0.0,0.0
0.0,0.0
0.0,0.0
0.0,0.0
0.0,0.0
0.0,0.0
0.0,0.0
0.0,0.0
0.0,0.0
0.0,0.0
0.0,0.0
0.0,0.0
0.0,0.0
0.0,0.0
0.0,0.0
0.0,0.0
0.0,0.0
0.0,0.0
0.0,0.0
0.0,0.0
0.0,0.0
0.0,0.0
0.0,0.0
0.0,0.0
0.0,0.0
0.0,0.0
0.0,0.0
0.0,0.0
0.0,0.0
0.0,0.0
0.0,0.0
0.0,0.0
0.0,0.0
0.0,0.0
0.0,0.0
0.0,0.0
0.0,0.0
0.0,0.0
0.0,0.0
0.0,0.0
0.0,0.0
0.0,0.0
0.0,0.0
0.0,0.0
0.0,0.0
0.0,0.0
0.0,0.0
0.0,0.0
0.0,0.0
0.0,0.0
0.0,0.0
0.0,0.0
0.0,0.0
3228.0,0.0
774.7199999999998,0.0
185.93280000000004,0.0
0.0,0.0
0.0,0.0
0.0,0.0
0.0,0.0
0.0,0.0
0.0,0.0
0.0,0.0
0.0,0.0
0.0,0.0
0.0,0.0
0.0,0.0
0.0,0.0
0.0,0.0
0.0,0.0
0.0,0.0
0.0,0.0
0.0,0.0
0.0,0.0
0.0,0.0
0.0,0.0
0.0,0.0
0.0,0.0
3228.0,0.0
0.0,0.0
0.0,0.0
0.0,0.0
0.0,0.0
0.0,0.0
0.0,0.0
0.0,0.0
0.0,0.0
0.0,0.0
0.0,0.0
3228.0,0.0
774.7199999999998,0.0
185.93280000000004,0.0
0.0,0.0
0.0,0.0
0.0,0.0
0.0,0.0
0.0,0.0
0.0,0.0
0.0,0.0
0.0,0.0
0.0,0.0
0.0,0.0
0.0,0.0
0.0,0.0
0.0,0.0
0.0,0.0
0.0,0.0
0.0,0.0
0.0,0.0
0.0,0.0
0.0,0.0
0.0,0.0
3228.0,0.0
774.7199999999998,0.0
185.93280000000004,0.0
44.62387200000012,3.637978807091713e-12
0.0,0.0
0.0,0.0
0.0,0.0
0.0,0.0
0.0,0.0
0.0,0.0
0.0,0.0
0.0,0.0
0.0,0.0
0.0,0.0
0.0,0.0
0.0,0.0
0.0,0.0
0.0,0.0
0.0,0.0
0.0,0.0
0.0,0.0
0.0,0.0
0.0,0.0
0.0,0.0
0.0,0.0
0.0,0.0
0.0,0.0
0.0,0.0
0.0,0.0
0.0,0.0
0.0,0.0
0.0,0.0
0.0,0.0
0.0,0.0
0.0,0.0
0.0,0.0
0.0,0.0
0.0,0.0
0.0,0.0
0.0,0.0
0.0,0.0
0.0,0.0
0.0,0.0
0.0,0.0
0.0,0.0
0.0,0.0
0.0,0.0
0.0,0.0
3228.0,0.0
774.7199999999998,0.0
185.93280000000004,0.0
44.62387200000012,0.0
0.0,0.0
0.0,0.0
0.0,0.0
0.0,0.0
0.0,0.0
0.0,0.0
0.0,0.0
0.0,0.0
0.0,0.0
0.0,0.0
0.0,0.0
0.0,0.0
0.0,0.0
0.0,0.0
0.0,0.0
0.0,0.0
0.0,0.0
0.0,0.0
0.0,0.0
0.0,0.0
0.0,0.0
0.0,0.0
0.0,0.0
0.0,0.0
0.0,0.0
0.0,0.0
0.0,0.0
0.0,0.0
0.0,0.0
0.0,0.0
0.0,0.0
0.0,0.0
0.0,0.0
0.0,0.0
0.0,0.0
0.0,0.0
0.0,0.0
0.0,0.0
0.0,0.0
0.0,0.0
0.0,0.0
0.0,0.0
0.0,0.0
0.0,0.0
0.0,0.0
872.0439158947771,0.0
2565.2466239199694,0.0
0.0,0.0
0.0,0.0
0.0,0.0
0.0,0.0
0.0,0.0
0.0,0.0
0.0,0.0
0.0,0.0
0.0,0.0
0.0,0.0
0.0,0.0
0.0,0.0
0.0,0.0
0.0,0.0
0.0,0.0
0.0,0.0
0.0,0.0
0.0,0.0
0.0,0.0
0.0,0.0
0.0,0.0
2726.3200620637945,0.0
1155.996752831516,0.0
277.43922067956373,0.0
66.58541296309528,0.0
0.0,0.0
0.0,0.0
0.0,0.0
0.0,0.0
0.0,0.0
0.0,0.0
0.0,0.0
0.0,0.0
0.0,0.0
0.0,0.0
0.0,0.0
0.0,0.0
0.0,0.0
0.0,0.0
0.0,0.0
0.0,0.0
0.0,0.0
0.0,0.0
0.0,0.0
0.0,0.0
0.0,0.0
0.0,0.0
0.0,0.0
0.0,0.0
0.0,0.0
0.0,0.0
0.0,0.0
0.0,0.0
0.0,0.0
0.0,0.0
0.0,0.0
0.0,0.0
0.0,0.0
0.0,0.0
0.0,0.0
0.0,0.0
0.0,0.0
0.0,0.0
0.0,0.0
0.0,0.0
0.0,0.0
0.0,0.0
0.0,0.0
0.0,0.0
0.0,0.0
0.0,0.0
0.0,0.0
0.0,0.0
0.0,0.0
0.0,0.0
0.0,0.0
0.0,0.0
0.0,0.0
0.0,0.0
3228.0,0.0
0.0,0.0
0.0,0.0
0.0,0.0
774.7199999999998,0.0
185.93280000000004,0.0
44.62387200000012,0.0
10.70972927999992,0.0
2.5703350272001444,0.0
0.6168804065282529,0.0
0.1480512975667807,0.0
0.03553231141586366,0.0
0.008527754739589,0.0
0.002046661137683259,0.0
0.0004911986729894124,0.0
0.00011788768142650952,0.0
2.8293043669691542e-5,0.0
6.7903306444350164e-6,0.0
0.0,0.0
0.0,0.0
0.0,0.0
0.0,0.0
0.0,0.0
0.0,0.0
0.0,0.0
0.0,0.0
3228.0,0.0
774.7199999999998,0.0
185.93280000000004,0.0
44.62387200000012,0.0
10.70972927999992,0.0
0.0,0.0
2.5703350272001444,0.0
0.6168804065282529,0.0
0.1480512975667807,0.0
0.0,0.0
0.0,0.0
0.0,0.0
0.0,0.0
3228.0,0.0
774.7199999999998,-1.8189894035458565e-12
185.93280000000004,0.0
0.0,0.0
0.0,0.0
0.0,0.0
1469.6691105659047,0.0
162.92226254366284,0.0
0.0,0.0
0.0,0.0
0.0,0.0
3228.0,0.0
774.7199999999998,0.0
185.93280000000004,0.0
0.0,0.0
0.0,0.0
0.0,0.0
0.0,0.0
0.0,0.0
0.0,0.0
0.0,0.0
0.0,0.0
0.0,0.0
0.0,0.0
3228.0,0.0
774.7199999999998,0.0
185.93280000000004,0.0
0.0,0.0
0.0,0.0
0.0,0.0
0.0,0.0
0.0,0.0
0.0,0.0
0.0,0.0
0.0,0.0
3228.0,0.0
774.7199999999998,0.0
185.93280000000004,0.0
44.62387200000012,0.0
0.0,0.0
0.0,0.0
0.0,0.0
0.0,0.0
0.0,0.0
0.0,0.0
0.0,0.0
0.0,0.0
1721.9165899289546,0.0
1919.3433916539943,0.0
460.64241399695857,0.0
0.0,0.0
0.0,0.0
0.0,0.0
0.0,0.0
0.0,0.0
0.0,0.0
0.0,0.0
0.0,0.0
0.0,0.0
0.0,0.0
0.0,0.0
0.0,0.0
0.0,0.0
0.0,0.0
0.0,0.0
0.0,0.0
3228.0,0.0
774.7199999999998,0.0
185.93280000000004,0.0
44.62387200000012,0.0
10.70972927999992,0.0
2.5703350272001444,0.0
0.6168804065282529,0.0
0.1480512975667807,0.0
0.03553231141586366,0.0
0.008527754739589,0.0
0.002046661137683259,0.0
0.0004911986729894124,0.0
0.00011788768142650952,0.0
2.8293043669691542e-5,0.0
6.7903306444350164e-6,0.0
0.0,0.0
0.0,0.0
0.0,0.0
0.0,0.0
0.0,0.0
0.0,0.0
0.0,0.0
0.0,0.0
0.0,0.0
0.0,0.0
0.0,0.0
0.0,0.0
1288.5106518112007,0.0
0.0,0.0
2715.7380294280483,0.0
1164.0390976346825,0.0
279.36938343232384,0.0
0.0,0.0
0.0,0.0
0.0,0.0
0.0,0.0
0.0,0.0
0.0,0.0
0.0,0.0
0.0,0.0
0.0,0.0
3228.0,0.0
774.7199999999998,0.0
185.93280000000004,-3.637978807091713e-12
44.62387200000012,0.0
0.0,0.0
0.0,0.0
0.0,0.0
0.0,0.0
0.0,0.0
0.0,0.0
0.0,0.0
0.0,0.0
893.6952690070939,0.0
2548.7915955546086,0.0
611.709982933106,0.0
146.81039590394545,0.0
0.0,0.0
0.0,0.0
0.0,0.0
0.0,0.0
3228.0,0.0
0.0,0.0
0.0,0.0
0.0,0.0
0.0,0.0
0.0,0.0
0.0,0.0
2370.0278854882927,0.0
568.8066925171902,0.0
136.5136062041256,0.0
32.76326548899033,0.0
7.863183717357515,0.0
1.8871640921656763,0.0
0.4529193821199442,0.0
0.10870065170865928,0.0
0.026088156409969088,0.0
0.00626115753857448,0.0
0.0015026778091851156,0.0
0.0003606426744227065,0.0
8.655424198877881e-5,0.0
2.077301815006649e-5,0.0
4.985524356015958e-6,0.0
1.19652584544383e-6,0.0
0.0,0.0
0.0,0.0
0.0,0.0
0.0,0.0
0.0,0.0
0.0,0.0
0.0,0.0
0.0,0.0
0.0,0.0
0.0,0.0
0.0,0.0
0.0,0.0
0.0,0.0
0.0,0.0
0.0,0.0
0.0,0.0
0.0,0.0
0.0,0.0
0.0,0.0
0.0,0.0
0.0,0.0
0.0,0.0
0.0,0.0
0.0,0.0
0.0,0.0
0.0,0.0
0.0,0.0
0.0,0.0
0.0,0.0
0.0,0.0
0.0,0.0
0.0,0.0
0.0,0.0
0.0,0.0
0.0,0.0
0.0,0.0
0.0,0.0
0.0,0.0
0.0,0.0
0.0,0.0
0.0,0.0
0.0,0.0
0.0,0.0
0.0,0.0
0.0,0.0
0.0,0.0
0.0,0.0
0.0,0.0
0.0,0.0
0.0,0.0
0.0,0.0
0.0,0.0
0.0,0.0
0.0,0.0
0.0,0.0
0.0,0.0
0.0,0.0
0.0,0.0
0.0,0.0
0.0,0.0
0.0,0.0
0.0,0.0
0.0,0.0
0.0,0.0
0.0,0.0
0.0,0.0
2985.070838370915,0.0
880.9179839334192,0.0
0.0,0.0
0.0,0.0
0.0,0.0
0.0,0.0
2464.7174402732853,0.0
1354.8147453923048,0.0
325.1555388941533,0.0
0.0,0.0
325.1444042980139,0.0
263.0914546885615,0.0
63.14194912525454,0.0
15.154067790061163,0.0
3.636976269614479,0.0
0.8728743047076932,0.0
0.20948983312973724,0.0
0.050277559951155126,0.0
0.01206661438845913,0.0
0.002895987453030102,0.0
0.0006950369888727437,0.0
0.0001668088773294585,0.0
0.0,0.0
0.0,0.0
0.0,0.0
0.0,0.0
0.0,0.0
0.0,0.0
0.0,0.0
0.0,0.0
0.0,0.0
0.0,0.0
0.0,0.0
0.0,0.0
0.0,0.0
0.0,0.0
0.0,0.0
0.0,0.0
0.0,0.0
0.0,0.0
0.0,0.0
0.0,0.0
0.0,0.0
0.0,0.0
0.0,0.0
0.0,0.0
0.0,0.0
0.0,0.0
0.0,0.0
0.0,0.0
0.0,0.0
0.0,0.0
0.0,0.0
0.0,0.0
0.0,0.0
0.0,0.0
0.0,0.0
0.0,0.0
0.0,0.0
0.0,0.0
0.0,0.0
3225.4438956419726,0.0
0.0,0.0
0.0,0.0
0.0,0.0
0.0,0.0
0.0,0.0
0.0,0.0
0.0,0.0
0.0,0.0
0.0,0.0
0.0,0.0
3228.0,0.0
774.7199999999998,0.0
185.93280000000004,0.0
0.0,0.0
0.0,0.0
0.0,0.0
0.0,0.0
0.0,0.0
0.0,0.0
0.0,0.0
0.0,0.0
0.0,0.0
0.0,0.0
0.0,0.0
0.0,0.0
0.0,0.0
0.0,0.0
0.0,0.0
0.0,0.0
0.0,0.0
0.0,0.0
0.0,0.0
0.0,0.0
0.0,0.0
0.0,0.0
3228.0,0.0
774.7199999999998,0.0
0.0,0.0
0.0,0.0
185.93280000000004,0.0
0.0,0.0
0.0,0.0
0.0,0.0
44.62387200000012,0.0
0.0,0.0
0.0,0.0
0.0,0.0
10.70972927999992,0.0
0.0,0.0
0.0,0.0
0.0,0.0
2.5703350272001444,0.0
0.0,0.0
0.6168804065282529,0.0
0.1480512975667807,0.0
0.03553231141586366,0.0
0.008527754739589,0.0
0.002046661137683259,0.0
0.0004911986729894124,0.0
0.00011788768142650952,0.0
2.8293043669691542e-5,0.0
6.7903306444350164e-6,0.0
1.6296794456138741e-6,0.0
3.9112319427658804e-7,0.0
9.386940291733481e-8,0.0
2.252863851026632e-8,0.0
5.406946002040058e-9,0.0
0.0,0.0
0.0,0.0
3228.0,0.0
774.7199999999998,0.0
185.93280000000004,0.0
0.0,0.0
0.0,0.0
0.0,0.0
0.0,0.0
0.0,0.0
0.0,0.0
0.0,0.0
0.0,0.0
0.0,0.0
0.0,0.0
3228.0,0.0
774.7199999999998,0.0
185.93280000000004,0.0
0.0,0.0
0.0,0.0
0.0,0.0
0.0,0.0
0.0,0.0
0.0,0.0
0.0,0.0
0.0,0.0
0.0,0.0
0.0,0.0
0.0,0.0
0.0,0.0
0.0,0.0
0.0,0.0
0.0,0.0
0.0,0.0
0.0,0.0
0.0,0.0
0.0,0.0
0.0,0.0
0.0,0.0
0.0,0.0
3228.0,0.0
774.7199999999998,0.0
185.93280000000004,0.0
44.62387200000012,0.0
10.70972927999992,0.0
2.5703350272001444,0.0
0.6168804065282529,0.0
0.1480512975667807,0.0
0.03553231141586366,0.0
0.008527754739589,0.0
0.002046661137683259,0.0
0.0004911986729894124,0.0
0.00011788768142650952,0.0
2.8293043669691542e-5,0.0
6.7903306444350164e-6,0.0
0.0,0.0
0.0,0.0
0.0,0.0
0.0,0.0
0.0,0.0
0.0,0.0
0.0,0.0
0.0,0.0
0.0,0.0
0.0,0.0
0.0,0.0
0.0,0.0
0.0,0.0
0.0,0.0
0.0,0.0
0.0,0.0
0.0,0.0
0.0,0.0
0.0,0.0
0.0,0.0
0.0,0.0
0.0,0.0
0.0,0.0
0.0,0.0
0.0,0.0
0.0,0.0
0.0,0.0
0.0,0.0
0.0,0.0
0.0,0.0
0.0,0.0
0.0,0.0
0.0,0.0
0.0,0.0
0.0,0.0
0.0,0.0
0.0,0.0
0.0,0.0
0.0,0.0
0.0,0.0
0.0,0.0
0.0,0.0
0.0,0.0
0.0,0.0
0.0,0.0
0.0,0.0
0.0,0.0
0.0,0.0
3228.0,0.0
774.7199999999998,0.0
185.93280000000004,0.0
44.62387200000012,0.0
10.70972927999992,0.0
2.5703350272001444,0.0
0.6168804065282529,0.0
0.1480512975667807,0.0
0.03553231141586366,0.0
0.008527754739589,0.0
0.002046661137683259,0.0
0.0004911986729894124,0.0
0.00011788768142650952,0.0
2.8293043669691542e-5,0.0
6.7903306444350164e-6,0.0
1.6296794456138741e-6,0.0
0.0,0.0
0.0,0.0
0.0,0.0
0.0,0.0
0.0,0.0
0.0,0.0
0.0,0.0
0.0,0.0
0.0,0.0
0.0,0.0
0.0,0.0
0.0,0.0
0.0,0.0
0.0,0.0
0.0,0.0
0.0,0.0
0.0,0.0
0.0,0.0
0.0,0.0
0.0,0.0
0.0,0.0
0.0,0.0
0.0,0.0
0.0,0.0
0.0,0.0
0.0,0.0
0.0,0.0
0.0,0.0
0.0,0.0
0.0,0.0
0.0,0.0
0.0,0.0
0.0,0.0
0.0,0.0
0.0,0.0
0.0,0.0
0.0,0.0
0.0,0.0
0.0,0.0
0.0,0.0
0.0,0.0
0.0,0.0
0.0,0.0
0.0,0.0
0.0,0.0
0.0,0.0
0.0,0.0
0.0,0.0
0.0,0.0
0.0,0.0
0.0,0.0
0.0,0.0
0.0,0.0
0.0,0.0
0.0,0.0
0.0,0.0
0.0,0.0
0.0,0.0
0.0,0.0
0.0,0.0
0.0,0.0
0.0,0.0
0.0,0.0
0.0,0.0
3228.0,0.0
774.7199999999998,0.0
185.93280000000004,0.0
44.62387200000012,0.0
10.70972927999992,0.0
2.5703350272001444,0.0
0.6168804065282529,0.0
0.1480512975667807,0.0
0.03553231141586366,0.0
0.0,0.0
0.0,0.0
0.0,0.0
0.0,0.0
0.0,0.0
0.0,0.0
0.0,0.0
3112.177859451047,0.0
862.7448268172047,0.0
207.0587584361292,0.0
49.69410202467088,0.0
11.926584485921012,0.0
2.8623802766210247,0.0
0.6869712663892642,0.0
0.16487310393358712,0.0
0.03956954494424281,0.0
0.009496690786818363,0.0
0.0022792057889091666,0.0
0.0005470093892654404,0.0
0.00013128225327818654,0.0
3.150774078676477e-5,0.0
0.0,0.0
0.0,0.0
0.0,0.0
0.0,0.0
0.0,0.0
0.0,0.0
628.9721264566324,0.0
2749.9811838929595,0.0
0.0,0.0
0.0,0.0
0.0,0.0
0.0,0.0
0.0,0.0
0.0,0.0
0.0,0.0
0.0,0.0
0.0,0.0
0.0,0.0
0.0,0.0
3228.0,0.0
0.0,0.0
0.0,0.0
0.0,0.0
1.998875440331176,0.0
3226.4808546653476,0.0
774.3554051196834,0.0
185.84529722872412,0.0
44.602871334893734,0.0
10.704689120374496,0.0
2.5691253888899155,0.0
0.616590093333798,0.0
0.14798162240011153,0.0
0.0,0.0
0.0,0.0
0.0,0.0
0.0,0.0
0.0,0.0
0.0,0.0
0.0,0.0
0.0,0.0
0.0,0.0
0.0,0.0
0.0,0.0
0.0,0.0
0.0,0.0
0.0,0.0
0.0,0.0
0.0,0.0
0.0,0.0
0.0,0.0
0.0,0.0
0.0,0.0
0.0,0.0
0.0,0.0
0.0,0.0
0.0,0.0
0.0,0.0
0.0,0.0
0.0,0.0
0.0,0.0
0.0,0.0
0.0,0.0
0.0,0.0
0.0,0.0
0.0,0.0
0.0,0.0
0.0,0.0
0.0,0.0
0.0,0.0
0.0,0.0
0.0,0.0
53.79223670397914,0.0
0.0,0.0
0.0,0.0
0.0,0.0
0.0,0.0
0.0,0.0
0.0,0.0
3228.0,0.0
774.7199999999998,0.0
185.93280000000004,0.0
0.0,0.0
1925.1109949416714,0.0
1764.9156438443315,0.0
423.57975452263963,0.0
101.65914108543348,0.0
24.398193860503852,0.0
5.855566526520761,0.0
0.0,0.0
2812.0396259032314,0.0
674.8895102167753,0.0
161.97348245202602,0.0
38.87363578848624,0.0
0.0,0.0
699.7496430397296,0.0
0.0,0.0
0.0,0.0
0.0,0.0
0.0,0.0
0.0,0.0
0.0,0.0
0.0,0.0
0.0,0.0
0.0,0.0
0.0,0.0
0.0,0.0
0.0,0.0
0.0,0.0
0.0,0.0
0.0,0.0
0.0,0.0
0.0,0.0
0.0,0.0
0.0,0.0
0.0,0.0
0.0,0.0
0.0,0.0
0.0,0.0
0.0,0.0
0.0,0.0
0.0,0.0
0.0,0.0
0.0,0.0
0.0,0.0
0.0,0.0
0.0,0.0
0.0,0.0
0.0,0.0
0.0,0.0
0.0,0.0
0.0,0.0
0.0,0.0
0.0,0.0
0.0,0.0
0.0,0.0
0.0,0.0
0.0,0.0
0.0,0.0
0.0,0.0
0.0,0.0
0.0,0.0
0.0,0.0
0.0,0.0
0.0,0.0
0.0,0.0
0.0,0.0
3228.0,0.0
774.7199999999998,0.0
185.93280000000004,0.0
44.62387200000012,0.0
10.70972927999992,0.0
2.5703350272001444,0.0
0.6168804065282529,0.0
0.1480512975667807,0.0
0.03553231141586366,-2.2737367544323206e-12
0.0,0.0
0.0,0.0
0.0,0.0
0.0,0.0
0.0,0.0
0.0,0.0
0.0,0.0
0.0,0.0
0.0,0.0
0.0,0.0
0.0,0.0
0.0,0.0
0.0,0.0
0.0,0.0
0.0,0.0
0.0,0.0
0.0,0.0
0.0,0.0
0.0,0.0
3228.0,0.0
774.7199999999998,0.0
185.93280000000004,0.0
0.0,0.0
3228.0,0.0
774.7199999999998,0.0
185.93280000000004,0.0
44.62387200000012,0.0
10.70972927999992,0.0
2.5703350272001444,0.0
0.0,0.0
0.0,0.0
3228.0,0.0
774.7199999999998,0.0
185.93280000000004,0.0
0.0,0.0
0.0,0.0
0.0,0.0
0.0,0.0
3228.0,0.0
774.7199999999998,0.0
185.93280000000004,0.0
44.62387200000012,0.0
10.70972927999992,0.0
2.5703350272001444,0.0
0.6168804065282529,-3.637978807091713e-12
0.1480512975667807,0.0
0.03553231141586366,0.0
0.008527754739589,0.0
0.002046661137683259,0.0
0.0004911986729894124,0.0
0.00011788768142650952,0.0
2.8293043669691542e-5,0.0
6.7903306444350164e-6,0.0
0.0,0.0
3228.0,0.0
774.7199999999998,0.0
185.93280000000004,0.0
44.62387200000012,0.0
10.70972927999992,0.0
2.5703350272001444,0.0
0.6168804065282529,0.0
0.1480512975667807,0.0
0.03553231141586366,0.0
0.008527754739589,0.0
0.002046661137683259,0.0
0.0,0.0
0.0,0.0
0.0,0.0
0.0,0.0
0.0,0.0
0.0,0.0
0.0,0.0
3228.0,0.0
774.7199999999998,0.0
185.93280000000004,0.0
44.62387200000012,0.0
10.70972927999992,0.0
2.5703350272001444,0.0
0.6168804065282529,0.0
0.1480512975667807,0.0
0.03553231141586366,0.0
0.008527754739589,0.0
0.002046661137683259,0.0
0.0004911986729894124,0.0
0.00011788768142650952,0.0
2.8293043669691542e-5,0.0
6.7903306444350164e-6,0.0
1.6296794456138741e-6,0.0
3.9112319427658804e-7,7.275957614183426e-12
9.386940291733481e-8,0.0
2.252863851026632e-8,0.0
5.406946002040058e-9,0.0
1.2978489394299686e-9,0.0
3.115019353572279e-10,0.0
0.0,0.0
3228.0,0.0
774.7199999999998,5.4569682106375694e-12
185.93280000000004,0.0
44.62387200000012,0.0
10.70972927999992,0.0
2.5703350272001444,0.0
0.6168804065282529,0.0
0.0,0.0
538.4752698705188,0.0
129.2340647689245,0.0
0.0,0.0
0.0,0.0
0.0,0.0
0.0,0.0
0.0,0.0
0.0,0.0
0.0,0.0
0.0,0.0
0.0,0.0
0.0,0.0
0.0,0.0
0.0,0.0
0.0,0.0
0.0,0.0
2628.370185383603,0.0
0.0,0.0
0.0,0.0
0.0,0.0
0.0,0.0
1230.4386591084622,0.0
0.0,0.0
295.30527818603105,0.0
70.87326676464727,0.0
17.009584023515345,0.0
4.082300165643574,0.0
0.9797520397546577,0.0
0.2351404895412088,0.0
0.05643371749010839,0.0
0.013544092197662394,0.0
0.0032505821272934554,0.0
0.0007801397105140495,0.0
0.00018723353059613146,0.0
0.0,0.0
2107.195821091706,0.0
505.7269970620091,0.0
121.37447929488235,0.0
29.129875030771757,0.0
0.0,0.0
0.0,0.0
0.0,0.0
804.1402362785011,0.0
2616.8534204283387,0.0
628.0448209028013,0.0
150.73075701667233,0.0
0.0,0.0
0.0,0.0
3228.0,0.0
774.7199999999998,0.0
185.93280000000004,0.0
44.62387200000012,0.0
10.70972927999992,0.0
2.5703350272001444,0.0
0.6168804065282529,0.0
0.1480512975667807,0.0
0.03553231141586366,0.0
0.008527754739589,0.0
0.0,0.0
0.0,0.0
0.0,0.0
0.0,0.0
0.0,0.0
0.0,0.0
0.0,0.0
0.0,0.0
0.0,0.0
0.0,0.0
0.0,0.0
0.0,0.0
0.0,0.0
0.0,0.0
0.0,0.0
0.0,0.0
0.0,0.0
0.0,0.0
0.0,0.0
0.0,0.0
0.0,0.0
0.0,0.0
0.0,0.0
0.0,0.0
0.0,0.0
0.0,0.0
0.0,0.0
0.0,0.0
0.0,0.0
0.0,0.0
0.0,0.0
0.0,0.0
0.0,0.0
0.0,0.0
0.0,0.0
3228.0,0.0
774.7199999999998,0.0
185.93280000000004,0.0
44.62387200000012,0.0
10.70972927999992,0.0
2.5703350272001444,0.0
0.6168804065282529,0.0
0.1480512975667807,0.0
0.03553231141586366,0.0
0.008527754739589,0.0
0.002046661137683259,0.0
0.0004911986729894124,0.0
0.00011788768142650952,0.0
2.8293043669691542e-5,0.0
6.7903306444350164e-6,0.0
1.6296794456138741e-6,0.0
0.0,0.0
0.0,0.0
0.0,0.0
0.0,0.0
3228.0,0.0
774.7199999999998,0.0
185.93280000000004,0.0
44.62387200000012,0.0
10.70972927999992,0.0
2.5703350272001444,0.0
0.6168804065282529,0.0
0.1480512975667807,0.0
0.03553231141586366,0.0
0.008527754739589,0.0
0.002046661137683259,0.0
0.0004911986729894124,0.0
0.00011788768142650952,0.0
2.8293043669691542e-5,0.0
6.7903306444350164e-6,0.0
1.6296794456138741e-6,0.0
3.9112319427658804e-7,0.0
9.386940291733481e-8,0.0
2.252863851026632e-8,0.0
5.406946002040058e-9,0.0
0.0,0.0
0.0,0.0
0.0,0.0
0.0,0.0
0.0,0.0
3228.0,0.0
774.7199999999993,0.0
0.0,0.0
0.0,0.0
0.0,0.0
0.0,0.0
0.0,0.0
0.0,0.0
0.0,0.0
0.0,0.0
0.0,0.0
0.0,0.0
0.0,0.0
0.0,0.0
0.0,0.0
0.0,0.0
0.0,0.0
0.0,0.0
0.0,0.0
0.0,0.0
0.0,0.0
0.0,0.0
0.0,0.0
0.0,0.0
0.0,0.0
0.0,0.0
0.0,0.0
0.0,0.0
3228.0,0.0
774.7199999999998,0.0
185.93280000000004,0.0
44.62387200000012,0.0
10.70972927999992,0.0
2.5703350272001444,0.0
0.6168804065282529,0.0
0.1480512975667807,0.0
0.03553231141586366,0.0
0.008527754739589,0.0
0.002046661137683259,0.0
0.0004911986729894124,0.0
0.0,0.0
0.0,0.0
0.0,0.0
0.0,0.0
0.0,0.0
0.0,0.0
0.0,0.0
0.0,0.0
0.0,0.0
0.0,0.0
0.0,0.0
0.0,0.0
0.0,0.0
0.0,0.0
0.0,0.0
0.0,0.0
0.0,0.0
0.0,0.0
0.0,0.0
0.0,0.0
0.0,0.0
0.0,0.0
0.0,0.0
0.0,0.0
0.0,0.0
3228.0,0.0
0.0,0.0
0.0,0.0
0.0,0.0
0.0,0.0
0.0,0.0
0.0,0.0
774.7199999999998,0.0
185.93280000000004,0.0
44.62387200000012,0.0
10.70972927999992,0.0
2.5703350272001444,0.0
0.6168804065282529,0.0
0.1480512975667807,0.0
0.03553231141586366,0.0
0.008527754739589,0.0
0.002046661137683259,0.0
0.0004911986729894124,0.0
0.00011788768142650952,0.0
2.8293043669691542e-5,0.0
6.7903306444350164e-6,0.0
1.6296794456138741e-6,0.0
3.9112319427658804e-7,0.0
9.386940291733481e-8,0.0
2.252863851026632e-8,0.0
0.0,0.0
0.0,0.0
0.0,0.0
0.0,0.0
0.0,0.0
0.0,0.0
0.0,0.0
0.0,0.0
0.0,0.0
0.0,0.0
0.0,0.0
0.0,0.0
0.0,0.0
0.0,0.0
0.0,0.0
3228.0,0.0
774.7199999999998,0.0
185.93280000000004,0.0
44.62387200000012,0.0
10.70972927999992,0.0
2.5703350272001444,0.0
0.6168804065282529,0.0
0.0,0.0
0.0,0.0
0.0,0.0
0.0,0.0
0.0,0.0
0.0,0.0
0.0,0.0
0.0,0.0
0.0,0.0
0.0,0.0
0.0,0.0
0.0,0.0
0.0,0.0
0.0,0.0
0.0,0.0
0.0,0.0
0.0,0.0
0.0,0.0
0.0,0.0
0.0,0.0
0.0,0.0
0.0,0.0
0.0,0.0
0.0,0.0
0.0,0.0
0.0,0.0
0.0,0.0
0.0,0.0
0.0,0.0
0.0,0.0
0.0,0.0
0.0,0.0
0.0,0.0
0.0,0.0
0.0,0.0
0.0,0.0
0.0,0.0
0.0,0.0
0.0,0.0
0.0,0.0
0.0,0.0
0.0,0.0
0.0,0.0
0.0,0.0
0.0,0.0
0.0,0.0
0.0,0.0
0.0,0.0
0.0,0.0
0.0,0.0
0.0,0.0
0.0,0.0
0.0,0.0
0.0,0.0
0.0,0.0
0.0,0.0
0.0,0.0
0.0,0.0
0.0,0.0
0.0,0.0
0.0,0.0
0.0,0.0
0.0,0.0
0.0,0.0
0.0,0.0
0.0,0.0
0.0,0.0
0.0,0.0
0.0,0.0
0.0,0.0
0.0,0.0
0.0,0.0
0.0,0.0
0.0,0.0
0.0,0.0
0.0,0.0
0.0,0.0
0.0,0.0
703.7642212930186,0.0
89.67413602216766,0.0
0.0,0.0
2220.469546586344,0.0
937.4299930348366,0.0
224.9831983283607,0.0
53.9959675988066,0.0
12.95903222371362,0.0
3.110167733691469,0.0
0.0,0.0
0.0,0.0
0.0,0.0
0.0,0.0
0.0,0.0
0.0,0.0
0.0,0.0
0.7464402560858616,0.0
0.17914566146055222,0.0
0.04299495875056891,0.0
0.01031879009997283,0.0
0.0024765096241026185,0.0
0.0005943623095845396,0.0
0.00014264695437304908,0.0
3.423526914048125e-5,0.0
8.216464721044758e-6,0.0
2.5946729022651104e-6,0.0
0.0,0.0
0.0,0.0
0.0,0.0
0.0,0.0
0.0,0.0
0.0,0.0
0.0,0.0
0.0,0.0
0.0,0.0
0.0,0.0
0.0,0.0
0.0,0.0
0.0,0.0
0.0,0.0
0.0,0.0
0.0,0.0
0.0,0.0
0.0,0.0
0.0,0.0
0.0,0.0
0.0,0.0
0.0,0.0
0.0,0.0
0.0,0.0
0.0,0.0
0.0,0.0
0.0,0.0
0.0,0.0
0.0,0.0
0.0,0.0
0.0,0.0
0.0,0.0
0.0,0.0
0.0,0.0
0.0,0.0
0.0,0.0
0.0,0.0
0.0,0.0
0.0,0.0
0.0,0.0
0.0,0.0
0.0,0.0
0.0,0.0
0.0,0.0
0.0,0.0
0.0,0.0
0.0,0.0
0.0,0.0
0.0,0.0
0.0,0.0
0.0,0.0
0.0,0.0
0.0,0.0
0.0,0.0
0.0,0.0
0.0,0.0
0.0,0.0
0.0,0.0
0.0,0.0
0.0,0.0
0.0,0.0
0.0,0.0
0.0,0.0
0.0,0.0
0.0,0.0
0.0,0.0
0.0,0.0
0.0,0.0
0.0,0.0
0.0,0.0
0.0,0.0
0.0,0.0
0.0,0.0
1018.5288986634041,0.0
2453.91803701581,0.0
588.9403288837943,0.0
0.0,0.0
0.0,0.0
59.10601163623505,0.0
2138.504963569257,0.0
0.0,0.0
0.0,0.0
0.0,0.0
0.0,0.0
3228.0,0.0
774.7199999999998,0.0
185.93280000000004,0.0
44.62387200000012,0.0
10.70972927999992,0.0
2.5703350272001444,0.0
0.6168804065282529,0.0
0.1480512975667807,0.0
0.03553231141586366,0.0
0.008527754739589,0.0
0.002046661137683259,0.0
0.0004911986729894124,0.0
0.00011788768142650952,0.0
2.8293043669691542e-5,0.0
6.7903306444350164e-6,0.0
1.6296793546644043e-6,0.0
0.0,0.0
0.0,0.0
0.0,0.0
0.0,0.0
0.0,0.0
0.0,0.0
0.0,0.0
0.0,0.0
0.0,0.0
0.0,0.0
0.0,0.0
0.0,0.0
0.0,0.0
0.0,0.0
0.0,0.0
0.0,0.0
0.0,0.0
0.0,0.0
0.0,0.0
0.0,0.0
0.0,0.0
3228.0,0.0
774.7199999999998,0.0
185.93280000000004,0.0
44.62387200000012,0.0
10.70972927999992,0.0
2.5703350272001444,0.0
0.6168804065282529,0.0
0.1480512975667807,0.0
0.03553231141586366,0.0
0.008527754739589,0.0
0.002046661137683259,0.0
0.0004911986729894124,0.0
0.00011788768142650952,0.0
2.8293043669691542e-5,0.0
6.7903306444350164e-6,0.0
1.6296794456138741e-6,0.0
0.0,0.0
0.0,0.0
0.0,0.0
0.0,0.0
0.0,0.0
0.0,0.0
0.0,0.0
0.0,0.0
0.0,0.0
0.0,0.0
0.0,0.0
0.0,0.0
0.0,0.0
0.0,0.0
0.0,0.0
0.0,0.0
0.0,0.0
0.0,0.0
0.0,0.0
0.0,0.0
0.0,0.0
0.0,0.0
0.0,0.0
0.0,0.0
0.0,0.0
0.0,0.0
0.0,0.0
0.0,0.0
0.0,0.0
0.0,0.0
0.0,0.0
0.0,0.0
0.0,0.0
0.0,0.0
0.0,0.0
0.0,0.0
0.0,0.0
0.0,0.0
0.0,0.0
0.0,0.0
0.0,0.0
0.0,0.0
0.0,0.0
1073.3249320672694,0.0
2412.2730516288757,0.0
578.9455323909301,0.0
138.94692777382306,0.0
33.34726266571761,0.0
8.003343039772062,0.0
1.920802329545495,0.0
0.4609925590907551,0.0
0.11063821418156294,0.0
0.026553171403520537,0.0
0.006372761136844929,0.0
0.0015294626728064031,0.0
0.0003670710416372458,0.0
8.809704999293897e-5,0.0
0.0,0.0
0.0,0.0
0.0,0.0
0.0,0.0
0.0,0.0
0.0,0.0
0.0,0.0
0.0,0.0
293.3471782566339,0.0
3005.0561445249587,0.0
721.2134746859901,0.0
173.0912339246379,0.0
41.541896141913185,0.0
9.970055074059019,0.0
2.3928132177743464,0.0
0.5742751722659705,0.0
0.13782604134394205,0.0
0.033078249922546085,0.0
0.0,0.0
0.0,0.0
0.0,0.0
3228.0,0.0
774.7199999999998,0.0
185.93280000000004,0.0
44.62387200000012,0.0
10.70972927999992,0.0
2.5703350272001444,0.0
0.6168804065282529,0.0
0.1480512975667807,0.0
0.03553231141586366,0.0
0.0,0.0
0.0,0.0
0.0,0.0
0.0,0.0
0.0,0.0
0.0,0.0
0.0,0.0
0.0,0.0
0.0,0.0
0.0,0.0
0.0,0.0
0.0,0.0
0.0,0.0
0.0,0.0
0.0,0.0
0.0,0.0
2100.208078591055,0.0
1300.5396508045596,0.0
0.0,0.0
0.0,0.0
0.0,0.0
0.0,0.0
0.0,0.0
0.0,0.0
0.0,0.0
0.0,0.0
0.0,0.0
0.0,0.0
0.0,0.0
0.0,0.0
0.0,0.0
0.0,0.0
0.0,0.0
0.0,0.0
0.0,0.0
0.0,0.0
0.0,0.0
0.0,0.0
0.0,0.0
0.0,0.0
0.0,0.0
0.0,0.0
0.0,0.0
0.0,0.0
0.0,0.0
3228.0,0.0
774.7199999999998,0.0
185.93280000000004,0.0
44.62387200000012,0.0
10.70972927999992,0.0
0.0,0.0
0.0,0.0
0.0,0.0
0.0,0.0
0.0,0.0
0.0,0.0
0.0,0.0
0.0,0.0
0.0,0.0
0.0,0.0
0.0,0.0
0.0,0.0
0.0,0.0
0.0,0.0
0.0,0.0
0.0,0.0
0.0,0.0
0.0,0.0
0.0,0.0
0.0,0.0
0.0,0.0
0.0,0.0
0.0,0.0
0.0,0.0
0.0,0.0
0.0,0.0
0.0,0.0
0.0,0.0
0.0,0.0
0.0,0.0
0.0,0.0
0.0,0.0
0.0,0.0
0.0,0.0
0.0,0.0
0.0,0.0
0.0,0.0
0.0,0.0
0.0,0.0
0.0,0.0
0.0,0.0
0.0,0.0
0.0,0.0
0.0,0.0
0.0,0.0
0.0,0.0
0.0,0.0
0.0,0.0
0.0,0.0
0.0,0.0
0.0,0.0
0.0,0.0
0.0,0.0
0.0,0.0
0.0,0.0
0.0,0.0
0.0,0.0
0.0,0.0
0.0,0.0
0.0,0.0
0.0,0.0
0.0,0.0
0.0,0.0
0.0,0.0
0.0,0.0
0.0,0.0
0.0,0.0
0.0,0.0
0.0,0.0
0.0,0.0
0.0,0.0
0.0,0.0
0.0,0.0
0.0,0.0
0.0,0.0
0.0,0.0
0.0,0.0
0.0,0.0
0.0,0.0
0.0,0.0
0.0,0.0
0.0,0.0
3228.0,0.0
774.7199999999998,0.0
185.93280000000004,0.0
44.62387200000012,0.0
10.70972927999992,0.0
2.5703350272001444,0.0
0.6168804065282529,0.0
0.1480512975667807,0.0
0.03553231141586366,0.0
0.008527754739589,0.0
0.002046661137683259,0.0
0.0004911986729894124,0.0
0.00011788768142650952,0.0
2.8293043669691542e-5,0.0
6.7903306444350164e-6,0.0
1.6296794456138741e-6,0.0
3.9112319427658804e-7,0.0
9.386940291733481e-8,0.0
2.252863851026632e-8,0.0
5.406946002040058e-9,0.0
0.0,0.0
0.0,0.0
0.0,0.0
0.0,0.0
0.0,0.0
0.0,0.0
0.0,0.0
0.0,0.0
0.0,0.0
0.0,0.0
0.0,0.0
0.0,0.0
0.0,0.0
0.0,0.0
0.0,0.0
0.0,0.0
0.0,0.0
0.0,0.0
0.0,0.0
0.0,0.0
0.0,0.0
0.0,0.0
0.0,0.0
0.0,0.0
0.0,0.0
0.0,0.0
0.0,0.0
0.0,0.0
0.0,0.0
0.0,0.0
0.0,0.0
0.0,0.0
0.0,0.0
0.0,0.0
0.0,0.0
0.0,0.0
0.0,0.0
0.0,0.0
0.0,0.0
0.0,0.0
0.0,0.0
0.0,0.0
0.0,0.0
0.0,0.0
0.0,0.0
0.0,0.0
0.0,0.0
0.0,0.0
0.0,0.0
0.0,0.0
0.0,0.0
0.0,0.0
0.0,0.0
0.0,0.0
0.0,0.0
0.0,0.0
0.0,0.0
0.0,0.0
0.0,0.0
0.0,0.0
0.0,0.0
0.0,0.0
0.0,0.0
0.0,0.0
0.0,0.0
0.0,0.0
0.0,0.0
0.0,0.0
0.0,0.0
0.0,0.0
0.0,0.0
0.0,0.0
0.0,0.0
0.0,0.0
0.0,0.0
0.0,0.0
0.0,0.0
0.0,0.0
0.0,0.0
0.0,0.0
0.0,0.0
