PumpedStor,BatteryStor
0.0,0.0
2453.28,0.0
3042.0672,0.0
3183.376128,0.0
3217.29027072,0.0
3225.4296649728,0.0
3227.3831195934717,0.0
3227.3831195934717,0.0
3227.3831195934717,0.0
3227.3831195934717,0.0
3227.3831195934717,0.0
3227.3831195934717,0.0
3227.3831195934717,0.0
3227.3831195934717,0.0
3227.3831195934717,0.0
3227.3831195934717,0.0
3227.3831195934717,0.0
3227.3831195934717,0.0
3227.3831195934717,0.0
3227.3831195934717,0.0
3227.3831195934717,0.0
3227.3831195934717,0.0
3227.3831195934717,0.0
3227.3831195934717,0.0
3227.3831195934717,0.0
3227.851948702433,0.0
3227.964467688584,0.0
3227.964467688584,0.0
3227.964467688584,0.0
3227.964467688584,0.0
3227.964467688584,0.0
3227.964467688584,0.0
3227.964467688584,0.0
3227.964467688584,0.0
3227.964467688584,0.0
3227.964467688584,0.0
3227.964467688584,0.0
3227.964467688584,0.0
3227.964467688584,0.0
3227.964467688584,0.0
3227.964467688584,0.0
3227.964467688584,0.0
3227.964467688584,0.0
3227.964467688584,0.0
3227.964467688584,0.0
3227.964467688584,0.0
3227.964467688584,0.0
3227.964467688584,0.0
3227.964467688584,0.0
3227.964467688584,0.0
3227.964467688584,0.0
3227.964467688584,0.0
3227.964467688584,0.0
3227.964467688584,0.0
3227.964467688584,0.0
3227.964467688584,0.0
3227.964467688584,0.0
3227.964467688584,0.0
3227.964467688584,0.0
3227.964467688584,0.0
3227.964467688584,0.0
3227.964467688584,0.0
3227.964467688584,0.0
3227.964467688584,0.0
3227.964467688584,0.0
3227.964467688584,0.0
3227.964467688584,0.0
3227.964467688584,0.0
1398.3321619412786,0.0
1398.3321619412786,0.0
1398.3321619412786,0.0
1398.3321619412786,0.0
1398.3321619412786,0.0
1398.3321619412786,0.0
1398.3321619412786,0.0
1398.3321619412786,0.0
1398.3321619412786,0.0
1398.3321619412786,0.0
1398.3321619412786,0.0
1398.3321619412786,0.0
0.0,0.0
0.0,0.0
0.0,0.0
0.0,0.0
0.0,0.0
0.0,0.0
0.0,0.0
0.0,0.0
0.0,0.0
0.0,0.0
0.0,0.0
0.0,0.0
0.0,0.0
0.0,0.0
2453.28,0.0
2453.28,0.0
2453.28,0.0
2453.28,0.0
3042.0672,0.0
3183.376128,0.0
3217.29027072,0.0
3225.4296649728,0.0
3227.3831195934717,0.0
3227.851948702433,0.0
3227.964467688584,0.0
3227.9914722452604,0.0
3227.9979533388623,0.0
3227.999508801327,0.0
3227.9998821123186,0.0
3227.9999717069563,0.0
3227.9999932096694,0.0
3227.9999983703206,0.0
3227.999999608877,0.0
3227.9999999061306,0.0
3227.9999999774714,0.0
3227.9999999774714,0.0
3227.9999999774714,0.0
3227.9999999774714,0.0
3227.9999999774714,0.0
3227.9999999774714,0.0
3227.9999999774714,0.0
3227.9999999774714,0.0
3227.9999999774714,0.0
0.0,0.0
0.0,0.0
0.0,0.0
0.0,0.0
0.0,0.0
0.0,0.0
0.0,0.0
0.0,0.0
0.0,0.0
0.0,0.0
0.0,0.0
0.0,0.0
0.0,0.0
0.0,0.0
0.0,0.0
0.0,0.0
0.0,0.0
0.0,0.0
0.0,0.0
0.0,0.0
2453.28,0.0
3042.0672,0.0
3183.376128,0.0
3217.29027072,0.0
3225.4296649728,0.0
3225.4296649728,0.0
3225.4296649728,0.0
3225.4296649728,0.0
0.0,0.0
0.0,0.0
0.0,0.0
0.0,0.0
0.0,0.0
0.0,0.0
0.0,0.0
0.0,0.0
0.0,0.0
0.0,0.0
0.0,0.0
0.0,0.0
0.0,0.0
0.0,0.0
0.0,0.0
0.0,0.0
0.0,0.0
0.0,0.0
0.0,0.0
0.0,0.0
0.0,0.0
0.0,0.0
0.0,0.0
0.0,0.0
0.0,0.0
0.0,0.0
0.0,0.0
0.0,0.0
0.0,0.0
0.0,0.0
577.9724041753689,0.0
2591.993377002089,0.0
2088.090354213544,0.0
2954.4216850112507,0.0
3162.3412044027,0.0
3212.241889056648,0.0
3224.2180533735955,0.0
3227.092332809663,0.0
3227.782159874319,0.0
3227.782159874319,0.0
3227.782159874319,0.0
3227.782159874319,0.0
3227.782159874319,0.0
3227.782159874319,0.0
3227.782159874319,0.0
3227.782159874319,0.0
3227.782159874319,0.0
3227.782159874319,0.0
3227.782159874319,0.0
160.4396085918247,0.0
160.4396085918247,0.0
160.4396085918247,0.0
160.4396085918247,0.0
160.4396085918247,0.0
160.4396085918247,0.0
160.4396085918247,0.0
160.4396085918247,0.0
160.4396085918247,0.0
160.4396085918247,0.0
160.4396085918247,0.0
160.4396085918247,0.0
160.4396085918247,0.0
160.4396085918247,0.0
160.4396085918247,0.0
160.4396085918247,0.0
160.4396085918247,0.0
160.4396085918247,0.0
160.4396085918247,0.0
0.0,0.0
0.0,0.0
0.0,0.0
0.0,0.0
0.0,0.0
0.0,0.0
0.0,0.0
0.0,0.0
0.0,0.0
0.0,0.0
0.0,0.0
0.0,0.0
0.0,0.0
0.0,0.0
0.0,0.0
0.0,0.0
0.0,0.0
0.0,0.0
0.0,0.0
0.0,0.0
0.0,0.0
0.0,0.0
0.0,0.0
0.0,0.0
0.0,0.0
0.0,0.0
0.0,0.0
0.0,0.0
0.0,0.0
0.0,0.0
0.0,0.0
0.0,0.0
0.0,0.0
0.0,0.0
0.0,0.0
0.0,0.0
0.0,0.0
0.0,0.0
0.0,0.0
0.0,0.0
0.0,0.0
0.0,0.0
0.0,0.0
0.0,0.0
0.0,0.0
0.0,0.0
0.0,0.0
0.0,0.0
0.0,0.0
0.0,0.0
0.0,0.0
0.0,0.0
0.0,0.0
0.0,0.0
0.0,0.0
0.0,0.0
0.0,0.0
0.0,0.0
0.0,0.0
0.0,0.0
0.0,0.0
0.0,0.0
0.0,0.0
0.0,0.0
0.0,0.0
0.0,0.0
0.0,0.0
0.0,0.0
0.0,0.0
0.0,0.0
0.0,0.0
0.0,0.0
0.0,0.0
0.0,0.0
0.0,0.0
0.0,0.0
0.0,0.0
0.0,0.0
0.0,0.0
0.0,0.0
0.0,0.0
0.0,0.0
0.0,0.0
0.0,0.0
0.0,0.0
0.0,0.0
0.0,0.0
0.0,0.0
0.0,0.0
0.0,0.0
0.0,0.0
0.0,0.0
0.0,0.0
0.0,0.0
0.0,0.0
0.0,0.0
0.0,0.0
0.0,0.0
0.0,0.0
2453.28,0.0
3042.0672,0.0
3183.376128,0.0
3217.29027072,0.0
3225.4296649728,0.0
3227.3831195934717,0.0
3227.851948702433,0.0
3227.964467688584,0.0
3227.9914722452604,0.0
3227.9979533388623,0.0
3227.999508801327,0.0
3227.9998821123186,0.0
3227.9999717069563,0.0
3227.9999932096694,0.0
3227.9999932096694,0.0
3227.9999932096694,0.0
3227.9999932096694,0.0
3227.9999932096694,0.0
3227.9999932096694,0.0
3227.9999932096694,0.0
3227.9999932096694,0.0
0.0,0.0
0.0,0.0
0.0,0.0
0.0,0.0
0.0,0.0
369.5558576964104,0.0
2541.9734058471386,0.0
3063.3536174033134,0.0
3188.4848681767953,0.0
3218.516368362431,0.0
3225.7239284069833,0.0
3227.453742817676,0.0
3227.453742817676,0.0
3227.453742817676,0.0
3227.453742817676,0.0
3227.453742817676,0.0
0.0,0.0
0.0,0.0
0.0,0.0
0.0,0.0
0.0,0.0
0.0,0.0
0.0,0.0
1517.433625063956,0.0
1517.433625063956,0.0
0.0,0.0
786.7823495231942,0.0
2642.107763885567,0.0
2642.107763885567,0.0
1376.1758679842815,0.0
1371.345988636217,0.0
0.0,0.0
0.0,0.0
559.4933176504055,0.0
2587.558396236097,0.0
3074.2940150966638,0.0
3191.110563623199,0.0
3219.146535269567,0.0
2257.7365506753595,0.0
2995.1367721620863,0.0
3172.112825318901,0.0
2123.6613118099513,0.0
0.0,0.0
0.0,0.0
0.0,0.0
2453.28,0.0
3042.0672,0.0
3183.376128,0.0
3217.29027072,0.0
3225.4296649728,0.0
3227.3831195934717,0.0
3227.851948702433,0.0
3227.964467688584,0.0
3227.9914722452604,0.0
3227.9979533388623,0.0
3227.9979533388623,0.0
677.0552300457748,0.0
677.0552300457748,0.0
2615.773255210986,0.0
2615.773255210986,0.0
208.15756013330974,0.0
208.15756013330974,0.0
208.15756013330974,0.0
208.15756013330974,0.0
208.15756013330974,0.0
208.15756013330974,0.0
208.15756013330974,0.0
208.15756013330974,0.0
208.15756013330974,0.0
208.15756013330974,0.0
208.15756013330974,0.0
208.15756013330974,0.0
208.15756013330974,0.0
208.15756013330974,0.0
208.15756013330974,0.0
208.15756013330974,0.0
208.15756013330974,0.0
208.15756013330974,0.0
208.15756013330974,0.0
208.15756013330974,0.0
208.15756013330974,0.0
208.15756013330974,0.0
208.15756013330974,0.0
208.15756013330974,0.0
0.0,0.0
0.0,0.0
0.0,0.0
0.0,0.0
0.0,0.0
0.0,0.0
0.0,0.0
0.0,0.0
0.0,0.0
0.0,0.0
0.0,0.0
0.0,0.0
0.0,0.0
0.0,0.0
0.0,0.0
0.0,0.0
0.0,0.0
0.0,0.0
0.0,0.0
0.0,0.0
0.0,0.0
0.0,0.0
0.0,0.0
0.0,0.0
0.0,0.0
0.0,0.0
0.0,0.0
0.0,0.0
0.0,0.0
0.0,0.0
0.0,0.0
0.0,0.0
0.0,0.0
0.0,0.0
0.0,0.0
0.0,0.0
0.0,0.0
0.0,0.0
0.0,0.0
0.0,0.0
0.0,0.0
0.0,0.0
0.0,0.0
0.0,0.0
0.0,0.0
0.0,0.0
0.0,0.0
0.0,0.0
0.0,0.0
0.0,0.0
0.0,0.0
0.0,0.0
0.0,0.0
0.0,0.0
0.0,0.0
0.0,0.0
0.0,0.0
0.0,0.0
0.0,0.0
0.0,0.0
0.0,0.0
0.0,0.0
0.0,0.0
0.0,0.0
1122.0141556048875,0.0
2722.563397345173,0.0
3106.6952153628417,0.0
3198.886851687082,0.0
3221.0128444048996,0.0
3226.3230826571757,0.0
3227.5975398377223,0.0
3227.903409561053,0.0
3227.9768182946527,0.0
3227.9944363907166,0.0
3227.998664733772,0.0
3227.9996795361053,0.0
3227.999923088665,0.0
3227.9999815412793,0.0
3227.9999815412793,0.0
3227.9999815412793,0.0
3227.9999815412793,0.0
3227.9999815412793,0.0
3227.9999815412793,0.0
3227.9999815412793,0.0
0.0,0.0
0.0,0.0
0.0,0.0
0.0,0.0
0.0,0.0
0.0,0.0
0.0,0.0
0.0,0.0
0.0,0.0
0.0,0.0
0.0,0.0
0.0,0.0
0.0,0.0
0.0,0.0
0.0,0.0
0.0,0.0
0.0,0.0
0.0,0.0
0.0,0.0
0.0,0.0
0.0,0.0
0.0,0.0
0.0,0.0
0.0,0.0
0.0,0.0
0.0,0.0
0.0,0.0
0.0,0.0
0.0,0.0
0.0,0.0
0.0,0.0
0.0,0.0
0.0,0.0
0.0,0.0
0.0,0.0
0.0,0.0
0.0,0.0
0.0,0.0
0.0,0.0
0.0,0.0
0.0,0.0
0.0,0.0
0.0,0.0
0.0,0.0
0.0,0.0
0.0,0.0
0.0,0.0
0.0,0.0
0.0,0.0
0.0,0.0
2453.28,0.0
3042.0672,0.0
3183.376128,0.0
3183.376128,0.0
3183.376128,0.0
3183.376128,0.0
2101.3894134623224,0.0
2101.3894134623224,0.0
2101.3894134623224,0.0
0.0,0.0
0.0,0.0
0.0,0.0
0.0,0.0
0.0,0.0
0.0,0.0
0.0,0.0
0.0,0.0
0.0,0.0
0.0,0.0
0.0,0.0
0.0,0.0
0.0,0.0
0.0,0.0
0.0,0.0
0.0,0.0
0.0,0.0
0.0,0.0
0.0,0.0
0.0,0.0
0.0,0.0
2453.28,0.0
3042.0672,0.0
3183.376128,0.0
3217.29027072,0.0
3076.026248130419,0.0
369.4587867250875,0.0
369.4587867250875,0.0
2128.7790675876795,0.0
2128.7790675876795,0.0
487.538424042148,0.0
487.538424042148,0.0
487.538424042148,0.0
487.538424042148,0.0
1462.232875608257,0.0
2804.2158901459816,0.0
2804.2158901459816,0.0
1814.493174839613,0.0
1814.493174839613,0.0
1814.493174839613,0.0
1814.493174839613,0.0
0.0,0.0
0.0,0.0
0.0,0.0
0.0,0.0
0.0,0.0
0.0,0.0
0.0,0.0
0.0,0.0
0.0,0.0
0.0,0.0
0.0,0.0
2453.28,0.0
3042.0672,0.0
3042.0672,0.0
3042.0672,0.0
3042.0672,0.0
3042.0672,0.0
0.0,0.0
0.0,0.0
0.0,0.0
0.0,0.0
0.0,0.0
0.0,0.0
125.7258819304475,0.0
0.0,0.0
0.0,0.0
0.0,0.0
1672.7850712779182,0.0
2854.7484171067003,0.0
3138.419620105608,0.0
3206.5007088253456,0.0
3206.5007088253456,0.0
3206.5007088253456,0.0
3206.5007088253456,0.0
3206.5007088253456,0.0
3206.5007088253456,0.0
0.0,0.0
0.0,0.0
0.0,0.0
0.0,0.0
0.0,0.0
0.0,0.0
0.0,0.0
0.0,0.0
0.0,0.0
0.0,0.0
0.0,0.0
0.0,0.0
0.0,0.0
0.0,0.0
0.0,0.0
2359.0752613718796,0.0
3019.458062729251,0.0
3177.9499350550204,0.0
3215.9879844132047,0.0
3225.117116259169,0.0
3227.3081079022004,0.0
3227.833945896528,0.0
3227.9601470151665,0.0
3227.9601470151665,0.0
3227.9601470151665,0.0
0.0,0.0
0.0,0.0
2453.28,0.0
3042.0672,0.0
3183.376128,0.0
3217.29027072,0.0
3225.4296649728,0.0
3225.4296649728,0.0
0.0,0.0
2453.28,0.0
3042.0672,0.0
3183.376128,0.0
3217.29027072,0.0
3225.4296649728,0.0
3227.3831195934717,0.0
3227.851948702433,0.0
3227.964467688584,0.0
3227.9914722452604,0.0
3227.9979533388623,0.0
3227.999508801327,0.0
3227.9998821123186,0.0
3227.9999717069563,0.0
3227.9999932096694,0.0
3227.9999983703206,0.0
155.05733042922702,0.0
155.05733042922702,0.0
155.05733042922702,0.0
155.05733042922702,0.0
155.05733042922702,0.0
0.0,0.0
2453.28,0.0
3042.0672,0.0
3183.376128,0.0
3217.29027072,0.0
3225.4296649728,0.0
3227.3831195934717,0.0
3227.851948702433,0.0
3227.964467688584,0.0
3227.9914722452604,0.0
3227.9979533388623,0.0
3227.999508801327,0.0
3227.999882112319,0.0
3227.999971706957,0.0
3227.999971706957,0.0
0.0,0.0
2453.28,0.0
3042.0672,0.0
3042.0672,0.0
193.48420847015586,0.0
193.48420847015586,0.0
193.48420847015586,0.0
193.48420847015586,0.0
193.48420847015586,0.0
193.48420847015586,0.0
193.48420847015586,0.0
193.48420847015586,0.0
193.48420847015586,0.0
193.48420847015586,0.0
193.48420847015586,0.0
193.48420847015586,0.0
193.48420847015586,0.0
193.48420847015586,0.0
193.48420847015586,0.0
193.48420847015586,0.0
193.48420847015586,0.0
193.48420847015586,0.0
193.48420847015586,0.0
193.48420847015586,0.0
193.48420847015586,0.0
193.48420847015586,0.0
193.48420847015586,0.0
193.48420847015586,0.0
193.48420847015586,0.0
193.48420847015586,0.0
193.48420847015586,0.0
0.0,0.0
0.0,0.0
0.0,0.0
0.0,0.0
0.0,0.0
0.0,0.0
2453.28,0.0
3042.0672,0.0
3183.376128,0.0
412.68319530498775,0.0
412.68319530498775,0.0
412.68319530498775,0.0
412.68319530498775,0.0
412.68319530498775,0.0
412.68319530498775,0.0
412.68319530498775,0.0
0.0,0.0
0.0,0.0
0.0,0.0
0.0,0.0
0.0,0.0
0.0,0.0
381.88649765049195,0.0
2544.932759436118,0.0
3064.0638622646684,0.0
3188.6553269435203,0.0
3218.557278466445,0.0
3225.733746831947,0.0
3227.4560992396673,0.0
3227.86946381752,0.0
3227.968671316205,0.0
3227.9924811158894,0.0
3227.9981954678137,0.0
3227.9981954678137,0.0
2827.4017749721156,0.0
2827.4017749721156,0.0
0.0,0.0
0.0,0.0
0.0,0.0
0.0,0.0
0.0,0.0
0.0,0.0
435.81946570084074,0.0
2557.876671768202,0.0
3067.1704012243686,0.0
1212.323593317651,0.0
1212.323593317651,0.0
1212.323593317651,0.0
0.0,0.0
0.0,0.0
0.0,0.0
0.0,0.0
0.0,0.0
0.0,0.0
0.0,0.0
2453.28,0.0
3042.0672,0.0
3042.0672,0.0
833.8499617018774,0.0
833.8499617018774,0.0
833.8499617018774,0.0
833.8499617018774,0.0
833.8499617018774,0.0
833.8499617018774,0.0
0.0,0.0
0.0,0.0
0.0,0.0
0.0,0.0
0.0,0.0
0.0,0.0
0.0,0.0
0.0,0.0
0.0,0.0
0.0,0.0
0.0,0.0
0.0,0.0
0.0,0.0
0.0,0.0
2453.28,0.0
3042.0672,0.0
3183.376128,0.0
3183.376128,0.0
3183.376128,0.0
3183.376128,0.0
3183.376128,0.0
3183.376128,0.0
3183.376128,0.0
3183.376128,0.0
0.0,0.0
0.0,0.0
0.0,0.0
0.0,0.0
0.0,0.0
0.0,0.0
0.0,0.0
0.0,0.0
0.0,0.0
0.0,0.0
0.0,0.0
0.0,0.0
0.0,0.0
0.0,0.0
0.0,0.0
0.0,0.0
0.0,0.0
0.0,0.0
0.0,0.0
0.0,0.0
0.0,0.0
0.0,0.0
0.0,0.0
0.0,0.0
0.0,0.0
0.0,0.0
1799.3343211405572,0.0
2885.1202370737337,0.0
3145.708856897696,0.0
3145.708856897696,0.0
3145.708856897696,0.0
0.0,0.0
0.0,0.0
190.0021441794379,0.0
2498.880514603065,0.0
3053.0113235047356,0.0
596.8108035841833,0.0
0.0,0.0
2453.28,0.0
3042.0672,0.0
3183.376128,0.0
3217.29027072,0.0
3217.29027072,0.0
3217.29027072,0.0
3217.29027072,0.0
3217.29027072,0.0
3217.29027072,0.0
888.7709974974696,0.0
0.0,0.0
0.0,0.0
2453.28,0.0
3042.0672,0.0
3183.376128,0.0
3217.29027072,0.0
3225.4296649728,0.0
3225.4296649728,0.0
3225.4296649728,0.0
3225.4296649728,0.0
3225.4296649728,0.0
3225.4296649728,0.0
0.0,0.0
0.0,0.0
0.0,0.0
0.0,0.0
0.0,0.0
0.0,0.0
0.0,0.0
0.0,0.0
0.0,0.0
0.0,0.0
0.0,0.0
0.0,0.0
0.0,0.0
0.0,0.0
2453.28,0.0
3042.0672,0.0
3183.376128,0.0
471.63382714014324,0.0
471.63382714014324,0.0
471.63382714014324,0.0
471.63382714014324,0.0
471.63382714014324,0.0
471.63382714014324,0.0
471.63382714014324,0.0
471.63382714014324,0.0
0.0,0.0
0.0,0.0
2453.28,0.0
3042.0672,0.0
3183.376128,0.0
3217.29027072,0.0
3225.4296649728,0.0
3227.3831195934717,0.0
3227.851948702433,0.0
3227.964467688584,0.0
3227.9914722452604,0.0
3227.9979533388623,0.0
3227.999508801327,0.0
3227.9998821123186,0.0
3227.9998821123186,0.0
3227.9998821123186,0.0
0.0,0.0
0.0,0.0
0.0,0.0
2453.28,0.0
3042.0672,0.0
3183.376128,0.0
3217.29027072,0.0
3225.4296649728,0.0
3227.3831195934717,0.0
3227.851948702433,0.0
3227.964467688584,0.0
3227.9914722452604,0.0
3227.9979533388623,0.0
3227.999508801327,0.0
3227.9998821123186,0.0
3227.9999717069563,0.0
3227.9999932096694,0.0
3227.9999932096694,0.0
3227.9999932096694,0.0
3227.9999932096694,0.0
3227.9999932096694,0.0
3227.9999932096694,0.0
3227.9999932096694,0.0
1319.4189147613274,0.0
1319.4189147613274,0.0
1319.4189147613274,0.0
1319.4189147613274,0.0
0.0,0.0
0.0,0.0
0.0,0.0
0.0,0.0
0.0,0.0
0.0,0.0
1515.7478293379354,0.0
2817.0594790411046,0.0
3129.374274969865,0.0
763.013518063166,0.0
763.013518063166,0.0
763.013518063166,0.0
763.013518063166,0.0
2636.40324433516,0.0
2636.40324433516,0.0
0.0,0.0
0.0,0.0
0.0,0.0
0.0,0.0
0.0,0.0
0.0,0.0
0.0,0.0
0.0,0.0
0.0,0.0
0.0,0.0
0.0,0.0
0.0,0.0
0.0,0.0
0.0,0.0
0.0,0.0
0.0,0.0
0.0,0.0
0.0,0.0
0.0,0.0
0.0,0.0
0.0,0.0
0.0,0.0
0.0,0.0
0.0,0.0
0.0,0.0
0.0,0.0
0.0,0.0
0.0,0.0
0.0,0.0
0.0,0.0
0.0,0.0
0.0,0.0
2453.28,0.0
3042.0672,0.0
3183.376128,0.0
3217.29027072,0.0
3217.29027072,0.0
1013.0876224183512,0.0
1013.0876224183512,0.0
1013.0876224183512,0.0
1013.0876224183512,0.0
0.0,0.0
0.0,0.0
0.0,0.0
0.0,0.0
0.0,0.0
1945.386240788654,0.0
2072.8965596899493,0.0
2072.8965596899493,0.0
0.0,0.0
0.0,0.0
0.0,0.0
0.0,0.0
0.0,0.0
0.0,0.0
0.0,0.0
0.0,0.0
0.0,0.0
0.0,0.0
0.0,0.0
310.7857558803148,0.0
2527.8685814112755,0.0
3059.968459538706,0.0
3187.6724302892894,0.0
3218.3213832694296,0.0
3225.677131984663,0.0
3225.677131984663,0.0
3225.677131984663,0.0
3225.677131984663,0.0
3225.677131984663,0.0
1365.4352657195304,0.0
1365.4352657195304,0.0
1365.4352657195304,0.0
0.0,0.0
0.0,0.0
0.0,0.0
0.0,0.0
0.0,0.0
0.0,0.0
1689.7392299080893,0.0
2858.8174151779413,0.0
3139.396179642706,0.0
3206.7350831142494,0.0
3206.7350831142494,0.0
0.0,0.0
0.0,0.0
0.0,0.0
2453.28,0.0
3042.0672,0.0
3183.376128,0.0
0.0,0.0
0.0,0.0
0.0,0.0
0.0,0.0
0.0,0.0
2453.28,0.0
2453.28,0.0
3042.0672,0.0
3183.376128,0.0
3217.29027072,0.0
3225.4296649728,0.0
3227.3831195934717,0.0
3227.851948702433,0.0
3227.964467688584,0.0
3227.9914722452604,0.0
3227.9979533388623,0.0
3227.999508801327,0.0
3227.9998821123186,0.0
3227.9999717069563,0.0
3227.9999932096694,0.0
3227.9999983703206,0.0
3227.999999608877,0.0
3227.9999999061306,0.0
3227.9999999774714,0.0
3227.999999994593,0.0
3227.999999994593,0.0
3227.999999994593,0.0
859.1930936053932,0.0
1747.3068930304175,0.0
2301.4216155502895,0.0
0.0,0.0
0.0,0.0
2453.28,0.0
3042.0672,0.0
3183.376128,0.0
3217.29027072,0.0
3225.4296649728,0.0
3227.3831195934717,0.0
3227.851948702433,0.0
3227.964467688584,0.0
3227.964467688584,0.0
3227.964467688584,0.0
3227.964467688584,0.0
3227.964467688584,0.0
3227.964467688584,0.0
3227.964467688584,0.0
3227.964467688584,0.0
448.3693246942644,0.0
448.3693246942644,0.0
448.3693246942644,0.0
448.3693246942644,0.0
448.3693246942644,0.0
448.3693246942644,0.0
448.3693246942644,0.0
448.3693246942644,0.0
0.0,0.0
0.0,0.0
0.0,0.0
2453.28,0.0
3042.0672,0.0
3042.0672,0.0
225.49781624124262,0.0
0.0,0.0
0.0,0.0
0.0,0.0
0.0,0.0
0.0,0.0
0.0,0.0
0.0,0.0
2453.28,0.0
3042.0672,0.0
3183.376128,0.0
3183.376128,0.0
220.18959675779115,0.0
0.0,0.0
0.0,0.0
0.0,0.0
520.0992107130066,0.0
0.0,0.0
0.0,0.0
2453.28,0.0
3042.0672,0.0
3183.376128,0.0
3217.29027072,0.0
0.0,0.0
1662.6571138025809,0.0
2852.3177073126194,0.0
3137.8362497550297,0.0
3206.3606999412073,0.0
3206.3606999412073,0.0
3206.3606999412073,0.0
0.0,0.0
0.0,0.0
0.0,0.0
0.0,0.0
0.0,0.0
0.0,0.0
0.0,0.0
0.0,0.0
0.0,0.0
0.0,0.0
0.0,0.0
0.0,0.0
0.0,0.0
0.0,0.0
0.0,0.0
0.0,0.0
0.0,0.0
0.0,0.0
0.0,0.0
0.0,0.0
0.0,0.0
0.0,0.0
0.0,0.0
0.0,0.0
0.0,0.0
0.0,0.0
0.0,0.0
0.0,0.0
0.0,0.0
0.0,0.0
0.0,0.0
0.0,0.0
0.0,0.0
0.0,0.0
0.0,0.0
0.0,0.0
0.0,0.0
0.0,0.0
0.0,0.0
0.0,0.0
427.7830059361338,0.0
427.7830059361338,0.0
0.0,0.0
0.0,0.0
0.0,0.0
0.0,0.0
0.0,0.0
0.0,0.0
0.0,0.0
2453.28,0.0
3042.0672,0.0
3183.376128,3.2741809263825417e-12
3217.29027072,3.2741809263825417e-12
3225.4296649728,0.0
3227.3831195934717,0.0
3227.3831195934717,0.0
3002.71900971715,0.0
1862.3600309251942,0.0
1862.3600309251942,0.0
0.0,0.0
0.0,0.0
2453.28,0.0
3042.0672,0.0
3183.376128,0.0
3217.29027072,0.0
3225.4296649728,0.0
3227.3831195934717,0.0
3227.851948702433,0.0
3227.964467688584,0.0
3227.9914722452604,0.0
3227.9914722452604,0.0
2314.223397947593,0.0
0.0,0.0
0.0,0.0
2453.28,0.0
3042.0672,0.0
3183.376128,0.0
3183.376128,0.0
3183.376128,0.0
3183.376128,0.0
3183.376128,0.0
1426.88382395788,0.0
1426.88382395788,0.0
0.0,0.0
0.0,0.0
0.0,0.0
2453.28,0.0
3042.0672,0.0
3183.376128,0.0
3183.376128,0.0
3183.376128,0.0
3183.376128,0.0
3183.376128,0.0
3183.376128,0.0
3183.376128,0.0
0.0,0.0
0.0,0.0
0.0,0.0
2453.28,0.0
3042.0672,0.0
3183.376128,0.0
3183.376128,0.0
3183.376128,0.0
3183.376128,0.0
3183.376128,0.0
3183.376128,0.0
3183.376128,0.0
0.0,0.0
0.0,0.0
0.0,0.0
2453.28,0.0
3042.0672,0.0
3183.376128,0.0
3183.376128,0.0
3183.376128,0.0
3183.376128,0.0
0.0,0.0
0.0,0.0
0.0,0.0
0.0,0.0
0.0,0.0
0.0,0.0
0.0,0.0
0.0,0.0
0.0,0.0
0.0,0.0
0.0,0.0
0.0,0.0
0.0,0.0
0.0,0.0
0.0,0.0
0.0,0.0
0.0,0.0
0.0,0.0
0.0,0.0
0.0,0.0
0.0,0.0
0.0,0.0
0.0,0.0
0.0,0.0
0.0,0.0
0.0,0.0
0.0,0.0
0.0,0.0
0.0,0.0
0.0,0.0
0.0,0.0
0.0,0.0
0.0,0.0
0.0,0.0
0.0,0.0
0.0,0.0
0.0,0.0
0.0,0.0
0.0,0.0
0.0,0.0
0.0,0.0
2453.28,0.0
3042.0672,0.0
3183.376128,0.0
3217.29027072,0.0
3225.4296649728,0.0
3225.4296649728,0.0
3225.4296649728,0.0
3225.4296649728,0.0
3225.4296649728,0.0
1896.7063152291844,0.0
1896.7063152291844,0.0
0.0,0.0
0.0,0.0
0.0,0.0
2453.28,0.0
3042.0672,0.0
3042.0672,0.0
547.4541114291519,0.0
547.4541114291519,0.0
547.4541114291519,0.0
547.4541114291519,0.0
547.4541114291519,0.0
547.4541114291519,0.0
547.4541114291519,0.0
547.4541114291519,0.0
547.4541114291519,0.0
547.4541114291519,0.0
547.4541114291519,0.0
547.4541114291519,0.0
547.4541114291519,0.0
547.4541114291519,0.0
547.4541114291519,0.0
547.4541114291519,0.0
547.4541114291519,0.0
547.4541114291519,0.0
547.4541114291519,0.0
547.4541114291519,0.0
547.4541114291519,0.0
547.4541114291519,0.0
547.4541114291519,0.0
547.4541114291519,0.0
547.4541114291519,0.0
547.4541114291519,0.0
547.4541114291519,0.0
547.4541114291519,0.0
547.4541114291519,0.0
547.4541114291519,0.0
547.4541114291519,0.0
547.4541114291519,0.0
547.4541114291519,0.0
547.4541114291519,0.0
547.4541114291519,0.0
547.4541114291519,0.0
547.4541114291519,0.0
547.4541114291519,0.0
547.4541114291519,0.0
547.4541114291519,0.0
547.4541114291519,0.0
547.4541114291519,0.0
0.0,0.0
0.0,0.0
0.0,0.0
563.9238777210354,0.0
563.9238777210354,0.0
563.9238777210354,0.0
563.9238777210354,0.0
563.9238777210354,0.0
563.9238777210354,0.0
563.9238777210354,0.0
563.9238777210354,0.0
563.9238777210354,0.0
0.0,0.0
2453.28,0.0
3042.0672,0.0
3183.376128,0.0
3217.29027072,0.0
221.1784743107528,0.0
221.1784743107528,0.0
221.1784743107528,0.0
221.1784743107528,0.0
221.1784743107528,0.0
221.1784743107528,0.0
221.1784743107528,0.0
221.1784743107528,0.0
221.1784743107528,0.0
221.1784743107528,0.0
221.1784743107528,0.0
0.0,0.0
0.0,0.0
0.0,0.0
0.0,0.0
0.0,0.0
0.0,0.0
0.0,0.0
0.0,0.0
0.0,0.0
0.0,0.0
0.0,0.0
0.0,0.0
0.0,0.0
0.0,0.0
0.0,0.0
0.0,0.0
0.0,0.0
0.0,0.0
0.0,0.0
0.0,0.0
0.0,0.0
0.0,0.0
0.0,0.0
0.0,0.0
0.0,0.0
0.0,0.0
0.0,0.0
0.0,0.0
0.0,0.0
0.0,0.0
0.0,0.0
0.0,0.0
0.0,0.0
0.0,0.0
2453.28,0.0
3042.0672,0.0
3183.376128,0.0
3183.376128,0.0
3183.376128,0.0
3183.376128,0.0
3183.376128,0.0
3183.376128,0.0
3183.376128,0.0
3183.376128,0.0
418.2599728090281,0.0
418.2599728090281,0.0
418.2599728090281,0.0
418.2599728090281,0.0
418.2599728090281,0.0
418.2599728090281,0.0
418.2599728090281,0.0
418.2599728090281,0.0
418.2599728090281,0.0
418.2599728090281,0.0
418.2599728090281,0.0
418.2599728090281,0.0
0.0,0.0
0.0,0.0
0.0,0.0
2453.28,0.0
2453.28,0.0
2453.28,0.0
2453.28,0.0
3042.0672,0.0
3042.0672,0.0
3042.0672,0.0
3042.0672,0.0
3183.376128,0.0
3217.29027072,0.0
3217.29027072,0.0
3217.29027072,0.0
3225.4296649728,0.0
3227.3831195934717,0.0
3227.851948702433,0.0
3227.964467688584,0.0
3227.9914722452604,0.0
3227.9979533388623,0.0
3227.999508801327,0.0
3227.9998821123186,0.0
3227.9999717069563,0.0
3227.9999932096694,0.0
3227.9999983703206,0.0
3227.999999608877,0.0
3227.9999999061306,0.0
3227.9999999774714,0.0
3227.999999994593,0.0
3227.999999994593,0.0
3089.9797247735733,0.0
0.0,0.0
0.0,0.0
0.0,0.0
0.0,0.0
0.0,0.0
0.0,0.0
0.0,0.0
2453.28,0.0
3042.0672,0.0
0.0,0.0
0.0,0.0
0.0,0.0
0.0,0.0
578.1038706036927,0.0
578.1038706036927,0.0
578.1038706036927,0.0
0.0,0.0
2453.28,0.0
3042.0672,0.0
3183.376128,0.0
3217.29027072,0.0
3225.4296649728,0.0
2409.958069453909,0.0
1835.1360239451515,0.0
2893.7126457468366,0.0
2499.3444774274903,0.0
2499.3444774274903,0.0
2499.3444774274903,0.0
2499.3444774274903,0.0
2499.3444774274903,0.0
3053.122674582598,0.0
3053.122674582598,0.0
3053.122674582598,0.0
0.0,0.0
0.0,0.0
0.0,0.0
0.0,0.0
0.0,0.0
0.0,0.0
0.0,0.0
0.0,0.0
0.0,0.0
0.0,0.0
0.0,0.0
0.0,0.0
0.0,0.0
0.0,0.0
0.0,0.0
0.0,0.0
0.0,0.0
0.0,0.0
0.0,0.0
0.0,0.0
0.0,0.0
0.0,0.0
0.0,0.0
0.0,0.0
0.0,0.0
0.0,0.0
0.0,0.0
0.0,0.0
0.0,0.0
0.0,0.0
0.0,0.0
0.0,0.0
0.0,0.0
0.0,0.0
1207.1857992931257,0.0
1207.1857992931257,0.0
100.07386994024455,0.0
100.07386994024455,0.0
100.07386994024455,0.0
100.07386994024455,0.0
100.07386994024455,0.0
100.07386994024455,0.0
100.07386994024455,0.0
100.07386994024455,0.0
0.0,0.0
0.0,0.0
0.0,0.0
0.0,0.0
0.0,0.0
0.0,0.0
354.30480140045984,0.0
2538.3131523361103,0.0
3062.4751565606666,0.0
3188.2740375745598,0.0
3218.465769017894,0.0
3218.465769017894,0.0
3225.7117845642947,0.0
3227.4508282954307,0.0
3227.8681987909035,0.0
3227.968367709817,0.0
3227.968367709817,0.0
3227.968367709817,0.0
3227.968367709817,0.0
0.0,0.0
0.0,0.0
0.0,0.0
0.0,0.0
0.0,0.0
0.0,0.0
0.0,0.0
0.0,0.0
0.0,0.0
0.0,0.0
0.0,0.0
0.0,0.0
0.0,0.0
0.0,0.0
0.0,0.0
0.0,0.0
0.0,0.0
0.0,0.0
0.0,0.0
0.0,0.0
0.0,0.0
0.0,0.0
0.0,0.0
0.0,0.0
0.0,0.0
0.0,0.0
0.0,0.0
0.0,0.0
0.0,0.0
0.0,0.0
0.0,0.0
195.74640878135193,0.0
195.74640878135193,0.0
195.74640878135193,0.0
0.0,0.0
0.0,0.0
0.0,0.0
0.0,0.0
0.0,0.0
0.0,0.0
0.0,0.0
0.0,0.0
2453.28,0.0
3042.0672,0.0
3183.376128,0.0
3217.29027072,0.0
3217.29027072,0.0
3217.29027072,0.0
3217.29027072,0.0
3217.29027072,0.0
3217.29027072,0.0
0.0,0.0
0.0,0.0
0.0,0.0
438.524205571945,0.0
2558.5258093372668,0.0
2558.5258093372668,0.0
2391.5209511889425,0.0
0.0,0.0
0.0,0.0
0.0,0.0
0.0,0.0
0.0,0.0
0.0,0.0
0.0,0.0
0.0,0.0
0.0,0.0
0.0,0.0
0.0,0.0
0.0,0.0
0.0,0.0
0.0,0.0
0.0,0.0
0.0,0.0
0.0,0.0
0.0,0.0
0.0,0.0
0.0,0.0
1562.20417769662,0.0
2828.2090026471888,0.0
2828.2090026471888,0.0
394.39525654280806,0.0
394.39525654280806,0.0
394.39525654280806,0.0
394.39525654280806,0.0
394.39525654280806,0.0
394.39525654280806,0.0
394.39525654280806,0.0
394.39525654280806,0.0
394.39525654280806,0.0
394.39525654280806,0.0
394.39525654280806,0.0
394.39525654280806,0.0
394.39525654280806,0.0
394.39525654280806,0.0
394.39525654280806,0.0
394.39525654280806,0.0
394.39525654280806,0.0
394.39525654280806,0.0
394.39525654280806,0.0
394.39525654280806,0.0
394.39525654280806,0.0
394.39525654280806,0.0
394.39525654280806,0.0
394.39525654280806,0.0
394.39525654280806,0.0
394.39525654280806,0.0
394.39525654280806,0.0
0.0,0.0
0.0,0.0
0.0,0.0
0.0,0.0
0.0,0.0
0.0,0.0
0.0,0.0
0.0,0.0
0.0,0.0
0.0,0.0
0.0,0.0
0.0,0.0
0.0,0.0
0.0,0.0
0.0,0.0
0.0,0.0
0.0,0.0
0.0,0.0
0.0,0.0
0.0,0.0
0.0,0.0
0.0,0.0
0.0,0.0
0.0,0.0
0.0,0.0
0.0,0.0
0.0,0.0
2453.28,0.0
2453.28,0.0
3042.0672,0.0
3183.376128,0.0
3217.29027072,0.0
3225.4296649728,0.0
3225.4296649728,0.0
3225.4296649728,0.0
3225.4296649728,0.0
0.0,0.0
0.0,0.0
0.0,0.0
0.0,0.0
0.0,0.0
0.0,0.0
1758.2908946950565,0.0
2875.269814726814,0.0
3143.3447555344355,0.0
3143.3447555344355,0.0
3143.3447555344355,0.0
3095.0830172722817,0.0
3095.0830172722817,0.0
3095.0830172722817,0.0
3095.0830172722817,0.0
3095.0830172722817,0.0
0.0,0.0
0.0,0.0
0.0,0.0
0.0,0.0
0.0,0.0
0.0,0.0
0.0,0.0
0.0,0.0
0.0,0.0
0.0,0.0
0.0,0.0
0.0,0.0
0.0,0.0
0.0,0.0
0.0,0.0
0.0,0.0
0.0,0.0
0.0,0.0
0.0,0.0
0.0,0.0
0.0,0.0
0.0,0.0
0.0,0.0
0.0,0.0
0.0,0.0
0.0,0.0
2453.28,0.0
3042.0672,0.0
3183.376128,0.0
0.0,0.0
0.0,0.0
0.0,0.0
0.0,0.0
0.0,0.0
0.0,0.0
0.0,0.0
0.0,0.0
0.0,0.0
0.0,0.0
479.30790924555134,0.0
1601.4871663963138,0.0
0.0,0.0
0.0,0.0
2453.28,0.0
3042.0672,0.0
3183.376128,0.0
3217.29027072,0.0
1318.125255290145,0.0
0.0,0.0
2453.28,0.0
2453.28,0.0
3042.0672,0.0
3183.376128,0.0
3217.29027072,0.0
3225.4296649728,0.0
3227.3831195934717,0.0
3227.851948702433,0.0
3227.964467688584,0.0
3227.9914722452604,0.0
3227.9979533388623,0.0
3227.999508801327,0.0
3227.9998821123186,0.0
3227.9999717069563,0.0
3227.9999932096694,0.0
3227.9999983703206,0.0
3227.9999983703206,0.0
3227.9999983703206,0.0
3227.9999983703206,0.0
0.0,0.0
0.0,0.0
0.0,0.0
0.0,0.0
0.0,0.0
0.0,0.0
0.0,0.0
0.0,0.0
0.0,0.0
0.0,0.0
0.0,0.0
0.0,0.0
0.0,0.0
0.0,0.0
0.0,0.0
0.0,0.0
0.0,0.0
0.0,0.0
0.0,0.0
0.0,0.0
0.0,0.0
0.0,0.0
0.0,0.0
0.0,0.0
0.0,0.0
0.0,0.0
0.0,0.0
0.0,0.0
0.0,0.0
0.0,0.0
0.0,0.0
0.0,0.0
0.0,0.0
0.0,0.0
0.0,0.0
0.0,0.0
0.0,0.0
0.0,0.0
0.0,0.0
0.0,0.0
0.0,0.0
0.0,0.0
0.0,0.0
0.0,0.0
0.0,0.0
0.0,0.0
0.0,0.0
0.0,0.0
0.0,0.0
0.0,0.0
0.0,0.0
0.0,0.0
0.0,0.0
0.0,0.0
0.0,0.0
0.0,0.0
0.0,0.0
0.0,0.0
0.0,0.0
0.0,0.0
0.0,0.0
0.0,0.0
0.0,0.0
0.0,0.0
0.0,0.0
0.0,0.0
0.0,0.0
0.0,0.0
0.0,0.0
0.0,0.0
0.0,0.0
0.0,0.0
0.0,0.0
0.0,0.0
0.0,0.0
0.0,0.0
2453.28,0.0
3042.0672,0.0
3183.376128,0.0
3217.29027072,0.0
3225.4296649728,0.0
3225.4296649728,0.0
3225.4296649728,0.0
3225.4296649728,0.0
0.0,0.0
0.0,0.0
0.0,0.0
0.0,0.0
0.0,0.0
0.0,0.0
0.0,0.0
0.0,0.0
0.0,0.0
0.0,0.0
0.0,0.0
0.0,0.0
0.0,0.0
0.0,0.0
0.0,0.0
0.0,0.0
0.0,0.0
0.0,0.0
0.0,0.0
0.0,0.0
0.0,0.0
0.0,0.0
0.0,0.0
0.0,0.0
0.0,0.0
0.0,0.0
0.0,0.0
0.0,0.0
0.0,0.0
0.0,0.0
0.0,0.0
0.0,0.0
0.0,0.0
0.0,0.0
0.0,0.0
0.0,0.0
0.0,0.0
0.0,0.0
0.0,0.0
0.0,0.0
0.0,0.0
888.5193519199493,0.0
2666.524644460788,0.0
3093.245914670589,0.0
3195.6590195209415,0.0
823.2755715367534,0.0
823.2755715367534,0.0
823.2755715367534,0.0
0.0,0.0
0.0,0.0
0.0,0.0
0.0,0.0
0.0,0.0
0.0,0.0
2453.28,0.0
3042.0672,0.0
3183.376128,0.0
3183.376128,0.0
3183.376128,0.0
3183.376128,0.0
0.0,0.0
0.0,0.0
0.0,0.0
0.0,0.0
0.0,0.0
0.0,0.0
0.0,0.0
0.0,0.0
0.0,0.0
0.0,0.0
0.0,0.0
0.0,0.0
0.0,0.0
0.0,0.0
0.0,0.0
0.0,0.0
0.0,0.0
0.0,0.0
683.8280543854462,0.0
2617.398733052507,0.0
3081.4556959326014,0.0
0.0,0.0
0.0,0.0
2453.28,0.0
3042.0672,0.0
3183.376128,0.0
3217.29027072,0.0
490.14216598663825,0.0
0.0,0.0
1431.7471156455374,0.0
2796.899307754929,0.0
3124.535833861183,0.0
3203.168600126684,0.0
3222.04046403041,0.0
2685.760939854225,0.0
2877.4462727206287,0.0
3143.867105452951,0.0
3207.808105308708,0.0
3223.15394527409,0.0
11.661825347137892,0.0
0.0,0.0
2453.28,0.0
3042.0672,0.0
3183.376128,0.0
3217.29027072,0.0
3225.4296649728,0.0
3227.3831195934717,0.0
3227.851948702433,0.0
3227.964467688584,0.0
3227.9914722452604,0.0
3227.9979533388623,0.0
0.0,0.0
0.0,0.0
2453.28,0.0
3042.0672,0.0
3183.376128,0.0
3217.29027072,0.0
3217.29027072,0.0
3217.29027072,0.0
3217.29027072,0.0
3217.29027072,0.0
3217.29027072,0.0
3217.29027072,0.0
0.0,0.0
0.0,0.0
0.0,0.0
0.0,0.0
0.0,0.0
757.434925588726,0.0
757.434925588726,0.0
369.6419943632791,0.0
388.6139307049234,0.0
388.6139307049234,0.0
388.6139307049234,0.0
388.6139307049234,0.0
0.0,0.0
0.0,0.0
2453.28,0.0
2453.28,0.0
3042.0672,0.0
3183.376128,0.0
3217.29027072,0.0
3225.4296649728,0.0
3227.3831195934717,0.0
3227.851948702433,0.0
3227.964467688584,0.0
3227.9914722452604,0.0
3227.9979533388623,0.0
3227.999508801327,0.0
3227.9998821123186,0.0
3227.9999717069563,0.0
3227.9999932096694,0.0
3227.99999837032,0.0
3227.999999608877,0.0
3227.999999608877,0.0
3227.999999608877,0.0
0.0,0.0
0.0,0.0
0.0,0.0
0.0,0.0
0.0,0.0
0.0,0.0
0.0,0.0
0.0,0.0
0.0,0.0
0.0,0.0
0.0,0.0
0.0,0.0
0.0,0.0
0.0,0.0
0.0,0.0
0.0,0.0
0.0,0.0
0.0,0.0
0.0,0.0
0.0,0.0
0.0,0.0
0.0,0.0
0.0,0.0
0.0,0.0
0.0,0.0
0.0,0.0
0.0,0.0
0.0,0.0
0.0,0.0
0.0,0.0
0.0,0.0
0.0,0.0
0.0,0.0
0.0,0.0
0.0,0.0
0.0,0.0
0.0,0.0
0.0,0.0
0.0,0.0
0.0,0.0
0.0,0.0
0.0,0.0
0.0,0.0
0.0,0.0
0.0,0.0
0.0,0.0
0.0,0.0
0.0,0.0
0.0,0.0
0.0,0.0
0.0,0.0
0.0,0.0
0.0,0.0
0.0,0.0
0.0,0.0
0.0,0.0
0.0,0.0
0.0,0.0
0.0,0.0
0.0,0.0
0.0,0.0
0.0,0.0
0.0,0.0
0.0,0.0
0.0,0.0
0.0,0.0
0.0,0.0
0.0,0.0
0.0,0.0
0.0,0.0
0.0,0.0
0.0,0.0
0.0,0.0
0.0,0.0
0.0,0.0
0.0,0.0
0.0,0.0
0.0,0.0
0.0,0.0
0.0,0.0
0.0,0.0
0.0,0.0
0.0,0.0
0.0,0.0
0.0,0.0
0.0,0.0
0.0,0.0
0.0,0.0
0.0,0.0
0.0,0.0
0.0,0.0
0.0,0.0
0.0,0.0
0.0,0.0
0.0,0.0
0.0,0.0
0.0,0.0
0.0,0.0
0.0,0.0
0.0,0.0
0.0,0.0
0.0,0.0
0.0,0.0
0.0,0.0
0.0,0.0
0.0,0.0
0.0,0.0
0.0,0.0
0.0,0.0
0.0,0.0
0.0,0.0
0.0,0.0
0.0,0.0
0.0,0.0
0.0,0.0
0.0,0.0
0.0,0.0
0.0,0.0
0.0,0.0
0.0,0.0
0.0,0.0
0.0,0.0
0.0,0.0
0.0,0.0
0.0,0.0
0.0,0.0
0.0,0.0
0.0,0.0
0.0,0.0
0.0,0.0
0.0,0.0
0.0,0.0
0.0,0.0
0.0,0.0
0.0,0.0
0.0,0.0
0.0,0.0
0.0,0.0
0.0,0.0
0.0,0.0
0.0,0.0
0.0,0.0
0.0,0.0
0.0,0.0
0.0,0.0
0.0,0.0
0.0,0.0
0.0,0.0
0.0,0.0
0.0,0.0
0.0,0.0
0.0,0.0
0.0,0.0
0.0,0.0
0.0,0.0
0.0,0.0
0.0,0.0
0.0,0.0
0.0,0.0
0.0,0.0
0.0,0.0
0.0,0.0
0.0,0.0
2453.28,0.0
3042.0672,0.0
3183.376128,0.0
3183.376128,0.0
3183.376128,0.0
3183.376128,0.0
3183.376128,0.0
3183.376128,0.0
3183.376128,0.0
0.0,0.0
0.0,0.0
0.0,0.0
0.0,0.0
0.0,0.0
0.0,0.0
0.0,0.0
0.0,0.0
0.0,0.0
0.0,0.0
0.0,0.0
0.0,0.0
0.0,0.0
0.0,0.0
0.0,0.0
0.0,0.0
0.0,0.0
0.0,0.0
0.0,0.0
0.0,0.0
0.0,0.0
0.0,0.0
0.0,0.0
0.0,0.0
0.0,0.0
0.0,0.0
0.0,0.0
0.0,0.0
0.0,0.0
0.0,0.0
0.0,0.0
0.0,0.0
0.0,0.0
0.0,0.0
0.0,0.0
0.0,0.0
0.0,0.0
0.0,0.0
0.0,0.0
0.0,0.0
0.0,0.0
0.0,0.0
0.0,0.0
0.0,0.0
0.0,0.0
0.0,0.0
0.0,0.0
0.0,0.0
0.0,0.0
0.0,0.0
0.0,0.0
0.0,0.0
0.0,0.0
0.0,0.0
0.0,0.0
0.0,0.0
0.0,0.0
0.0,0.0
0.0,0.0
0.0,0.0
0.0,0.0
0.0,0.0
0.0,0.0
0.0,0.0
0.0,0.0
0.0,0.0
0.0,0.0
0.0,0.0
0.0,0.0
0.0,0.0
0.0,0.0
0.0,0.0
0.0,0.0
0.0,0.0
1792.0594607684293,0.0
2883.3742705844234,0.0
2883.3742705844234,0.0
0.0,0.0
0.0,0.0
0.0,0.0
0.0,0.0
0.0,0.0
0.0,0.0
0.0,0.0
0.0,0.0
0.0,0.0
0.0,0.0
0.0,0.0
0.0,0.0
0.0,0.0
0.0,0.0
0.0,0.0
0.0,0.0
0.0,0.0
0.0,0.0
0.0,0.0
0.0,0.0
0.0,0.0
0.0,0.0
0.0,0.0
0.0,0.0
0.0,0.0
0.0,0.0
0.0,0.0
0.0,0.0
0.0,0.0
0.0,0.0
0.0,0.0
0.0,0.0
0.0,0.0
1650.9151480673975,0.0
1650.9151480673975,0.0
0.0,0.0
0.0,0.0
0.0,0.0
2453.28,0.0
3042.0672,0.0
3183.376128,0.0
3217.29027072,0.0
3225.4296649728,0.0
3227.3831195934717,0.0
3227.851948702433,0.0
3227.964467688584,0.0
3227.9914722452604,0.0
3227.9979533388623,0.0
3227.999508801327,0.0
3227.999508801327,0.0
0.0,0.0
0.0,0.0
2453.28,0.0
3042.0672,0.0
3183.376128,0.0
3217.29027072,0.0
3225.4296649728,0.0
3227.3831195934717,0.0
3227.851948702433,0.0
3227.964467688584,0.0
3227.964467688584,0.0
3227.964467688584,0.0
3227.964467688584,0.0
0.0,0.0
0.0,0.0
0.0,0.0
0.0,0.0
0.0,0.0
203.86728907996076,0.0
2502.2081493791907,0.0
3053.8099558510057,0.0
3186.1943894042415,0.0
3186.1943894042415,0.0
2257.3972863274485,0.0
2257.3972863274485,0.0
0.0,0.0
0.0,0.0
0.0,0.0
0.0,0.0
0.0,0.0
0.0,0.0
2453.28,0.0
3042.0672,0.0
3042.0672,0.0
51.379169363284745,0.0
51.379169363284745,0.0
51.379169363284745,0.0
51.379169363284745,0.0
51.379169363284745,0.0
51.379169363284745,0.0
51.379169363284745,0.0
51.379169363284745,0.0
51.379169363284745,0.0
51.379169363284745,0.0
51.379169363284745,0.0
51.379169363284745,0.0
51.379169363284745,0.0
51.379169363284745,0.0
51.379169363284745,0.0
51.379169363284745,0.0
51.379169363284745,0.0
51.379169363284745,0.0
51.379169363284745,0.0
51.379169363284745,0.0
51.379169363284745,0.0
51.379169363284745,0.0
51.379169363284745,0.0
51.379169363284745,0.0
51.379169363284745,0.0
51.379169363284745,0.0
51.379169363284745,0.0
51.379169363284745,0.0
51.379169363284745,0.0
51.379169363284745,0.0
51.379169363284745,0.0
51.379169363284745,0.0
51.379169363284745,0.0
51.379169363284745,0.0
51.379169363284745,0.0
51.379169363284745,0.0
51.379169363284745,0.0
51.379169363284745,0.0
51.379169363284745,0.0
51.379169363284745,0.0
51.379169363284745,0.0
51.379169363284745,0.0
51.379169363284745,0.0
51.379169363284745,0.0
51.379169363284745,0.0
51.379169363284745,0.0
51.379169363284745,0.0
51.379169363284745,0.0
51.379169363284745,0.0
51.379169363284745,0.0
51.379169363284745,0.0
51.379169363284745,0.0
51.379169363284745,0.0
51.379169363284745,0.0
51.379169363284745,0.0
51.379169363284745,0.0
51.379169363284745,0.0
51.379169363284745,0.0
51.379169363284745,0.0
51.379169363284745,0.0
51.379169363284745,0.0
51.379169363284745,0.0
51.379169363284745,0.0
51.379169363284745,0.0
51.379169363284745,0.0
51.379169363284745,0.0
51.379169363284745,0.0
51.379169363284745,0.0
51.379169363284745,0.0
51.379169363284745,0.0
51.379169363284745,0.0
51.379169363284745,0.0
51.379169363284745,0.0
51.379169363284745,0.0
51.379169363284745,0.0
51.379169363284745,0.0
51.379169363284745,0.0
51.379169363284745,0.0
51.379169363284745,0.0
51.379169363284745,0.0
51.379169363284745,0.0
51.379169363284745,0.0
51.379169363284745,0.0
51.379169363284745,0.0
51.379169363284745,0.0
51.379169363284745,0.0
51.379169363284745,0.0
51.379169363284745,0.0
51.379169363284745,0.0
51.379169363284745,0.0
0.0,0.0
0.0,0.0
0.0,0.0
2453.28,0.0
3042.0672,0.0
3183.376128,0.0
3183.376128,0.0
3183.376128,0.0
3183.376128,0.0
727.4660713940393,0.0
727.4660713940393,0.0
727.4660713940393,0.0
727.4660713940393,0.0
727.4660713940393,0.0
727.4660713940393,0.0
727.4660713940393,0.0
727.4660713940393,0.0
0.0,0.0
0.0,0.0
0.0,0.0
0.0,0.0
0.0,0.0
0.0,0.0
0.0,0.0
0.0,0.0
0.0,0.0
0.0,0.0
0.0,0.0
2453.28,0.0
2453.28,0.0
532.559054641546,0.0
532.559054641546,0.0
532.559054641546,0.0
532.559054641546,0.0
532.559054641546,0.0
532.559054641546,0.0
532.559054641546,0.0
0.0,0.0
0.0,0.0
2453.28,0.0
3042.0672,0.0
3183.376128,0.0
3183.376128,0.0
3183.376128,0.0
3183.376128,0.0
0.0,0.0
0.0,0.0
0.0,0.0
0.0,0.0
0.0,0.0
0.0,0.0
0.0,0.0
0.0,0.0
0.0,0.0
0.0,0.0
0.0,0.0
0.0,0.0
0.0,0.0
0.0,0.0
0.0,0.0
0.0,0.0
0.0,0.0
2453.28,0.0
3042.0672,0.0
3183.376128,0.0
3217.29027072,0.0
3217.29027072,0.0
3217.29027072,0.0
3217.29027072,0.0
3217.29027072,0.0
1215.535898763529,0.0
1215.535898763529,0.0
1215.535898763529,0.0
1215.535898763529,0.0
1215.535898763529,0.0
1215.535898763529,0.0
1215.535898763529,0.0
1215.535898763529,0.0
1215.535898763529,0.0
1215.535898763529,0.0
1215.535898763529,0.0
1215.535898763529,0.0
1215.535898763529,0.0
1215.535898763529,0.0
1215.535898763529,0.0
0.0,0.0
0.0,0.0
0.0,0.0
0.0,0.0
0.0,0.0
0.0,0.0
0.0,0.0
0.0,0.0
0.0,0.0
0.0,0.0
0.0,0.0
0.0,0.0
0.0,0.0
0.0,0.0
0.0,0.0
0.0,0.0
0.0,0.0
0.0,0.0
0.0,0.0
0.0,0.0
0.0,0.0
0.0,0.0
0.0,0.0
0.0,0.0
0.0,0.0
2453.28,0.0
3042.0672,0.0
3183.376128,0.0
3217.29027072,0.0
0.0,0.0
0.0,0.0
0.0,0.0
0.0,0.0
0.0,0.0
0.0,0.0
0.0,0.0
0.0,0.0
0.0,0.0
0.0,0.0
0.0,0.0
0.0,0.0
0.0,0.0
0.0,0.0
0.0,0.0
0.0,0.0
0.0,0.0
0.0,0.0
0.0,0.0
0.0,0.0
0.0,0.0
0.0,0.0
0.0,0.0
0.0,0.0
0.0,0.0
0.0,0.0
0.0,0.0
0.0,0.0
0.0,0.0
0.0,0.0
0.0,0.0
0.0,0.0
0.0,0.0
0.0,0.0
0.0,0.0
0.0,0.0
0.0,0.0
0.0,0.0
0.0,0.0
0.0,0.0
0.0,0.0
0.0,0.0
0.0,0.0
0.0,0.0
0.0,0.0
662.7533760800306,0.0
2612.3408102592075,0.0
2612.3408102592075,0.0
0.0,0.0
0.0,0.0
0.0,0.0
0.0,0.0
0.0,0.0
0.0,0.0
0.0,0.0
0.0,0.0
0.0,0.0
0.0,0.0
0.0,0.0
0.0,0.0
0.0,0.0
0.0,0.0
0.0,0.0
0.0,0.0
0.0,0.0
0.0,0.0
0.0,0.0
0.0,0.0
2072.003247168484,0.0
2950.5607793204363,0.0
3161.414587036905,0.0
3212.0195008888572,0.0
3212.0195008888572,0.0
3212.0195008888572,0.0
3212.0195008888572,0.0
3212.0195008888572,0.0
3212.0195008888572,0.0
3212.0195008888572,0.0
0.0,0.0
0.0,0.0
0.0,0.0
0.0,0.0
0.0,0.0
0.0,0.0
0.0,0.0
0.0,0.0
0.0,0.0
0.0,0.0
0.0,0.0
0.0,0.0
0.0,0.0
0.0,0.0
0.0,0.0
0.0,0.0
0.0,0.0
0.0,0.0
0.0,0.0
0.0,0.0
0.0,0.0
0.0,0.0
0.0,0.0
0.0,0.0
0.0,0.0
0.0,0.0
0.0,0.0
0.0,0.0
0.0,0.0
0.0,0.0
0.0,0.0
0.0,0.0
0.0,0.0
0.0,0.0
0.0,0.0
0.0,0.0
0.0,0.0
0.0,0.0
0.0,0.0
0.0,0.0
0.0,0.0
0.0,0.0
0.0,0.0
0.0,0.0
0.0,0.0
0.0,0.0
0.0,0.0
0.0,0.0
2453.28,0.0
2453.28,0.0
2453.28,0.0
2453.28,0.0
3042.0672,0.0
3183.376128,0.0
3217.29027072,0.0
3225.4296649728,0.0
3227.3831195934717,0.0
3227.851948702433,0.0
3227.964467688584,0.0
3227.9914722452604,0.0
3227.9979533388623,0.0
3227.999508801327,0.0
3227.9998821123186,0.0
3227.9999717069563,0.0
3227.9999932096694,0.0
3227.9999983703206,0.0
0.0,0.0
0.0,0.0
0.0,0.0
0.0,0.0
0.0,0.0
0.0,0.0
0.0,0.0
0.0,0.0
2453.28,0.0
3042.0672,0.0
3183.376128,0.0
3217.29027072,0.0
3225.4296649728,0.0
3225.4296649728,0.0
3227.3831195934717,0.0
3227.851948702433,0.0
3227.964467688584,0.0
3227.964467688584,0.0
3227.964467688584,0.0
0.0,0.0
0.0,0.0
2453.28,0.0
3042.0672,0.0
3183.376128,0.0
0.0,0.0
0.0,0.0
0.0,0.0
1116.9485240300876,0.0
1240.7694435632693,0.0
1240.7694435632693,0.0
1240.7694435632693,0.0
0.0,0.0
2453.28,0.0
3042.0672,0.0
3183.376128,0.0
3183.376128,0.0
0.0,0.0
0.0,0.0
0.0,0.0
0.0,0.0
0.0,0.0
0.0,0.0
0.0,0.0
0.0,0.0
0.0,0.0
2453.28,0.0
3042.0672,0.0
3183.376128,0.0
627.3432098055018,0.0
627.3432098055018,0.0
627.3432098055018,0.0
627.3432098055018,0.0
627.3432098055018,0.0
627.3432098055018,0.0
627.3432098055018,0.0
0.0,0.0
2453.28,0.0
3042.0672,0.0
3183.376128,0.0
3217.29027072,0.0
1537.9895040814517,0.0
0.0,0.0
0.0,0.0
0.0,0.0
0.0,0.0
0.0,0.0
0.0,0.0
0.0,0.0
1308.6566083460057,0.0
2767.3575860030414,0.0
3117.44582064073,0.0
1197.666274832497,0.0
1197.666274832497,0.0
1197.666274832497,0.0
1197.666274832497,0.0
431.10621642356637,0.0
0.0,0.0
0.0,0.0
0.0,0.0
0.0,0.0
0.0,0.0
0.0,0.0
0.0,0.0
0.0,0.0
0.0,0.0
0.0,0.0
0.0,0.0
2453.28,0.0
3042.0672,0.0
3183.376128,0.0
3217.29027072,0.0
3225.4296649728,0.0
3227.3831195934717,0.0
3227.851948702433,0.0
3227.964467688584,0.0
3227.9914722452604,0.0
3227.9979533388623,0.0
3227.999508801327,0.0
3227.9998821123186,0.0
3227.9999717069563,0.0
3227.9999932096694,0.0
3227.9999983703206,0.0
3227.9999983703206,0.0
0.0,0.0
0.0,0.0
0.0,0.0
0.0,0.0
0.0,0.0
0.0,0.0
0.0,0.0
0.0,0.0
0.0,0.0
0.0,0.0
0.0,0.0
979.2680953765125,0.0
0.0,0.0
2063.9609023653175,0.0
2948.630616567676,0.0
3160.9513479762422,0.0
3160.9513479762422,0.0
0.0,0.0
0.0,0.0
0.0,0.0
0.0,0.0
0.0,0.0
0.0,0.0
0.0,0.0
0.0,0.0
2453.28,0.0
3042.0672,0.0
3183.376128,0.0
3217.29027072,0.0
3217.29027072,0.0
917.279851930175,0.0
917.279851930175,0.0
917.279851930175,0.0
917.279851930175,0.0
917.279851930175,0.0
803.7189990884026,0.0
0.0,0.0
679.2084044453914,0.0
2616.290017066894,0.0
3081.1896040960546,0.0
3192.7655049830532,0.0
3192.7655049830532,0.0
0.0,0.0
0.0,0.0
0.0,0.0
2453.28,0.0
2453.28,0.0
2453.28,0.0
857.9721145117073,0.0
857.9721145117073,0.0
857.9721145117073,0.0
857.9721145117073,0.0
2659.19330748281,0.0
3091.4863937958744,0.0
3195.2367345110097,0.0
3220.1368162826425,0.0
3226.1128359078343,0.0
3227.54708061788,0.0
3227.8912993482913,0.0
3227.97391184359,0.0
3227.9937388424614,0.0
3227.998497322191,0.0
3227.9996393573256,0.0
3227.999913445758,0.0
3227.999979226982,0.0
3227.9999950144756,0.0
3227.999998803474,0.0
3227.999999712834,0.0
3227.999999712834,0.0
3227.999999712834,0.0
3227.999999712834,0.0
3227.999999712834,0.0
0.0,0.0
0.0,0.0
0.0,0.0
0.0,0.0
0.0,0.0
0.0,0.0
0.0,0.0
0.0,0.0
0.0,0.0
0.0,0.0
0.0,0.0
0.0,0.0
0.0,0.0
0.0,0.0
0.0,0.0
0.0,0.0
0.0,0.0
0.0,0.0
0.0,0.0
0.0,0.0
0.0,0.0
0.0,0.0
0.0,0.0
0.0,0.0
0.0,0.0
0.0,0.0
0.0,0.0
0.0,0.0
0.0,0.0
0.0,0.0
0.0,0.0
0.0,0.0
0.0,0.0
0.0,0.0
0.0,0.0
0.0,0.0
0.0,0.0
0.0,0.0
0.0,0.0
0.0,0.0
0.0,0.0
0.0,0.0
0.0,0.0
0.0,0.0
0.0,0.0
0.0,0.0
0.0,0.0
0.0,0.0
0.0,0.0
0.0,0.0
0.0,0.0
0.0,0.0
0.0,0.0
0.0,0.0
0.0,0.0
0.0,0.0
0.0,0.0
0.0,0.0
0.0,0.0
0.0,0.0
0.0,0.0
0.0,0.0
2268.653837161896,0.0
2938.1515049512946,0.0
2575.166012077898,0.0
0.0,0.0
0.0,0.0
0.0,0.0
1873.1852546076952,0.0
2902.8444611058467,0.0
3149.962670665403,0.0
2717.798798044948,0.0
2964.9085453114385,0.0
3164.8580508747455,0.0
3212.845932209939,0.0
3224.3630237303855,0.0
3227.1271256952923,0.0
3227.7905101668703,0.0
3227.949722440049,0.0
3227.9879333856115,0.0
3227.997104012547,0.0
3227.999304963011,0.0
3227.999833191123,0.0
3227.9999599658695,0.0
3227.9999599658695,0.0
3227.9999599658695,0.0
3227.9999599658695,0.0
3227.9999599658695,0.0
43.1911075299613,0.0
43.1911075299613,0.0
43.1911075299613,0.0
43.1911075299613,0.0
43.1911075299613,0.0
43.1911075299613,0.0
43.1911075299613,0.0
43.1911075299613,0.0
43.1911075299613,0.0
43.1911075299613,0.0
43.1911075299613,0.0
43.1911075299613,0.0
43.1911075299613,0.0
43.1911075299613,0.0
43.1911075299613,0.0
43.1911075299613,0.0
43.1911075299613,0.0
43.1911075299613,0.0
43.1911075299613,0.0
43.1911075299613,0.0
43.1911075299613,0.0
43.1911075299613,0.0
43.1911075299613,0.0
43.1911075299613,0.0
43.1911075299613,0.0
43.1911075299613,0.0
43.1911075299613,0.0
43.1911075299613,0.0
43.1911075299613,0.0
0.0,0.0
0.0,0.0
0.0,0.0
0.0,0.0
0.0,0.0
0.0,0.0
2451.337360687899,0.0
2451.337360687899,0.0
474.92437692583144,0.0
474.92437692583144,0.0
474.92437692583144,0.0
474.92437692583144,0.0
474.92437692583144,0.0
474.92437692583144,0.0
474.92437692583144,0.0
0.0,0.0
0.0,0.0
2453.28,0.0
3042.0672,0.0
3183.376128,0.0
0.0,0.0
0.0,0.0
0.0,0.0
0.0,0.0
0.0,0.0
0.0,0.0
0.0,0.0
0.0,0.0
0.0,0.0
0.0,0.0
0.0,0.0
0.0,0.0
0.0,0.0
0.0,0.0
0.0,0.0
0.0,0.0
0.0,0.0
0.0,0.0
0.0,0.0
0.0,0.0
0.0,0.0
0.0,0.0
2453.28,0.0
3042.0672,0.0
3042.0672,0.0
3042.0672,0.0
3183.376128,0.0
3183.376128,0.0
3183.376128,0.0
3183.376128,0.0
3217.29027072,0.0
3217.29027072,0.0
3217.29027072,0.0
3217.29027072,0.0
3225.4296649728,0.0
3225.4296649728,0.0
3225.4296649728,0.0
3225.4296649728,0.0
3227.3831195934717,0.0
3227.3831195934717,0.0
3227.851948702433,0.0
3227.964467688584,0.0
3227.9914722452604,0.0
3227.9979533388623,0.0
3227.999508801327,0.0
3227.9998821123186,0.0
3227.9999717069563,0.0
3227.9999932096694,0.0
3227.9999983703206,0.0
3227.999999608877,0.0
3227.9999999061306,0.0
3227.9999999774714,0.0
3227.999999994593,0.0
3227.999999998702,0.0
1709.4663617136039,0.0
0.0,0.0
2453.28,0.0
3042.0672,0.0
3183.376128,0.0
3183.376128,0.0
0.0,0.0
0.0,0.0
0.0,0.0
0.0,0.0
0.0,0.0
0.0,0.0
0.0,0.0
0.0,0.0
0.0,0.0
2453.28,0.0
3042.0672,0.0
3183.376128,0.0
3183.376128,0.0
3183.376128,0.0
3183.376128,0.0
3183.376128,0.0
3183.376128,0.0
3183.376128,0.0
3183.376128,0.0
0.0,0.0
0.0,0.0
0.0,0.0
0.0,0.0
0.0,0.0
0.0,0.0
0.0,0.0
0.0,0.0
0.0,0.0
0.0,0.0
0.0,0.0
0.0,0.0
0.0,0.0
0.0,0.0
0.0,0.0
2453.28,0.0
3042.0672,0.0
3183.376128,0.0
3217.29027072,0.0
3225.4296649728,0.0
3227.3831195934717,0.0
3227.851948702433,0.0
3227.964467688584,0.0
3227.9914722452604,0.0
3227.9979533388623,0.0
3227.999508801327,0.0
3227.9998821123186,0.0
3227.9999717069563,0.0
3227.9999932096694,0.0
3227.9999983703206,0.0
3227.9999983703206,0.0
3227.9999983703206,0.0
3227.9999983703206,0.0
2212.0742152869702,0.0
2212.0742152869702,0.0
2212.0742152869702,0.0
2212.0742152869702,0.0
0.0,0.0
0.0,0.0
0.0,0.0
0.0,0.0
0.0,0.0
0.0,0.0
0.0,0.0
0.0,0.0
0.0,0.0
0.0,0.0
0.0,0.0
0.0,0.0
0.0,0.0
0.0,0.0
0.0,0.0
0.0,0.0
0.0,0.0
0.0,0.0
0.0,0.0
0.0,0.0
0.0,0.0
0.0,0.0
0.0,0.0
0.0,0.0
0.0,0.0
0.0,0.0
0.0,0.0
0.0,0.0
0.0,0.0
0.0,0.0
0.0,0.0
0.0,0.0
0.0,0.0
0.0,0.0
0.0,0.0
0.0,0.0
0.0,0.0
0.0,0.0
0.0,0.0
0.0,0.0
0.0,0.0
2453.28,0.0
3042.0672,0.0
3183.376128,0.0
3217.29027072,0.0
3225.4296649728,0.0
3227.3831195934717,0.0
3227.851948702433,0.0
3227.964467688584,0.0
3227.9914722452604,0.0
3227.9979533388623,0.0
3227.999508801327,0.0
3227.9998821123186,0.0
3227.9999717069563,0.0
3227.9999932096694,0.0
3227.9999983703206,0.0
3227.999999608877,0.0
3227.999999608877,0.0
3227.999999608877,0.0
1690.4975144079795,0.0
1690.4975144079795,0.0
1690.4975144079795,0.0
1690.4975144079795,0.0
1690.4975144079795,0.0
1690.4975144079795,0.0
1690.4975144079795,0.0
1690.4975144079795,0.0
1690.4975144079795,0.0
1690.4975144079795,0.0
1690.4975144079795,0.0
1690.4975144079795,0.0
1690.4975144079795,0.0
1690.4975144079795,0.0
1690.4975144079795,0.0
1690.4975144079795,0.0
0.0,0.0
0.0,0.0
0.0,0.0
0.0,0.0
0.0,0.0
0.0,0.0
0.0,0.0
0.0,0.0
0.0,0.0
0.0,0.0
0.0,0.0
0.0,0.0
0.0,0.0
0.0,0.0
0.0,0.0
0.0,0.0
0.0,0.0
0.0,0.0
0.0,0.0
0.0,0.0
0.0,0.0
0.0,0.0
0.0,0.0
0.0,0.0
0.0,0.0
0.0,0.0
0.0,0.0
0.0,0.0
0.0,0.0
0.0,0.0
0.0,0.0
0.0,0.0
0.0,0.0
0.0,0.0
0.0,0.0
0.0,0.0
0.0,0.0
0.0,0.0
0.0,0.0
0.0,0.0
0.0,0.0
0.0,0.0
0.0,0.0
0.0,0.0
0.0,0.0
0.0,0.0
2453.28,0.0
3042.0672,0.0
3183.376128,0.0
3217.29027072,0.0
3225.4296649728,0.0
3227.3831195934717,0.0
3227.851948702433,0.0
3227.964467688584,0.0
3227.9914722452604,0.0
3227.9914722452604,0.0
2131.547739283772,0.0
0.0,0.0
0.0,0.0
0.0,0.0
0.0,0.0
0.0,0.0
2365.2551731827953,0.0
3020.941241563871,0.0
3178.305897975329,0.0
3216.073415514079,0.0
3225.137619723379,0.0
3227.3130287336107,0.0
3227.8351268960664,0.0
3227.9604304550558,0.0
3227.990503309213,0.0
3227.997720794211,0.0
3227.9994529906107,0.0
3227.9998687177467,0.0
3227.999968492259,0.0
3227.9999924381423,0.0
0.0,0.0
0.0,0.0
0.0,0.0
0.0,0.0
0.0,0.0
0.0,0.0
478.0188161070405,0.0
2568.00451586569,0.0
2568.00451586569,0.0
2568.00451586569,0.0
2568.00451586569,0.0
2568.00451586569,0.0
2568.00451586569,0.0
2568.00451586569,0.0
2568.00451586569,0.0
0.0,0.0
0.0,0.0
0.0,0.0
0.0,0.0
2453.28,0.0
2453.28,0.0
0.0,0.0
0.0,0.0
1.5191453346524213,0.0
2453.6445948803166,0.0
3042.154702771276,0.0
3183.3971286651063,0.0
3217.2953108796255,0.0
3225.43087461111,0.0
3227.383409906666,0.0
3227.8520183776,0.0
3227.964484410624,0.0
3227.964484410624,0.0
0.0,0.0
0.0,0.0
0.0,0.0
0.0,0.0
0.0,0.0
0.0,0.0
0.0,0.0
0.0,0.0
0.0,0.0
0.0,0.0
0.0,0.0
0.0,0.0
0.0,0.0
0.0,0.0
0.0,0.0
0.0,0.0
0.0,0.0
0.0,0.0
0.0,0.0
0.0,0.0
0.0,0.0
0.0,0.0
0.0,0.0
0.0,0.0
0.0,0.0
0.0,0.0
0.0,0.0
0.0,0.0
0.0,0.0
0.0,0.0
0.0,0.0
0.0,0.0
0.0,0.0
0.0,0.0
0.0,0.0
0.0,0.0
0.0,0.0
0.0,0.0
40.88209989502415,0.0
40.88209989502415,0.0
40.88209989502415,0.0
40.88209989502415,0.0
40.88209989502415,0.0
40.88209989502415,0.0
0.0,0.0
2453.28,0.0
3042.0672,0.0
3183.376128,0.0
0.0,0.0
1463.0843561556685,0.0
2804.4202454773604,0.0
3126.3408589145665,0.0
3203.601806139496,0.0
3222.1444334734792,0.0
3226.594664033635,0.0
415.96037409676865,0.0
2553.1104897832247,0.0
3066.026517547974,0.0
3189.1263642115136,0.0
3218.670327410763,0.0
2528.2503569602704,0.0
3060.060085670465,0.0
3060.060085670465,0.0
3060.060085670465,0.0
3060.060085670465,0.0
1248.5175084146858,0.0
1248.5175084146858,0.0
1248.5175084146858,0.0
1248.5175084146858,0.0
1248.5175084146858,0.0
1248.5175084146858,0.0
1248.5175084146858,0.0
1248.5175084146858,0.0
1248.5175084146858,0.0
1248.5175084146858,0.0
127.01152431534501,0.0
127.01152431534501,0.0
127.01152431534501,0.0
127.01152431534501,0.0
127.01152431534501,0.0
127.01152431534501,0.0
127.01152431534501,0.0
127.01152431534501,0.0
127.01152431534501,0.0
127.01152431534501,0.0
127.01152431534501,0.0
127.01152431534501,0.0
127.01152431534501,0.0
127.01152431534501,0.0
127.01152431534501,0.0
127.01152431534501,0.0
127.01152431534501,0.0
127.01152431534501,0.0
127.01152431534501,0.0
127.01152431534501,0.0
127.01152431534501,0.0
127.01152431534501,0.0
127.01152431534501,0.0
127.01152431534501,0.0
127.01152431534501,0.0
127.01152431534501,0.0
127.01152431534501,0.0
127.01152431534501,0.0
127.01152431534501,0.0
127.01152431534501,0.0
127.01152431534501,0.0
127.01152431534501,0.0
127.01152431534501,0.0
127.01152431534501,0.0
127.01152431534501,0.0
127.01152431534501,0.0
0.0,0.0
0.0,0.0
2453.28,0.0
3042.0672,0.0
3183.376128,0.0
3217.29027072,0.0
3225.4296649728,0.0
3227.3831195934717,0.0
3227.851948702433,0.0
3227.964467688584,0.0
3227.9914722452604,0.0
3227.9914722452604,0.0
3227.9914722452604,0.0
3227.9914722452604,0.0
3227.9914722452604,0.0
3227.9914722452604,0.0
2067.9483978804283,0.0
0.0,0.0
0.0,0.0
0.0,0.0
0.0,0.0
0.0,0.0
0.0,0.0
0.0,0.0
0.0,0.0
0.0,0.0
0.0,0.0
0.0,0.0
0.0,0.0
0.0,0.0
2453.28,0.0
3042.0672,0.0
3183.376128,0.0
0.0,0.0
2453.28,0.0
3042.0672,0.0
3183.376128,0.0
3217.29027072,0.0
3225.4296649728,0.0
3227.3831195934717,0.0
3227.3831195934717,0.0
0.0,0.0
2453.28,0.0
3042.0672,0.0
3183.376128,0.0
2526.942874850978,0.0
0.0,0.0
0.0,0.0
0.0,0.0
2453.28,0.0
3042.0672,0.0
3183.376128,0.0
3217.29027072,0.0
3225.4296649728,0.0
3227.3831195934717,0.0
3227.851948702433,0.0
3227.964467688584,0.0
3227.9914722452604,0.0
3227.9979533388623,0.0
3227.999508801327,0.0
3227.9998821123186,0.0
3227.9999717069563,0.0
3227.9999932096694,0.0
3227.9999983703206,0.0
0.0,0.0
2453.28,0.0
3042.0672,0.0
3183.376128,0.0
3217.29027072,0.0
3225.4296649728,0.0
3227.3831195934717,0.0
3227.851948702433,0.0
3227.964467688584,0.0
3227.9914722452604,0.0
3227.9979533388623,0.0
3227.999508801327,0.0
3227.999508801327,0.0
0.0,0.0
0.0,0.0
0.0,0.0
0.0,0.0
0.0,0.0
0.0,0.0
2453.28,0.0
3042.0672,0.0
3183.376128,0.0
3217.29027072,0.0
3225.4296649728,0.0
3227.3831195934717,0.0
3227.851948702433,0.0
3227.964467688584,0.0
3227.9914722452604,0.0
3227.9979533388623,0.0
3227.999508801327,0.0
3227.9998821123186,0.0
3227.9999717069563,0.0
3227.9999932096694,0.0
3227.9999983703206,0.0
3227.999999608877,0.0
3227.9999999061306,0.0
3227.9999999774714,0.0
3227.999999994593,0.0
3227.999999998702,0.0
3227.9999999996885,0.0
3227.9999999999254,0.0
0.0,0.0
2453.28,0.0
3042.0672,0.0
3183.376128,0.0
3217.29027072,0.0
3225.4296649728,0.0
3227.3831195934717,0.0
3227.851948702433,0.0
2689.524730129481,0.0
3098.7659352310757,0.0
3196.9838244554585,0.0
3196.9838244554585,0.0
0.0,0.0
0.0,0.0
0.0,0.0
0.0,0.0
0.0,0.0
0.0,0.0
0.0,0.0
0.0,0.0
0.0,0.0
0.0,0.0
0.0,0.0
0.0,0.0
0.0,0.0
1997.5613408915378,0.0
1997.5613408915378,0.0
1997.5613408915378,0.0
1997.5613408915378,0.0
1997.5613408915378,0.0
2932.694721813969,0.0
2932.694721813969,0.0
3157.1267332353527,0.0
3210.9904159764847,0.0
3223.9176998343564,0.0
3227.0202479602453,0.0
3227.764859510459,0.0
3227.94356628251,0.0
3227.9864559078023,0.0
3227.9967494178727,0.0
3227.9992198602895,0.0
3227.9998127664694,0.0
3227.999955063949,0.0
1120.804178908294,0.0
2722.273002937991,0.0
3106.6255207051177,0.0
3198.870124969228,0.0
3221.0088299926147,0.0
0.0,0.0
0.0,0.0
0.0,0.0
611.1465795716613,0.0
2599.9551790971987,0.0
3077.269242983328,0.0
3191.8246183159986,0.0
1710.3449115894691,0.0
0.0,0.0
2453.28,0.0
3042.0672,0.0
3183.376128,0.0
3217.29027072,0.0
3225.4296649728,0.0
3227.3831195934717,0.0
3227.851948702433,0.0
3227.964467688584,0.0
3227.9914722452604,0.0
3227.9979533388623,0.0
3227.9979533388623,0.0
0.0,0.0
0.0,0.0
0.0,0.0
0.0,0.0
0.0,0.0
0.0,0.0
0.0,0.0
0.0,0.0
0.0,0.0
0.0,0.0
0.0,0.0
0.0,0.0
0.0,0.0
0.0,0.0
0.0,0.0
0.0,0.0
0.0,0.0
0.0,0.0
0.0,0.0
0.0,0.0
0.0,0.0
0.0,0.0
0.0,0.0
0.0,0.0
0.0,0.0
0.0,0.0
0.0,0.0
0.0,0.0
0.0,0.0
0.0,0.0
0.0,0.0
0.0,0.0
0.0,0.0
0.0,0.0
2453.28,0.0
3042.0672,0.0
3183.376128,0.0
3217.29027072,0.0
3225.4296649728,0.0
3227.3831195934717,0.0
3227.851948702433,0.0
3227.964467688584,0.0
3227.9914722452604,0.0
3227.9979533388623,0.0
3227.999508801327,0.0
3227.9998821123186,0.0
3227.9999717069563,0.0
3227.9999932096694,0.0
3227.9999983703206,0.0
3227.999999608877,0.0
3227.999999608877,0.0
0.0,0.0
0.0,0.0
0.0,0.0
2453.28,0.0
3042.0672,0.0
3183.376128,0.0
3217.29027072,0.0
3225.4296649728,0.0
3227.3831195934717,0.0
3227.851948702433,0.0
3227.964467688584,0.0
3227.9914722452604,0.0
3227.9979533388623,0.0
3227.999508801327,0.0
3227.9998821123186,0.0
3227.9999717069563,0.0
3227.9999932096694,0.0
3227.9999983703206,0.0
3227.999999608877,0.0
3227.9999999061306,0.0
3227.9999999774714,0.0
3227.999999994593,0.0
3227.999999998702,0.0
3227.999999998702,0.0
3227.999999998702,0.0
372.5766038133852,0.0
372.5766038133852,0.0
0.0,0.0
2453.2800000000007,0.0
3042.0672000000004,0.0
3042.0672000000004,0.0
3042.0672000000004,0.0
3042.0672000000004,0.0
2201.909036555847,0.0
2201.909036555847,0.0
0.0,0.0
0.0,0.0
0.0,0.0
0.0,0.0
0.0,0.0
0.0,0.0
0.0,0.0
0.0,0.0
0.0,0.0
0.0,0.0
0.0,0.0
0.0,0.0
0.0,0.0
0.0,0.0
0.0,0.0
0.0,0.0
0.0,0.0
0.0,0.0
0.0,0.0
0.0,0.0
0.0,0.0
2453.28,0.0
3042.0672,0.0
3183.376128,0.0
3217.29027072,0.0
3225.4296649728,0.0
3227.3831195934717,0.0
3227.851948702433,0.0
3227.964467688584,0.0
3227.9914722452604,0.0
3227.9979533388623,0.0
3227.999508801327,0.0
3227.9998821123186,0.0
3227.9998821123186,0.0
2325.6262133123487,0.0
0.0,0.0
0.0,0.0
0.0,0.0
0.0,0.0
0.0,0.0
0.0,0.0
0.0,0.0
0.0,0.0
0.0,0.0
0.0,0.0
0.0,0.0
0.0,0.0
0.0,0.0
0.0,0.0
0.0,0.0
0.0,0.0
0.0,0.0
0.0,0.0
0.0,0.0
0.0,0.0
0.0,0.0
0.0,0.0
0.0,0.0
2453.28,0.0
2453.28,0.0
2453.28,0.0
2453.28,0.0
2453.28,0.0
2453.28,0.0
2453.28,0.0
3042.0672,0.0
3183.376128,0.0
3217.29027072,0.0
3225.4296649728,0.0
3227.3831195934717,0.0
3227.851948702433,0.0
3227.964467688584,0.0
3227.9914722452604,0.0
3227.9979533388623,0.0
3227.999508801327,0.0
3227.9998821123186,0.0
3227.9999717069563,0.0
3227.9999932096694,0.0
3227.9999983703206,0.0
3227.999999608877,0.0
3227.9999999061306,0.0
3227.9999999774714,0.0
3227.999999994593,0.0
3227.999999994593,0.0
3227.999999994593,0.0
0.0,0.0
0.0,0.0
0.0,0.0
0.0,0.0
0.0,0.0
0.0,0.0
0.0,0.0
0.0,0.0
0.0,0.0
0.0,0.0
0.0,0.0
0.0,0.0
0.0,0.0
2453.28,0.0
3042.0672,0.0
3183.376128,0.0
3217.29027072,0.0
3225.4296649728,0.0
3227.3831195934717,0.0
3227.851948702433,0.0
3227.851948702433,0.0
3227.851948702433,0.0
3227.851948702433,0.0
3227.851948702433,0.0
3227.851948702433,0.0
3227.851948702433,0.0
3227.851948702433,0.0
3227.851948702433,0.0
3227.851948702433,0.0
3227.851948702433,0.0
3227.851948702433,0.0
3227.851948702433,0.0
3227.851948702433,0.0
3227.851948702433,0.0
3227.851948702433,0.0
3227.851948702433,0.0
3227.851948702433,0.0
1318.3295284226788,0.0
1318.3295284226788,0.0
1318.3295284226788,0.0
1318.3295284226788,0.0
1318.3295284226788,0.0
1318.3295284226788,0.0
1318.3295284226788,0.0
1318.3295284226788,0.0
1318.3295284226788,0.0
1318.3295284226788,0.0
1318.3295284226788,0.0
1318.3295284226788,0.0
1318.3295284226788,0.0
1318.3295284226788,0.0
1318.3295284226788,0.0
1318.3295284226788,0.0
1318.3295284226788,0.0
1318.3295284226788,0.0
1318.3295284226788,0.0
1318.3295284226788,0.0
1318.3295284226788,0.0
1318.3295284226788,0.0
1318.3295284226788,0.0
1318.3295284226788,0.0
1318.3295284226788,0.0
1318.3295284226788,0.0
1318.3295284226788,0.0
1318.3295284226788,0.0
1318.3295284226788,0.0
1318.3295284226788,0.0
1318.3295284226788,0.0
1318.3295284226788,0.0
1318.3295284226788,0.0
1318.3295284226788,0.0
1318.3295284226788,0.0
1318.3295284226788,0.0
0.0,0.0
0.0,0.0
0.0,0.0
0.0,0.0
0.0,0.0
0.0,0.0
0.0,0.0
0.0,0.0
0.0,0.0
0.0,0.0
0.0,0.0
0.0,0.0
0.0,0.0
0.0,0.0
0.0,0.0
0.0,0.0
0.0,0.0
0.0,0.0
0.0,0.0
0.0,0.0
0.0,0.0
0.0,0.0
0.0,0.0
0.0,0.0
0.0,0.0
534.8608081826942,0.0
603.0131515595416,0.0
603.0131515595416,0.0
2290.5700069651634,0.0
3003.0168016716393,0.0
3174.0040324011934,0.0
3215.0409677762864,0.0
3224.8898322663085,0.0
3227.253559743914,0.0
3227.253559743914,0.0
3227.253559743914,0.0
3227.253559743914,0.0
3227.253559743914,0.0
3227.253559743914,0.0
3227.253559743914,0.0
3227.253559743914,0.0
3227.8208543385394,0.0
3227.9570050412494,0.0
3227.9896812099,0.0
3227.997523490376,0.0
3227.9994056376904,0.0
3227.9998573530456,0.0
3227.999965764731,0.0
3227.9999917835353,0.0
3227.9999980280486,0.0
3228.0,0.0
3228.0,0.0
3228.0,0.0
3228.0,0.0
3228.0,0.0
3228.0,0.0
3228.0,0.0
3228.0,0.0
3228.0,0.0
3228.0,0.0
3228.0,0.0
3228.0,0.0
3228.0,0.0
3228.0,0.0
3228.0,0.0
3228.0,0.0
3228.0,0.0
3228.0,0.0
3228.0,0.0
3228.0,0.0
3228.0,0.0
3228.0,0.0
3228.0,0.0
3228.0,0.0
3228.0,0.0
3228.0,0.0
3228.0,0.0
3228.0,0.0
3228.0,0.0
3228.0,0.0
3228.0,0.0
3228.0,0.0
3228.0,0.0
3228.0,0.0
0.0,0.0
0.0,0.0
0.0,0.0
0.0,0.0
0.0,0.0
0.0,0.0
0.0,0.0
0.0,0.0
0.0,0.0
0.0,0.0
0.0,0.0
0.0,0.0
0.0,0.0
0.0,0.0
0.0,0.0
0.0,0.0
0.0,0.0
0.0,0.0
0.0,0.0
0.0,0.0
0.0,0.0
0.0,0.0
0.0,0.0
0.0,0.0
0.0,0.0
0.0,0.0
0.0,0.0
0.0,0.0
0.0,0.0
0.0,0.0
0.0,0.0
0.0,0.0
0.0,0.0
0.0,0.0
0.0,0.0
0.0,0.0
0.0,0.0
0.0,0.0
0.0,0.0
0.0,0.0
774.0819629841899,0.0
2639.0596711162057,0.0
3086.654321067889,0.0
3086.654321067889,0.0
0.0,0.0
44.92056884354315,0.0
1670.1843411561786,0.0
0.0,0.0
0.0,0.0
0.0,0.0
0.0,0.0
2453.28,0.0
3042.0672,0.0
3183.376128,0.0
3217.29027072,0.0
3225.4296649728,0.0
3227.3831195934717,0.0
3227.851948702433,0.0
3227.964467688584,0.0
3227.9914722452604,0.0
3227.9979533388623,0.0
3227.999508801327,0.0
3227.9998821123186,0.0
3227.9999717069563,0.0
3227.9999932096694,0.0
3227.9999983703206,0.0
3227.999999608877,0.0
0.0,0.0
0.0,0.0
0.0,0.0
0.0,0.0
0.0,0.0
0.0,0.0
0.0,0.0
0.0,0.0
0.0,0.0
0.0,0.0
0.0,0.0
0.0,0.0
0.0,0.0
0.0,0.0
0.0,0.0
0.0,0.0
0.0,0.0
0.0,0.0
0.0,0.0
0.0,0.0
0.0,0.0
2453.28,0.0
3042.0672,0.0
3183.376128,0.0
3217.29027072,0.0
3225.4296649728,0.0
3227.3831195934717,0.0
3227.851948702433,0.0
3227.964467688584,0.0
3227.9914722452604,0.0
3227.9979533388623,0.0
3227.999508801327,0.0
3227.9998821123186,0.0
3227.9999717069563,0.0
3227.9999932096694,0.0
3227.9999983703206,0.0
3227.999999608877,0.0
3227.999999608877,0.0
3227.999999608877,0.0
3227.999999608877,0.0
0.0,0.0
0.0,0.0
0.0,0.0
0.0,0.0
0.0,0.0
0.0,0.0
0.0,0.0
0.0,0.0
0.0,0.0
0.0,0.0
0.0,0.0
0.0,0.0
0.0,0.0
0.0,0.0
0.0,0.0
0.0,0.0
0.0,0.0
0.0,0.0
0.0,0.0
0.0,0.0
0.0,0.0
0.0,0.0
0.0,0.0
0.0,0.0
0.0,0.0
0.0,0.0
0.0,0.0
0.0,0.0
0.0,0.0
0.0,0.0
0.0,0.0
0.0,0.0
0.0,0.0
0.0,0.0
0.0,0.0
0.0,0.0
0.0,0.0
0.0,0.0
0.0,0.0
0.0,0.0
815.7269483711243,0.0
2649.05446760907,0.0
3089.053072226177,0.0
3194.6527373342824,0.0
3219.996656960228,0.0
3226.0791976704545,0.0
3227.5390074409092,0.0
3227.8893617858184,0.0
3227.9734468285965,0.0
3227.993627238863,0.0
3227.998470537327,0.0
3227.9996329289584,0.0
3227.99991190295,0.0
3227.999978856708,0.0
3227.999978856708,0.0
3227.999978856708,0.0
0.0,0.0
0.0,0.0
0.0,0.0
0.0,0.0
0.0,0.0
0.0,0.0
222.94385547504135,0.0
2506.78652531401,0.0
3054.908766075362,0.0
3186.458103858087,0.0
3218.029944925941,0.0
3225.6071867822257,0.0
3227.425724827734,0.0
3227.862173958656,0.0
3227.9669217500773,0.0
3227.9920612200185,0.0
1462.7388696310409,0.0
0.0,0.0
0.0,0.0
2453.28,0.0
3042.0672,0.0
3183.376128,0.0
3217.29027072,0.0
3225.4296649728,0.0
3227.3831195934717,0.0
3227.851948702433,0.0
3227.964467688584,0.0
3227.9914722452604,0.0
3227.9914722452604,0.0
3227.9914722452604,0.0
3227.9914722452604,0.0
3227.9914722452604,0.0
331.30220946623876,0.0
331.30220946623876,0.0
331.30220946623876,0.0
331.30220946623876,0.0
331.30220946623876,0.0
331.30220946623876,0.0
331.30220946623876,0.0
331.30220946623876,0.0
331.30220946623876,0.0
331.30220946623876,0.0
331.30220946623876,0.0
331.30220946623876,0.0
1927.4603491954404,0.0
2915.8704838069057,0.0
2915.8704838069057,0.0
528.6876935967553,0.0
528.6876935967553,0.0
528.6876935967553,0.0
528.6876935967553,0.0
528.6876935967553,0.0
528.6876935967553,0.0
528.6876935967553,0.0
528.6876935967553,0.0
528.6876935967553,0.0
528.6876935967553,0.0
528.6876935967553,0.0
528.6876935967553,0.0
528.6876935967553,0.0
528.6876935967553,0.0
528.6876935967553,0.0
528.6876935967553,0.0
528.6876935967553,0.0
0.0,0.0
0.0,0.0
0.0,0.0
0.0,0.0
0.0,0.0
0.0,0.0
0.0,0.0
0.0,0.0
0.0,0.0
2453.28,0.0
3042.0672,0.0
3183.376128,0.0
3217.29027072,0.0
3225.4296649728,0.0
3225.4296649728,0.0
3225.4296649728,0.0
0.0,0.0
0.0,0.0
0.0,0.0
0.0,0.0
0.0,0.0
0.0,0.0
0.0,0.0
0.0,0.0
0.0,0.0
0.0,0.0
0.0,0.0
0.0,0.0
0.0,0.0
0.0,0.0
0.0,0.0
0.0,0.0
0.0,0.0
0.0,0.0
0.0,0.0
0.0,0.0
0.0,0.0
0.0,0.0
0.0,0.0
0.0,0.0
0.0,0.0
0.0,0.0
0.0,0.0
0.0,0.0
0.0,0.0
0.0,0.0
0.0,0.0
0.0,0.0
0.0,0.0
0.0,0.0
0.0,0.0
0.0,0.0
0.0,0.0
0.0,0.0
0.0,0.0
0.0,0.0
0.0,0.0
0.0,0.0
0.0,0.0
0.0,0.0
0.0,0.0
0.0,0.0
0.0,0.0
0.0,0.0
0.0,0.0
0.0,0.0
0.0,0.0
0.0,0.0
0.0,0.0
0.0,0.0
0.0,0.0
0.0,0.0
0.0,0.0
0.0,0.0
0.0,0.0
0.0,0.0
0.0,0.0
0.0,0.0
0.0,0.0
0.0,0.0
0.0,0.0
0.0,0.0
0.0,0.0
0.0,0.0
0.0,0.0
0.0,0.0
0.0,0.0
0.0,0.0
0.0,0.0
0.0,0.0
0.0,0.0
0.0,0.0
0.0,0.0
0.0,0.0
0.0,0.0
0.0,0.0
2453.28,0.0
3042.0672,0.0
3183.376128,0.0
3217.29027072,0.0
3225.4296649728,0.0
3227.3831195934717,0.0
3227.851948702433,0.0
3227.964467688584,0.0
3227.9914722452604,0.0
3227.9979533388623,0.0
3227.999508801327,0.0
3227.9998821123186,0.0
3227.9999717069563,0.0
3227.9999932096694,0.0
3227.9999983703206,0.0
3227.999999608877,0.0
3227.9999999061306,0.0
3227.9999999774714,0.0
3227.999999994593,0.0
3227.999999998702,0.0
3227.999999998702,0.0
1778.8287026645621,0.0
1778.8287026645621,0.0
1778.8287026645621,0.0
1778.8287026645621,0.0
1778.8287026645621,0.0
1778.8287026645621,0.0
1778.8287026645621,0.0
1778.8287026645621,0.0
1778.8287026645621,0.0
1778.8287026645621,0.0
1778.8287026645621,0.0
0.0,0.0
0.0,0.0
0.0,0.0
0.0,0.0
0.0,0.0
0.0,0.0
0.0,0.0
0.0,0.0
0.0,0.0
0.0,0.0
0.0,0.0
0.0,0.0
0.0,0.0
0.0,0.0
0.0,0.0
0.0,0.0
0.0,0.0
0.0,0.0
0.0,0.0
0.0,0.0
0.0,0.0
0.0,0.0
0.0,0.0
0.0,0.0
0.0,0.0
0.0,0.0
0.0,0.0
0.0,0.0
0.0,0.0
0.0,0.0
0.0,0.0
0.0,0.0
0.0,0.0
0.0,0.0
0.0,0.0
0.0,0.0
0.0,0.0
0.0,0.0
0.0,0.0
0.0,0.0
0.0,0.0
0.0,0.0
0.0,0.0
0.0,0.0
0.0,0.0
0.0,0.0
0.0,0.0
0.0,0.0
0.0,0.0
0.0,0.0
0.0,0.0
0.0,0.0
0.0,0.0
0.0,0.0
0.0,0.0
0.0,0.0
0.0,0.0
0.0,0.0
0.0,0.0
0.0,0.0
0.0,0.0
0.0,0.0
0.0,0.0
0.0,0.0
0.0,0.0
0.0,0.0
0.0,0.0
0.0,0.0
0.0,0.0
