PumpedStor,BatteryStor
0.0,0.0
0.0,0.0
0.0,0.0
0.0,0.0
0.0,0.0
0.0,0.0
7806.50053173129,0.0
19720.218415260493,0.0
19934.603236814066,0.0
18720.62154002131,0.0
19330.984519173588,0.0
19179.371765428066,0.0
19294.597458274664,0.0
19207.025931711247,0.0
19273.58029189945,0.0
19222.99897815642,0.0
19261.440776601117,0.0
19232.225009783153,0.0
19254.4289925648,0.0
19237.553965650746,0.0
19250.37898610543,0.0
19240.63197055988,0.0
19248.03970237449,0.0
19242.409826195384,0.0
19246.6885320915,0.0
19243.436715610456,0.0
19245.908096136052,0.0
19244.029846936595,0.0
19245.457316328182,0.0
19244.372439590577,0.0
19245.196945911157,0.0
19244.570321107516,0.0
19245.046555958288,0.0
19244.684617471696,0.0
19244.959690721505,0.0
19244.75063505165,0.0
19244.909517360746,0.0
19244.788766805836,0.0
19244.88053722756,0.0
19244.81079170705,0.0
19244.863798302646,0.0
19244.823513289994,0.0
0.0,0.0
0.0,0.0
7880.959448351613,0.0
457.26468769038013,0.0
18315.36250154575,0.0
12361.676637765368,0.0
4093.1811225291026,0.0
0.0,0.0
0.0,0.0
591.525818999752,0.0
0.0,0.0
0.0,0.0
0.0,0.0
0.0,0.0
0.0,0.0
1409.344919584742,0.0
13961.508538651613,0.0
9897.461974626274,0.0
2052.923161842065,0.0
0.0,0.0
3154.648584602398,0.0
7044.013368151153,0.0
9197.6158103344,0.0
13495.17895556563,0.0
0.0,0.0
0.0,0.0
0.0,0.0
0.0,0.0
2121.2012143273037,0.0
6112.30997127488,0.0
2721.6718280723426,0.0
1426.5453858915196,0.0
0.0,0.0
5474.656974946131,0.0
8139.243749984522,0.0
0.0,0.0
0.0,0.0
0.0,0.0
0.0,0.0
0.0,0.0
5268.578146021961,0.0
4303.983673818359,0.0
0.0,0.0
0.0,0.0
0.0,0.0
0.0,0.0
0.0,0.0
0.0,0.0
0.0,0.0
0.0,0.0
554.1102476712911,0.0
0.0,0.0
0.0,0.0
0.0,0.0
0.0,0.0
0.0,0.0
0.0,0.0
0.0,0.0
8321.373901947738,0.0
5998.722911256077,0.0
1139.22464907088,0.0
2259.262365595825,0.0
3959.3965750802486,0.0
3013.671929329275,0.0
0.0,0.0
7490.116113970852,0.0
0.0,0.0
431.53283796159695,0.0
7771.513693546636,0.0
19022.19125825315,0.0
19414.054643727595,0.0
19116.238470767024,0.0
19342.578762217057,0.0
19170.56014071503,0.0
19301.294293056573,0.0
19201.936337277,0.0
19277.448383669474,0.0
19220.059228411203,0.0
19263.67498640748,0.0
19230.52701033031,0.0
19255.71947214897,0.0
19236.573201166782,0.0
19251.124367113243,0.0
19240.065480993933,0.0
19248.47023444461,0.0
0.0,0.0
4068.8737210958157,0.0
12669.082666296255,0.0
23243.656276754464,0.0
17964.374759118688,0.0
10841.007380019077,0.0
9081.798864922166,0.0
9280.847095924906,0.0
8529.360501376043,0.0
4436.5161973884115,0.0
3130.572466201963,0.0
13107.279751648051,0.0
23909.387388747477,0.0
15699.785584551923,0.0
21939.082955740538,0.0
17197.21695363719,0.0
20801.035115235725,0.0
18062.13331242085,0.0
20143.698682560156,0.0
18561.709001254287,0.0
19764.021159046748,0.0
18850.263919124478,0.0
19544.719421465397,0.0
19016.933239686296,0.0
19418.050737838414,0.0
19113.201439242814,0.0
19344.886906175467,0.0
19168.805951306636,0.0
19302.627477006958,0.0
19200.923117474715,0.0
19278.218430719215,0.0
19219.473992653402,0.0
19264.11976558342,0.0
19230.188978156602,0.0
19255.97637660098,0.0
19236.377953783252,0.0
19251.272755124726,0.0
19239.952706105203,0.0
19248.555943360047,0.0
19242.017483046366,0.0
19246.986712884765,0.0
19243.21009820757,0.0
19246.08032536224,0.0
19243.898952724685,0.0
19245.55679592924,0.0
19244.29683509378,0.0
19245.254405328724,0.0
19244.526651950164,0.0
19245.079744517872,0.0
19244.65939416641,0.0
19244.978860433523,0.0
19244.73606607052,0.0
19244.92058978641,0.0
19244.78035176233,0.0
19244.88693266063,0.0
19244.805931177918,0.0
19244.867492304777,0.0
19244.820705848368,0.0
19244.856263555237,0.0
19244.829239698018,0.0
19244.849777829506,0.0
19244.834168849575,0.0
19244.846031674322,0.0
19244.837015927515,0.0
19244.843867895084,0.0
19244.83866039973,0.0
19244.8426180962,0.0
19244.839610246883,0.0
19244.84189621236,0.0
19244.840158878604,0.0
19244.84147925226,0.0
14633.537027981436,0.0
0.0,0.0
11558.878142118125,0.0
22846.12461433625,0.0
18660.43776769747,0.0
8893.277676020694,0.0
5970.150154079443,0.0
8278.378284426028,0.0
11498.060811129972,0.0
12975.175876393514,0.0
12402.846208492087,0.0
16051.886687963331,0.0
0.0,0.0
0.0,0.0
4993.935442716948,0.0
9571.20529224094,0.0
9698.378696425936,0.0
6464.1007841584305,0.0
1256.2715564695097,0.0
0.0,0.0
0.0,0.0
5737.442377480261,0.0
3333.38544834734,0.0
0.0,0.0
0.0,0.0
0.0,0.0
0.0,0.0
13245.283413187548,0.0
10406.935346926284,0.0
966.7310408339556,0.0
0.0,0.0
0.0,0.0
0.0,0.0
6189.401355150814,0.0
71.69109467674879,0.0
0.0,0.0
5446.535013887715,0.0
0.0,0.0
0.0,0.0
15242.338612716308,0.0
14968.607656795139,0.0
8841.268411444677,0.0
2387.727973597225,0.0
-2.8154179767208223e-14,0.0
0.0,0.0
0.0,0.0
0.0,0.0
0.0,0.0
0.0,0.0
0.0,0.0
12432.399058194762,0.0
14460.904135344757,0.0
9694.184934802832,0.0
478.20370820495066,0.0
0.0,0.0
3218.666699436553,0.0
7016.52669811431,0.0
10270.634690447749,0.0
9578.343059527933,0.0
7816.515798291056,0.0
24621.301492135746,0.0
8648.799261953998,0.0
14381.12713576066,0.0
14442.953373613762,0.0
14980.920258423861,0.0
14776.724229135227,0.0
15177.805491765379,0.0
16317.958844403922,0.0
16703.177931976916,0.0
22804.324771236963,0.0
16539.63317385991,0.0
11236.151143441548,0.0
27.33669009162316,0.0
0.0,0.0
0.0,0.0
8908.378294507696,0.0
8631.6402649907,0.0
6214.037335789353,0.0
1365.7806743169958,0.0
0.0,0.0
207.24827445683454,0.0
4724.8945051455385,0.0
4986.9640132913555,0.0
0.0,0.0
0.0,0.0
0.0,0.0
0.0,0.0
12711.174009328326,0.0
10658.254244139243,0.0
7732.843897377116,0.0
365.313791427423,0.0
0.0,0.0
3915.3976687958725,0.0
8850.050673081574,0.0
13256.730281800434,0.0
18775.118982557004,0.0
19601.829573256673,0.0
18973.529524324927,0.0
19451.03756151305,0.0
19088.131453250084,0.0
19363.94009552994,0.0
19154.325527397246,0.0
19313.63259917809,0.0
17741.12933178075,0.0
9515.130556194961,0.0
10870.08773509939,0.0
18936.205901712132,0.0
22144.46184531774,0.0
17041.128997558517,0.0
16077.588984508307,0.0
19130.154838558672,0.0
19475.88362809849,0.0
17291.01163600274,0.0
17983.219652063835,0.0
20203.673064431485,0.0
18516.128471032072,0.0
19798.662362015624,0.0
18823.936604868122,0.0
19564.728180300222,0.0
19001.726582971824,0.0
19429.607796941407,0.0
19104.418074324523,0.0
19351.562263513362,0.0
19163.732679729837,0.0
19306.483163405315,0.0
19197.99279581195,0.0
19280.445475182907,0.0
8979.551000244503,0.0
5866.511970467314,0.0
14487.188797605431,0.0
27804.19859447914,0.0
12438.172576463105,0.0
11337.689296677296,0.0
8598.294066164966,0.0
18355.095159758865,0.0
23074.815465464486,0.0
16334.06024624699,0.0
16561.3850274919,0.0
17279.482146328613,0.0
15757.29968722781,0.0
7384.954468269598,0.0
9395.708249378014,0.0
13982.195587186698,0.0
3305.721970348903,0.0
0.0,0.0
0.0,0.0
16533.250731314405,0.0
22564.11955533909,0.0
4213.818137470125,0.0
0.0,0.0
0.0,0.0
0.0,0.0
0.0,0.0
0.0,0.0
0.0,0.0
0.0,0.0
0.0,0.0
0.0,0.0
0.0,0.0
9005.307680801288,0.0
3186.883432459742,0.0
11560.898098270669,0.0
0.0,0.0
0.0,0.0
0.0,0.0
0.0,0.0
0.0,0.0
0.0,0.0
0.0,0.0
0.0,0.0
0.0,0.0
1099.8281377778947,0.0
1054.5429096320734,0.0
4742.954785377157,0.0
5941.950671583372,0.0
335.67057583891216,0.0
0.0,0.0
1361.9213634744415,0.0
1210.7524252922656,0.0
1875.3545410027716,0.0
12596.708090037602,0.0
24297.42185157142,0.0
15404.879392805728,0.0
21471.43447590819,0.0
17718.656322844046,0.0
20404.741194638525,0.0
17799.545059833257,0.0
8459.600716011562,0.0
3464.507780771954,0.0
8382.96695188804,0.0
18928.6404430948,0.0
11281.479824071766,0.0
0.0,0.0
0.0,0.0
1819.5974088894675,0.0
7383.939916475933,0.0
5987.551295476698,0.0
0.0,0.0
0.0,0.0
0.0,0.0
0.0,0.0
3204.4371175899923,0.0
2941.1722978637404,0.0
0.0,0.0
0.0,0.0
0.0,0.0
505.77149790113884,0.0
2611.486624881875,0.0
0.0,0.0
9131.064509414835,0.0
0.0,0.0
926.7777871264144,0.0
0.0,0.0
10041.92857390993,0.0
0.0,0.0
0.0,0.0
8311.243488462858,0.0
0.0,0.0
0.0,0.0
0.0,0.0
0.0,0.0
0.0,0.0
0.0,0.0
0.0,0.0
0.0,0.0
5076.235828316279,0.0
312.03711292206856,0.0
0.0,0.0
0.0,0.0
0.0,0.0
3127.688518151338,0.0
11067.592145136292,0.0
12070.912254977715,0.0
6046.792631076056,0.0
700.3894122672759,0.0
0.0,0.0
4691.578216196742,0.0
0.0,0.0
0.0,0.0
0.0,0.0
0.0,0.0
0.0,0.0
2102.481249558867,0.0
7272.8802735068275,0.0
2459.653963703534,0.0
0.0,0.0
0.0,0.0
0.0,0.0
0.0,0.0
0.0,0.0
0.0,0.0
511.14115116381225,0.0
2969.0329543779817,0.0
0.0,0.0
9974.86105254584,0.0
288.5896722297276,0.0
0.0,0.0
2644.4128057556745,0.0
0.0,0.0
0.0,0.0
0.0,0.0
0.0,0.0
0.0,0.0
0.0,0.0
0.0,0.0
0.0,0.0
0.0,0.0
11962.34253119146,0.0
13143.488050287719,0.0
4114.808227520825,0.0
0.0,0.0
0.0,0.0
989.3274272232412,0.0
13101.222187900381,0.0
0.0,0.0
0.0,0.0
16475.637726369165,0.0
2334.0047841410938,0.0
0.0,0.0
0.0,0.0
4894.890258153529,0.0
0.0,0.0
1636.4642572210437,0.0
2056.6264466677717,0.0
4718.580915224759,0.0
16862.004624013534,0.0
13142.621922842984,0.0
0.0,0.0
2547.3196458337384,0.0
21411.79575229784,0.0
17597.95522825365,0.0
20496.474026527223,0.0
18293.599739839316,0.0
19967.784197722118,0.0
18695.404009731188,0.0
19662.41295260429,0.0
13584.442323337771,0.0
17635.41125302679,0.0
22194.48659195894,0.0
13605.270042680486,0.0
23530.91476756283,0.0
15987.424776652248,0.0
21632.69484758337,0.0
17451.13967315526,0.0
20608.053848402,0.0
18208.79907521448,0.0
20032.232702837,0.0
18646.423145843884,0.0
19699.638409158644,0.0
18899.19480903943,0.0
19507.53194513003,0.0
19045.195721701173,0.0
19396.571251507106,0.0
19129.5258488546,0.0
19332.480354870502,0.0
19178.234930298422,0.0
19014.80448552534,0.0
19487.026263188225,0.0
19060.780039976944,0.0
19384.72716961752,0.0
19138.527351090685,0.0
19325.639213171075,0.0
19183.434197989976,0.0
19291.51000952761,0.0
19209.37239275901,0.0
19271.796981503147,0.0
19224.3542940576,0.0
19260.41073651622,0.0
19233.00784024767,0.0
19253.83404141177,0.0
19238.00612852705,0.0
19250.03534231944,0.0
19240.893139837226,0.0
19247.841213723706,0.0
19242.56067756998,0.0
19246.573885046815,0.0
19243.523847364413,0.0
19245.84187600304,0.0
11298.498108864489,0.0
11890.711891335008,0.0
15425.676936297325,0.0
22719.207553057066,0.0
17220.519168952615,0.0
14508.626484756276,0.0
16404.103271126693,0.0
21403.80151394371,0.0
17604.030849402785,0.0
20491.856554453883,0.0
18297.109018615047,0.0
19965.117145852557,0.0
18697.43096915205,0.0
10152.955723935303,0.0
3324.1349096164427,0.0
3633.308302058367,0.0
4078.2130236846156,0.0
6233.328326126777,0.0
12378.886301882158,0.0
28978.429393277976,0.0
12184.43706477637,0.0
1.8109916360232052e-12,0.0
7927.02414572732,0.0
4743.963095444071,0.0
5597.5338125953185,0.0
14514.625034892259,0.0
24253.743665409347,0.0
16370.872774175381,0.0
12542.3108322312,0.0
15490.714716477496,0.0
16214.101725789853,0.0
22404.60119455306,0.0
16843.423092139685,0.0
14270.442265801372,0.0
23025.383877990957,0.0
2563.641871980441,0.0
3364.3421234248117,0.0
10585.157276333679,0.0
15639.847388255364,0.0
18430.87304036546,0.0
21695.393398988646,0.0
17382.421016768632,0.0
13123.050430976864,0.0
12333.647211649779,0.0
11045.792764388068,0.0
22302.16422886779,0.0
16921.275186060488,0.0
21010.750858594027,0.0
17902.749347468543,0.0
20264.830495923903,0.0
18469.648823097836,0.0
19833.98689444564,0.0
18797.089960221307,0.0
19585.1316302318,0.0
18986.219961023824,0.0
19441.39282962189,0.0
19095.461449487364,0.0
19358.3692983896,0.0
19158.559333223908,0.0
19310.414906749833,0.0
19195.004670870123,0.0
12130.97596522503,0.0
12907.717255816247,0.0
15958.225414591207,0.0
17546.38593632503,0.0
19449.73311980448,0.0
19748.123597132577,0.0
15943.841092379862,0.0
5276.180112432006,0.0
8844.575064294195,0.0
1052.2385410909717,0.0
0.0,0.0
6421.047858895179,0.0
23615.964698744232,0.0
12082.386186553516,0.0
1191.7896799306927,0.0
0.0,0.0
0.0,0.0
0.0,0.0
0.0,0.0
0.0,0.0
0.0,0.0
0.0,0.0
0.0,0.0
0.0,0.0
2105.0615642188386,0.0
4271.782743339199,0.0
2.72898002942234,0.0
0.0,0.0
301.1859312654465,0.0
9187.53900519614,0.0
0.0,0.0
0.0,0.0
7529.883016863566,0.0
28148.20890718369,0.0
0.0,0.0
0.0,0.0
2505.696527109475,0.0
1865.408005232678,0.0
0.0,0.0
0.0,0.0
0.0,0.0
0.0,0.0
0.0,0.0
0.0,0.0
0.0,0.0
0.0,0.0
0.0,0.0
0.0,0.0
554.4386676561006,0.0
15359.544948307732,0.0
11251.759427461277,0.0
0.0,0.0
0.0,0.0
4435.278142063421,0.0
0.0,0.0
11710.16723863509,0.0
0.0,0.0
4882.039001082573,0.0
15870.046190245615,0.0
21971.817781788126,0.0
17194.918450257584,0.0
15162.179807527413,0.0
20420.028058438562,0.0
18351.698675586696,0.0
19923.62900655411,0.0
18728.96195501888,0.0
19636.908914185653,0.0
18946.869225218907,0.0
19471.299388833628,0.0
19072.732464486442,0.0
17198.43126797464,0.0
0.0,0.0
0.0,0.0
4269.713824184613,0.0
7694.28496771887,0.0
7118.504215242049,0.0
4788.435604463909,0.0
5308.263608208668,0.0
12289.664221160914,0.0
1759.2586033379528,0.0
0.0,0.0
15306.911511507096,0.0
19452.20846818032,0.0
13957.800639350826,0.0
19269.42785979527,0.0
20518.572083074687,0.0
16938.646257889948,0.0
20997.54884400364,0.0
17912.782878557242,0.0
20257.205012296494,0.0
18475.444190654667,0.0
19829.58241510245,0.0
18800.437364522135,0.0
19582.58760296318,0.0
8483.694321341467,0.0
10405.38353855429,0.0
18741.920221344044,0.0
22485.5249613959,0.0
16781.921029339115,0.0
15542.005250732167,0.0
18372.81242445312,0.0
17625.382363416793,0.0
19412.02419597465,0.0
19504.501592112458,0.0
19047.49878999453,0.0
4822.250754601407,0.0
0.0,0.0
0.0,0.0
14105.780558225633,0.0
3670.437712330695,0.0
12328.149116542543,0.0
8415.418082079797,0.0
4791.402954944951,0.0
0.0,0.0
0.0,0.0
0.0,0.0
845.7359848773632,0.0
13268.538877742027,0.0
4058.497242843313,0.0
5693.195855130085,0.0
17008.687122318806,0.0
25670.9113674433,0.0
14361.027360743086,0.0
12697.962036998215,0.0
16797.68709370137,0.0
17947.221091207488,0.0
20988.82158290138,0.0
17919.415596994953,0.0
15735.650291501215,0.0
21911.82577845907,0.0
17217.932408371107,0.0
20216.94208791016,0.0
18642.447840802954,0.0
19702.659640989757,0.0
18190.479958245283,0.0
20046.155231733577,0.0
18635.842023882484,0.0
15837.817653342974,0.0
22762.945561500856,0.0
16571.08137325935,0.0
21276.8981563229,0.0
17700.477401194603,0.0
14048.238339772039,0.0
0.0,0.0
112.80497389397883,0.0
5417.567740297119,0.0
9569.89887932406,0.0
5400.682593471372,0.0
0.0,0.0
3691.3847640102513,0.0
16032.256634471518,0.0
11870.745208694181,0.0
0.0,0.0
0.0,0.0
0.0,0.0
94.15013541368452,0.0
12669.102173396186,0.0
4626.565257046961,0.0
12118.391018851189,0.0
10358.806083730658,0.0
0.0,0.0
0.0,0.0
0.0,0.0
0.0,0.0
0.0,0.0
0.0,0.0
0.0,0.0
602.4531549684813,0.0
20343.599652458306,0.0
6037.268019841024,0.0
3043.2973937878546,0.0
67.34291785458345,0.0
0.0,0.0
0.0,0.0
3148.289056736621,0.0
0.0,0.0
0.0,0.0
0.0,0.0
0.0,0.0
5235.763812229886,0.0
19116.098327175358,0.0
0.0,0.0
0.0,0.0
2.9462829576334234e-12,0.0
0.0,0.0
0.0,0.0
0.0,0.0
0.0,0.0
0.0,0.0
0.0,0.0
0.0,0.0
0.0,0.0
0.0,0.0
8160.162001311133,0.0
0.0,0.0
0.0,0.0
0.0,0.0
0.0,0.0
14229.006697613959,0.0
8244.8647788236,0.0
0.0,0.0
5611.178776092124,0.0
15984.544267453795,0.0
11524.374878964669,0.0
15262.338914260406,0.0
16738.498293579058,0.0
15780.394621230764,0.0
14713.751948321446,0.0
15413.132226860553,0.0
20085.463334769018,0.0
19645.863679534592,0.0
6734.371988339451,0.0
0.0,0.0
16342.3728354025,0.0
0.0,0.0
0.0,0.0
0.0,0.0
0.0,0.0
0.0,0.0
0.0,0.0
0.0,0.0
0.0,0.0
27385.422297506277,0.0
10055.776328631768,0.0
0.0,0.0
0.0,0.0
0.0,0.0
0.0,0.0
5496.161467506847,0.0
6915.6750683996215,0.0
3081.1394020620605,0.0
0.0,0.0
0.0,0.0
0.0,0.0
424.87228861475876,0.0
0.0,0.0
0.0,0.0
8164.678120172112,0.0
17616.79572920634,0.0
20484.817552662367,0.0
12905.595217008791,0.0
4100.9088294729045,0.0
1384.206241789107,0.0
4023.911476180946,0.0
8890.175115092597,0.0
13008.554286009829,0.0
17590.980857646395,0.0
16625.962397262316,0.0
21235.188578080633,0.0
17732.176680658726,0.0
20394.46572269937,0.0
18371.12605074848,0.0
19908.864201431155,0.0
18740.18320691232,0.0
16351.896836896434,0.0
14391.472126406055,0.0
17154.430643000887,0.0
22671.99531652063,0.0
16640.203559444322,0.0
6915.899446259932,0.0
8421.14300930974,0.0
15193.000818132445,0.0
0.0,0.0
2938.9284839381503,0.0
11842.353038681413,0.0
19545.674098925832,0.0
21943.38796174268,0.0
13899.04230997093,0.0
9631.017187630878,0.0
7780.831972309829,0.0
9064.124743541684,0.0
13517.550871010764,0.0
23597.581338031818,0.0
15936.758183095824,0.0
21758.983780847175,0.0
17334.09232655615,0.0
20697.009831817322,0.0
18141.192527818843,0.0
20083.613678857677,0.0
18607.373604068165,0.0
19729.316060908193,0.0
18876.63979370977,0.0
19524.673756780572,0.0
19032.16794484677,0.0
19406.472361916458,0.0
19122.001004943486,0.0
19338.19923624295,0.0
19173.888580455357,0.0
19298.764678853924,0.0
17509.22281328,0.0
16504.767024195808,0.0
16827.331528596784,0.0
18353.942377777792,0.0
20897.627163393023,0.0
17988.723355821297,0.0
13412.207450567987,0.0
21747.84371596905,0.0
17342.558775863516,0.0
20690.575330343723,0.0
12381.036101455484,0.0
17846.18360095965,0.0
22227.5229010299,0.0
16978.00259521728,0.0
18242.872202551036,0.0
17829.690481627018,0.0
20595.06553102161,0.0
18278.114571849033,0.0
10613.555253357095,0.0
16228.70352427766,0.0
0.0,0.0
0.0,0.0
2256.4307242323316,0.0
0.0,0.0
13994.172179069914,0.0
11053.109684575787,0.0
11686.697809853133,0.0
0.0,0.0
0.0,0.0
302.74269335095204,0.0
3947.3249754391018,0.0
0.0,0.0
10516.5854545115,0.0
1504.3083618809217,0.0
2404.580964189296,0.0
11739.320971156822,0.0
14712.520677980603,0.0
9647.095496060756,0.0
5637.2427723659075,0.0
1445.7089606365994,0.0
0.0,0.0
1925.3888797957272,0.0
1440.169897710092,0.0
18362.014196637814,0.0
19915.78921055526,0.0
18734.920199978,0.0
19632.38064801672,0.0
18677.352363519993,0.0
17378.95506689577,0.0
15393.131135251446,0.0
11343.723053379814,0.0
8466.232154568057,0.0
13642.106292102799,0.0
27949.37819717204,0.0
12629.39257014925,0.0
11219.320205585236,0.0
1261.4708010656436,0.0
0.0,0.0
1219.5360312188143,0.0
4845.162364307338,0.0
21713.590018319668,0.0
14257.892811725613,0.0
893.3962097153141,0.0
0.0,0.0
4854.617351120289,0.0
11122.648082367537,0.0
16197.177135213527,0.0
21561.06537723772,0.0
17484.510313299335,0.0
0.0,0.0
0.0,0.0
5014.144483875423,0.0
10739.13498331394,0.0
8585.124689293069,0.0
4003.995769382035,0.0
0.0,0.0
5884.274124891159,0.0
8958.829817769381,0.0
0.0,0.0
4992.300170776789,0.0
27772.8458640137,0.0
0.0,0.0
0.0,0.0
0.0,0.0
0.0,0.0
0.0,0.0
6950.132869415558,0.0
0.0,0.0
12304.981309079334,0.0
16928.588718817406,0.0
6551.418794144643,0.0
0.0,0.0
18069.657104507645,0.0
20137.980600574185,0.0
15909.423406961198,0.0
19626.027023258266,0.0
19625.056912300315,0.0
17263.880833255833,0.0
20750.37056672556,0.0
18100.638369288572,0.0
20114.434839340684,0.0
18583.94952210108,0.0
19747.118363203175,0.0
18863.110043965575,0.0
19534.956366586157,0.0
19024.35316139452,0.0
19412.41159734016,0.0
19117.48718602148,0.0
19341.629738623673,0.0
19171.281398646002,0.0
19300.74613702904,0.0
19202.352935857933,0.0
17736.921318656125,0.0
20760.51030584339,0.0
18092.932167559025,0.0
17733.306005432245,0.0
20393.60743587149,0.0
16612.374466279456,0.0
0.0,0.0
6508.9994324154095,0.0
12006.411311471935,0.0
16616.144336221438,0.0
17499.24054873185,0.0
16180.882779243275,0.0
18921.152628930162,0.0
8985.375640509668,0.0
2646.561154516953,0.0
8846.77334487849,0.0
9860.03699768083,0.0
4731.021885103124,0.0
0.0,0.0
20683.171864702883,0.0
22002.708028240617,0.0
6746.2118421693085,0.0
0.0,0.0
2349.14894955429,0.0
9139.050055629805,0.0
16025.831407503425,0.0
18596.72647361085,0.0
19737.40788005575,0.0
18870.490011157628,0.0
19529.347591520196,0.0
19028.61583044465,0.0
19409.171968862065,0.0
19119.949303664835,0.0
19339.758529214727,0.0
19172.703517796803,0.0
19299.665326474427,0.0
19203.174351879432,0.0
19276.507492571625,0.0
19220.774305645562,0.0
19263.131527709367,0.0
19230.94003894088,0.0
19255.40557040492,0.0
19236.81176649225,0.0
19250.943057465884,0.0
19240.203276325923,0.0
19248.36550999229,0.0
19242.162212405852,0.0
19246.876718571555,0.0
19243.293693885615,0.0
19246.01679264693,0.0
19243.94723758833,0.0
19245.520099432862,0.0
19244.32472443102,0.0
19245.233209432423,0.0
19244.542760831362,0.0
19245.06750176816,0.0
19244.668698656194,0.0
19244.97178902129,0.0
19244.741440343823,0.0
19244.916505338697,0.0
19244.78345594259,0.0
19244.88457348363,0.0
19244.80772415244,0.0
19244.866129644142,0.0
19244.821741470445,0.0
19244.85547648246,0.0
19244.829837873327,0.0
19244.849323216265,0.0
19244.834514355633,0.0
19244.84576908972,0.0
17738.173203836323,0.0
16971.967708412052,0.0
17702.33165303074,0.0
21419.62374207636,0.0
14613.394689432149,0.0
21551.455166576165,0.0
17491.814073402114,0.0
20577.14130421439,0.0
15650.00794339827,0.0
12556.341032715385,0.0
10670.964210808435,0.0
10401.056357296562,0.0
12088.964050098411,0.0
16830.66084391989,0.0
24029.218448761705,0.0
12403.422907045393,0.0
0.0,0.0
1454.5262118821934,0.0
24229.56928728787,0.0
15456.447341661215,0.0
20693.23455824331,0.0
18425.09225010726,0.0
19882.815809085783,0.0
18759.979985094807,0.0
17511.542937778395,0.0
19536.97672086443,0.0
19237.990859794878,0.0
19250.04694655589,0.0
16009.084511310977,0.0
21704.01577140365,0.0
17375.868013733223,0.0
20665.26030956275,0.0
18165.32216473231,0.0
20065.27515480344,0.0
18621.310882349386,0.0
19718.723729414465,0.0
18884.689965644997,0.0
19518.555626109795,0.0
19036.81772415655,0.0
19402.938529641015,0.0
19124.686717472825,0.0
19336.158094720657,0.0
19175.4398480123,0.0
19297.585715510646,0.0
19204.754856211905,0.0
19275.30630927895,0.0
19221.687204947993,0.0
19262.437724239524,0.0
19231.467329577965,0.0
19255.004829520745,0.0
19237.116329564233,0.0
19250.711589531176,0.0
19240.379191956305,0.0
19248.231814113202,0.0
19242.263821273962,0.0
19246.799495831787,0.0
19243.352383167843,0.0
19245.972188792435,0.0
19243.98113651775,0.0
19245.49433624651,0.0
19244.344304452654,0.0
19245.21832861599,0.0
19244.554070251852,0.0
19245.05890660859,0.0
19244.675230977467,0.0
19244.96682445712,0.0
19244.745213412578,0.0
19244.913637806436,0.0
19244.785635267104,0.0
19244.882917197,0.0
19244.808982930273,0.0
19244.865172972986,0.0
19244.82246854052,0.0
19244.854923909195,0.0
18383.726470597154,0.0
20105.952791281805,0.0
18590.395878625834,0.0
19742.21913224436,0.0
18866.833459494286,0.0
19532.126570784345,0.0
19026.50380620389,0.0
19410.77710728504,0.0
19118.72939846337,0.0
19340.685657167836,0.0
19171.998900552437,0.0
19300.200835580144,0.0
19202.767364959087,0.0
19276.81680263109,0.0
19220.53923000037,0.0
19263.310185199716,0.0
19230.804259248212,0.0
11561.619470958016,0.0
0.0,0.0
3893.0897323287677,0.0
7330.193836833243,0.0
9891.640438504766,0.0
11310.397266294493,0.0
16482.308618866704,0.0
24682.818246773175,0.0
14052.985528080832,0.0
0.0,0.0
3887.98177798582,0.0
19472.2941561715,0.0
0.0,0.0
0.0,0.0
8874.224189950468,0.0
6742.878274097279,0.0
11976.02190795306,0.0
22620.790932603333,0.0
15675.262005489585,0.0
11381.352799755183,0.0
6862.6686195907305,0.0
0.0,0.0
16785.79926071802,0.0
21113.712561854303,0.0
17824.49845299073,0.0
20324.301175727047,0.0
18424.45110644745,0.0
17525.952327690226,0.0
15673.02659573397,0.0
14706.930427426536,0.0
16188.481976687046,0.0
23621.865388211285,0.0
15918.302304959421,0.0
4491.686764889773,0.0
15132.875765128669,0.0
22369.93441850221,0.0
16869.769841938327,0.0
11792.499233849574,0.0
11942.641120922759,0.0
14175.12640556291,0.0
18081.710413169156,0.0
22154.31950097205,0.0
17033.63717926124,0.0
16536.70179411724,0.0
15829.572774702834,0.0
12841.564532023429,0.0
24111.330955662186,0.0
15546.308473696736,0.0
22055.725559990475,0.0
17108.568574407236,0.0
20868.407883450494,0.0
18010.930008577627,0.0
20182.613193480996,0.0
18532.133972954438,0.0
19786.49818055462,0.0
18833.181382778486,0.0
19557.702149088345,0.0
19007.066366692856,0.0
19425.549561313426,0.0
19107.502333401793,0.0
19349.21822661463,0.0
19165.514147772876,0.0
19305.129247692614,0.0
19199.02177175361,0.0
19279.66345346725,0.0
19218.37577536489,0.0
19264.95441072268,0.0
19229.554647850764,0.0
19256.45846763342,0.0
19236.011564598597,0.0
19251.55121090507,0.0
19239.74107971215,0.0
19248.716779418763,0.0
19241.895247641736,0.0
19247.079611792273,0.0
19243.139495037867,0.0
19246.13398377122,0.0
19243.858172333872,0.0
19245.587789026256,0.0
19244.27328034004,0.0
19245.272306941562,0.0
19244.51304672441,0.0
19245.090084489442,0.0
19244.651535788023,0.0
19244.984832801103,0.0
19244.731527071155,0.0
19244.924039425918,0.0
19244.7777300363,0.0
19244.888925172407,0.0
19244.804416868967,0.0
19244.86864317958,0.0
19244.819831183515,0.0
19244.856928300524,0.0
19244.8287344916,0.0
19244.85016178638,0.0
19244.833877042347,0.0
19244.84625344781,0.0
19244.83684737966,0.0
19244.84399599145,0.0
19244.838563046498,0.0
19244.842692084658,0.0
19244.83955401566,0.0
19244.841938948095,0.0
17066.83099208377,0.0
21422.850638252094,0.0
17589.55351492841,0.0
20502.859328654402,0.0
18288.746910222653,0.0
18826.826438762513,0.0
9403.908972954956,0.0
18843.37168155,0.0
20934.692233361286,0.0
18226.369299713122,0.0
17163.9119916527,0.0
18416.064291559294,0.0
20587.27961180397,0.0
14328.873246317775,0.0
3406.4095226212066,0.0
7892.645905730528,0.0
1225.8704196130175,0.0
0.0,0.0
-6.343032791542171e-12,0.0
0.0,0.0
16125.494222729523,0.0
15611.655753222936,0.0
11574.03844817116,0.0
0.0,0.0
0.0,0.0
0.0,0.0
0.0,0.0
3485.3695948533727,0.0
22589.408552665438,0.0
0.0,0.0
0.0,0.0
5302.15570299427,0.0
10915.678081360655,0.0
13131.492891788726,0.0
13612.70516705486,0.0
0.0,0.0
0.0,0.0
0.0,0.0
0.0,0.0
4525.141248309217,0.0
17152.479742529362,0.0
0.0,0.0
0.0,0.0
4772.636425038264,0.0
0.0,0.0
0.0,0.0
0.0,0.0
6730.745485720908,0.0
14897.972542229429,0.0
0.0,0.0
5385.755656123739,0.0
0.0,0.0
0.0,0.0
0.0,0.0
0.0,0.0
13093.295971358757,0.0
7268.847163002089,0.0
14529.143761219018,0.0
0.0,0.0
0.0,0.0
2508.168045724465,0.0
5725.550306568783,0.0
0.0,0.0
0.0,0.0
0.0,0.0
0.0,0.0
0.0,0.0
12538.10532416738,0.0
10436.333224226913,0.0
9048.895447704763,0.0
4869.905919124461,0.0
5773.4928334917795,0.0
0.0,0.0
0.0,0.0
5.630835953441504e-14,0.0
0.0,0.0
7288.443150277248,0.0
0.0,0.0
0.0,0.0
0.0,0.0
0.0,0.0
11887.979469267206,0.0
12968.843618213154,0.0
7153.431123639594,0.0
5637.83226596804,0.0
3391.468137592271,0.0
0.0,0.0
19238.610872698573,0.0
19249.575736749084,0.0
19241.242440070695,0.0
19247.575745546266,0.0
19242.76243338483,0.0
19246.420550627525,0.0
19243.640381523077,0.0
19245.753310042455,0.0
19244.14748436773,0.0
19245.367911880523,0.0
19244.440386970793,0.0
19245.145305902195,0.0
19244.609567514326,0.0
19245.016728689112,0.0
19244.707286196273,0.0
19244.94246249083,0.0
19244.763728506965,0.0
15141.701521072611,0.0
14950.769420783392,0.0
14706.7294584313,0.0
16736.006522526808,0.0
23146.882555050448,0.0
16279.289258161654,0.0
9643.764178247755,0.0
20103.261240475586,0.0
18592.441457238558,0.0
0.0,0.0
0.0,0.0
0.0,0.0
0.0,0.0
9029.49852807318,0.0
10322.910650110116,0.0
8450.204559668302,0.0
10034.71345327915,0.0
5299.675883637171,0.0
0.0,0.0
6597.044210512681,0.0
25135.056955950982,0.0
0.0,0.0
0.0,0.0
5980.309128044519,0.0
14213.681513131642,0.0
9828.536279359738,0.0
4856.199848446956,0.0
2882.0374149992695,0.0
2810.9698328640397,0.0
2278.8595218501223,0.0
0.0,0.0
6492.318621992544,0.0
28936.757847285662,0.0
11878.984036062893,0.0
24842.892132592206,0.0
14990.32197922992,0.0
22478.27529578526,0.0
16787.4307752032,0.0
21112.47261084556,0.0
17825.440815757374,0.0
20323.584980024396,0.0
18424.99541518146,0.0
19867.92348446209,0.0
18771.29815180881,0.0
19604.7334046253,0.0
18971.322612484768,0.0
19452.71481451157,0.0
19086.85674097121,0.0
19364.908876861875,0.0
19153.58925358497,0.0
19314.192167275418,0.0
19192.13395287068,0.0
19284.898195818285,0.0
19214.3973711781,0.0
15022.596641157572,0.0
22453.74655272024,0.0
16806.072619932616,0.0
0.0,0.0
0.0,0.0
0.0,0.0
0.0,0.0
9338.934470903154,0.0
15385.313861542616,0.0
0.0,0.0
18490.954824544056,0.0
0.0,0.0
0.0,0.0
295.06650909506897,0.0
10177.733386737264,0.0
997.4529295176778,0.0
1852.199267218572,0.0
12839.403804623818,0.0
22277.90730892706,0.0
6836.49816621839,0.0
3858.5824114591405,0.0
4817.963048531987,0.0
3230.7897756934603,0.0
977.195342542238,0.0
0.0,0.0
16610.238912616864,0.0
21247.13842641118,0.0
0.0,0.0
0.0,0.0
0.0,0.0
2752.190330399672,0.0
7709.610247848189,0.0
7657.8122543721975,0.0
8952.612639660565,0.0
12148.352681703109,0.0
3848.988384104793,0.0
0.0,0.0
9065.632398320415,0.0
18723.488588854725,0.0
4672.607713306896,0.0
5219.899144655777,0.0
11611.339042630283,0.0
17973.57960428017,0.0
23364.3819880899,0.0
16113.989689051676,0.0
14253.779070009723,0.0
15461.919739012284,0.0
20426.93781385983,0.0
18346.447261466536,0.0
19927.620081285437,0.0
18725.92873822307,0.0
19639.214158950468,0.0
18945.11723919764,0.0
19472.63089820979,0.0
19071.720517360558,0.0
19376.412406805972,0.0
19144.84657082746,0.0
19320.836606171128,0.0
19187.084179309935,0.0
19288.736023724443,0.0
19211.480621969415,0.0
19270.194727303242,0.0
19225.57200724954,0.0
19259.485274490347,0.0
19233.71119138733,0.0
19253.299494545627,0.0
19238.412384145315,0.0
19249.726588049554,0.0
19241.127793082334,0.0
19247.662877257422,0.0
19242.696213284355,0.0
19246.470877903885,0.0
19243.602132793054,0.0
19245.782379077278,0.0
19244.125391901263,0.0
19245.384702155043,0.0
19244.42762636216,0.0
19245.15500396475,0.0
19244.602196986787,0.0
19245.02233029004,0.0
19244.703028979566,0.0
19244.945697975523,0.0
19244.761269538605,0.0
19244.901435150663,0.0
19244.794909285494,0.0
19244.875868943018,0.0
19244.814339603305,0.0
19244.861101901482,0.0
19244.825562554874,0.0
19244.852572458287,0.0
19244.8320449317,0.0
19244.84764585191,0.0
19244.83578915254,0.0
19244.844800244067,0.0
19244.837951814505,0.0
19244.843156620973,0.0
19244.839200968057,0.0
19244.84220726427,0.0
19244.839922479154,0.0
19244.841658915844,0.0
13895.976723913118,0.0
16098.231990241762,0.0
19616.432073501903,0.0
19936.530454392112,0.0
17643.14407919122,0.0
19026.693714457208,0.0
19817.115941365428,0.0
13037.037130750847,0.0
3865.114127316647,0.0
12761.572864178737,0.0
24172.124623224157,0.0
11468.382899378552,0.0
4275.265865684791,0.0
8811.579365959353,0.0
14424.519255783332,0.0
19188.052727136037,0.0
21289.220187275994,0.0
17691.112657670245,0.0
13004.860057681117,0.0
9315.822710715365,0.0
5956.0384565653,0.0
17411.179720582048,0.0
20638.42341235764,0.0
313.94689410351623,0.0
0.0,0.0
0.0,0.0
9634.311129380001,0.0
11679.277490988914,0.0
11218.181303077798,0.0
1285.0493195747515,0.0
9494.369181102158,0.0
0.0,0.0
0.0,0.0
14429.367089372972,0.0
22904.60101207654,0.0
16463.423230821834,0.0
0.0,0.0
0.0,0.0
1606.9106252577421,0.0
3717.181449176842,0.0
2719.472132066462,0.0
6908.844278884923,0.0
13869.922837415299,0.0
14407.871653846276,0.0
0.0,0.0
6132.800710056049,0.0
20224.179839792378,0.0
0.0,0.0
0.0,0.0
3885.2862540841857,0.0
4903.6327885547325,0.0
2486.5023923599147,0.0
15451.573934832839,0.0
6424.484565959479,0.0
10705.244480875113,0.0
9270.135147393887,0.0
0.0,0.0
13658.295918222797,0.0
23490.61510215067,0.0
16018.052522365491,0.0
21697.200083002226,0.0
16312.569179303782,0.0
16595.450223107582,0.0
18205.475094350386,0.0
20382.383318736698,0.0
18543.703305116713,0.0
14902.266841093005,0.0
11331.159081630378,0.0
11199.17226304142,0.0
25359.54908008852,0.0
14597.662699132718,0.0
22776.69634865913,0.0
16560.63077501906,0.0
14677.708494116518,0.0
13476.324037974786,0.0
13222.5119857966,0.0
14054.275929859896,0.0
17136.585088078507,0.0
23042.23947262655,0.0
16358.818000803823,0.0
8713.564630995881,0.0
12748.069950573661,0.0
16785.154112111966,0.0
0.0,0.0
0.0,0.0
0.0,0.0
10406.028150550188,0.0
7958.245569533394,0.0
7460.062673871938,0.0
3803.3878423314527,0.0
7065.828333161005,0.0
6589.191397855468,0.0
0.0,0.0
18142.416197661554,0.0
20082.683689777215,0.0
18608.080395769313,0.0
7177.92893254244,0.0
4024.990186516457,0.0
5717.703723016887,0.0
6871.867465290485,0.0
11619.859206162064,0.0
21837.352126707363,0.0
19442.204437215056,0.0
7125.146722661189,0.0
0.0,0.0
10181.12693464273,0.0
26133.263529671523,0.0
14009.639717449634,0.0
19608.962891549127,0.0
12779.216011252007,0.0
15730.206548063765,0.0
18038.72077172545,0.0
21675.060212173135,0.0
17397.874238748413,0.0
12087.333473450095,0.0
7812.067978491217,0.0
9296.789839407807,0.0
26805.35972205006,0.0
13498.84661124195,0.0
12963.459310534286,0.0
0.0,0.0
219.4315874487068,0.0
0.0,0.0
0.0,0.0
4329.126966898356,0.0
7377.710471158803,0.0
14905.393580062373,0.0
16698.95740600409,0.0
0.0,0.0
3957.062627422788,0.0
18073.35566277352,0.0
0.0,0.0
0.0,0.0
0.0,0.0
6035.396585597804,0.0
6994.34416794888,0.0
7618.768159814835,0.0
10286.633398514392,0.0
12224.584262630515,0.0
-1.1261671906883009e-13,0.0
0.0,0.0
11674.86352832627,0.0
24998.02371847203,0.0
14872.421973961253,0.0
22060.408796902055,0.0
17226.80223504742,0.0
20299.480148739553,0.0
18558.291923587796,0.0
16552.308697098568,0.0
17088.456232998324,0.0
22077.487684451036,0.0
17092.02935981721,0.0
14097.366380068912,0.0
23156.921551147625,0.0
16271.659621127807,0.0
21504.458687942868,0.0
13623.94365254558,0.0
19682.20313421909,0.0
20057.576997646578,0.0
18424.91035921083,0.0
19867.988126999764,0.0
18771.24902348018,0.0
18902.58798743529,0.0
19673.476990681924,0.0
17441.003165887785,0.0
20615.75759392528,0.0
18202.94422861679,0.0
20036.682386251243,0.0
15100.634083301045,0.0
15736.568480868738,0.0
17258.069336651428,0.0
18612.422185621923,0.0
18865.09643642148,0.0
19952.572569319265,0.0
18706.964847317362,0.0
13660.99387259069,0.0
6457.116995565487,0.0
18172.567035524906,0.0
20059.769053001066,0.0
18625.49551971919,0.0
6627.419312105618,0.0
2494.0876207507695,0.0
2435.1022813721693,0.0
6685.236591394408,0.0
12630.054311884693,0.0
22983.400358605813,0.0
18115.35298867473,0.0
7312.180482221227,0.0
0.0,0.0
8806.475161712853,0.0
26115.957301444272,0.0
14022.792450902349,0.0
5254.998660947004,0.0
7540.5357014850115,0.0
11605.883237092426,0.0
14022.277560688599,0.0
17074.617273716223,0.0
23319.859136033465,0.0
16147.827056614571,0.0
6977.447935813026,0.0
2909.3300355192446,0.0
19706.13032200404,0.0
18894.260955276928,0.0
0.0,0.0
0.0,0.0
0.0,0.0
0.0,0.0
16940.1567914631,0.0
0.0,0.0
10902.45130027887,0.0
15281.182532679817,0.0
1.6983749169543734e-12,0.0
0.0,0.0
17335.32888711386,0.0
20696.070045793465,0.0
18141.906765196967,0.0
10344.529798112444,0.0
12526.332941725868,0.0
16226.46073730498,0.0
16037.751746281861,0.0
17254.745740331848,0.0
22301.569376142652,0.0
16921.727274131586,0.0
9053.422129410998,0.0
99.7388988355996,0.0
13182.713013375105,0.0
23852.058109834914,0.0
0.0,0.0
0.0,0.0
544.801184587929,0.0
5278.382633172379,0.0
6086.665092439965,0.0
7897.707443991781,0.0
9900.888597699473,0.0
13198.313144292335,0.0
-1.5406482272665771e-27,0.0
0.0,0.0
0.0,0.0
9362.145933574473,0.0
24509.8398219665,0.0
15243.441735305461,0.0
18909.61112148846,0.0
17949.48154624847,0.0
17630.45706501619,0.0
18108.387999788072,0.0
20858.08237526856,0.0
18018.777394795896,0.0
12677.46637355824,0.0
10292.311154655088,0.0
24939.88363554158,0.0
14916.608436988396,0.0
22534.297587888814,0.0
16744.853833204506,0.0
21144.83108676457,0.0
17800.848374058925,0.0
17608.854069056706,0.0
17527.730746620753,0.0
17540.33128905058,0.0
21470.8607422413,0.0
17553.06583589661,0.0
13416.855046363162,0.0
23674.110164764,0.0
15878.596274779364,0.0
9082.142345648388,0.0
0.0,0.0
474.77276007665336,0.0
1502.8326260603505,0.0
3279.7447283129345,0.0
5649.513515356665,0.0
8888.81130443666,0.0
11427.301533293694,0.0
9853.11373098268,0.0
1.810991636023205e-12,0.0
6191.309895619231,0.0
21468.119762354618,0.0
17555.148980610484,0.0
17854.717448722415,0.0
14250.280352862903,0.0
14616.029117352697,0.0
18273.332689446142,0.0
21638.42826765011,0.0
17425.714516585915,0.0
13294.572770528266,0.0
11336.386302162568,0.0
11514.477119392039,0.0
25119.917389262053,0.0
14779.78278416084,0.0
22638.285084037754,0.0
13959.2890893065,0.0
7398.95450426047,0.0
5345.298045935988,0.0
5194.808983871243,0.0
8367.81012334205,0.0
15875.302657245753,0.0
26269.313305271182,0.0
13023.797582650517,0.0
0.0,0.0
5276.376341548574,0.0
16245.63015586785,0.0
0.0,0.0
0.0,0.0
0.0,0.0
3726.4799380310296,0.0
8083.4219078902,0.0
3177.6935050251595,0.0
13293.118115683224,0.0
0.0,0.0
14985.069189797478,0.0
0.0,0.0
1846.2168691374973,0.0
17647.284996901817,0.0
979.0504512017683,0.0
0.0,0.0
0.0,0.0
5850.132548874054,0.0
5495.393506510309,0.0
5979.364990757504,0.0
0.0,0.0
12239.651327785428,0.0
13746.646050196328,0.0
0.0,0.0
9422.747248279939,0.0
26709.63209130724,0.0
13571.599610606492,0.0
23556.50429593906,0.0
15967.976735086313,0.0
21735.2576813344,0.0
16716.617143450825,0.0
16863.524472323847,0.0
19399.31852555492,0.0
19781.340010042648,0.0
14973.104429053383,0.0
14602.341293540076,0.0
22773.140616909543,0.0
16563.333131148753,0.0
21282.786820326943,0.0
0.0,0.0
0.0,0.0
3249.258209223093,0.0
4818.201014094189,0.0
2039.7577360637065,0.0
0.0,0.0
16053.906016337205,0.0
16858.107540435172,0.0
0.0,0.0
3449.9195916425047,0.0
17288.709285297726,0.0
7437.50098106431,0.0
0.0,0.0
0.0,0.0
5059.31561430956,0.0
8111.34325933674,0.0
8716.054376331946,0.0
3316.3039624205057,0.0
9788.993657049532,0.0
8319.177554675338,0.0
0.0,0.0
9406.744966204691,0.0
26721.79382568443,0.0
13562.356692479829,0.0
7889.868916918437,0.0
8345.092956078613,0.0
10823.325979943338,0.0
15634.452154732102,0.0
25675.518231672653,0.0
14357.526143928784,0.0
4622.6567827901035,0.0
1737.7369223754856,0.0
8020.281171783656,0.0
27775.50630944442,0.0
12761.535204822234,0.0
24172.1532443351,0.0
15500.083534305328,0.0
22090.85651392795,0.0
17081.86904941476,0.0
20888.69952244478,0.0
17995.50836294197,0.0
20194.333644164097,0.0
18523.226430435287,0.0
19793.26791286918,0.0
18828.036386219417,0.0
19561.61234647324,0.0
19004.094616680337,0.0
19427.808091322942,0.0
19105.785850594562,0.0
3167.1481746291483,0.0
2780.5750296929846,0.0
5165.955981769059,0.0
11440.041398483318,0.0
19671.280600640697,0.0
21783.524959743274,0.0
8856.79695139462,0.0
0.0,0.0
11329.476657806395,0.0
25260.517740067135,0.0
14672.926517548975,0.0
1426.8074471416364,0.0
5254.983229430376,0.0
12140.690226639626,0.0
16267.255142596696,0.0
19577.61335359104,0.0
20291.166616200688,0.0
16332.628759026065,0.0
9337.767798605968,0.0
5450.864182644087,0.0
25350.51261725377,0.0
14604.53041088713,0.0
22771.47688772578,0.0
0.0,0.0
0.0,0.0
0.0,0.0
8242.417494457559,0.0
13601.797084195507,0.0
16457.20264414642,0.0
3364.525532131107,0.0
1288.1188648323152,0.0
0.0,0.0
2628.0445930842498,0.0
18241.290122593466,0.0
0.0,0.0
0.0,0.0
0.0,0.0
7764.093618533849,0.0
14494.035417728835,0.0
0.0,0.0
0.0,0.0
259.766086525402,0.0
20634.479952805257,0.0
0.0,0.0
3364.8570785915517,0.0
25178.698397649754,0.0
14393.263875862842,0.0
0.0,0.0
14.363518453352746,0.0
56.19756943855191,0.0
12043.129289098075,0.0
12036.997203882587,0.0
8737.27221913358,0.0
5586.320223886132,0.0
4851.271918684687,0.0
0.0,0.0
19156.880969088492,0.0
19311.69046349275,0.0
19194.035247745513,0.0
17937.6096397447,0.0
4970.4748996194085,0.0
5640.0507584612,0.0
10097.821380854351,0.0
17758.522193736335,0.0
23911.7768847544,0.0
11581.422507712718,0.0
2715.310894855554,0.0
5214.280848238441,0.0
29908.06655533878,0.0
11140.789417942524,0.0
25403.920042363683,0.0
14563.9407678036,0.0
22802.32501646926,0.0
16541.152987483358,0.0
21299.64372951264,0.0
17683.19076557039,0.0
20431.6950181665,0.0
18342.831786193463,0.0
19930.367842492968,0.0
18723.840439705342,0.0
19640.80126582394,0.0
18943.911037973794,0.0
19473.54761113991,0.0
19071.023815533666,0.0
222.74590244980024,0.0
1799.1720550100006,0.0
6502.829715080047,0.0
13584.778536781381,0.0
22961.386562622225,0.0
17925.034928909172,0.0
5967.363205046596,0.0
0.0,0.0
10487.31277853525,0.0
25900.56228831321,0.0
14186.49266088196,0.0
11825.455130228731,0.0
13998.496920766867,0.0
13933.69170309495,0.0
14864.271561556507,0.0
17663.037868504667,0.0
22284.105095119314,0.0
16935.00012770932,0.0
11074.395868454796,0.0
4613.729033414203,0.0
13783.070493263749,0.0
23395.786425119546,0.0
16090.122316909145,0.0
10112.741702265594,0.0
14121.572107083854,0.0
12720.060409885951,0.0
13601.625006044562,0.0
17084.281397419378,0.0
23238.630883317273,0.0
16209.560528678876,0.0
8988.895354661632,0.0
1032.007654797565,0.0
9584.026540845765,0.0
22632.772563597046,0.0
16670.012851666248,0.0
10639.57744529378,0.0
9971.344968857802,0.0
11215.957017139268,0.0
16538.4724265371,0.0
24537.746476761273,0.0
15222.232677661432,0.0
10608.47058597032,0.0
9021.354182936419,0.0
7787.116862131002,0.0
27952.71118478044,0.0
12626.859499566863,0.0
24274.50678032918,0.0
15422.294846949822,0.0
22149.97591631813,0.0
17036.93830359822,0.0
20922.84688926535,0.0
17969.55636415834,0.0
20214.057163239657,0.0
18508.236555937863,0.0
19804.660217487224,0.0
18819.378234709704,0.0
19568.19254162062,0.0
18999.09366836832,0.0
19431.60881204008,0.0
19102.897302849546,0.0
15429.245531851762,0.0
12425.684824191952,0.0
14986.62579590118,0.0
18176.057549636764,0.0
21781.483987158186,0.0
17316.99216975978,0.0
14676.825966205386,0.0
17428.160609711766,0.0
20625.517936619057,0.0
18195.526368169518,0.0
20042.319960191166,0.0
11819.747837243716,0.0
11415.578180664386,0.0
12836.797988692182,0.0
15886.695093438733,0.0
18067.30419746322,0.0
21729.819691474688,0.0
17356.25703447924,0.0
11593.398920996617,0.0
4623.067909496329,0.0
13885.970752563546,0.0
23317.582228051702,0.0
16149.557506680709,0.0
19824.46379784612,0.0
19229.797712935324,0.0
19256.273738169155,0.0
18653.407400919303,0.0
18634.200930230192,0.0
19996.92444638708,0.0
18673.257420745824,0.0
13937.893247445818,0.0
7244.524752323994,0.0
19119.429379449466,0.0
19340.153671618405,0.0
19172.403209570006,0.0
19299.893560726792,0.0
17198.074138918706,0.0
14641.652507352266,0.0
16155.258752990683,0.0
18046.705168493252,0.0
21477.775707794655,0.0
17547.81046207606,0.0
12356.823961776165,0.0
7135.679916515664,0.0
18822.51677303464,0.0
19565.807252493672,0.0
19000.906488104807,0.0
10158.701056467033,0.0
3498.339927344509,0.0
0.0,0.0
2338.924709162707,0.0
7311.300132448437,0.0
15639.420491341296,0.0
19474.341953948508,0.0
13458.627883974157,0.0
0.0,0.0
6632.026855378512,0.0
20306.702609799187,0.0
0.0,0.0
0.0,0.0
0.0,0.0
4026.8008625221196,0.0
192.97173760339967,0.0
0.0,0.0
9887.020153589658,0.0
13271.638950836827,0.0
15683.943295717288,0.0
0.0,0.0
2862.2557823868956,0.0
16453.695111330497,0.0
1578.2878391454365,0.0
0.0,0.0
844.1731166951402,0.0
3254.630018879957,0.0
3544.5878323135184,0.0
10684.999099814231,0.0
9774.24797137659,0.0
8219.607762915984,0.0
7833.11573882334,0.0
0.0,0.0
6575.593772404851,0.0
19959.465861358156,0.0
5214.328812666791,0.0
1619.7501371020176,0.0
5491.849120959424,0.0
4724.731745930158,0.0
9145.48067298,0.0
15612.473954209476,0.0
25691.24358978017,0.0
14514.975122161846,0.0
5085.188041185768,0.0
0.0,0.0
11930.995668399557,0.0
19054.949489791175,0.0
0.0,0.0
0.0,0.0
0.0,0.0
5388.369234957158,0.0
5086.884377720825,0.0
0.0,0.0
0.0,0.0
0.0,0.0
0.0,0.0
0.0,0.0
0.0,0.0
0.0,0.0
0.0,0.0
1614.1171756531623,0.0
0.0,0.0
17416.340711828056,0.0
20066.354179655933,0.0
0.0,0.0
0.0,0.0
209.7194691718049,0.0
3438.377335083902,0.0
0.0,0.0
0.0,0.0
0.0,0.0
0.0,0.0
0.0,0.0
0.0,0.0
8361.779889937132,0.0
0.0,0.0
0.0,0.0
0.0,0.0
0.0,0.0
0.0,0.0
0.0,0.0
0.0,0.0
0.0,0.0
0.0,0.0
2502.2069108499963,0.0
0.0,0.0
1215.3315634703415,0.0
4281.4321370273865,0.0
7085.862150152646,0.0
9070.402829256334,0.0
0.0,0.0
6152.896066530895,0.0
0.0,0.0
0.0,0.0
0.0,0.0
0.0,0.0
0.0,0.0
633.5734025144835,0.0
2105.3035357194326,0.0
5141.361934333941,0.0
6903.583723707952,0.0
11705.0108591329,0.0
0.0,0.0
16822.35496871491,0.0
0.0,0.0
819.2458396391187,0.0
9456.94530268952,0.0
5309.585704205341,0.0
3037.495976943013,0.0
2882.6075155149842,0.0
809.7918312819045,0.0
6043.156653956235,0.0
15155.94172599267,0.0
8332.905365449318,0.0
9490.69788049507,0.0
9700.03344245452,0.0
0.0,0.0
6919.889237011419,0.0
4152.244081052758,0.0
0.0,0.0
0.0,0.0
0.0,0.0
1046.174408311523,0.0
0.0,0.0
0.0,0.0
0.0,0.0
0.0,0.0
13734.057701053041,0.0
0.0,0.0
0.0,0.0
0.0,0.0
0.0,0.0
0.0,0.0
298.56134019262254,0.0
2382.110728391958,0.0
3130.272459844483,0.0
1994.6203534358717,0.0
1443.1489688090319,0.0
4391.472915776562,0.0
5483.828473897924,0.0
0.0,0.0
0.0,0.0
0.0,0.0
0.0,0.0
0.0,0.0
3999.65517413513,0.0
5053.77067434635,0.0
2257.9309752377185,0.0
0.0,0.0
0.0,0.0
1983.2151990904856,0.0
1119.9283160541556,0.0
0.0,0.0
0.0,0.0
0.0,0.0
0.0,0.0
0.0,0.0
0.0,0.0
0.0,0.0
0.0,0.0
0.0,0.0
0.0,0.0
0.0,0.0
13430.54285988839,0.0
0.0,0.0
0.0,0.0
0.0,0.0
0.0,0.0
1633.6270263036624,0.0
0.0,0.0
1467.2638799963368,0.0
4379.601508784997,0.0
4763.291487639548,0.0
653.652575650674,0.0
9843.74015849483,0.0
2.2523343813766298e-13,0.0
0.0,0.0
8602.81320882476,0.0
13171.279923869452,0.0
606.4204682533598,0.0
40.80267849352469,0.0
0.0,0.0
0.0,0.0
0.0,0.0
0.0,0.0
14912.963694451175,0.0
7179.701323616775,0.0
21218.523406055672,0.0
-2.2523343813766122e-13,0.0
0.0,0.0
0.0,0.0
0.0,0.0
0.0,0.0
14910.919438125675,0.0
0.0,0.0
0.0,0.0
0.0,0.0
11847.102172107072,0.0
0.0,0.0
0.0,0.0
0.0,0.0
0.0,0.0
0.0,0.0
0.0,0.0
0.0,0.0
0.0,0.0
0.0,0.0
5857.359017135674,0.0
9872.030268353928,0.0
12701.4652789902,0.0
7806.186417160105,0.0
6684.674396331486,0.0
0.0,0.0
6572.072537116273,0.0
2937.461769170111,0.0
0.0,0.0
0.0,0.0
0.0,0.0
7448.707913062241,0.0
0.0,0.0
0.0,0.0
0.0,0.0
0.0,0.0
18176.08936608572,0.0
179.74026610543044,0.0
0.0,0.0
0.0,0.0
0.0,0.0
0.0,0.0
0.0,0.0
1562.6190389660844,0.0
0.0,0.0
0.0,0.0
0.0,0.0
0.0,0.0
17689.497244754373,0.0
99.70087354522452,0.0
0.0,0.0
0.0,0.0
0.0,0.0
7481.902394987016,0.0
9.430911191010892,0.0
21144.182095096046,0.0
85.48912763030123,0.0
0.0,0.0
0.0,0.0
14512.966208426322,0.0
0.0,0.0
0.0,0.0
0.0,0.0
11188.300920063912,0.0
624.7429449985673,0.0
0.0,0.0
13156.631832251807,0.0
16698.17113345347,0.0
12695.836994098525,0.0
0.0,0.0
0.0,0.0
0.0,0.0
760.5484643198226,0.0
0.0,0.0
18836.98398252804,0.0
19554.812173278686,0.0
19009.262748308196,0.0
19423.880311285764,0.0
19108.770963422816,0.0
19348.25406779866,0.0
19166.246908473015,0.0
19304.5723495605,0.0
19199.44501433402,0.0
19279.341789106144,0.0
19218.620240279328,0.0
19264.76861738771,0.0
19229.695850785338,0.0
19256.35115340314,0.0
19236.09312341361,0.0
19251.48922620565,0.0
11439.964845163928,0.0
8920.50696441975,0.0
12116.28231948084,0.0
16901.655568408474,0.0
24001.4397894849,0.0
15629.825759991481,0.0
8191.943360829958,0.0
8037.877920474314,0.0
26253.577674267548,0.0
13918.200967556664,0.0
23293.08726465693,0.0
12411.966337154197,0.0
7305.8150969874405,0.0
6718.627113463581,0.0
10124.273673968986,0.0
16279.445850863558,0.0
25305.947114709215,0.0
14638.400192820991,0.0
6089.994959764244,0.0
2770.439650064318,0.0
14445.160863703883,0.0
22892.597743585044,0.0
0.0,0.0
0.0,0.0
0.0,0.0
5934.81971241016,0.0
10574.609006930468,0.0
10751.3727402802,0.0
11676.188680689953,0.0
3140.588690832083,0.0
0.0,0.0
871.1806020339554,0.0
0.0,0.0
8679.572755275261,0.0
9879.346547094972,0.0
301.6979317317052,0.0
283.75402961423475,0.0
0.0,0.0
4914.400815409832,0.0
6705.779061991259,0.0
7717.108603293786,0.0
11387.123884406517,0.0
10425.42045599322,0.0
0.0,0.0
0.0,0.0
0.0,0.0
0.0,0.0
0.0,0.0
0.0,0.0
4109.847178607093,0.0
8281.144491000896,0.0
3928.2249885052183,0.0
14653.477978647132,0.0
0.0,0.0
12338.493787363277,0.0
0.0,0.0
5994.0437026887885,0.0
20072.855823549744,0.0
0.0,0.0
0.0,0.0
0.0,0.0
0.0,0.0
0.0,0.0
0.0,0.0
7989.682519042876,0.0
18804.34951656447,0.0
16285.45913196063,0.0
0.0,0.0
3258.5004096197067,0.0
17919.888984464484,0.0
15878.488015095625,0.0
2571.5522760592776,0.0
923.8644367514029,0.0
2972.212088703287,0.0
7506.405273430308,0.0
14086.406924865983,0.0
23126.96004644722,0.0
17576.583061247144,0.0
5952.261709647419,0.0
0.0,0.0
9794.611585079649,0.0
26427.015195339467,0.0
11316.219318520132,0.0
6753.2815201914345,0.0
8178.253410283929,0.0
12385.455616816154,0.0
16851.41085283683,0.0
24116.601095528556,0.0
15542.303167398299,0.0
8768.795475628593,0.0
3780.13435956523,0.0
9797.695399148251,0.0
26424.671496647334,0.0
13788.169662548025,0.0
23391.911056463498,0.0
16093.067597087744,0.0
20261.201706072523,0.0
18803.363564218682,0.0
19580.3636911938,0.0
18989.843594692717,0.0
19438.63886803354,0.0
19097.554460294505,0.0
19356.778610176178,0.0
19159.768256266103,0.0
19309.496125237758,0.0
19195.7029448193,0.0
19282.185761937326,0.0
19216.45882092763,0.0
19266.411296094997,0.0
19228.447414967806,0.0
19257.29996462446,0.0
19235.372026885405,0.0
17946.789330295593,0.0
20544.619612000508,0.0
18257.00909487961,0.0
16837.93726946031,0.0
21074.087675210154,0.0
17854.613366840284,0.0
20301.413841201378,0.0
13958.027707435296,0.0
17947.869904482282,0.0
16639.534472946652,0.0
16770.312437019104,0.0
18776.587554413978,0.0
20491.87705725561,0.0
18297.09343648574,0.0
14215.538560034185,0.0
8193.091602604709,0.0
18443.709041354643,0.0
16409.036562646463,0.0
0.0,0.0
0.0,0.0
0.0,0.0
0.0,0.0
5660.931836282107,0.0
5818.754218070971,0.0
10141.800258428853,0.0
7241.967607423617,0.0
14447.734503918071,0.0
0.0,0.0
5063.513799429115,0.0
19357.63971729174,0.0
18445.72442000964,0.0
6230.085960026337,0.0
3308.063687656559,0.0
9125.98291067417,0.0
17592.10835910194,0.0
24426.5567345314,0.0
15306.736881756142,0.0
8285.039652525595,0.0
2533.917013491143,0.0
2607.645190852259,0.0
18178.113961015322,0.0
20055.55338962835,0.0
18628.699423882455,0.0
19713.10843784933,0.0
18888.95758723451,0.0
19515.31223370177,0.0
19039.28270238666,0.0
18904.291311252684,0.0
19366.051207079858,0.0
19214.361030639826,0.0
17472.771691777143,0.0
20591.61351424937,0.0
18221.29372917048,0.0
20022.736765830432,0.0
18653.64005796887,0.0
19694.153555943652,0.0
18903.36329748282,0.0
19504.363893913043,0.0
19047.60344062608,0.0
19394.741385124176,0.0
19130.916547305624,0.0
19331.423424047724,0.0
19179.038197723727,0.0
19294.850969729967,0.0
19206.83326300523,0.0
19273.726720116025,0.0
19222.88769271182,0.0
19261.52535353901,0.0
19232.160731310345,0.0
19254.477844204135,0.0
19237.516838404852,0.0
19250.40720281231,0.0
19240.61052586264,0.0
19248.05600034439,0.0
19242.397439738263,0.0
19246.69794579892,0.0
19243.429561192817,0.0
19245.91353349346,0.0
16666.793726752716,0.0
4180.2921412935175,0.0
2127.7071428342106,0.0
189.95972661371786,0.0
289.77349156199614,0.0
1050.119788024346,0.0
2599.466701672515,0.0
7933.844297576912,0.0
20431.230223369184,0.0
18209.156059961893,0.0
15317.448515145516,0.0
5731.143560419362,0.0
0.0,0.0
936.297236236948,0.0
0.0,0.0
14424.79916246526,0.0
8310.595089809218,0.0
0.0,0.0
0.0,0.0
165.1985926948043,0.0
18074.312083784404,0.0
0.0,0.0
376.69209088172204,0.0
12779.387068253865,0.0
8875.900197817096,0.0
83.67342710625118,0.0
442.3521844646426,0.0
2107.256941686398,0.0
4732.2349815198095,0.0
7292.224146068395,0.0
9559.0425269902,0.0
11972.527518167679,0.0
7647.902309691139,0.0
0.0,0.0
4286.580885835815,0.0
16755.460499607787,0.0
17853.76984389217,0.0
0.0,0.0
0.0,0.0
0.0,0.0
5297.954486078074,0.0
8320.992501186187,0.0
4609.0726699695215,0.0
13397.235085079563,0.0
11589.46861543907,0.0
0.0,0.0
8620.108089586281,0.0
27319.637851914424,0.0
13107.995232545034,0.0
274.59070240205585,0.0
0.0,0.0
2285.301926830573,0.0
7704.310374911559,0.0
9642.999854448493,0.0
12704.513845943813,0.0
7752.117784246365,0.0
408.5671256415804,0.0
0.0,0.0
0.0,0.0
0.0,0.0
0.0,0.0
0.0,0.0
0.0,0.0
7489.7041329223575,0.0
15220.759020387713,0.0
0.0,0.0
18883.501649543898,0.0
-2.2523343813766223e-13,0.0
0.0,0.0
0.0,0.0
5911.367916800742,0.0
24340.963002686163,0.0
0.0,0.0
0.0,0.0
0.0,0.0
0.0,0.0
0.0,0.0
2485.2297541445964,0.0
13791.462089501725,0.0
14507.592064792309,0.0
12101.07188715578,0.0
-1.126167190688302e-13,0.0
2753.489936497047,0.0
13821.309876779329,0.0
154.56054756408614,0.0
0.0,0.0
0.0,0.0
0.0,0.0
0.0,0.0
2903.9267562533096,0.0
10659.856032545742,0.0
13877.279670526472,0.0
15870.125964798093,0.0
0.0,0.0
783.2558384952612,0.0
10462.52863620985,0.0
25.481027489417677,0.0
209.04030182545998,0.0
7033.459201610158,0.0
5563.005868891174,0.0
195.42292992321524,0.0
0.0,0.0
0.0,0.0
14906.74133836788,0.0
15612.559085331191,0.0
-3.171516395771085e-12,0.0
260.96135595294334,0.0
7216.953342706411,0.0
0.0,0.0
0.0,0.0
0.0,0.0
6495.140016276306,0.0
8123.281282852207,0.0
9317.500258085181,0.0
0.0,0.0
11650.80383286202,0.0
0.0,0.0
0.0,0.0
0.0,0.0
0.0,0.0
0.0,0.0
0.0,0.0
0.0,0.0
0.0,0.0
0.0,0.0
0.0,0.0
0.0,0.0
6588.380706932181,0.0
18667.968427276082,0.0
7972.759433454597,0.0
0.0,0.0
0.0,0.0
0.0,0.0
0.0,0.0
0.0,0.0
8093.982314630332,0.0
13005.223539754154,0.0
10514.466562949754,0.0
11697.516006789376,0.0
0.0,0.0
0.0,0.0
0.0,0.0
0.0,0.0
13073.89649595835,0.0
3765.8760080033285,0.0
0.0,0.0
753.6770135736928,0.0
0.0,0.0
11278.474492518613,0.0
4758.298900456734,0.0
13170.479396174134,0.0
14103.935634974136,0.0
-1.1261671906883065e-13,0.0
0.0,0.0
2295.0938629338525,0.0
19170.546489356457,0.0
0.0,0.0
0.0,0.0
351.95535452626206,0.0
6334.3835264336185,0.0
5916.727917521263,0.0
18948.97248257073,0.0
7246.218596996208,0.0
7940.367465216665,0.0
5662.301749823267,0.0
0.0,0.0
9870.639785271309,0.0
26369.233763193806,0.0
13830.302339972706,0.0
23359.890221620743,0.0
11666.359873208012,0.0
12956.445626569173,0.0
15148.84776955136,0.0
17991.045389832747,0.0
21938.27518498643,0.0
17197.830859410315,0.0
12491.703121563763,0.0
7631.452687307282,0.0
21801.390034458873,0.0
17301.86357381126,0.0
20721.50368390344,0.0
2957.305608581334,0.0
2599.821210733741,0.0
5085.123676436942,0.0
10720.947943334615,0.0
17308.20381379485,0.0
24326.057297803804,0.0
15383.116453669114,0.0
8335.35055878486,0.0
1455.3517735910766,0.0
5841.771164422869,0.0
14984.615546202014,0.0
177.77296207415893,0.0
0.0,0.0
0.0,0.0
0.0,0.0
0.0,0.0
7608.915801203468,0.0
10222.959305368375,0.0
10395.878348902554,0.0
15083.434968649224,0.0
0.0,0.0
0.0,0.0
6456.3524428140745,0.0
0.0,0.0
0.0,0.0
9142.649796218444,0.0
10186.51265544421,0.0
11214.229118633155,0.0
11482.632548199197,0.0
1.4731414788167095e-12,0.0
0.0,0.0
0.0,0.0
0.0,0.0
2201.290127837643,0.0
10915.514905093452,0.0
0.0,0.0
0.0,0.0
0.0,0.0
11602.692705238493,0.0
6054.932563295469,0.0
3154.3418133167406,0.0
0.0,0.0
11727.36990744716,0.0
10771.851434825758,0.0
0.0,0.0
4013.893915166692,0.0
27717.988337329163,0.0
5202.957610988916,0.0
0.0,0.0
0.0,0.0
7163.220674692455,0.0
7360.865324781522,0.0
9655.00544878348,0.0
10435.360509111026,0.0
0.0,0.0
8696.736466755141,0.0
1.1261671906883114e-13,0.0
11302.557008807455,0.0
25280.976673306337,0.0
14657.37772828718,0.0
14660.29105627618,0.0
5830.835194382517,0.0
1872.577117891193,0.0
2777.7835984019566,0.0
10464.149047420056,0.0
20994.083394460893,0.0
20840.442377714175,0.0
7690.96077397028,0.0
0.0,0.0
12700.91956549893,0.0
24218.221130220805,0.0
15465.071941032185,0.0
22117.465324815534,0.0
17061.646353140193,0.0
20904.06877161345,0.0
17983.82773357378,0.0
20203.21092248392,0.0
18516.479698912226,0.0
19798.39542882671,0.0
18824.139474091702,0.0
19564.573999690307,0.0
19001.843760235366,0.0
19429.518742221127,0.0
19104.485755911945,0.0
19351.510825506917,0.0
1188.0552507475454,0.0
0.0,0.0
1590.0422788950927,0.0
5253.6344039458,0.0
11680.767065610906,0.0
22790.72295631171,0.0
18642.502225571392,0.0
6402.639154042227,0.0
9540.326293170749,0.0
1325.2163825429964,0.0
0.0,0.0
0.0,0.0
0.0,0.0
12847.414595951283,0.0
11879.20193796144,0.0
5418.243134963379,0.0
0.0,0.0
0.0,0.0
13149.747762107521,0.0
0.0,0.0
3332.11403848864,0.0
17668.25736628197,0.0
20443.0444016257,0.0
9917.602770922555,0.0
5959.657050031191,0.0
7756.796529050247,0.0
12785.980281273058,0.0
17747.706580200294,0.0
23167.687960085703,0.0
16263.477150334867,0.0
8268.707249455734,0.0
3291.305535075335,0.0
21501.112629434676,0.0
17530.074401629645,0.0
20548.063454761465,0.0
18254.391774381293,0.0
19997.58225147022,0.0
18672.757488882635,0.0
19679.62430844919,0.0
18914.40552557861,0.0
19495.97180056025,0.0
19053.981431574204,0.0
19389.894112003603,0.0
19134.600474877258,0.0
19328.623639093283,0.0
19181.1660342891,0.0
19293.233813940275,0.0
19208.062301405385,0.0
19272.792650931904,0.0
18470.100319707486,0.0
17696.101371419296,0.0
18298.645133237675,0.0
20607.065564225613,0.0
18209.550171188537,0.0
14447.833242317805,0.0
11807.12118860223,0.0
24897.507896662308,0.0
14948.81399853664,0.0
21493.42028765772,0.0
0.0,0.0
927.8594514252197,0.0
10319.295207521318,0.0
21856.938432749655,0.0
20091.112700949325,0.0
8459.489449095681,0.0
2089.888011795665,0.0
0.0,0.0
1395.2614915407376,0.0
17028.191585051158,0.0
2378.623056784579,0.0
0.0,0.0
792.0380103270589,0.0
0.0,0.0
6262.547044257119,0.0
0.0,0.0
0.0,0.0
7346.242224348619,0.0
12427.324269007513,0.0
17275.07488651037,0.0
0.0,0.0
26.650697053992502,0.0
8468.55949298971,0.0
0.0,0.0
0.0,0.0
164.51641648118942,0.0
1730.894355025215,0.0
13679.445882803315,0.0
0.0,0.0
4614.044082932402,0.0
0.0,0.0
0.0,0.0
0.0,0.0
0.0,0.0
0.0,0.0
0.0,0.0
0.0,0.0
89.97260728978054,0.0
0.0,0.0
0.0,0.0
0.0,0.0
0.0,0.0
414.0631470394162,0.0
11124.165248432888,0.0
7681.105916213048,0.0
0.0,0.0
0.0,0.0
0.0,0.0
0.0,0.0
76.73185004226792,0.0
17660.841209427228,0.0
4479.395007307792,0.0
0.0,0.0
0.0,0.0
1391.54979580544,0.0
3329.242991847757,0.0
0.0,0.0
0.0,0.0
0.0,0.0
0.0,0.0
0.0,0.0
0.0,0.0
5637.899228252361,0.0
2905.1126001803614,0.0
4594.714691975899,0.0
6184.346163500862,0.0
10163.162103910616,0.0
12821.585838455332,0.0
0.0,0.0
0.0,0.0
0.0,0.0
0.0,0.0
4028.984107192392,0.0
10041.5470196071,0.0
1148.7798303209,0.0
0.0,0.0
0.0,0.0
0.0,0.0
0.0,0.0
9154.01056751925,0.0
0.0,0.0
6727.442847761152,0.0
27044.46418884994,0.0
13317.12721647404,0.0
6802.585739150334,0.0
7631.1489855944565,0.0
10344.311133200572,0.0
14343.983382817345,0.0
17833.053190470404,0.0
22550.920254575252,0.0
16732.22060652281,0.0
11135.883885816196,0.0
8671.412524184763,0.0
18244.57871392078,0.0
20005.040177420207,0.0
0.0,0.0
0.0,0.0
2152.3671471250886,0.0
2182.5617372646343,0.0
7794.50233512436,0.0
12260.815991106248,0.0
19728.184716503536,0.0
21370.23071320655,0.0
9927.785510659001,0.0
-1.1261671906883094e-13,0.0
2187.5936459026234,0.0
6129.276512096876,0.0
0.0,0.0
0.0,0.0
4700.096394883335,0.0
7782.275391877177,0.0
6329.667420297542,0.0
4721.321295230744,0.0
7771.378547688093,0.0
11700.06558935176,0.0
1.5857581978855425e-12,0.0
0.0,0.0
0.0,0.0
10707.491377400564,0.0
474.0396856878184,0.0
0.0,0.0
0.0,0.0
3017.4272503454017,0.0
4810.520780314333,0.0
7063.335763412255,0.0
11181.009860497687,0.0
10457.03550404837,0.0
0.0,0.0
4398.088322368747,0.0
0.0,0.0
0.0,0.0
0.0,0.0
0.0,0.0
0.0,0.0
0.0,0.0
4997.412097142284,0.0
5723.643353642925,0.0
8599.479647551381,0.0
12602.862601166098,0.0
0.0,0.0
1033.9436695924708,0.0
0.0,0.0
0.0,0.0
0.0,0.0
0.0,0.0
0.0,0.0
7880.062216809615,0.0
9719.971036397787,0.0
0.0,0.0
0.0,0.0
11599.444557520357,0.0
12955.584182845258,0.0
0.0,0.0
380.31876819867017,0.0
13646.953639441615,0.0
193.15940788450484,0.0
0.0,0.0
514.2745377767316,0.0
0.0,0.0
0.0,0.0
11329.725094285488,0.0
11802.978695897407,0.0
11319.172483588794,0.0
8345.037612575203,0.0
0.0,0.0
5356.562998383714,0.0
29470.206008915873,0.0
11473.563433223937,0.0
1515.0897489676445,0.0
7579.072092644137,0.0
10945.18167756228,0.0
15059.497095622248,0.0
20367.51146155561,0.0
19829.506752723344,0.0
11881.487966181743,0.0
5443.440320145532,0.0
3039.9269599377762,0.0
11116.74921231408,0.0
25422.190598641297,0.0
11392.770813747928,0.0
3025.4487635980113,0.0
6900.625044242583,0.0
9665.14204046311,0.0
13623.543698854946,0.0
17455.830058478772,0.0
23164.567356240823,0.0
16265.848809256975,0.0
8584.719092570616,0.0
304.9287581301195,0.0
4694.387547177798,0.0
24870.031601346996,0.0
0.0,0.0
0.0,0.0
3114.392105951804,0.0
2024.8486618073428,0.0
2297.8535541471624,0.0
4306.1172218236625,0.0
20256.169844550597,0.0
9562.419103346423,0.0
11307.741499265481,0.0
202.96409541208845,0.0
0.0,0.0
5706.052383744982,0.0
0.0,0.0
615.3010675191123,0.0
7709.43849671456,0.0
4775.697818069129,0.0
5405.42073264571,0.0
5446.878765872756,0.0
0.0,0.0
8498.082458440389,0.0
9040.652292192814,0.0
0.0,0.0
527.4490961291539,0.0
18497.595557272656,0.0
0.0,0.0
0.0,0.0
4916.074834233516,0.0
12280.164466680379,0.0
19883.20197896174,0.0
21371.26396939889,0.0
4530.429292430978,0.0
3327.6324333237485,0.0
6554.706477582915,0.0
0.0,0.0
2940.880314353742,0.0
3175.5576189816356,0.0
0.0,0.0
0.0,0.0
12945.8122827397,0.0
11543.610436941564,0.0
6493.716580531259,0.0
1903.0823944855945,0.0
43.946254211316386,0.0
2535.5526151836502,0.0
7845.46786003054,0.0
0.0,0.0
1422.5779236704288,0.0
7267.664354352255,0.0
0.0,0.0
5649.167151640031,0.0
17777.323280763638,0.0
25163.757029678905,0.0
6455.303068630498,0.0
5986.268901228386,0.0
1727.7209514384438,0.0
1247.89679329492,0.0
1084.430567976059,0.0
4.9229450450325105,0.0
2015.0061069495268,0.0
6880.846117646467,0.0
0.0,0.0
0.0,0.0
0.0,0.0
6338.971599977215,0.0
0.0,0.0
0.0,0.0
4995.626585893076,0.0
9027.736200308667,0.0
10296.77120662605,0.0
4157.382178184743,0.0
0.0,0.0
0.0,0.0
0.0,0.0
0.0,0.0
0.0,0.0
10990.706589737183,0.0
4356.399880226149,0.0
14840.96286110954,0.0
12675.03290982511,0.0
0.0,0.0
0.0,0.0
0.0,0.0
5330.615867291344,0.0
24079.492975217094,0.0
0.0,0.0
0.0,0.0
10498.457208142554,0.0
12350.08398468246,0.0
10102.230037043428,0.0
9946.030677648454,0.0
0.0,0.0
0.0,0.0
0.0,0.0
0.0,0.0
0.0,0.0
10210.611204327954,0.0
717.5908928379085,0.0
20.51583751462156,0.0
13166.417583427577,0.0
10146.584461368662,0.0
6238.873306989476,0.0
3617.5562196244928,0.0
2558.7259293455586,0.0
7583.030923367851,0.0
1.5857581978855427e-12,0.0
0.0,0.0
13804.905174842619,0.0
23379.19206711961,0.0
0.0,0.0
0.0,0.0
6399.644417477075,0.0
17679.656584846132,0.0
18848.157277746563,0.0
-2.252334381376626e-13,0.0
0.0,0.0
0.0,0.0
0.0,0.0
0.0,0.0
0.0,0.0
14112.04226466563,0.0
20887.421163313968,0.0
11809.424042320697,0.0
26510.731908305945,0.0
13722.763749687476,0.0
9288.123173186123,0.0
15809.11507430705,0.0
21855.99254352664,0.0
17260.365666919755,0.0
20753.042093140986,0.0
18098.60800921285,0.0
20115.97791299823,0.0
18582.776786121343,0.0
19748.00964254777,0.0
18862.43267166369,0.0
19535.47116953559,0.0
19023.961911152943,0.0
19412.708947523755,0.0
19117.26119988194,0.0
19341.801488089724,0.0
19171.15086905181,0.0
19300.845339520623,0.0
19202.277541964326,0.0
19277.18906810711,0.0
19220.256308238597,0.0
19263.52520573866,0.0
8559.703177624355,0.0
14446.290384306618,0.0
16964.95612399845,0.0
18525.126686674637,0.0
20935.788221747585,0.0
17959.720951471834,0.0
15500.375467100312,0.0
13849.350017138517,0.0
13561.380283759994,0.0
23564.2709843424,0.0
15962.074051899779,0.0
0.0,0.0
0.0,0.0
0.0,0.0
8108.312006431828,0.0
9827.32107386119,0.0
0.0,0.0
0.0,0.0
6826.095828112368,0.0
0.0,0.0
0.0,0.0
0.0,0.0
0.0,0.0
0.0,0.0
0.0,0.0
0.0,0.0
6963.060597391591,0.0
7221.024594381454,0.0
0.0,0.0
0.0,0.0
0.0,0.0
1381.0400814271084,0.0
0.0,0.0
0.0,0.0
0.0,0.0
0.0,0.0
0.0,0.0
0.0,0.0
7888.310292816595,0.0
14314.920740524538,0.0
0.0,0.0
0.0,0.0
0.0,0.0
2560.063410188928,0.0
0.0,0.0
0.0,0.0
0.0,0.0
0.0,0.0
0.0,0.0
4233.9279258868955,0.0
20345.075845059757,0.0
1317.0266800180725,0.0
16028.133853071722,0.0
0.0,0.0
0.0,0.0
941.2391858379709,0.0
0.0,0.0
0.0,0.0
8380.146903289397,0.0
2902.9706874887893,0.0
35.4596604338431,0.0
14930.891900956296,0.0
11007.246930481891,0.0
1806.6231501826855,0.0
875.4890342579831,0.0
0.0,0.0
2058.574964234336,0.0
9415.621574390181,0.0
0.0,0.0
3713.421356031088,0.0
24181.753329689207,0.0
5598.596065312082,0.0
0.0,0.0
12186.310357273076,0.0
20327.91909436874,0.0
21140.51016851344,0.0
13501.128673039993,0.0
12349.895507559231,0.0
14627.623631456132,0.0
20706.13744429293,0.0
18134.25554233737,0.0
20088.885787823594,0.0
18603.36680125407,0.0
19732.361231046907,0.0
18874.325464404345,0.0
19526.432647052694,0.0
19030.831188239947,0.0
19407.488296937634,0.0
19121.228894327396,0.0
19047.45683985879,0.0
18303.782421632903,0.0
20238.682812722906,0.0
18489.521062330597,0.0
18808.2332164093,0.0
0.0,0.0
0.0,0.0
0.0,0.0
14463.593468557894,0.0
15716.120835861777,0.0
12947.8422702988,0.0
0.0,0.0
0.0,0.0
0.0,0.0
-1.1261671906882976e-13,0.0
0.0,0.0
0.0,0.0
13909.608573689591,0.0
23299.617483995906,0.0
16163.21071216311,0.0
21586.879858756038,0.0
17464.891307345417,0.0
20597.602606417484,0.0
18216.742019122717,0.0
20026.196065466727,0.0
17349.072096638192,0.0
20998.090541020672,0.0
17309.89213061656,0.0
20715.40198073141,0.0
18127.214494644126,0.0
20094.236984070463,0.0
3804.176138874981,0.0
11305.808742573145,0.0
12367.530070854318,0.0
14015.210821134617,0.0
17406.5162382496,0.0
22894.873485902644,0.0
16470.816150713992,0.0
9791.131777002143,0.0
945.9376974349823,0.0
5796.140304806256,0.0
28779.685468229898,0.0
11998.359044145278,0.0
24752.167126449585,0.0
15059.272983898316,0.0
22425.872532237274,0.0
16827.256875499672,0.0
21082.204774620248,0.0
17848.44437128861,0.0
20306.102277820653,0.0
18438.282268856303,0.0
19857.8254756692,0.0
18778.972638491403,0.0
19598.900794746532,0.0
0.0,0.0
0.0,0.0
2657.7762702789955,0.0
0.0,0.0
12959.413589939784,0.0
13511.72866871864,0.0
13964.025781871755,0.0
0.0,0.0
1.5857581978855425e-12,0.0
0.0,0.0
5282.446631250378,0.0
29856.26056024972,0.0
11180.161974210214,0.0
25373.996899600235,0.0
14586.682356303814,0.0
22785.0414092091,0.0
16554.288529001093,0.0
21289.660717959167,0.0
17690.777854351036,0.0
20425.92883069321,0.0
18347.21408867316,0.0
19927.037292608395,0.0
18726.371657617616,0.0
19638.877540210604,0.0
18945.373069439942,0.0
19472.436467225645,0.0
19071.86828490851,0.0
19376.30010346953,0.0
19144.931921363153,0.0
19320.771739763997,0.0
19187.133477779356,0.0
19288.698556887684,0.0
19211.509096765352,0.0
19270.173086458333,0.0
19225.58845429167,0.0
19259.472774738333,0.0
19233.720691198865,0.0
19253.292274688858,0.0
19238.417871236463,0.0
19249.722417860285,0.0
19241.13096242618,0.0
19247.660468556092,0.0
19242.698043897362,0.0
18971.68713403013,0.0
19518.385542762982,0.0
19036.946987500127,0.0
19402.8402894999,0.0
19124.761379980067,0.0
19336.10135121514,0.0
19175.48297307649,0.0
19297.552940461865,0.0
19204.779765248975,0.0
18976.431502674906,0.0
15242.937193385533,0.0
13347.94945215759,0.0
15155.200662561268,0.0
24984.056265021518,0.0
14883.037238583644,0.0
12028.923715947589,0.0
24306.019181059677,0.0
10464.67000315963,0.0
6318.995613453103,0.0
16839.709578298196,0.0
20233.704065031037,0.0
19686.353295307417,0.0
16821.293733174294,0.0
17340.04289135609,0.0
20692.487402569364,0.0
18144.629574047285,0.0
20081.001523724062,0.0
18609.358841969715,0.0
19727.807280103014,0.0
18877.786467121703,0.0
19523.802284987505,0.0
19032.830263409494,0.0
19405.96899980878,0.0
19122.38356014532,0.0
19337.90849428955,0.0
19174.10954433994,0.0
19298.596746301642,0.0
19203.986472810746,0.0
19275.890280663833,0.0
19221.24338669548,0.0
19262.775026111438,0.0
19231.210980155305,0.0
19255.19965508196,0.0
19236.96826213771,0.0
19250.824120775334,0.0
19240.293668210743,0.0
19248.296812159835,0.0
19242.214422758523,0.0
19246.83703870352,0.0
19243.323850585326,0.0
19245.993873555148,0.0
19243.964656098087,0.0
19245.50686136545,0.0
19244.33478536226,0.0
19245.22556312468,0.0
19244.54857202524,0.0
19245.063085260816,0.0
18067.27358490519,0.0
17079.594286693467,0.0
17430.134853914587,0.0
21647.031697279548,0.0
17419.175910067544,0.0
8546.670765801107,0.0
6278.1443603864245,0.0
16662.94043484192,0.0
0.0,0.0
6155.077646784917,0.0
23656.5873353556,0.0
19124.876741515392,0.0
8018.377605188318,0.0
6740.424921761978,0.0
10369.345999138453,0.0
15030.718686081585,0.0
20192.446775198412,0.0
18524.660450849206,0.0
19792.1780573546,0.0
18828.864676410503,0.0
19560.982845928014,0.0
19004.573037094706,0.0
19427.444491808015,0.0
19106.062186225903,0.0
19350.312738468314,0.0
19164.682318764077,0.0
19305.7614377393,0.0
19198.541307318126,0.0
19280.02860643822,0.0
19218.098259106948,0.0
19265.16532307872,0.0
19229.394354460168,0.0
6974.906398712936,0.0
5845.190066038004,0.0
12975.670513938696,0.0
17666.01124116157,0.0
18437.486524603024,0.0
19193.9728551211,0.0
19721.308772265995,0.0
18882.72533307784,0.0
14106.32550225597,0.0
8039.20471168191,0.0
5588.198271959258,0.0
29517.867365823597,0.0
11437.340801974065,0.0
25178.54099049971,0.0
14735.228847220218,0.0
12214.543248713282,0.0
3203.7753382947326,0.0
0.0,0.0
0.0,0.0
0.0,0.0
0.0,0.0
0.0,0.0
0.0,0.0
0.0,0.0
0.0,0.0
6412.430551764346,0.0
14537.226767047296,0.0
9210.977126531656,0.0
4602.737428110405,0.0
1381.9411165728004,0.0
0.0,0.0
0.0,0.0
3356.0011592391756,0.0
816.0937170034567,0.0
0.0,0.0
0.0,0.0
0.0,0.0
0.0,0.0
3391.2998716838847,0.0
0.0,0.0
0.0,0.0
0.0,0.0
0.0,0.0
0.0,0.0
0.0,0.0
0.0,0.0
0.0,0.0
8641.726298213507,0.0
0.0,0.0
0.0,0.0
2541.4752770787213,0.0
0.0,0.0
0.0,0.0
0.0,0.0
0.0,0.0
0.0,0.0
0.0,0.0
0.0,0.0
3894.7050439250343,0.0
0.0,0.0
0.0,0.0
1312.566621605166,0.0
2540.6467966477635,0.0
16674.687905454542,0.0
0.0,0.0
0.0,0.0
0.0,0.0
6878.078827931253,0.0
4128.99884449758,0.0
3631.1415327115947,0.0
0.0,0.0
0.0,0.0
0.0,0.0
4410.37779245075,0.0
4955.113677398194,0.0
4028.8386109978774,0.0
0.0,0.0
0.0,0.0
2102.547494097987,0.0
2963.5938028066716,0.0
6334.163825794624,0.0
0.0,0.0
4571.493919879382,0.0
0.0,0.0
0.0,0.0
2302.041597719815,0.0
2881.168386704098,0.0
0.0,0.0
3754.0399169720763,0.0
15461.524594003347,0.0
22120.161308557454,0.0
17059.597405496334,0.0
20905.625971822785,0.0
17982.644261414687,0.0
20204.11036132484,0.0
18515.79612539312,0.0
19798.914944701224,0.0
18823.744642027068,0.0
19564.87407205942,0.0
19001.615705234835,0.0
19066.254584156857,0.0
17214.518527458255,0.0
17443.453901864792,0.0
16109.278700819925,0.0
22720.901900351822,0.0
16653.881612624635,0.0
13072.927417916497,0.0
4496.386622641759,0.0
0.0,0.0
10679.834434538896,0.0
7145.664228995373,0.0
4777.006755292597,0.0
19711.724671956817,0.0
-8.062328400484143e-28,0.0
0.0,0.0
0.0,0.0
0.0,0.0
0.0,0.0
0.0,0.0
15858.114905502422,0.0
15617.115241375892,0.0
17139.671672207267,0.0
22368.921623759248,0.0
16870.53956594297,0.0
17019.63549525642,0.0
20935.997023605123,0.0
17959.562262060106,0.0
20221.65268083432,0.0
18502.463962565922,0.0
19809.047388449893,0.0
18816.04398477808,0.0
19570.72657156866,0.0
18997.16780560782,0.0
16707.708586949586,0.0
12720.55251967673,0.0
12199.135620670422,0.0
12569.499015262154,0.0
13549.016745763258,0.0
13456.603575032195,0.0
12935.009887166732,0.0
16200.957408030314,0.0
21136.123810026824,0.0
11082.117816437134,0.0
0.0,0.0
15.199769478259908,0.0
0.0,0.0
2249.5562104479263,0.0
0.0,0.0
0.0,0.0
0.0,0.0
4871.2952330241305,0.0
3826.3643845816587,0.0
3672.838198266468,0.0
5006.791731104233,0.0
0.0,0.0
0.0,0.0
0.0,0.0
6071.504973178785,0.0
16681.727405169506,0.0
13410.60263361138,0.0
6589.088469446195,0.0
0.0,0.0
187.59385640026738,0.0
2878.203356286914,0.0
5597.008269013896,0.0
5091.362999237241,0.0
5538.488370359247,0.0
20255.6552760343,0.0
18476.621990213935,0.0
19828.68728743741,0.0
18801.117661547567,0.0
19582.07057722385,0.0
18988.54636130987,0.0
19439.624765404493,0.0
19096.805178292576,0.0
19357.348064497633,0.0
19159.335470981794,0.0
19309.825042053828,0.0
19195.45296803909,0.0
19282.37574429029,0.0
19216.31443433938,0.0
19266.521029902065,0.0
19228.364017274427,0.0
19257.363346871425,0.0
19235.323856377712,0.0
19252.07386915294,0.0
19239.343859443758,0.0
19249.018666822743,0.0
19241.665813214713,0.0
19247.253981956816,0.0
19243.00697371282,0.0
19246.234699978257,0.0
19243.781628016524,0.0
19245.645962707436,0.0
19244.229068342345,0.0
19245.305908059818,0.0
19244.487509874536,0.0
19245.10949249535,0.0
19244.636785703526,0.0
19244.996042865314,0.0
19244.72300742235,0.0
19244.93051435901,0.0
19244.772809087153,0.0
19244.892665093757,0.0
12766.272660755252,0.0
16430.773713665716,0.0
23613.76221844587,0.0
15924.460713981136,0.0
15575.338188129099,0.0
21112.148982341743,0.0
17825.686773420282,0.0
18339.797101070395,0.0
20408.738431457743,0.0
18360.27879209211,0.0
19551.09220113902,0.0
19012.089927134337,0.0
6953.325822680329,0.0
10812.854452657912,0.0
16178.980868246692,0.0
20838.394973272534,0.0
19043.28046019937,0.0
16950.821540287256,0.0
16213.82402095552,0.0
16679.15163599128,0.0
18231.509774780923,0.0
21077.819011970492,0.0
16914.57866241308,0.0
15864.338205628183,0.0
11636.735523797974,0.0
14965.344599637116,0.0
17612.422059313456,0.0
19360.65111404907,0.0
19882.814907673903,0.0
18009.927149530566,0.0
16274.622076322159,0.0
12747.914709372008,0.0
10267.265937160639,0.0
8046.1307841031585,0.0
5932.0534095633375,0.0
15524.444662918759,0.0
11460.241794960428,0.0
13062.377191071933,0.0
14445.661523752453,0.0
13135.05896582027,0.0
14785.834047838516,0.0
17733.733167628307,0.0
22271.628451291992,0.0
16944.482377018092,0.0
14036.218170487135,0.0
8372.097069742014,0.0
3057.474203170317,0.0
14190.299287875901,0.0
23086.292541214316,0.0
16325.33766867712,0.0
21463.663371805385,0.0
17558.53583742791,0.0
20526.43276355479,0.0
18270.831099698364,0.0
19985.088364229243,0.0
18682.25284318577,0.0
19672.40783917881,0.0
18919.8900422241,0.0
19491.803567909687,0.0
19057.149288388635,0.0
19387.48654082463,0.0
12820.867974372804,0.0
11613.502206246332,0.0
9642.186445644616,0.0
8209.697725162283,0.0
8330.349856477002,0.0
10978.2399955131,0.0
16119.613455984761,0.0
25174.435604525006,0.0
10060.686744816969,0.0
0.0,0.0
8419.205235698362,0.0
17358.46529841211,0.0
20119.631323111942,0.0
19120.61102072028,0.0
15909.20410429649,0.0
21779.924880734667,0.0
17318.177090641657,0.0
20709.105411112338,0.0
18131.999887554626,0.0
20090.600085458478,0.0
18602.06393505156,0.0
19733.351409360806,0.0
18873.572928885787,0.0
19527.004574046794,0.0
19030.396523724423,0.0
19407.818641969432,0.0
19120.977832103228,0.0
19338.976847601545,0.0
19173.297595822823,0.0
19299.21382717465,0.0
19203.517491347262,0.0
19276.24670657608,0.0
19220.972503002176,0.0
19262.980897718346,0.0
19231.054517734054,0.0
19255.31856652212,0.0
19236.87788944319,0.0
19250.892804023177,0.0
19240.241468942382,0.0
19248.336483603787,0.0
19242.184272461116,0.0
19246.859952929553,0.0
19243.30643577354,0.0
19246.00710881211,0.0
19243.95459730279,0.0
19245.514506049883,0.0
19244.328975402088,0.0
19245.22997869441,0.0
19244.545216192248,0.0
19245.065635693885,0.0
19244.670116872647,0.0
19167.69518508033,0.0
19322.017785602085,0.0
19186.18648294241,0.0
19289.418272963765,0.0
19210.96211254753,0.0
19270.588794463878,0.0
19225.27251620745,0.0
19259.71288768233,0.0
19233.538205361427,0.0
19253.43096392531,0.0
19238.312467416763,0.0
19249.80252476326,0.0
19241.07008117992,0.0
19247.70673830326,0.0
9040.011649749293,0.0
1667.8721786382287,0.0
4094.750278007686,0.0
9262.321422873083,0.0
5301.455873617057,0.0
0.0,0.0
0.0,0.0
1317.552630920432,0.0
5985.827732422778,0.0
1864.2700567164072,0.0
0.0,0.0
0.0,0.0
3120.997021615462,0.0
3305.6913556056993,0.0
11998.486109340929,0.0
0.0,0.0
0.0,0.0
0.0,0.0
0.0,0.0
53.4281304766053,0.0
8318.47011466966,0.0
5547.910561723638,0.0
0.0,0.0
0.0,0.0
0.0,0.0
7985.368589540497,0.0
14240.424033070221,0.0
0.0,0.0
0.0,0.0
0.0,0.0
0.0,0.0
0.0,0.0
2926.2648205894734,0.0
18427.36720030275,0.0
0.0,0.0
0.0,0.0
0.0,0.0
0.0,0.0
0.0,0.0
0.0,0.0
0.0,0.0
0.0,0.0
0.0,0.0
0.0,0.0
7560.175216719639,0.0
7446.698035574364,0.0
6199.26574642282,0.0
0.0,0.0
1756.0488050900296,0.0
7531.388313710768,0.0
17341.6303870281,0.0
20691.28090585864,0.0
18145.54651154744,0.0
20080.30465122394,0.0
18609.888465069802,0.0
19727.404766546948,0.0
18878.092377424317,0.0
19523.569793157516,0.0
19033.006957200283,0.0
19405.834712527787,0.0
19122.485618478888,0.0
19337.830929956042,0.0
19174.168493233406,0.0
19298.55194514261,0.0
19204.02052169161,0.0
19275.864403514373,0.0
19221.263053329072,0.0
19262.760079469903,0.0
12644.573835951944,0.0
11108.563210957005,0.0
13548.517690818862,0.0
14907.374384809942,0.0
17520.830062696146,0.0
22472.315099714324,0.0
16791.96052421711,0.0
9889.957322222683,0.0
5918.426823657275,0.0
13223.454301341395,0.0
17330.047003398522,0.0
17586.205176822365,0.0
21626.619398866478,0.0
17434.68925686148,0.0
18381.657127398397,0.0
19900.86058317721,0.0
18746.26595678532,0.0
19623.75787284315,0.0
18956.8640166392,0.0
19463.703347354203,0.0
19078.505456010804,0.0
19371.255853431787,0.0
19148.76555139184,0.0
19317.8581809422,0.0
19189.347782483925,0.0
19287.01568531221,0.0
19212.788079162714,0.0
19269.201059836334,0.0
19226.327194524387,0.0
19258.911332161468,0.0
19234.14738755728,0.0
19252.967985456464,0.0
19238.664331053085,0.0
19249.53510839965,0.0
19241.273317616262,0.0
19247.552278611634,0.0
19242.780268255156,0.0
19246.40699612608,0.0
19243.650682944182,0.0
19245.74548096242,0.0
19244.153434468564,0.0
19245.36338980389,0.0
19244.44382374904,0.0
19245.14269395073,0.0
19244.611552597453,0.0
19245.01522002594,0.0
15396.538906217544,0.0
18433.98353892807,0.0
20979.283129307867,0.0
17926.664821726026,0.0
17019.178593071705,0.0
16337.26452570865,0.0
15352.882466830419,0.0
15441.56969548469,0.0
24139.48585308214,0.0
15524.910751657571,0.0
6223.730785994427,0.0
3990.562903425115,0.0
0.0,0.0
1242.9677380728006,0.0
9135.311579405705,0.0
4909.3050806534975,0.0
16384.50082710784,0.0
18071.246681354223,0.0
0.0,0.0
1928.4855249897305,0.0
9765.363032589492,0.0
10247.847339098933,0.0
0.0,0.0
17127.951126982236,0.0
9825.456079666354,0.0
8946.122707564127,0.0
10379.595941569287,0.0
12229.023928102744,0.0
15130.269116728547,0.0
15921.011966015556,0.0
15191.002505119586,0.0
17112.242165016385,0.0
22631.446958284796,0.0
14922.853564531948,0.0
10401.568849169716,0.0
0.0,0.0
0.0,0.0
0.0,0.0
0.0,0.0
0.0,0.0
13107.353867719567,0.0
12234.82875942909,0.0
7367.065108726148,0.0
5291.571233939045,0.0
4032.6164541928115,0.0
1231.6168121104656,0.0
0.0,0.0
8407.500952295788,0.0
0.0,0.0
0.0,0.0
6864.578831368138,0.0
4480.883768372385,0.0
0.0,0.0
0.0,0.0
0.0,0.0
0.0,0.0
0.0,0.0
0.0,0.0
0.0,0.0
0.0,0.0
0.0,0.0
0.0,0.0
1891.2916896768597,0.0
6732.981743939606,0.0
5515.962725321117,0.0
4592.411443846802,0.0
4270.407648044094,0.0
3007.019836036646,0.0
9759.602689687348,0.0
7541.510647571145,0.0
0.0,0.0
2173.137969439507,0.0
9289.835847375261,0.0
24472.02334941623,0.0
7815.26441326104,0.0
8959.3647402857,0.0
1539.0307071536133,0.0
0.0,0.0
1828.2671815470128,0.0
2766.734172700847,0.0
3538.764607854308,0.0
908.5724748759478,0.0
0.0,0.0
16499.917293370763,0.0
21330.982857038212,0.0
17659.37302865096,0.0
20449.796498225267,0.0
18329.074661348797,0.0
19940.823257374912,0.0
18715.894324395063,0.0
19646.84031345975,0.0
18939.321361770584,0.0
19477.03576505435,0.0
19068.37281855869,0.0
19378.956657895396,0.0
19142.912939999504,0.0
19322.30616560038,0.0
19185.96731414371,0.0
19289.584841250777,0.0
19210.8355206494,0.0
19270.685004306448,0.0
19225.199396727097,0.0
19259.7684584874,0.0
19233.495971549575,0.0
19253.463061622326,0.0
19238.28807316703,0.0
19249.821064393058,0.0
19241.055991061276,0.0
19247.717446793427,0.0
19242.654740437,0.0
19246.50239726788,0.0
19243.57817807641,0.0
19245.80058466192,0.0
19244.111555656935,0.0
19245.395217700727,0.0
19244.419634547452,0.0
19245.16107774394,0.0
19244.597580914608,0.0
19245.025838504895,0.0
19244.700362736272,0.0
19244.947724320424,0.0
19244.759729516474,0.0
13132.005578019309,0.0
11333.473785364471,0.0
9910.55890841823,0.0
8316.55811496084,0.0
9057.330687251604,0.0
10442.613869154551,0.0
13369.784405801569,0.0
18211.58480468338,0.0
13659.703173424768,0.0
1929.6065990653397,0.0
0.0,0.0
0.0,0.0
0.0,0.0
0.0,0.0
0.0,0.0
0.0,0.0
0.0,0.0
0.0,0.0
0.0,0.0
0.0,0.0
1266.910235171103,0.0
0.0,0.0
0.0,0.0
377.7958991231792,0.0
856.6893356220257,0.0
5737.332383665316,0.0
0.0,0.0
0.0,0.0
0.0,0.0
6536.487986414758,0.0
7954.995238338297,0.0
0.0,0.0
0.0,0.0
0.0,0.0
0.0,0.0
0.0,0.0
0.0,0.0
0.0,0.0
0.0,0.0
0.0,0.0
0.0,0.0
0.0,0.0
0.0,0.0
0.0,0.0
0.0,0.0
0.0,0.0
0.0,0.0
6202.977592334852,0.0
10489.4531755477,0.0
10632.683239830301,0.0
2897.7345796015743,0.0
0.0,0.0
0.0,0.0
0.0,0.0
8026.325306745143,0.0
7069.255691792097,0.0
0.0,0.0
2884.4101747991313,0.0
17118.033976888146,0.0
20861.214177565005,0.0
18016.3972250506,0.0
20178.45810896154,0.0
16454.20461728865,0.0
6295.667097425562,0.0
96.698417958702,0.0
556.1436460509316,0.0
9001.499773520147,0.0
15201.42951946182,0.0
687.025797740742,0.0
5113.510410291229,0.0
0.0,0.0
5259.621931447885,0.0
6458.247653308184,0.0
1589.8533383536155,0.0
0.0,0.0
0.0,0.0
0.0,0.0
0.0,0.0
0.0,0.0
0.0,0.0
0.0,0.0
3715.8389820103284,0.0
14442.584901391756,0.0
16443.0917676842,0.0
10435.844376516834,0.0
6135.520495398623,0.0
7825.788381105581,0.0
17516.598004379677,0.0
20558.305516671444,0.0
18246.6078073297,0.0
20003.49806642942,0.0
18668.261469513644,0.0
19683.04128316963,0.0
18911.808624791072,0.0
19497.94544515878,0.0
19052.481461679323,0.0
19391.03408912371,0.0
19133.734092265975,0.0
19329.282089877855,0.0
19180.665611692824,0.0
19293.61413511345,0.0
19207.773257313773,0.0
19273.01232444153,0.0
19223.43063342444,0.0
19261.112718597426,0.0
19232.47433386595,0.0
19254.239506261874,0.0
19060.60864036064,0.0
19427.35887369719,0.0
19106.12725599013,0.0
19350.263285447498,0.0
19164.719903059897,0.0
19305.732873674468,0.0
19198.563016007396,0.0
19280.01210783438,0.0
19218.11079804587,0.0
19265.155793485137,0.0
19229.40159695129,0.0
19256.574786317015,0.0
19235.923162399064,0.0
19251.61839657671,0.0
19239.690018601697,0.0
19248.755585862706,0.0
19241.865754744336,0.0
19247.102026394296,0.0
19243.122459940332,0.0
19246.146930445342,0.0
19243.848332861533,0.0
19245.59526702523,0.0
19244.267597060825,0.0
19245.276626233775,0.0
19244.509764062328,0.0
19245.09257931263,0.0
19244.649639722393,0.0
19244.986273810973,0.0
19244.73043190365,0.0
19244.92487175322,0.0
19244.77709746755,0.0
19244.88940592466,0.0
19244.804051497267,0.0
19244.868920862074,0.0
13129.408632496918,0.0
1549.0701245592418,0.0
13809.205491902665,0.0
23192.390776453627,0.0
17705.659604202414,0.0
11235.517688063612,0.0
12479.804671729358,0.0
14723.557015872595,0.0
11141.178727768654,0.0
15166.093599524147,0.0
17953.901181338504,0.0
13461.806533569687,0.0
379.14063521962925,0.0
78.00549250714698,0.0
0.0,0.0
2534.5601184455318,0.0
8895.528775556428,0.0
0.0,0.0
0.0,0.0
0.0,0.0
0.0,0.0
0.0,0.0
0.0,0.0
0.0,0.0
0.0,0.0
0.0,0.0
0.0,0.0
9002.817596366585,0.0
11081.145938535588,0.0
10274.073852944643,0.0
0.0,0.0
0.0,0.0
0.0,0.0
0.0,0.0
0.0,0.0
0.0,0.0
0.0,0.0
0.0,0.0
0.0,0.0
0.0,0.0
0.0,0.0
0.0,0.0
0.0,0.0
0.0,0.0
0.0,0.0
0.0,0.0
0.0,0.0
0.0,0.0
0.0,0.0
0.0,0.0
9728.098255074974,0.0
12511.349563463871,0.0
9165.736658221032,0.0
2350.94868554681,0.0
0.0,0.0
0.0,0.0
0.0,0.0
865.8250179020796,0.0
2546.4685232215397,0.0
0.0,0.0
0.0,0.0
0.0,0.0
3506.5771808080094,0.0
9679.952023355303,0.0
9292.087979643995,0.0
3707.45550948382,0.0
0.0,0.0
0.0,0.0
0.0,0.0
5730.393923601819,0.0
7235.030674692311,0.0
0.0,0.0
0.0,0.0
0.0,0.0
8956.729513493663,0.0
13924.499494274341,0.0
10661.311706273056,0.0
3014.5109943369375,0.0
0.0,0.0
0.0,0.0
0.0,0.0
0.0,0.0
0.0,0.0
-2.8154179767209634e-14,0.0
0.0,0.0
0.0,0.0
0.0,0.0
0.0,0.0
3395.120667753818,0.0
6156.6350147795365,0.0
2453.3138536637884,0.0
948.093202150282,0.0
0.0,0.0
0.0,0.0
0.0,0.0
0.0,0.0
0.0,0.0
0.0,0.0
0.0,0.0
0.0,0.0
0.0,0.0
0.0,0.0
0.0,0.0
7106.981322113479,0.0
2772.648696470106,0.0
6096.527660829852,0.0
5057.3319875403695,0.0
0.0,0.0
0.0,0.0
0.0,0.0
0.0,0.0
13460.325420794243,0.0
0.0,0.0
0.0,0.0
0.0,0.0
5689.085723268698,0.0
15012.62628542378,0.0
22461.324023077927,0.0
16800.31374246078,0.0
21102.68155572981,0.0
17832.88201764535,0.0
19102.87278616986,0.0
17435.971726227068,0.0
21149.592353887714,0.0
17797.229811045338,0.0
17521.494978959647,0.0
20554.583815990667,0.0
18249.436299847093,0.0
16713.299899537626,0.0
18655.6826933504,0.0
20485.143799298472,0.0
18302.210712533164,0.0
0.0,0.0
0.0,0.0
7568.157190130399,0.0
12165.175742187379,0.0
8115.513404420624,0.0
1281.465063767737,0.0
14520.616742072245,0.0
16562.119768964803,0.0
17116.645714825612,0.0
21479.758357693205,0.0
17505.510657822302,0.0
13555.51014953154,0.0
1242.2918671804312,0.0
0.0,0.0
55.762489150824514,0.0
17645.814381270648,0.0
9810.232920294586,0.0
3961.0106955577667,0.0
0.0,0.0
0.0,0.0
711.3479037361993,0.0
8336.909641877632,0.0
3596.155202421874,0.0
0.0,0.0
5764.424247394563,0.0
19884.366468257478,0.0
19458.725402298965,0.0
19082.288694252784,0.0
19368.380592367877,0.0
19150.950749800406,0.0
19316.19743015169,0.0
19190.609953084717,0.0
19286.056435655613,0.0
19213.51710890173,0.0
19268.646997234682,0.0
19226.74828210164,0.0
19258.591305602753,0.0
19234.390607741905,0.0
19252.78313811615,0.0
19238.804815031723,0.0
9176.94946873821,0.0
29313.833333,0.0
