PumpedStor,BatteryStor
0.0,0.0
0.0,0.0
0.0,0.0
0.0,0.0
0.0,0.0
7806.500531731292,0.0
24099.590216977296,0.0
19934.603236814066,0.0
18720.62154002131,0.0
19330.984519173588,0.0
19179.371765428066,0.0
19294.597458274664,0.0
19207.025931711247,0.0
19273.58029189945,0.0
19222.99897815642,0.0
19261.440776601114,0.0
19232.225009783153,0.0
19254.4289925648,0.0
19237.553965650746,0.0
19250.378986105432,0.0
19240.63197055988,0.0
19248.03970237449,0.0
19242.409826195384,0.0
19246.6885320915,0.0
19243.436715610456,0.0
19245.908096136056,0.0
19244.029846936595,0.0
19245.457316328182,0.0
19244.372439590577,0.0
19245.196945911157,0.0
19244.570321107516,0.0
19245.046555958284,0.0
19244.684617471696,0.0
19244.959690721505,0.0
19244.75063505165,0.0
19244.909517360746,0.0
19244.788766805836,0.0
19244.88053722756,0.0
19244.81079170705,0.0
19244.863798302642,0.0
19244.823513289994,0.0
19244.854129899606,0.0
38489.684991175905,0.0
43108.44439788221,0.0
35227.4849495306,0.0
34770.22026184022,0.0
16454.85776029447,0.0
4093.1811225291026,0.0
0.0,0.0
45.185235664315236,0.0
591.5258189997521,0.0
0.0,0.0
225.85399950546181,0.0
7999.133896109699,0.0
20873.888024631386,0.0
27321.238594704693,0.0
27321.238594704693,0.0
25911.89367511995,0.0
11950.385136468341,0.0
2052.923161842065,0.0
0.0,0.0
3154.6485846023984,0.0
7044.013368151153,0.0
9197.6158103344,0.0
13495.178955565629,0.0
21200.02768033438,0.0
38958.926643280254,0.0
43221.062394387256,0.0
43221.062394387256,0.0
43221.062394387256,0.0
41099.861180059954,0.0
34987.55120878508,0.0
32265.87938071274,0.0
30839.333994821216,0.0
31148.67220935113,0.0
25674.015234405004,0.0
17534.771484420482,0.0
23383.002922206782,0.0
35156.33547401048,0.0
42308.4405137625,0.0
42308.4405137625,0.0
42308.4405137625,0.0
37039.86236774054,0.0
32735.87869392218,0.0
32735.87869392218,0.0
32735.87869392218,0.0
32735.87869392218,0.0
32735.87869392218,0.0
32735.87869392218,0.0
32735.87869392218,0.0
32735.87869392218,0.0
32735.87869392218,0.0
32181.7684462509,0.0
32181.7684462509,0.0
32181.7684462509,0.0
32181.7684462509,0.0
32181.7684462509,0.0
32181.7684462509,0.0
32181.7684462509,0.0
32181.7684462509,0.0
23860.394544303155,0.0
17861.671633047074,0.0
16722.4469839762,0.0
14463.184618380374,0.0
10503.788043300125,0.0
7490.116113970852,0.0
7490.116113970852,0.0
0.0,0.0
431.53283796159695,0.0
7771.513693546636,0.0
19022.19125825315,0.0
19414.054643727595,0.0
19116.238470767024,0.0
19342.578762217057,0.0
19170.56014071504,0.0
19301.294293056577,0.0
19201.936337277,0.0
19277.448383669474,0.0
19220.059228411203,0.0
19263.67498640748,0.0
19230.52701033031,0.0
19255.71947214897,0.0
19236.573201166782,0.0
19251.124367113243,0.0
19240.065480993933,0.0
19248.47023444461,0.0
19242.0826218221,0.0
38489.0198292373,0.0
39039.411037921134,0.0
30571.29598280481,0.0
17964.374759118688,0.0
10841.007380019077,0.0
9081.798864922166,0.0
9280.847095924904,0.0
8529.360501376043,0.0
4436.5161973884115,0.0
3130.5724662019634,0.0
13107.279751648053,0.0
23909.387388747477,0.0
15699.78558455192,0.0
21939.082955740538,0.0
17197.21695363719,0.0
20801.035115235725,0.0
18062.13331242085,0.0
20143.698682560156,0.0
18561.709001254287,0.0
19764.021159046748,0.0
18850.26391912447,0.0
19544.719421465397,0.0
19016.933239686296,0.0
19418.050737838414,0.0
19113.201439242814,0.0
19344.886906175467,0.0
19168.805951306636,0.0
19302.627477006958,0.0
19200.92311747471,0.0
19278.218430719215,0.0
19219.473992653402,0.0
19264.11976558342,0.0
19230.188978156602,0.0
19255.97637660098,0.0
19236.377953783245,0.0
19251.272755124726,0.0
19239.9527061052,0.0
19248.555943360047,0.0
19242.017483046366,0.0
19246.986712884765,0.0
19243.21009820757,0.0
19246.08032536224,0.0
19243.89895272469,0.0
19245.55679592924,0.0
19244.29683509378,0.0
19245.254405328724,0.0
19244.526651950164,0.0
19245.079744517872,0.0
19244.659394166407,0.0
19244.978860433523,0.0
19244.73606607052,0.0
19244.92058978641,0.0
19244.78035176233,0.0
19244.88693266063,0.0
19244.805931177918,0.0
19244.867492304777,0.0
19244.820705848368,0.0
19244.856263555237,0.0
19244.829239698018,0.0
19244.849777829506,0.0
19244.83416884957,0.0
19244.846031674322,0.0
19244.837015927515,0.0
19244.843867895084,0.0
19244.83866039973,0.0
19244.8426180962,0.0
19244.839610246883,0.0
19244.84189621236,0.0
19244.840158878604,0.0
19244.841479252256,0.0
19244.84047576828,0.0
23856.144686202948,0.0
39596.39472468871,0.0
31815.176591807165,0.0
18660.43776769747,0.0
8893.277676020694,0.0
5970.150154079443,0.0
8278.378284426028,0.0
11498.060811129972,0.0
12975.175876393514,0.0
12402.846208492085,0.0
16260.108663702003,0.0
21721.45939132515,0.0
39084.07025391804,0.0
43251.09686094033,0.0
38257.16141822338,0.0
28685.956125982444,0.0
18987.577429556502,0.0
12523.476645398076,0.0
11267.205088928566,0.0
11428.475026521504,0.0
12355.150023042195,0.0
6617.707645561932,0.0
3284.322197214592,0.0
8693.801817072193,0.0
20202.204196938448,0.0
27515.51132032336,0.0
27515.51132032336,0.0
14270.227907135812,0.0
3863.292560209528,0.0
2896.5615193755725,0.0
3599.9388010842285,0.0
4966.42751230385,0.0
6261.092449827563,0.0
71.69109467674879,0.0
0.0,0.0
14187.701462274747,0.0
31537.594393972297,0.0
41439.94265455335,0.0
41439.94265455335,0.0
26197.604041837043,0.0
11228.9963850419,0.0
2387.7279735972247,0.0
-2.8154179767208226e-14,0.0
0.0,0.0
0.0,0.0
0.0,0.0
0.0,0.0
9852.675690871332,0.0
26674.289212743337,0.0
37065.69183654731,0.0
24633.29277835254,0.0
10172.388643007784,0.0
478.20370820495066,0.0
0.0,0.0
3218.666699436553,0.0
7016.52669811431,0.0
10270.634690447749,0.0
9578.343059527931,0.0
7816.515798291056,0.0
24621.301492135746,0.0
15158.73086597683,0.0
28860.216145880437,0.0
26416.244739250644,0.0
25767.865363806384,0.0
25074.28742888967,0.0
25112.02475379829,0.0
24720.000449146206,0.0
23485.761263391163,0.0
22804.324771236963,0.0
16539.63317385991,0.0
11236.151143441548,0.0
22731.86963555801,0.0
39299.232022442295,0.0
43302.735685386164,0.0
43302.735685386164,0.0
34394.35739087846,0.0
25762.71712588776,0.0
19548.679790098406,0.0
18182.899115781416,0.0
19035.359139165223,0.0
18828.11086470839,0.0
14103.21635956285,0.0
9116.252346271494,0.0
11933.010509791146,0.0
23858.59185104395,0.0
31467.58594227211,0.0
31467.58594227211,0.0
18756.41193294378,0.0
8098.15768880454,0.0
365.313791427423,0.0
0.0,0.0
3915.3976687958725,0.0
8850.050673081572,0.0
13256.73028180043,0.0
18775.118982557004,0.0
19601.829573256673,0.0
18973.529524324927,0.0
19451.037561513054,0.0
19088.131453250084,0.0
19363.94009552994,0.0
19154.325527397243,0.0
19313.63259917809,0.0
19192.55922462465,0.0
20736.00488212916,0.0
29332.43061551604,0.0
30040.61561262446,0.0
22144.46184531774,0.0
17041.128997558517,0.0
16077.58898450831,0.0
19729.660277738196,0.0
19475.88362809849,0.0
17291.01163600274,0.0
17983.219652063835,0.0
20203.67306443148,0.0
18516.128471032072,0.0
19798.662362015624,0.0
18823.936604868122,0.0
19564.728180300222,0.0
19001.726582971824,0.0
19429.607796941407,0.0
19104.418074324523,0.0
19351.56226351336,0.0
19163.732679729837,0.0
19306.483163405315,0.0
19197.99279581195,0.0
19280.445475182907,0.0
19217.781438860988,0.0
29503.63654508213,0.0
35085.28080035239,0.0
27804.19859447914,0.0
12438.172576463106,0.0
14152.655714088456,0.0
25929.868074703936,0.0
31495.794271763974,0.0
23074.815465464486,0.0
16334.06024624699,0.0
16561.3850274919,0.0
17279.482146328613,0.0
19816.97330651634,0.0
22869.693906336106,0.0
31974.692069251072,0.0
32149.13784724224,0.0
27604.51749615144,0.0
37190.28222872743,0.0
42796.58773489459,0.0
43311.18842412362,0.0
26777.937692809213,0.0
4213.818137470125,0.0
0.0,0.0
0.0,0.0
0.0,0.0
0.0,0.0
0.0,0.0
0.0,0.0
0.0,0.0
1655.8048070219804,0.0
12965.146740437463,0.0
23753.0892115317,0.0
23753.0892115317,0.0
14747.781530730412,0.0
11560.898098270669,0.0
0.0,0.0
0.0,0.0
0.0,0.0
0.0,0.0
0.0,0.0
0.0,0.0
0.0,0.0
7515.032238439112,0.0
13174.947080209407,0.0
13174.947080209407,0.0
12075.118942431513,0.0
11020.576032799441,0.0
6277.621247422283,0.0
335.67057583891216,0.0
0.0,0.0
1361.9213634744415,0.0
1210.7524252922656,0.0
1875.3545410027714,0.0
12596.708090037602,0.0
24297.421851571416,0.0
15404.879392805728,0.0
22163.21166146764,0.0
17718.656322844046,0.0
20404.741194638525,0.0
18363.316692074724,0.0
20478.57094626467,0.0
30326.17631109196,0.0
37684.694533890106,0.0
34532.27973624559,0.0
23230.026693604137,0.0
28164.646582393223,0.0
40630.435179774366,0.0
41517.86497037328,0.0
39698.2675614838,0.0
32314.327645007874,0.0
26326.77634953117,0.0
26326.77634953117,0.0
26326.77634953117,0.0
26326.77634953117,0.0
26326.77634953117,0.0
23122.33923194118,0.0
20181.166934077442,0.0
20181.166934077442,0.0
23217.02899323419,0.0
23217.02899323419,0.0
22711.25749533305,0.0
20099.77087045118,0.0
20099.77087045118,0.0
10968.70636103634,0.0
10968.70636103634,0.0
10041.928573909929,0.0
10041.928573909929,0.0
0.0,0.0
0.0,0.0
12650.317951863639,0.0
28595.75281998441,0.0
40733.900676796264,0.0
40733.900676796264,0.0
40733.900676796264,0.0
40733.900676796264,0.0
40733.900676796264,0.0
40733.900676796264,0.0
40733.900676796264,0.0
40733.900676796264,0.0
35657.66484847998,0.0
35345.627735557915,0.0
35345.627735557915,0.0
38533.51219986464,0.0
38533.51219986464,0.0
35405.82368171331,0.0
24338.23153657701,0.0
12267.319281599297,0.0
6220.526650523242,0.0
5520.137238255966,0.0
5520.137238255966,0.0
828.5590220592247,0.0
828.5590220592247,0.0
828.5590220592247,0.0
4099.588808930457,0.0
11051.23243808257,0.0
11835.015486769229,0.0
9732.534237210362,0.0
2459.653963703534,0.0
0.0,0.0
0.0,0.0
0.0,0.0
0.0,0.0
0.0,0.0
0.0,0.0
511.14115116381225,0.0
14764.946634645166,0.0
34445.474237936854,0.0
42137.833817104845,0.0
32162.972764558996,0.0
31874.38309232927,0.0
31874.38309232927,0.0
29229.970286573596,0.0
29229.970286573596,0.0
29229.970286573596,0.0
29229.970286573596,0.0
29229.970286573596,0.0
29229.970286573596,0.0
31695.780897455337,0.0
40555.26902629431,0.0
43311.18842412362,0.0
43311.18842412362,0.0
31348.845892932164,0.0
18205.357842644447,0.0
14090.54961512362,0.0
14090.54961512362,0.0
14090.54961512362,0.0
13101.22218790038,0.0
0.0,0.0
0.0,0.0
16475.637726369165,0.0
21349.435327959436,0.0
36660.77969456917,0.0
42669.5071266966,0.0
43311.18842412362,0.0
38416.29816597009,0.0
38416.29816597009,0.0
36779.83390874905,0.0
34723.20746208128,0.0
30004.626546856518,0.0
13142.621922842985,0.0
0.0,0.0
2547.3196458337384,0.0
21411.79575229784,0.0
17597.955228253646,0.0
20496.474026527223,0.0
18293.599739839316,0.0
19967.784197722118,0.0
18695.404009731188,0.0
19662.412952604293,0.0
18927.486156020736,0.0
24829.074354107204,0.0
22194.48659195894,0.0
13605.270042680486,0.0
23530.91476756283,0.0
15987.424776652248,0.0
21720.47716974429,0.0
17451.13967315526,0.0
20608.053848402,0.0
18208.79907521448,0.0
20032.232702837,0.0
18646.423145843884,0.0
19699.638409158648,0.0
18899.19480903943,0.0
19507.53194513003,0.0
19045.195721701173,0.0
19396.571251507106,0.0
19129.525848854602,0.0
19332.480354870502,0.0
19178.234930298422,0.0
19295.461452973195,0.0
19487.02626318822,0.0
19060.780039976944,0.0
19384.72716961752,0.0
19138.527351090685,0.0
19325.639213171075,0.0
19183.434197989976,0.0
19291.51000952761,0.0
19209.37239275901,0.0
19271.796981503147,0.0
19224.3542940576,0.0
19260.41073651622,0.0
19233.00784024767,0.0
19253.83404141177,0.0
19238.006128527053,0.0
19250.03534231944,0.0
19240.893139837226,0.0
19247.841213723706,0.0
19242.56067756998,0.0
19246.573885046815,0.0
19243.523847364413,0.0
19245.84187600304,0.0
19244.080174237683,0.0
27191.001132952548,0.0
28506.0483805736,0.0
25286.694675040337,0.0
17220.519168952615,0.0
14508.626484756278,0.0
16404.103271126693,0.0
21403.80151394371,0.0
17604.030849402785,0.0
20491.856554453883,0.0
18297.109018615047,0.0
19965.117145852557,0.0
18697.43096915205,0.0
19660.872463444437,0.0
28436.57366729136,0.0
37371.562770533485,0.0
39206.78676286967,0.0
39202.33579940411,0.0
37046.1522657302,0.0
30383.110241893097,0.0
12184.437064776374,0.0
1.8109916360232056e-12,0.0
7927.02414572732,0.0
23204.677648709705,0.0
34696.07954024625,0.0
36600.44527706377,0.0
28140.40183160305,0.0
16370.872774175381,0.0
12542.310832231198,0.0
15490.714716477494,0.0
19782.42883476217,0.0
22404.60119455306,0.0
16843.423092139685,0.0
14270.442265801372,0.0
23025.383877990957,0.0
16371.628252726874,0.0
35236.468908674,0.0
38963.33041465694,0.0
32636.962023183984,0.0
26063.943497308792,0.0
21695.393398988646,0.0
17382.421016768632,0.0
13123.050430976864,0.0
12333.647211649779,0.0
11045.792764388068,0.0
22302.16422886779,0.0
16921.275186060488,0.0
21010.750858594027,0.0
17902.749347468543,0.0
20264.830495923903,0.0
18469.64882309784,0.0
19833.98689444564,0.0
18797.089960221307,0.0
19585.1316302318,0.0
18986.219961023824,0.0
19441.392829621895,0.0
19095.461449487364,0.0
19358.3692983896,0.0
19158.559333223908,0.0
19310.414906749833,0.0
19195.004670870123,0.0
19282.7164501387,0.0
26367.795982808257,0.0
27291.47378005773,0.0
24462.64829262265,0.0
22195.569653904404,0.0
19748.123597132577,0.0
15943.841092379862,0.0
5276.180112432007,0.0
8844.575064294195,0.0
27149.04295113641,0.0
39334.45176718175,0.0
43311.18842412362,0.0
36890.140565228445,0.0
13274.17586648421,0.0
1191.7896799306927,0.0
0.0,0.0
0.0,0.0
0.0,0.0
0.0,0.0
0.0,0.0
0.0,0.0
3884.3136418968306,0.0
11861.551850672176,0.0
15868.298224049046,0.0
15868.298224049046,0.0
13763.236659830209,0.0
9491.45391649101,0.0
9488.72493646159,0.0
9488.72493646159,0.0
9187.53900519614,0.0
0.0,0.0
0.0,0.0
7529.883016863565,0.0
28148.208907183685,0.0
12478.281230540395,0.0
36865.7074953297,0.0
42718.689798879124,0.0
40212.99327176964,0.0
38347.585266536975,0.0
38347.585266536975,0.0
38347.585266536975,0.0
39264.88055791572,0.0
39334.45176718177,0.0
39334.45176718177,0.0
39334.45176718177,0.0
39334.45176718177,0.0
43311.18842412362,0.0
43311.18842412362,0.0
43311.18842412362,0.0
42756.74975646752,0.0
27397.204808159786,0.0
16145.445380698513,0.0
16145.445380698513,0.0
16145.445380698513,0.0
11710.167238635093,0.0
11710.167238635093,0.0
0.0,0.0
4882.039001082572,0.0
16937.613154594783,0.0
22065.90096685713,0.0
17194.918450257584,0.0
15162.179807527415,0.0
20420.028058438562,0.0
18351.698675586696,0.0
19923.62900655411,0.0
18728.96195501888,0.0
19636.908914185653,0.0
18946.869225218903,0.0
19471.299388833628,0.0
19072.732464486442,0.0
19375.6433269903,0.0
21322.64313050303,0.0
38988.354351320726,0.0
43228.12504431698,0.0
38958.41122013236,0.0
31264.12625241349,0.0
24145.622037171444,0.0
19357.186432707535,0.0
14048.922824498864,0.0
1759.258603337953,0.0
0.0,0.0
15306.911511507096,0.0
22237.667251254607,0.0
19755.751672120798,0.0
24654.499761958166,0.0
20518.572083074687,0.0
16938.64625788995,0.0
20997.54884400364,0.0
17912.782878557242,0.0
20257.205012296494,0.0
18475.444190654667,0.0
19829.582415102454,0.0
18800.437364522135,0.0
19582.58760296318,0.0
18988.153421747982,0.0
29944.382499878047,0.0
30652.188261416435,0.0
22485.5249613959,0.0
16781.921029339115,0.0
15542.005250732169,0.0
18372.81242445312,0.0
19907.582557415626,0.0
21023.357450362953,0.0
19504.501592112454,0.0
19047.49878999453,0.0
19394.820919604157,0.0
33703.42626610359,0.0
41959.742303864856,0.0
43311.18842412362,0.0
29205.40786589799,0.0
25534.970153567294,0.0
13206.82103702475,0.0
4791.402954944952,0.0
0.0,0.0
0.0,0.0
0.0,0.0
845.7359848773631,0.0
13268.538877742027,0.0
23786.830452916063,0.0
35521.26206585655,0.0
36702.82704067549,0.0
25670.911367443303,0.0
14361.027360743086,0.0
12697.962036998215,0.0
16797.687093701366,0.0
21104.677808786957,0.0
20988.821582901382,0.0
17919.415596994953,0.0
15735.650291501217,0.0
21911.82577845907,0.0
17217.932408371107,0.0
20785.291369637955,0.0
18642.447840802954,0.0
19702.659640989757,0.0
18190.479958245287,0.0
20046.155231733577,0.0
18635.84202388248,0.0
19707.68006184931,0.0
22762.945561500856,0.0
16571.08137325935,0.0
21276.8981563229,0.0
17700.477401194603,0.0
20418.557175092097,0.0
24723.135382250064,0.0
39804.472491740016,0.0
43311.18842412362,0.0
38848.03748149255,0.0
33624.550116234146,0.0
32274.873008749495,0.0
33070.52641129794,0.0
29379.141647287684,0.0
13346.885012816174,0.0
1476.1398041219913,0.0
9152.925208088807,0.0
24983.72778516117,0.0
39867.01466843868,0.0
39772.86453302499,0.0
27103.762359628807,0.0
22477.19710258185,0.0
10358.806083730658,0.0
0.0,0.0
0.0,0.0
0.0,0.0
0.0,0.0
0.0,0.0
8071.461857301224,0.0
23667.89856079676,0.0
33242.25019564687,0.0
32639.79704067839,0.0
12296.197388220084,0.0
6258.929368379058,0.0
3215.631974591204,0.0
3148.2890567366208,0.0
3148.2890567366208,0.0
3148.2890567366208,0.0
0.0,0.0
0.0,0.0
5999.456047213196,0.0
17578.37475535125,0.0
24351.862139405246,0.0
19116.098327175358,0.0
2.946282957633423e-12,0.0
2.946282957633423e-12,0.0
2.946282957633423e-12,0.0
0.0,0.0
0.0,0.0
0.0,0.0
0.0,0.0
0.0,0.0
6946.4030857913995,0.0
19933.18593408351,0.0
30634.03347774869,0.0
30634.03347774869,0.0
30634.03347774869,0.0
22473.871476437565,0.0
22473.871476437565,0.0
22473.871476437565,0.0
22473.871476437565,0.0
22473.871476437565,0.0
8244.864778823601,0.0
0.0,0.0
5611.178776092124,0.0
22913.80905075389,0.0
23385.68990472714,0.0
27959.110698169843,0.0
25318.767653300358,0.0
23208.92594321303,0.0
23660.667605140367,0.0
24835.728276912243,0.0
24418.36255959839,0.0
19645.863679534596,0.0
6734.37198833945,0.0
0.0,0.0
16342.372835402499,0.0
21450.7166450941,0.0
39019.09199482258,0.0
43235.50207875742,0.0
43235.50207875742,0.0
43235.50207875742,0.0
43235.50207875742,0.0
43235.50207875742,0.0
43235.50207875742,0.0
43235.50207875742,0.0
15850.079781251143,0.0
5794.303452619375,0.0
8452.2933922678,0.0
14629.930780110255,0.0
15917.84822658329,0.0
15917.84822658329,0.0
10421.686759076441,0.0
3506.0116906768194,0.0
424.8722886147587,0.0
424.8722886147587,0.0
424.8722886147587,0.0
424.8722886147587,0.0
0.0,0.0
0.0,0.0
8164.678120172113,0.0
17627.888674452974,0.0
20484.817552662367,0.0
12905.595217008793,0.0
4100.9088294729045,0.0
1384.206241789107,0.0
4023.911476180946,0.0
8890.175115092597,0.0
13008.554286009829,0.0
17590.980857646395,0.0
16625.962397262316,0.0
21235.188578080633,0.0
17732.176680658726,0.0
20394.46572269937,0.0
18371.12605074848,0.0
19908.86420143116,0.0
18740.18320691232,0.0
19628.380762746638,0.0
22229.834546162758,0.0
24814.608164673013,0.0
22671.99531652063,0.0
16640.203559444322,0.0
6915.899446259934,0.0
8421.143009309739,0.0
24367.37864561177,0.0
24526.090056814377,0.0
39757.181613635454,0.0
40473.715103334354,0.0
31742.258586118835,0.0
21943.38796174268,0.0
13899.04230997093,0.0
9631.017187630876,0.0
7780.831972309829,0.0
9064.124743541684,0.0
13517.550871010766,0.0
23597.581338031818,0.0
15936.758183095822,0.0
21758.98378084717,0.0
17334.09232655615,0.0
20697.00983181732,0.0
18141.192527818843,0.0
20083.613678857677,0.0
18607.373604068165,0.0
19729.316060908193,0.0
18876.63979370977,0.0
19524.673756780572,0.0
19032.16794484677,0.0
19406.472361916458,0.0
19122.001004943486,0.0
19338.199236242945,0.0
19173.888580455357,0.0
19298.764678853924,0.0
19203.858844071012,0.0
20970.62330929704,0.0
22399.102570035477,0.0
22419.37308821173,0.0
20897.627163393026,0.0
17988.7233558213,0.0
13412.207450567987,0.0
21747.84371596905,0.0
17342.558775863516,0.0
20690.575330343723,0.0
18146.082748938774,0.0
25844.943758289824,0.0
22227.5229010299,0.0
16978.00259521728,0.0
18242.872202551036,0.0
20006.337126061208,0.0
20842.750428627678,0.0
18278.114571849033,0.0
10613.555253357095,0.0
16228.70352427766,0.0
21537.105321548974,0.0
39039.82527717176,0.0
43240.47806652122,0.0
40984.04734228888,0.0
40984.04734228888,0.0
26989.875163218978,0.0
15936.765478643187,0.0
4250.067668790054,0.0
4250.067668790054,0.0
4250.067668790054,0.0
3947.3249754391018,0.0
0.0,0.0
10516.5854545115,0.0
24358.923465142998,0.0
38212.753269753404,0.0
40637.39982055151,0.0
28898.078849394693,0.0
16730.04722906326,0.0
7082.951733002506,0.0
1445.7089606365994,0.0
0.0,0.0
1925.388879795727,0.0
1440.169897710092,0.0
18362.014196637814,0.0
19915.78921055526,0.0
18734.920199978,0.0
19632.38064801672,0.0
18950.31070750729,0.0
19741.64220628176,0.0
21229.95906261185,0.0
23572.979039775404,0.0
28184.711916166285,0.0
32169.018705311846,0.0
27949.378197172035,0.0
12629.392570149252,0.0
11219.320205585236,0.0
21395.653255946243,0.0
37744.40598036146,0.0
42929.57743528674,0.0
41710.04140406793,0.0
36864.87903976059,0.0
15151.289021440925,0.0
893.3962097153141,0.0
0.0,0.0
4854.617351120289,0.0
11122.64808236754,0.0
16197.177135213527,0.0
21561.06537723772,0.0
17484.510313299335,0.0
20582.6921618925,0.0
38810.7661188542,0.0
43185.50386852501,0.0
38171.359384649586,0.0
27432.224401335647,0.0
18847.099712042578,0.0
14843.10394266054,0.0
14843.10394266054,0.0
8958.829817769381,0.0
0.0,0.0
4992.30017077679,0.0
27772.845864013707,0.0
12763.55714334958,0.0
36934.17371440389,0.0
42735.121691456945,0.0
42735.121691456945,0.0
42735.121691456945,0.0
42735.121691456945,0.0
35784.98882204138,0.0
35784.98882204138,0.0
23480.00751296205,0.0
6551.418794144643,0.0
0.0,0.0
18069.657104507645,0.0
20137.980600574185,0.0
18566.054743563618,0.0
22417.34973149407,0.0
19625.056912300315,0.0
17263.880833255833,0.0
20750.37056672556,0.0
18100.638369288572,0.0
20114.434839340684,0.0
18583.94952210108,0.0
19747.118363203175,0.0
18863.110043965575,0.0
19534.956366586157,0.0
19024.35316139452,0.0
19412.41159734016,0.0
19117.487186021477,0.0
19341.629738623673,0.0
19171.281398646002,0.0
19300.74613702904,0.0
19202.352935857933,0.0
19277.131768747975,0.0
20760.51030584339,0.0
18092.93216755902,0.0
17733.306005432245,0.0
20393.60743587149,0.0
18371.778348737676,0.0
21667.772337417577,0.0
39071.18536098022,0.0
36739.00505421984,0.0
30681.869901540824,0.0
24618.42444014836,0.0
22280.101316903758,0.0
23037.261536813625,0.0
20478.71013990511,0.0
11493.334499395442,0.0
8846.773344878487,0.0
15077.303147073455,0.0
25286.335478716646,0.0
35208.61862978888,0.0
36728.999553931266,0.0
22002.70802824062,0.0
6746.211842169309,0.0
0.0,0.0
2349.14894955429,0.0
9139.050055629805,0.0
16025.831407503429,0.0
18596.72647361085,0.0
19737.40788005575,0.0
18870.490011157628,0.0
19529.347591520196,0.0
19028.615830444647,0.0
19409.17196886206,0.0
19119.949303664835,0.0
19339.758529214727,0.0
19172.703517796803,0.0
19299.665326474427,0.0
19203.174351879432,0.0
19276.50749257163,0.0
19220.774305645562,0.0
19263.131527709367,0.0
19230.94003894088,0.0
19255.40557040492,0.0
19236.811766492254,0.0
19250.94305746588,0.0
19240.203276325923,0.0
19248.36550999229,0.0
19242.162212405852,0.0
19246.876718571555,0.0
19243.293693885615,0.0
19246.01679264693,0.0
19243.94723758833,0.0
19245.520099432862,0.0
19244.32472443102,0.0
19245.233209432423,0.0
19244.54276083136,0.0
19245.067501768164,0.0
19244.668698656194,0.0
19244.97178902129,0.0
19244.741440343823,0.0
19244.916505338697,0.0
19244.78345594259,0.0
19244.88457348363,0.0
19244.80772415244,0.0
19244.866129644142,0.0
19244.821741470445,0.0
19244.85547648246,0.0
19244.829837873327,0.0
19244.849323216265,0.0
19244.834514355633,0.0
19244.84576908972,0.0
19244.83721549181,0.0
20751.50772788171,0.0
21879.314146279565,0.0
21419.62374207636,0.0
14613.39468943215,0.0
21551.455166576165,0.0
17491.814073402114,0.0
20577.14130421439,0.0
18232.29260879707,0.0
22596.662282713027,0.0
26737.777915135743,0.0
29617.022488824143,0.0
30577.94904002123,0.0
29120.663719506687,0.0
24029.218448761705,0.0
12403.422907045391,0.0
0.0,0.0
1454.5262118821936,0.0
24229.56928728787,0.0
15456.447341661215,0.0
22124.020020337477,0.0
18487.450246637676,0.0
19882.815809085783,0.0
18759.979985094807,0.0
17511.54293777839,0.0
20433.531586080448,0.0
19237.990859794878,0.0
19250.04694655589,0.0
16009.084511310977,0.0
21704.01577140365,0.0
17375.868013733223,0.0
20665.26030956275,0.0
18165.32216473231,0.0
20065.27515480344,0.0
18621.310882349386,0.0
19718.723729414465,0.0
18884.689965644997,0.0
19518.555626109795,0.0
19036.81772415655,0.0
19402.938529641015,0.0
19124.68671747282,0.0
19336.158094720653,0.0
19175.4398480123,0.0
19297.585715510646,0.0
19204.754856211905,0.0
19275.30630927895,0.0
19221.687204947993,0.0
19262.437724239524,0.0
19231.467329577965,0.0
19255.004829520745,0.0
19237.116329564233,0.0
19250.711589531176,0.0
19240.3791919563,0.0
19248.231814113202,0.0
19242.263821273962,0.0
19246.799495831787,0.0
19243.352383167843,0.0
19245.972188792435,0.0
19243.98113651775,0.0
19245.49433624651,0.0
19244.344304452654,0.0
19245.21832861599,0.0
19244.55407025185,0.0
19245.05890660859,0.0
19244.67523097747,0.0
19244.96682445712,0.0
19244.745213412578,0.0
19244.913637806436,0.0
19244.785635267104,0.0
19244.882917197,0.0
19244.80898293028,0.0
19244.865172972986,0.0
19244.82246854052,0.0
19244.854923909195,0.0
19244.830257829006,0.0
20105.952791281805,0.0
18590.395878625834,0.0
19742.21913224436,0.0
18866.833459494286,0.0
19532.126570784345,0.0
19026.50380620389,0.0
19410.77710728504,0.0
19118.72939846337,0.0
19340.685657167836,0.0
19171.998900552437,0.0
19300.200835580144,0.0
19202.767364959087,0.0
19276.81680263109,0.0
19220.53923000037,0.0
19263.310185199716,0.0
19230.804259248212,0.0
19255.508762971356,0.0
26930.622632155108,0.0
40334.26943171723,0.0
39658.054931283354,0.0
36058.659346674765,0.0
32633.357804697174,0.0
30392.52860683282,0.0
24682.81824677318,0.0
14052.98552808083,0.0
0.0,0.0
3887.98177798582,0.0
19472.2941561715,0.0
19071.976441309656,0.0
38448.19434591432,0.0
43098.48664301943,0.0
34224.262453068965,0.0
27481.38417897169,0.0
22620.790932603333,0.0
15675.262005489587,0.0
11381.352799755183,0.0
6862.6686195907305,0.0
0.0,0.0
16785.79926071802,0.0
21113.712561854303,0.0
17824.49845299073,0.0
20324.301175727047,0.0
18424.45110644745,0.0
19868.337159099938,0.0
21113.36859049376,0.0
23265.101865984536,0.0
24747.614020409754,0.0
23621.86538821129,0.0
15918.30230495942,0.0
4491.686764889774,0.0
15132.875765128667,0.0
22369.934418502206,0.0
16869.769841938327,0.0
21049.89492012687,0.0
27130.395546980875,0.0
28439.57381035265,0.0
26521.291308921725,0.0
22154.319500972055,0.0
17033.63717926124,0.0
16536.701794117238,0.0
15829.572774702836,0.0
12841.564532023429,0.0
24111.330955662186,0.0
15546.308473696738,0.0
22055.725559990475,0.0
17108.568574407236,0.0
20868.407883450498,0.0
18010.930008577627,0.0
20182.613193480996,0.0
18532.133972954438,0.0
19786.49818055462,0.0
18833.181382778486,0.0
19557.702149088345,0.0
19007.066366692856,0.0
19425.549561313426,0.0
19107.502333401793,0.0
19349.21822661463,0.0
19165.514147772876,0.0
19305.129247692614,0.0
19199.02177175361,0.0
19279.66345346725,0.0
19218.37577536489,0.0
19264.95441072268,0.0
19229.554647850764,0.0
19256.45846763342,0.0
19236.011564598597,0.0
19251.55121090507,0.0
19239.74107971215,0.0
19248.716779418763,0.0
19241.895247641736,0.0
19247.079611792273,0.0
19243.139495037867,0.0
19246.13398377122,0.0
19243.858172333872,0.0
19245.587789026256,0.0
19244.27328034004,0.0
19245.272306941562,0.0
19244.51304672441,0.0
19245.090084489442,0.0
19244.651535788023,0.0
19244.984832801103,0.0
19244.731527071155,0.0
19244.924039425918,0.0
19244.7777300363,0.0
19244.888925172407,0.0
19244.804416868967,0.0
19244.868643179576,0.0
19244.819831183515,0.0
19244.856928300524,0.0
19244.8287344916,0.0
19244.85016178638,0.0
19244.833877042354,0.0
19244.84625344781,0.0
19244.83684737966,0.0
19244.843995991454,0.0
19244.838563046495,0.0
19244.842692084654,0.0
19244.83955401566,0.0
19244.841938948095,0.0
19244.840126399446,0.0
21422.850638252094,0.0
17589.55351492841,0.0
20502.859328654402,0.0
18288.746910222653,0.0
19971.47234823078,0.0
19837.246924812876,0.0
29227.950289000128,0.0
22042.256387810026,0.0
18226.369299713122,0.0
19492.048287498495,0.0
21385.099597346933,0.0
20587.279611803973,0.0
14328.873246317777,0.0
3406.4095226212066,0.0
7892.6459057305265,0.0
27872.5091116448,0.0
39334.45176718173,0.0
43311.18842412362,0.0
43311.18842412362,0.0
43311.18842412362,0.0
27185.694201394097,0.0
11574.03844817116,0.0
0.0,0.0
0.0,0.0
0.0,0.0
0.0,0.0
3485.3695948533723,0.0
22589.408552665438,0.0
16702.969499974268,0.0
37879.632679993825,0.0
42962.03184319852,0.0
37659.87614020424,0.0
26744.198058843584,0.0
13612.70516705486,0.0
0.0,0.0
0.0,0.0
0.0,0.0
0.0,0.0
4525.141248309218,0.0
20604.50042786973,0.0
21663.52036015937,0.0
39070.164886438244,0.0
43247.75957274518,0.0
38475.123147706916,0.0
38475.123147706916,0.0
38475.123147706916,0.0
38475.123147706916,0.0
31744.377661986007,0.0
16846.405119756582,0.0
16846.405119756582,0.0
11460.649463632843,0.0
17374.904117806127,0.0
29044.006753574973,0.0
40205.41788271631,0.0
43311.18842412362,0.0
30217.89245276486,0.0
22949.045289762773,0.0
8419.901528543754,0.0
8419.901528543754,0.0
8419.901528543754,0.0
5911.733482819289,0.0
186.1831762505064,0.0
186.1831762505064,0.0
5774.00956553508,0.0
19859.174022660696,0.0
36649.21978631372,0.0
42666.73274871529,0.0
30128.627424547914,0.0
19692.294200321005,0.0
10643.39875261624,0.0
5773.4928334917795,0.0
5.630835953441504e-14,0.0
5.630835953441504e-14,0.0
5.630835953441504e-14,0.0
0.0,0.0
11897.684717594275,0.0
29437.921181945378,0.0
40936.02108366689,0.0
41039.554614680266,0.0
41039.554614680266,0.0
41039.554614680266,0.0
29151.57514541306,0.0
16182.731527199901,0.0
9029.300403560312,0.0
3391.4681375922705,0.0
0.0,0.0
19238.610872698573,0.0
19249.575736749084,0.0
19241.242440070695,0.0
19247.57574554627,0.0
19242.762433384833,0.0
19246.420550627525,0.0
19243.640381523077,0.0
19245.753310042455,0.0
19244.14748436773,0.0
19245.367911880523,0.0
19244.440386970797,0.0
19245.145305902195,0.0
19244.609567514326,0.0
19245.016728689112,0.0
19244.707286196273,0.0
19244.94246249083,0.0
19244.763728506965,0.0
19244.8995663347,0.0
23347.99437484772,0.0
24523.66922918006,0.0
25049.87115657192,0.0
23146.88255505045,0.0
16279.289258161658,0.0
9643.764178247759,0.0
20103.261240475582,0.0
18592.441457238558,0.0
19740.664492498698,0.0
38608.67947819969,0.0
43137.00307476792,0.0
43137.00307476792,0.0
43137.00307476792,0.0
34107.50454669475,0.0
23784.59389658462,0.0
15334.389336916322,0.0
5299.67588363717,0.0
0.0,0.0
6597.044210512681,0.0
25135.05695595098,0.0
14768.276713477248,0.0
37415.30641123454,0.0
42850.59353869628,0.0
36870.284410651766,0.0
22656.60289752012,0.0
12828.066618160385,0.0
7971.8667697134315,0.0
5089.829354714161,0.0
2278.8595218501227,0.0
0.0,0.0
6492.318621992544,0.0
28936.757847285662,0.0
11878.984036062893,0.0
24842.892132592206,0.0
14990.32197922992,0.0
22478.27529578526,0.0
16787.4307752032,0.0
21112.47261084556,0.0
17825.440815757374,0.0
20323.584980024396,0.0
18424.995415181456,0.0
19867.92348446209,0.0
18771.29815180881,0.0
19604.7334046253,0.0
18971.322612484768,0.0
19452.71481451157,0.0
19086.856740971205,0.0
19364.908876861875,0.0
19153.58925358497,0.0
19314.192167275418,0.0
19192.13395287068,0.0
19284.898195818285,0.0
19214.3973711781,0.0
15022.596641157572,0.0
22453.74655272024,0.0
16806.072619932616,0.0
21098.304808851208,0.0
38934.513154124295,0.0
43215.203156989824,0.0
43215.203156989824,0.0
43215.203156989824,0.0
33876.268686086674,0.0
18490.954824544056,0.0
18490.954824544056,0.0
0.0,0.0
0.0,0.0
295.06650909506897,0.0
12497.69315985146,0.0
26692.632971627085,0.0
39279.698983672824,0.0
41445.8484888629,0.0
30978.519832703278,0.0
19027.85745092172,0.0
12884.530578226826,0.0
9025.948166767683,0.0
4207.985118235698,0.0
977.1953425422381,0.0
0.0,0.0
16610.23891261686,0.0
21247.13842641118,0.0
17723.094795927507,0.0
38124.462751022606,0.0
43020.79106024542,0.0
43069.56653808852,0.0
40317.376207688845,0.0
32607.765959840664,0.0
24949.953705468466,0.0
15997.341065807901,0.0
3848.9883841047927,0.0
0.0,0.0
9065.632398320415,0.0
25808.51518749146,0.0
21341.475056143223,0.0
34320.26630016748,0.0
36887.884767384414,0.0
31112.673301541985,0.0
23364.3819880899,0.0
16113.989689051676,0.0
14253.779070009723,0.0
15461.919739012283,0.0
20426.93781385983,0.0
18346.447261466536,0.0
19927.620081285437,0.0
18725.92873822307,0.0
19639.214158950468,0.0
18945.11723919764,0.0
19472.63089820979,0.0
19071.720517360558,0.0
19376.412406805972,0.0
19144.84657082746,0.0
19320.836606171128,0.0
19187.084179309935,0.0
19288.736023724443,0.0
19211.480621969415,0.0
19270.194727303242,0.0
19225.57200724954,0.0
19259.485274490347,0.0
19233.71119138733,0.0
19253.299494545627,0.0
19238.412384145315,0.0
19249.726588049554,0.0
19241.127793082334,0.0
19247.662877257422,0.0
19242.696213284355,0.0
19246.470877903885,0.0
19243.602132793054,0.0
19245.782379077278,0.0
19244.125391901263,0.0
19245.384702155043,0.0
19244.42762636216,0.0
19245.155003964755,0.0
19244.602196986787,0.0
19245.02233029004,0.0
19244.703028979566,0.0
19244.945697975523,0.0
19244.761269538605,0.0
19244.901435150663,0.0
19244.794909285494,0.0
19244.875868943018,0.0
19244.814339603305,0.0
19244.861101901482,0.0
19244.825562554874,0.0
19244.85257245829,0.0
19244.8320449317,0.0
19244.84764585191,0.0
19244.83578915254,0.0
19244.844800244067,0.0
19244.837951814505,0.0
19244.843156620973,0.0
19244.839200968057,0.0
19244.84220726427,0.0
19244.839922479154,0.0
19244.841658915844,0.0
19244.840339223952,0.0
24593.704957500624,0.0
23675.17719955838,0.0
19936.530454392112,0.0
18719.15685466199,0.0
20720.373565927657,0.0
19817.115941365428,0.0
13037.037130750845,0.0
3865.1141273166472,0.0
12761.572864178737,0.0
24172.124623224157,0.0
15500.105286349639,0.0
26122.562369345356,0.0
35865.06910295809,0.0
33666.95721875059,0.0
27526.470476716808,0.0
21289.220187275994,0.0
17691.112657670245,0.0
13004.860057681117,0.0
9315.822710715365,0.0
5956.0384565653,0.0
17411.17972058205,0.0
20638.42341235764,0.0
18185.7182066082,0.0
37921.545475482446,0.0
42972.09091411579,0.0
43311.18842412362,0.0
33676.87729474362,0.0
21997.599803754707,0.0
10779.418500676913,0.0
9494.369181102158,0.0
0.0,0.0
0.0,0.0
14429.36708937297,0.0
22904.60101207654,0.0
16463.423230821834,0.0
21358.7183445754,0.0
38997.0124026981,0.0
43230.202976647546,0.0
41623.2923513898,0.0
37906.11090221296,0.0
35186.6387701465,0.0
28277.794491261575,0.0
14407.871653846274,0.0
0.0,0.0
6132.80071005605,0.0
20224.179839792378,0.0
18500.543321757796,0.0
38311.05039722187,0.0
43065.57209533325,0.0
39180.28584124907,0.0
35738.66126344874,0.0
33252.15887108883,0.0
26399.86419422848,0.0
19975.379628269002,0.0
9270.135147393887,0.0
0.0,0.0
13658.295918222799,0.0
23490.61510215067,0.0
16018.052522365491,0.0
21697.200083002226,0.0
17381.04793691831,0.0
21729.802325556608,0.0
22490.622335026004,0.0
21063.194266055856,0.0
18543.70330511671,0.0
14902.266841093005,0.0
11331.15908163038,0.0
11199.17226304142,0.0
25359.54908008852,0.0
14597.662699132718,0.0
22776.69634865913,0.0
16560.63077501906,0.0
21284.84061098551,0.0
24301.573252520004,0.0
26226.973542630018,0.0
26942.88166443461,0.0
26282.93566960441,0.0
23042.23947262655,0.0
16358.818000803823,0.0
8713.564630995881,0.0
12748.069950573661,0.0
21604.676805634772,0.0
22270.88832124038,0.0
39215.93319709769,0.0
43282.743967303446,0.0
43282.743967303446,0.0
32876.71581675326,0.0
24918.470247219862,0.0
17458.407573347922,0.0
13655.019731016473,0.0
6589.191397855467,0.0
0.0,0.0
18142.416197661554,0.0
20082.68368977722,0.0
18608.080395769313,0.0
19728.77889921532,0.0
31427.898003269227,0.0
37388.62533426816,0.0
37126.48635720746,0.0
35909.4092604393,0.0
30869.319016343365,0.0
19442.204437215056,0.0
7125.146722661189,0.0
0.0,0.0
10181.126934642729,0.0
26133.263529671523,0.0
14009.639717449634,0.0
23223.593814738273,0.0
19835.619623988056,0.0
25852.252698505126,0.0
24345.254099577465,0.0
21675.06021217314,0.0
17397.874238748413,0.0
12087.333473450095,0.0
7812.067978491217,0.0
9296.789839407807,0.0
26805.35972205006,0.0
13498.84661124195,0.0
23611.79657545612,0.0
26574.291867575186,0.0
40248.75004821804,0.0
43311.18842412362,0.0
43311.18842412362,0.0
43311.18842412362,0.0
38982.06145722527,0.0
31604.350986066464,0.0
16698.95740600409,0.0
0.0,0.0
3957.062627422788,0.0
18073.35566277352,0.0
20135.169696292123,0.0
38703.360727110114,0.0
43159.72657450642,0.0
43159.72657450642,0.0
37124.32998890862,0.0
30129.98582095974,0.0
22511.21766114491,0.0
12224.584262630515,0.0
-1.1261671906883008e-13,0.0
0.0,0.0
11674.863528326268,0.0
24998.02371847203,0.0
14872.421973961254,0.0
22567.879299789445,0.0
17226.80223504742,0.0
20778.550301363957,0.0
18558.291923587796,0.0
19766.618138073278,0.0
22062.59965603901,0.0
22077.48768445104,0.0
17092.029359817207,0.0
14097.36638006891,0.0
23156.921551147625,0.0
16271.659621127805,0.0
21504.458687942864,0.0
17527.53139716342,0.0
24453.583882773633,0.0
20057.576997646578,0.0
18424.910359210826,0.0
19867.988126999764,0.0
18771.24902348018,0.0
19604.77074215506,0.0
19673.476990681924,0.0
17441.003165887785,0.0
20615.757593925282,0.0
18202.944228616787,0.0
20036.68238625124,0.0
18643.04138644907,0.0
23244.615849446724,0.0
23713.05932299848,0.0
22303.984900868207,0.0
20611.454190586453,0.0
19952.572569319265,0.0
18706.964847317362,0.0
13660.993872590689,0.0
6457.116995565487,0.0
18172.56703552491,0.0
20059.769053001066,0.0
18625.49551971919,0.0
19715.54340501342,0.0
31975.231105097606,0.0
39050.88784447265,0.0
40808.03080130127,0.0
36979.61080091789,0.0
30115.9722803356,0.0
18115.352988674735,0.0
7312.180482221227,0.0
0.0,0.0
8806.475161712851,0.0
26115.95730144427,0.0
14022.79245090235,0.0
23213.597737314216,0.0
34187.18479600841,0.0
34535.30864955701,0.0
30553.510838801252,0.0
27181.4850406237,0.0
23319.85913603346,0.0
16147.827056614573,0.0
6977.447935813025,0.0
2909.330035519244,0.0
19706.130322004035,0.0
18894.260955276928,0.0
19511.281673989528,0.0
38553.627601757486,0.0
43123.790624421796,0.0
43123.790624421796,0.0
43123.790624421796,0.0
26183.63383295869,0.0
26183.63383295869,0.0
15281.182532679817,0.0
1.6983749169543732e-12,0.0
0.0,0.0
17335.328887113857,0.0
20696.070045793465,0.0
18141.906765196967,0.0
20083.070858450308,0.0
28346.32720791563,0.0
28147.705588173878,0.0
24399.90860385674,0.0
23689.14631864376,0.0
22301.569376142652,0.0
16921.727274131583,0.0
9053.422129411001,0.0
99.73889883559958,0.0
13182.713013375105,0.0
23852.058109834914,0.0
15743.355836525468,0.0
37649.325400766116,0.0
42906.758096183854,0.0
42361.95691159593,0.0
37083.574278423555,0.0
30996.909185983586,0.0
23099.20174199181,0.0
13198.313144292335,0.0
-1.3422178785033126e-27,0.0
0.0,0.0
0.0,0.0
9362.145933574473,0.0
24509.839821966503,0.0
15243.441735305461,0.0
22285.904281167852,0.0
20309.925905991822,0.0
20795.82067118957,0.0
21231.459896069304,0.0
20858.08237526856,0.0
18018.777394795896,0.0
12677.466373558242,0.0
10292.311154655088,0.0
24939.88363554158,0.0
14916.608436988396,0.0
22534.297587888814,0.0
16744.853833204503,0.0
21144.83108676457,0.0
17800.84837405892,0.0
20342.275235715213,0.0
21144.211987514947,0.0
21417.80013038283,0.0
21470.8607422413,0.0
17553.06583589661,0.0
13416.85504636316,0.0
23674.110164764,0.0
15878.596274779364,0.0
21803.18683116768,0.0
30021.542493831865,0.0
41076.09019851964,0.0
40601.317438442995,0.0
39098.48481238264,0.0
35818.7400840697,0.0
30169.226568713035,0.0
21280.415264276377,0.0
9853.113730982685,0.0
1.8109916360232056e-12,0.0
6191.309895619231,0.0
21468.119762354618,0.0
17555.148980610487,0.0
20529.00677473603,0.0
20943.16417721424,0.0
24646.999049668513,0.0
25170.17065456774,0.0
21638.42826765011,0.0
17425.714516585915,0.0
13294.572770528268,0.0
11336.386302162564,0.0
11514.47711939204,0.0
25119.917389262053,0.0
14779.782784160841,0.0
22638.28508403776,0.0
16665.823336131307,0.0
23911.428511365008,0.0
32210.70833846713,0.0
36256.191955296126,0.0
37377.59708539982,0.0
34473.7331771539,0.0
26269.313305271186,0.0
13023.797582650519,0.0
0.0,0.0
5276.376341548573,0.0
18129.71364330785,0.0
21976.42111852603,0.0
39145.26106844625,0.0
43265.78265642709,0.0
43265.78265642709,0.0
39539.302718396066,0.0
31455.880810505863,0.0
28278.187305480707,0.0
14985.069189797481,0.0
14985.069189797481,0.0
0.0,0.0
1846.2168691374973,0.0
17647.284996901817,0.0
20458.98340235462,0.0
37802.025565363336,0.0
42943.406135687204,0.0
43311.18842412362,0.0
37461.05587524956,0.0
31965.66236873926,0.0
25986.297377981755,0.0
25986.297377981755,0.0
13746.646050196328,0.0
0.0,0.0
9422.747248279939,0.0
26709.63209130724,0.0
13571.599610606492,0.0
23556.50429593906,0.0
15967.976735086317,0.0
21735.2576813344,0.0
17352.12416218586,0.0
21318.81265547378,0.0
22123.91056498986,0.0
19781.340010042648,0.0
14973.104429053383,0.0
14602.341293540076,0.0
22773.140616909543,0.0
16563.333131148753,0.0
21282.786820326943,0.0
17696.002016551527,0.0
38117.96048397237,0.0
43019.230516153366,0.0
39769.97230693028,0.0
34951.771292836085,0.0
32912.01355677238,0.0
32912.01355677238,0.0
16858.107540435172,0.0
0.0,0.0
3449.919591642505,0.0
17288.709285297726,0.0
20731.500943173727,0.0
31408.979245297385,0.0
41409.075018871365,0.0
43311.18842412362,0.0
38251.872809814064,0.0
30140.52955047732,0.0
21424.475174145377,0.0
18108.17121172487,0.0
8319.177554675338,0.0
0.0,0.0
9406.74496620469,0.0
26721.79382568443,0.0
13562.356692479829,0.0
23563.52891371533,0.0
31636.29802237324,0.0
33118.53856929096,0.0
30996.043276686487,0.0
25675.518231672653,0.0
14357.526143928782,0.0
4622.656782790103,0.0
1737.7369223754854,0.0
8020.281171783656,0.0
27775.50630944442,0.0
12761.535204822236,0.0
24172.1532443351,0.0
15500.083534305328,0.0
22090.85651392795,0.0
17081.86904941476,0.0
20888.69952244478,0.0
17995.508362941975,0.0
20194.333644164093,0.0
18523.226430435287,0.0
19793.26791286918,0.0
18828.036386219417,0.0
19561.61234647324,0.0
19004.094616680337,0.0
19427.808091322942,0.0
19105.78585059456,0.0
19350.52275354813,0.0
35347.8972862224,0.0
39573.840319000396,0.0
38202.685694791035,0.0
31599.52316826653,0.0
21783.524959743274,0.0
8856.79695139462,0.0
0.0,0.0
11329.476657806395,0.0
25260.517740067135,0.0
14672.926517548975,0.0
22719.495846662776,0.0
37896.79155605743,0.0
37711.1667440234,0.0
30780.90979192598,0.0
24991.083207465537,0.0
20291.166616200684,0.0
16332.628759026067,0.0
9337.76779860597,0.0
5450.864182644087,0.0
25350.51261725377,0.0
14604.53041088713,0.0
22771.47688772578,0.0
16564.597565328404,0.0
37846.42341567881,0.0
42954.06161976291,0.0
42954.06161976291,0.0
34711.644125305356,0.0
21109.847041109842,0.0
4652.644396963423,0.0
1288.1188648323152,0.0
0.0,0.0
2628.044593084249,0.0
18241.290122593462,0.0
20007.53950682896,0.0
38672.72948163896,0.0
43152.37507559334,0.0
43152.37507559334,0.0
35388.2814570595,0.0
20894.246039330654,0.0
20894.246039330654,0.0
20894.246039330654,0.0
20634.479952805254,0.0
0.0,0.0
3364.8570785915513,0.0
25178.698397649758,0.0
14735.109217786188,0.0
23014.082336405838,0.0
39394.2997607374,0.0
43311.18842412362,0.0
43254.99085468507,0.0
31211.86156558699,0.0
19174.864361704404,0.0
10437.59214257082,0.0
4851.271918684688,0.0
0.0,0.0
19156.88096908849,0.0
19311.69046349274,0.0
19194.035247745513,0.0
19283.45321171341,0.0
20561.339131066517,0.0
33835.166491836564,0.0
36351.30919957958,0.0
32497.412827044744,0.0
23911.7768847544,0.0
11581.422507712718,0.0
2715.3108948555546,0.0
5214.280848238441,0.0
29908.06655533878,0.0
11140.789417942524,0.0
25403.920042363683,0.0
14563.9407678036,0.0
22802.32501646926,0.0
16541.152987483358,0.0
21299.64372951264,0.0
17683.19076557039,0.0
20431.6950181665,0.0
18342.831786193463,0.0
19930.367842492968,0.0
18723.840439705342,0.0
19640.80126582394,0.0
18943.911037973794,0.0
19473.54761113991,0.0
19071.023815533666,0.0
19376.94190019441,0.0
38298.640153596854,0.0
41263.42158185325,0.0
37271.31146456474,0.0
29231.256214714154,0.0
17925.034928909172,0.0
5967.363205046596,0.0
0.0,0.0
10487.31277853525,0.0
25900.562288313213,0.0
14186.49266088196,0.0
23089.18557772971,0.0
27586.869408426403,0.0
26493.27173725547,0.0
26295.61351384636,0.0
25317.595681766616,0.0
22284.105095119314,0.0
16935.00012770932,0.0
11074.395868454796,0.0
4613.729033414202,0.0
13783.070493263749,0.0
23395.786425119546,0.0
16090.122316909146,0.0
21642.427039149054,0.0
28952.360787130176,0.0
26697.91448182739,0.0
27558.359065752615,0.0
26883.301169736063,0.0
23238.630883317273,0.0
16209.560528678876,0.0
8988.895354661632,0.0
1032.007654797565,0.0
9584.026540845765,0.0
22632.77256359705,0.0
16670.012851666248,0.0
21201.710232733643,0.0
28319.7530105623,0.0
30696.315753677147,0.0
30022.078763743248,0.0
24537.746476761273,0.0
15222.232677661432,0.0
10608.47058597032,0.0
9021.354182936419,0.0
7787.116862131002,0.0
27952.71118478044,0.0
12626.859499566863,0.0
24274.50678032918,0.0
15422.294846949822,0.0
22149.975916318133,0.0
17036.93830359822,0.0
20922.84688926535,0.0
17969.556364158336,0.0
20214.057163239657,0.0
18508.236555937863,0.0
19804.660217487224,0.0
18819.378234709704,0.0
19568.19254162062,0.0
18999.093668368325,0.0
19431.60881204008,0.0
19102.897302849546,0.0
19352.718049834344,0.0
23086.32680010848,0.0
26985.953607834083,0.0
25360.923069979002,0.0
21781.48398715819,0.0
17316.99216975978,0.0
14676.825966205386,0.0
17428.16060971177,0.0
20625.517936619057,0.0
18195.52636816952,0.0
20042.319960191166,0.0
18638.756830254715,0.0
26524.473802017408,0.0
28821.215531819787,0.0
27951.213738944567,0.0
24692.51620390796,0.0
21729.819691474684,0.0
17356.25703447924,0.0
11593.398920996618,0.0
4623.067909496328,0.0
13885.970752563546,0.0
23317.582228051706,0.0
16149.557506680709,0.0
21597.25629492266,0.0
19229.79771293532,0.0
19256.273738169155,0.0
19236.15195899144,0.0
19834.18906923864,0.0
19996.92444638708,0.0
18673.25742074582,0.0
13937.893247445818,0.0
7244.524752323994,0.0
19119.429379449462,0.0
19340.153671618405,0.0
19172.403209570006,0.0
19299.893560726792,0.0
19203.000893847635,0.0
21281.56607560473,0.0
24336.843350792868,0.0
23556.50365119961,0.0
21477.775707794655,0.0
17547.810462076064,0.0
12356.823961776165,0.0
7135.6799165156635,0.0
18822.51677303464,0.0
19565.807252493672,0.0
19000.906488104807,0.0
19430.231069040346,0.0
28375.47440010265,0.0
37182.69392868013,0.0
42794.76654288323,0.0
41802.739261129274,0.0
36592.27729022258,0.0
27013.646058312126,0.0
13458.627883974157,0.0
0.0,0.0
6632.026855378513,0.0
20336.753370496037,0.0
18445.03819911986,0.0
38297.72916778876,0.0
43062.3750002693,0.0
43062.3750002693,0.0
39035.57413774718,0.0
38842.602400143776,0.0
38842.602400143776,0.0
28955.582246554113,0.0
15683.94329571729,0.0
0.0,0.0
2862.255782386896,0.0
16453.695111330497,0.0
21366.11171538882,0.0
37420.49897254788,0.0
42851.839753411485,0.0
43311.18842412362,0.0
40056.558405243675,0.0
36511.97057293015,0.0
25826.971473115915,0.0
16052.723501739323,0.0
7833.115738823341,0.0
0.0,0.0
6575.593772404851,0.0
19959.465861358156,0.0
18701.7259453678,0.0
33145.00541422149,0.0
40205.97116231114,0.0
38028.50395799525,0.0
38273.029203988706,0.0
33910.96633597729,0.0
26397.077966425073,0.0
14514.975122161846,0.0
5085.188041185768,0.0
0.0,0.0
11930.995668399555,0.0
24803.363292016336,0.0
20768.777700292743,0.0
38855.426648070264,0.0
43196.22239553686,0.0
43196.22239553686,0.0
37807.85316057971,0.0
32720.96878285888,0.0
32720.96878285888,0.0
32720.96878285888,0.0
32720.96878285888,0.0
32720.96878285888,0.0
32720.96878285888,0.0
36974.95363080358,0.0
42744.90887139285,0.0
42744.90887139285,0.0
41130.79169573969,0.0
41130.79169573969,0.0
23714.45098391164,0.0
3648.096804255707,0.0
3648.096804255707,0.0
3648.096804255707,0.0
3438.377335083902,0.0
0.0,0.0
0.0,0.0
3332.07817452269,0.0
8361.779889937132,0.0
8361.779889937132,0.0
8361.779889937132,0.0
8361.779889937132,0.0
0.0,0.0
0.0,0.0
0.0,0.0
0.0,0.0
0.0,0.0
0.0,0.0
0.0,0.0
10797.102509566534,0.0
22780.30092108371,0.0
30308.1316572876,0.0
27805.924746437602,0.0
27805.924746437602,0.0
26590.59318296726,0.0
22309.161045939873,0.0
15223.29889578723,0.0
6152.896066530894,0.0
6152.896066530894,0.0
0.0,0.0
3040.6351643016205,0.0
15229.622888784761,0.0
29492.020782962554,0.0
40180.40503663571,0.0
43311.18842412362,0.0
42677.61502160914,0.0
40572.3114858897,0.0
35430.949551555765,0.0
28527.36582784781,0.0
16822.35496871491,0.0
16822.35496871491,0.0
0.0,0.0
819.2458396391187,0.0
11189.617519094709,0.0
23129.99530612352,0.0
34112.5331692643,0.0
39020.431983680406,0.0
40353.21616056832,0.0
42745.90004725449,0.0
36702.74339329825,0.0
27523.63668839891,0.0
19190.731322949592,0.0
9700.033442454522,0.0
0.0,0.0
6919.889237011418,0.0
19549.31868466055,0.0
34410.51240326578,0.0
42129.44297678377,0.0
42129.44297678377,0.0
42129.44297678377,0.0
41083.26856847226,0.0
41083.26856847226,0.0
41083.26856847226,0.0
41083.26856847226,0.0
41083.26856847226,0.0
27349.210867419213,0.0
27349.210867419213,0.0
34207.560378498085,0.0
40767.89638983202,0.0
43311.18842412362,0.0
43311.18842412362,0.0
43012.627083930995,0.0
40630.51635553903,0.0
37500.24389569455,0.0
35505.62354225868,0.0
34062.47457344965,0.0
29671.001657673078,0.0
24187.173183775154,0.0
24187.173183775154,0.0
24187.173183775154,0.0
24187.173183775154,0.0
24187.173183775154,0.0
24187.173183775154,0.0
20187.518009640025,0.0
15133.747335293676,0.0
12875.816360055956,0.0
12875.816360055956,0.0
12875.816360055956,0.0
10892.601160965472,0.0
9772.672844911314,0.0
9772.672844911314,0.0
10732.542481144828,0.0
13430.54285988839,0.0
13430.54285988839,0.0
13430.54285988839,0.0
13430.54285988839,0.0
13430.54285988839,0.0
13430.54285988839,0.0
13430.54285988839,0.0
13430.54285988839,0.0
13430.54285988839,0.0
0.0,0.0
0.0,0.0
7581.251612714344,0.0
16924.77663562976,0.0
22741.17663687005,0.0
21107.549610566388,0.0
21107.549610566388,0.0
19640.285730570053,0.0
15260.684221785052,0.0
10497.392734145506,0.0
9843.740158494833,0.0
2.2523343813766298e-13,0.0
0.0,0.0
8602.813208824758,0.0
22084.19752696981,0.0
25999.847482603298,0.0
39504.462927571425,0.0
43311.18842412362,0.0
43311.18842412362,0.0
43311.18842412362,0.0
43311.18842412362,0.0
43311.18842412362,0.0
28398.22472967245,0.0
21218.523406055672,0.0
-2.2523343813766152e-13,0.0
0.0,0.0
7096.7837604749275,0.0
18373.547346270167,0.0
27122.784369587036,0.0
27122.784369587036,0.0
12211.864931461365,0.0
12211.864931461365,0.0
12211.864931461365,0.0
12211.864931461365,0.0
364.762759354292,0.0
364.762759354292,0.0
364.762759354292,0.0
364.762759354292,0.0
9835.700423323851,0.0
23979.832250202075,0.0
37711.64740821415,0.0
42921.71537797139,0.0
42921.71537797139,0.0
42921.71537797139,0.0
37064.356360835714,0.0
27192.32609248179,0.0
14490.86081349159,0.0
6684.674396331486,0.0
0.0,0.0
6572.072537116273,0.0
18470.97911379437,0.0
31543.56912551537,0.0
41441.376590123684,0.0
43056.97022815108,0.0
43056.97022815108,0.0
35608.262315088854,0.0
35608.262315088854,0.0
35608.262315088854,0.0
35608.262315088854,0.0
35608.262315088854,0.0
17432.17294900313,0.0
17252.4326828977,0.0
26444.16182581748,0.0
37098.28220265927,0.0
42774.50772863822,0.0
42774.50772863822,0.0
42774.50772863822,0.0
41211.888689672145,0.0
41211.888689672145,0.0
41211.888689672145,0.0
41211.888689672145,0.0
41211.888689672145,0.0
23522.391444917765,0.0
23422.690571372535,0.0
30000.74489872389,0.0
39012.711405544585,0.0
43233.9707373307,0.0
35752.06834234368,0.0
35742.63743115267,0.0
14598.455336056622,0.0
14512.96620842632,0.0
14512.96620842632,0.0
14512.96620842632,0.0
0.0,0.0
0.0,0.0
0.0,0.0
11188.300920063914,0.0
25367.811300751426,0.0
39334.45176718178,0.0
43311.188424123626,0.0
30154.55659187182,0.0
13456.385458418348,0.0
760.5484643198226,0.0
760.5484643198226,0.0
760.5484643198226,0.0
760.5484643198226,0.0
0.0,0.0
18836.98398252804,0.0
19554.812173278686,0.0
19009.262748308196,0.0
19423.880311285764,0.0
19108.770963422816,0.0
19348.25406779866,0.0
19166.246908473015,0.0
19304.5723495605,0.0
19199.44501433402,0.0
19279.341789106144,0.0
19218.620240279328,0.0
19264.76861738771,0.0
19229.695850785338,0.0
19256.35115340314,0.0
19236.09312341361,0.0
19251.48922620565,0.0
19239.788188083705,0.0
27048.504319976164,0.0
31442.054072374525,0.0
29300.730657889046,0.0
24001.4397894849,0.0
15629.825759991481,0.0
8191.943360829957,0.0
8037.877920474313,0.0
26253.577674267548,0.0
13918.200967556664,0.0
23293.08726465693,0.0
16168.173678860736,0.0
25339.31534577238,0.0
32646.540585997926,0.0
34987.462627175926,0.0
32143.637356553234,0.0
25305.947114709215,0.0
14638.400192820993,0.0
6089.994959764244,0.0
2770.4396500643184,0.0
14445.160863703883,0.0
22892.597743585044,0.0
16472.545714875367,0.0
37824.33097157009,0.0
42948.759433176805,0.0
42948.759433176805,0.0
37013.939720766655,0.0
26439.330713836192,0.0
15687.957973555991,0.0
4011.769292866039,0.0
871.1806020339554,0.0
871.1806020339554,0.0
0.0,0.0
8679.572755275263,0.0
20652.09248163615,0.0
28948.075648497703,0.0
40516.76022390775,0.0
43311.18842412362,0.0
43311.18842412362,0.0
38396.78760871379,0.0
31691.008546722533,0.0
23973.899943428747,0.0
12586.77605902223,0.0
2161.3556030290106,0.0
5379.134760584079,0.0
16660.835061673024,0.0
29842.582325250954,0.0
40693.11800183131,0.0
43311.18842412362,0.0
43311.18842412362,0.0
39201.34124551652,0.0
30920.196754515626,0.0
26991.971766010407,0.0
12338.493787363277,0.0
12338.493787363277,0.0
0.0,0.0
5994.043702688789,0.0
20600.540437242526,0.0
18742.19388138846,0.0
38369.04653153323,0.0
43079.491167567976,0.0
43079.491167567976,0.0
43079.491167567976,0.0
43079.491167567976,0.0
43079.491167567976,0.0
35089.8086485251,0.0
16285.45913196063,0.0
0.0,0.0
3258.5004096197063,0.0
17919.888984464487,0.0
20251.80437180699,0.0
22852.865034138053,0.0
36784.05533213386,0.0
41775.228842960714,0.0
40924.76283360729,0.0
36186.457806635444,0.0
28469.26294872652,0.0
17576.583061247144,0.0
5952.261709647419,0.0
0.0,0.0
9794.611585079647,0.0
26427.015195339467,0.0
13786.388451542,0.0
25863.433909849944,0.0
33324.86261817255,0.0
33690.63361807748,0.0
29571.216451522443,0.0
24116.601095528556,0.0
15542.303167398299,0.0
8768.795475628593,0.0
3780.13435956523,0.0
9797.695399148251,0.0
26424.671496647334,0.0
13788.169662548025,0.0
23391.911056463498,0.0
16093.067597087744,0.0
21640.188626213312,0.0
18803.363564218682,0.0
19580.3636911938,0.0
18989.843594692717,0.0
19438.63886803354,0.0
19097.554460294505,0.0
19356.778610176174,0.0
19159.768256266103,0.0
19309.496125237758,0.0
19195.7029448193,0.0
19282.185761937326,0.0
19216.45882092763,0.0
19266.41129609499,0.0
19228.447414967806,0.0
19257.29996462446,0.0
19235.372026885405,0.0
19252.037259567085,0.0
20544.619612000508,0.0
18257.00909487961,0.0
16837.93726946031,0.0
21074.08767521016,0.0
17854.613366840284,0.0
20301.413841201374,0.0
18441.845480686956,0.0
24338.935207929568,0.0
21764.394545420815,0.0
22454.840217954345,0.0
22489.76921528994,0.0
20491.87705725561,0.0
18297.09343648574,0.0
14215.538560034183,0.0
8193.091602604709,0.0
18443.70904135464,0.0
19853.701128570465,0.0
22226.771708210446,0.0
39205.34520997052,0.0
43280.20285039292,0.0
43311.18842412362,0.0
43311.18842412362,0.0
37650.25658784152,0.0
31831.502369770544,0.0
21689.70211134169,0.0
14447.734503918071,0.0
0.0,0.0
5063.513799429116,0.0
19357.639717291742,0.0
19159.113814858276,0.0
20023.38289555634,0.0
32446.445934907188,0.0
38350.003336721165,0.0
33948.937890138914,0.0
24426.556734531398,0.0
15306.73688175614,0.0
8285.039652525596,0.0
2533.917013491143,0.0
2607.645190852259,0.0
18178.113961015322,0.0
20055.55338962835,0.0
18628.699423882455,0.0
19713.108437849325,0.0
18888.95758723451,0.0
19515.31223370177,0.0
19039.28270238666,0.0
19401.06514618614,0.0
19622.88432383199,0.0
19214.361030639826,0.0
17472.771691777143,0.0
20591.61351424937,0.0
18221.29372917048,0.0
20022.736765830432,0.0
18653.64005796887,0.0
19694.153555943652,0.0
18903.36329748282,0.0
19504.363893913043,0.0
19047.60344062608,0.0
19394.741385124176,0.0
19130.916547305624,0.0
19331.423424047724,0.0
19179.038197723723,0.0
19294.850969729963,0.0
19206.83326300523,0.0
19273.726720116025,0.0
19222.88769271182,0.0
19261.52535353901,0.0
19232.160731310345,0.0
19254.477844204135,0.0
19237.516838404852,0.0
19250.40720281231,0.0
19240.61052586264,0.0
19248.05600034439,0.0
19242.397439738263,0.0
19246.697945798915,0.0
19243.429561192817,0.0
19245.91353349346,0.0
19244.02571454497,0.0
21822.692444738084,0.0
34928.074045443616,0.0
40125.950628072256,0.0
43311.18842412362,0.0
43311.18842412362,0.0
42261.06863609927,0.0
39661.60193442676,0.0
31727.757636849845,0.0
18209.156059961897,0.0
15773.716866584826,0.0
22339.163532834846,0.0
33501.175687461,0.0
41911.20216499064,0.0
40974.90492875369,0.0
40974.90492875369,0.0
26550.105766288423,0.0
18239.51067647921,0.0
18239.51067647921,0.0
18239.51067647921,0.0
18074.312083784404,0.0
0.0,0.0
376.692090881722,0.0
12779.387068253865,0.0
24158.585828127063,0.0
30793.080400933395,0.0
41177.585869117764,0.0
43311.18842412362,0.0
41203.93148243722,0.0
36471.69650091741,0.0
29179.472354849015,0.0
19620.429827858818,0.0
7647.902309691138,0.0
0.0,0.0
4286.580885835814,0.0
16755.460499607787,0.0
21136.77002029808,0.0
21089.974960979376,0.0
38932.513990635045,0.0
43214.72335775242,0.0
43214.72335775242,0.0
37916.76887167434,0.0
29595.776370488154,0.0
24986.703700518632,0.0
11589.46861543907,0.0
0.0,0.0
8620.108089586281,0.0
27319.637851914424,0.0
13107.995232545034,0.0
23908.84362326577,0.0
39334.45176718173,0.0
43311.18842412362,0.0
41025.886497293046,0.0
33321.57612238149,0.0
23678.57626793299,0.0
10974.062421989176,0.0
3221.9446377428108,0.0
2813.3775121012304,0.0
2901.666200572596,0.0
13577.539196928574,0.0
28402.03803498228,0.0
40687.40912839574,0.0
41593.964802853974,0.0
41593.964802853974,0.0
34104.26066993161,0.0
18883.501649543898,0.0
18883.501649543898,0.0
-2.2523343813766243e-13,0.0
0.0,0.0
0.0,0.0
5911.367916800741,0.0
24340.96300268616,0.0
15371.78811795852,0.0
37560.14914831004,0.0
42885.35579559441,0.0
42885.35579559441,0.0
42885.35579559441,0.0
42885.35579559441,0.0
40400.12604144981,0.0
26608.66395194809,0.0
12101.07188715578,0.0
-1.1261671906883044e-13,0.0
2753.489936497047,0.0
13996.282728695542,0.0
23408.717978107597,0.0
39334.45176718173,0.0
43311.18842412362,0.0
43311.18842412362,0.0
43311.18842412362,0.0
43311.18842412362,0.0
40407.261667870305,0.0
29747.405635324565,0.0
15870.125964798097,0.0
0.0,0.0
783.2558384952613,0.0
12881.946614021226,0.0
26500.058551155238,0.0
40205.453024787836,0.0
43311.18842412362,0.0
36277.729222513466,0.0
30714.72335362228,0.0
30519.300423699067,0.0
30519.300423699067,0.0
30519.300423699067,0.0
15612.55908533119,0.0
-3.171516395771085e-12,0.0
260.96135595294334,0.0
13850.87603714471,0.0
29978.17690620832,0.0
41065.68245749,0.0
42954.98929501703,0.0
42954.98929501703,0.0
36459.84927874073,0.0
28336.567995888527,0.0
19019.067737803343,0.0
19019.067737803343,0.0
7368.263904941322,0.0
7368.263904941322,0.0
7368.263904941322,0.0
18502.513020113678,0.0
32323.879241606137,0.0
41628.651017985474,0.0
41628.651017985474,0.0
41628.651017985474,0.0
41628.651017985474,0.0
41628.651017985474,0.0
41628.651017985474,0.0
41628.651017985474,0.0
35040.27031105329,0.0
16372.30188377721,0.0
8399.542450322613,0.0
16670.698072851646,0.0
29143.392160228173,0.0
39493.921555050554,0.0
43311.18842412362,0.0
43311.18842412362,0.0
35217.206109493294,0.0
22211.98256973913,0.0
11697.516006789376,0.0
0.0,0.0
0.0,0.0
0.0,0.0
0.0,0.0
13073.89649595835,0.0
23934.758663071654,0.0
35849.38607113388,0.0
42474.77265707212,0.0
43311.18842412362,0.0
43311.18842412362,0.0
32032.713931605005,0.0
27274.41503114827,0.0
14103.935634974136,0.0
-1.1261671906883078e-13,0.0
0.0,0.0
2295.0938629338525,0.0
19170.546489356457,0.0
19301.304668089087,0.0
38503.23312034137,0.0
43111.695948881934,0.0
42759.740594355666,0.0
36425.35706792206,0.0
30508.62915040079,0.0
20848.88781203614,0.0
13602.66921503993,0.0
5662.301749823268,0.0
0.0,0.0
9870.639785271307,0.0
26369.233763193806,0.0
13830.302339972706,0.0
23359.890221620743,0.0
16117.40343156824,0.0
26072.736950368366,0.0
27171.93124151923,0.0
25243.335728413247,0.0
21938.27518498643,0.0
17197.83085941031,0.0
12491.703121563762,0.0
7631.452687307282,0.0
21801.39003445887,0.0
17301.863573811257,0.0
20721.50368390344,0.0
18122.577200233394,0.0
35263.032919474674,0.0
39734.22668994018,0.0
38322.0107291487,0.0
32347.25463166107,0.0
24326.057297803804,0.0
15383.116453669114,0.0
8335.35055878486,0.0
1455.3517735910766,0.0
5841.77116442287,0.0
19246.38299208979,0.0
23505.436371899537,0.0
39334.45176718173,0.0
43311.18842412362,0.0
43311.18842412362,0.0
43311.18842412362,0.0
43311.18842412362,0.0
35702.27262292016,0.0
25479.313317551776,0.0
15083.434968649224,0.0
0.0,0.0
0.0,0.0
11514.299207719287,0.0
25849.36868581892,0.0
40074.76848459654,0.0
42026.02411849501,0.0
32883.37432227656,0.0
22696.861666832352,0.0
11482.632548199195,0.0
1.4731414788167095e-12,0.0
0.0,0.0
0.0,0.0
0.0,0.0
2201.2901278376435,0.0
16382.077863272103,0.0
26887.10378209185,0.0
40323.82490770204,0.0
43311.18842412362,0.0
43311.18842412362,0.0
31708.49571888513,0.0
25653.56315558966,0.0
22499.221342272922,0.0
22499.221342272922,0.0
10771.851434825758,0.0
0.0,0.0
4013.8939151666914,0.0
27717.988337329163,0.0
12805.248863629833,0.0
31741.22211628224,0.0
41488.81330790773,0.0
43311.18842412362,0.0
36147.96774943117,0.0
28787.102424649645,0.0
19132.096975866167,0.0
8696.736466755143,0.0
8696.736466755143,0.0
1.1261671906883114e-13,0.0
11302.557008807453,0.0
25280.97667330634,0.0
14657.377728287182,0.0
22731.31292650174,0.0
24666.14404608424,0.0
33959.95937667769,0.0
40148.73313251145,0.0
40728.83235340079,0.0
33181.69071739613,0.0
20840.442377714175,0.0
7690.96077397028,0.0
0.0,0.0
12700.919565498929,0.0
24218.221130220805,0.0
15465.071941032185,0.0
22117.465324815534,0.0
17061.646353140193,0.0
20904.06877161345,0.0
17983.82773357378,0.0
20203.21092248392,0.0
18516.479698912226,0.0
19798.39542882671,0.0
18824.1394740917,0.0
19564.573999690307,0.0
19001.843760235366,0.0
19429.518742221127,0.0
19104.485755911945,0.0
19351.510825506917,0.0
19163.771772614742,0.0
37282.16997467999,0.0
42818.64079392319,0.0
42557.35151164648,0.0
38831.04995884936,0.0
31509.604924512936,0.0
18642.50222557139,0.0
6402.639154042227,0.0
9540.326293170749,0.0
20942.853699633997,0.0
37571.988505369176,0.0
42888.1972412886,0.0
43294.60743098362,0.0
43294.60743098362,0.0
30447.19283503234,0.0
18567.9908970709,0.0
13149.747762107521,0.0
13149.747762107521,0.0
13149.747762107521,0.0
0.0,0.0
3332.1140384886403,0.0
17668.25736628197,0.0
20443.0444016257,0.0
18334.20625476447,0.0
28353.526730220914,0.0
34716.109365221826,0.0
34445.989718602985,0.0
29351.97725119166,0.0
23167.687960085703,0.0
16263.47715033487,0.0
8268.707249455734,0.0
3291.305535075335,0.0
21501.112629434676,0.0
17530.074401629645,0.0
20548.063454761465,0.0
18254.391774381293,0.0
19997.58225147022,0.0
18672.757488882635,0.0
19679.62430844919,0.0
18914.40552557861,0.0
19495.97180056025,0.0
19053.981431574208,0.0
19389.894112003603,0.0
19134.600474877258,0.0
19328.623639093283,0.0
19181.1660342891,0.0
19293.233813940275,0.0
19208.062301405385,0.0
19272.792650931908,0.0
19223.597585291747,0.0
20014.48310076253,0.0
20978.29457276371,0.0
20607.065564225613,0.0
18209.550171188534,0.0
14447.833242317805,0.0
11807.12118860223,0.0
24897.507896662308,0.0
14948.81399853664,0.0
22509.82136111215,0.0
17779.856839009197,0.0
38138.0856413622,0.0
42096.201102501705,0.0
33654.7130570791,0.0
20091.11270094932,0.0
8459.489449095681,0.0
2089.888011795665,0.0
0.0,0.0
1395.2614915407376,0.0
17028.191585051158,0.0
20929.49439536112,0.0
36515.375598102095,0.0
42634.6101435445,0.0
43311.18842412362,0.0
43311.18842412362,0.0
37048.6413798665,0.0
37048.6413798665,0.0
37048.6413798665,0.0
29702.399155517884,0.0
17275.074886510367,0.0
0.0,0.0
26.650697053992502,0.0
13172.340652413204,0.0
28563.722263589454,0.0
40726.21334326147,0.0
40726.21334326147,0.0
40561.69692678028,0.0
38830.80257175506,0.0
25151.35668895175,0.0
25151.35668895175,0.0
20537.312606019346,0.0
20537.312606019346,0.0
20537.312606019346,0.0
20537.312606019346,0.0
26139.468633860848,0.0
36504.229512737584,0.0
42631.93508305701,0.0
42631.93508305701,0.0
42541.96247576724,0.0
42541.96247576724,0.0
42541.96247576724,0.0
42541.96247576724,0.0
42541.96247576724,0.0
42127.89932872783,0.0
31003.73408029493,0.0
23322.628164081885,0.0
28069.15998734375,0.0
36811.077382579606,0.0
42705.57857181911,0.0
42705.57857181911,0.0
42628.84672177683,0.0
24968.005512349602,0.0
20488.610505041812,0.0
20488.610505041812,0.0
20488.610505041812,0.0
19097.06070923637,0.0
15767.817717388614,0.0
15767.817717388614,0.0
23784.975096114475,0.0
35149.58594281427,0.0
42306.82062627543,0.0
42306.82062627543,0.0
42306.82062627543,0.0
36668.92139802307,0.0
33763.80879784271,0.0
29169.094105866807,0.0
22984.747942365942,0.0
12821.58583845533,0.0
0.0,0.0
2264.6276648800713,0.0
10019.448451687154,0.0
18995.310032828755,0.0
24373.321524639647,0.0
20344.337417447252,0.0
10302.79039784015,0.0
9154.010567519248,0.0
9154.010567519248,0.0
9154.010567519248,0.0
9154.010567519248,0.0
9154.010567519248,0.0
0.0,0.0
6727.442847761153,0.0
27044.464188849943,0.0
13317.127216474042,0.0
23749.90331547972,0.0
32768.3110565648,0.0
34104.1656679811,0.0
31711.608627114892,0.0
27137.72268769023,0.0
22550.920254575252,0.0
16732.22060652281,0.0
11135.883885816194,0.0
8671.412524184763,0.0
18244.578713920782,0.0
20005.040177420204,0.0
18667.089465160643,0.0
38351.02147163855,0.0
43075.16515319325,0.0
40922.79800606816,0.0
38995.139617965106,0.0
35435.25117318726,0.0
30114.564290458693,0.0
21370.23071320655,0.0
9927.785510659001,0.0
-1.1261671906883078e-13,0.0
2187.593645902624,0.0
15001.628010661416,0.0
31342.03421046186,0.0
41393.00821051085,0.0
43004.80463932866,0.0
38304.70824444532,0.0
30522.432852568134,0.0
24192.765432270597,0.0
19471.444137039853,0.0
11700.06558935176,0.0
0.0,0.0
0.0,0.0
0.0,0.0
10707.49137740056,0.0
24739.88105362315,0.0
39334.45176718173,0.0
43311.18842412362,0.0
43311.18842412362,0.0
40293.76117377822,0.0
35483.240393463886,0.0
28419.904630051635,0.0
17238.89476955395,0.0
6781.859265505575,0.0
6781.859265505575,0.0
2383.770943136828,0.0
12522.665182919669,0.0
27487.071927380373,0.0
39927.64771562224,0.0
43311.18842412362,0.0
43311.18842412362,0.0
43311.18842412362,0.0
38313.776326981344,0.0
32590.13297333841,0.0
23990.65332578703,0.0
11387.790724620929,0.0
11387.790724620929,0.0
10353.847055028458,0.0
21144.285500087182,0.0
34517.25830655424,0.0
42155.06199357302,0.0
42155.06199357302,0.0
42155.06199357302,0.0
34274.999776763405,0.0
24555.028740365615,0.0
24555.028740365615,0.0
24555.028740365615,0.0
12955.584182845258,0.0
0.0,0.0
380.31876819867017,0.0
13939.917509240173,0.0
23569.546562776024,0.0
39334.45176718173,0.0
43311.18842412362,0.0
42796.91388634689,0.0
42796.91388634689,0.0
42796.91388634689,0.0
31467.1887920614,0.0
19664.210096163995,0.0
8345.037612575205,0.0
0.0,0.0
5356.562998383715,0.0
29470.206008915877,0.0
11473.563433223939,0.0
25151.011790749802,0.0
38392.07308081232,0.0
35505.94544675082,0.0
31447.16522965791,0.0
26358.74255949565,0.0
19829.506752723344,0.0
11881.487966181743,0.0
5443.440320145532,0.0
3039.9269599377767,0.0
11116.74921231408,0.0
25422.190598641297,0.0
14550.055145032613,0.0
25970.16242105989,0.0
37078.31021745636,0.0
35869.08940794694,0.0
32814.35941744415,0.0
28122.82256133165,0.0
23164.567356240823,0.0
16265.848809256977,0.0
8584.719092570615,0.0
304.9287581301195,0.0
4694.387547177799,0.0
24870.031601346993,0.0
14969.695982976282,0.0
37463.6470359143,0.0
42862.195288619434,0.0
39747.80318266763,0.0
37722.95452086029,0.0
35425.10096671313,0.0
31118.983744889454,0.0
21073.124698023992,0.0
11510.705594677569,0.0
202.96409541208845,0.0
0.0,0.0
14947.628533910958,0.0
31752.29846439365,0.0
41491.47163145447,0.0
40876.17056393537,0.0
33166.73206722079,0.0
28391.034249151675,0.0
22985.613516505964,0.0
17538.734750633204,0.0
17538.734750633204,0.0
9040.652292192815,0.0
0.0,0.0
527.4490961291539,0.0
18497.595557272653,0.0
19812.74737647278,0.0
38625.97937035346,0.0
43141.15504888483,0.0
38225.080214651316,0.0
30764.774784835947,0.0
21371.26396939889,0.0
13151.524062082799,0.0
9882.338910906661,0.0
6554.706477582915,0.0
0.0,0.0
2940.8803143537425,0.0
18930.453761734214,0.0
35238.67128383458,0.0
42328.201108120295,0.0
43311.18842412362,0.0
30365.37614138392,0.0
18821.765704442358,0.0
12328.049123911102,0.0
10424.966729425505,0.0
10381.020475214187,0.0
7845.46786003054,0.0
0.0,0.0
1422.5779236704286,0.0
13695.771465747977,0.0
29890.24079742726,0.0
41044.577791382544,0.0
38072.45151829177,0.0
25230.985083626383,0.0
12441.571969858885,0.0
5986.268901228387,0.0
1727.7209514384438,0.0
1247.8967932949197,0.0
1084.4305679760587,0.0
4.92294504503251,0.0
2015.0061069495266,0.0
16710.193702720506,0.0
31000.52037100644,0.0
41311.04488904155,0.0
41311.04488904155,0.0
41311.04488904155,0.0
34972.07328906433,0.0
34972.07328906433,0.0
34972.07328906433,0.0
29976.446703171245,0.0
20948.71050286258,0.0
10651.939296236533,0.0
6494.55711805179,0.0
15353.810964699998,0.0
29766.795755261533,0.0
41014.95098126277,0.0
42863.102240897984,0.0
42863.102240897984,0.0
31872.395651160798,0.0
27515.995770934653,0.0
12675.03290982511,0.0
0.0,0.0
0.0,0.0
0.0,0.0
5330.615867291344,0.0
24079.492975217094,0.0
15570.50533883501,0.0
37607.841281320405,0.0
42896.80190751689,0.0
32398.34469937434,0.0
20048.260714691885,0.0
9946.030677648456,0.0
0.0,0.0
0.0,0.0
0.0,0.0
0.0,0.0
0.0,0.0
10210.611204327955,0.0
26110.85548471075,0.0
39419.934423492676,0.0
43311.18842412362,0.0
30144.770840696045,0.0
19998.186379327377,0.0
13759.313072337902,0.0
10141.75685271341,0.0
7583.030923367851,0.0
0.0,0.0
0.0,0.0
13804.905174842619,0.0
23379.19206711961,0.0
16102.734028989102,0.0
37735.576166957384,0.0
42927.45828006977,0.0
36527.813862592695,0.0
18848.157277746563,0.0
-2.2523343813766243e-13,0.0
0.0,0.0
0.0,0.0
0.0,0.0
0.0,0.0
0.0,0.0
14112.04226466563,0.0
23145.767878854116,0.0
18538.48312761102,0.0
26510.73190830594,0.0
13722.763749687476,0.0
9288.123173186123,0.0
15809.115074307052,0.0
21855.99254352664,0.0
17260.365666919755,0.0
20753.042093140986,0.0
18098.608009212858,0.0
20115.97791299823,0.0
18582.776786121343,0.0
19748.00964254777,0.0
18862.43267166369,0.0
19535.471169535595,0.0
19023.961911152943,0.0
19412.708947523755,0.0
19117.26119988194,0.0
19341.801488089724,0.0
19171.15086905181,0.0
19300.845339520623,0.0
19202.277541964326,0.0
19277.18906810711,0.0
19220.256308238597,0.0
19263.52520573866,0.0
19230.64084363861,0.0
29926.570624848908,0.0
26607.00656565712,0.0
23291.645451759257,0.0
20935.78822174758,0.0
17959.720951471838,0.0
15500.375467100312,0.0
13849.350017138517,0.0
13561.380283759992,0.0
23564.2709843424,0.0
15962.07405189978,0.0
21739.743720556162,0.0
39088.45849293349,0.0
43252.15003830402,0.0
43252.15003830402,0.0
35143.838031872205,0.0
25316.51695801101,0.0
25316.51695801101,0.0
25316.51695801101,0.0
18490.421129898645,0.0
18490.421129898645,0.0
18490.421129898645,0.0
26056.54307318452,0.0
36904.61028943171,0.0
42728.026469463606,0.0
42728.026469463606,0.0
42728.026469463606,0.0
35764.96587207201,0.0
28543.94127769056,0.0
28543.94127769056,0.0
28543.94127769056,0.0
28543.94127769056,0.0
27162.90119626345,0.0
27162.90119626345,0.0
32326.700759103784,0.0
39708.89051453672,0.0
43311.18842412362,0.0
43311.18842412362,0.0
43311.18842412362,0.0
35422.87813130702,0.0
21107.957390782485,0.0
21107.957390782485,0.0
21107.957390782485,0.0
21107.957390782485,0.0
18547.893980593562,0.0
18547.893980593562,0.0
26010.633135627988,0.0
37477.0145411434,0.0
42865.40348987441,0.0
42865.40348987441,0.0
38631.47556398752,0.0
18286.39971892776,0.0
16969.373038909693,0.0
941.2391858379708,0.0
941.2391858379708,0.0
941.2391858379709,0.0
0.0,0.0
0.0,0.0
8380.146903289397,0.0
22564.04433749398,0.0
36383.31995350977,0.0
36347.86029307593,0.0
21416.96839211963,0.0
10409.721461637739,0.0
8603.098311455053,0.0
9715.880146148638,0.0
11474.196538624517,0.0
9415.62157439018,0.0
0.0,0.0
3713.4213560310877,0.0
24181.753329689207,0.0
15492.787469436198,0.0
31990.5929273526,0.0
41548.662302564626,0.0
31656.288595342434,0.0
21140.51016851344,0.0
13501.128673039995,0.0
12349.895507559231,0.0
14627.623631456132,0.0
20706.13744429293,0.0
18134.255542337374,0.0
20088.885787823594,0.0
18603.36680125407,0.0
19732.361231046907,0.0
18874.325464404345,0.0
19526.432647052694,0.0
19030.831188239947,0.0
19407.488296937634,0.0
19121.228894327396,0.0
19338.786040311177,0.0
19464.77180981589,0.0
20238.682812722906,0.0
18489.521062330594,0.0
18808.2332164093,0.0
19576.66275552893,0.0
38569.31906132693,0.0
43127.556574718474,0.0
43127.556574718474,0.0
28663.963106160576,0.0
12947.8422702988,0.0
-1.1261671906882986e-13,0.0
-1.1261671906882986e-13,0.0
-1.1261671906882986e-13,0.0
-1.1261671906882986e-13,0.0
0.0,0.0
0.0,0.0
13909.608573689591,0.0
23299.617483995906,0.0
16163.210712163109,0.0
21586.879858756038,0.0
17464.891307345413,0.0
20597.602606417484,0.0
18216.742019122717,0.0
20026.196065466727,0.0
18651.01099024529,0.0
20998.09054102067,0.0
17309.892130616558,0.0
20715.40198073141,0.0
18127.214494644126,0.0
20094.236984070463,0.0
18599.299892106454,0.0
34530.57583523056,0.0
30852.449457882187,0.0
28907.97779903741,0.0
26793.623850634358,0.0
22894.87348590264,0.0
16470.816150713992,0.0
9791.131777002143,0.0
945.9376974349822,0.0
5796.140304806256,0.0
28779.685468229898,0.0
11998.359044145278,0.0
24752.167126449585,0.0
15059.272983898316,0.0
22425.872532237274,0.0
16827.256875499672,0.0
21082.204774620248,0.0
17848.444371288613,0.0
20306.102277820653,0.0
18438.282268856306,0.0
19857.825475669204,0.0
18778.972638491403,0.0
19598.900794746532,0.0
18975.755395992634,0.0
38425.10129503823,0.0
43092.94431080917,0.0
40435.16804053018,0.0
40435.16804053018,0.0
27475.754450590397,0.0
13964.025781871753,0.0
0.0,0.0
0.0,0.0
0.0,0.0
5282.446631250378,0.0
29856.26056024972,0.0
11180.161974210214,0.0
25373.996899600235,0.0
14586.682356303814,0.0
22785.0414092091,0.0
16554.288529001093,0.0
21289.660717959167,0.0
17690.777854351036,0.0
20425.92883069321,0.0
18347.214088673165,0.0
19927.037292608395,0.0
18726.371657617616,0.0
19638.877540210608,0.0
18945.373069439942,0.0
19472.436467225645,0.0
19071.86828490851,0.0
19376.30010346953,0.0
19144.931921363153,0.0
19320.771739763997,0.0
19187.133477779356,0.0
19288.698556887684,0.0
19211.509096765352,0.0
19270.173086458333,0.0
19225.58845429167,0.0
19259.472774738333,0.0
19233.720691198865,0.0
19253.292274688858,0.0
19238.417871236463,0.0
19249.722417860285,0.0
19241.13096242618,0.0
19247.660468556092,0.0
19242.698043897362,0.0
19246.469486638,0.0
19518.385542762986,0.0
19036.946987500127,0.0
19402.8402894999,0.0
19124.761379980067,0.0
19336.10135121514,0.0
19175.482973076487,0.0
19297.552940461865,0.0
19204.779765248975,0.0
19275.287378410776,0.0
19520.557468143674,0.0
23312.916598968946,0.0
26118.070531594956,0.0
24984.05626502152,0.0
14883.037238583644,0.0
12028.92371594759,0.0
24306.019181059677,0.0
15398.34542239465,0.0
27101.85289821508,0.0
34056.369082118516,0.0
25204.739001410246,0.0
19686.35329530742,0.0
16821.293733174294,0.0
17340.04289135609,0.0
20692.487402569364,0.0
18144.62957404728,0.0
20081.001523724062,0.0
18609.358841969715,0.0
19727.807280103014,0.0
18877.786467121703,0.0
19523.8022849875,0.0
19032.830263409494,0.0
19405.96899980878,0.0
19122.38356014532,0.0
19337.90849428955,0.0
19174.10954433994,0.0
19298.596746301642,0.0
19203.986472810742,0.0
19275.890280663833,0.0
19221.24338669548,0.0
19262.775026111438,0.0
19231.210980155305,0.0
19255.199655081964,0.0
19236.96826213771,0.0
19250.824120775334,0.0
19240.293668210743,0.0
19248.296812159835,0.0
19242.214422758523,0.0
19246.83703870352,0.0
19243.323850585326,0.0
19245.993873555148,0.0
19243.964656098087,0.0
19245.50686136545,0.0
19244.33478536226,0.0
19245.225563124677,0.0
19244.54857202524,0.0
19245.063085260816,0.0
19244.672055201776,0.0
20422.367708343238,0.0
21692.693963308906,0.0
21647.031697279548,0.0
17419.175910067544,0.0
8546.670765801107,0.0
6278.1443603864245,0.0
21066.56617435626,0.0
22263.95544700358,0.0
39214.269307280854,0.0
37127.26698696249,0.0
19124.876741515396,0.0
8018.37760518832,0.0
6740.424921761979,0.0
10369.345999138453,0.0
15030.718686081585,0.0
20192.446775198412,0.0
18524.66045084921,0.0
19792.1780573546,0.0
18828.864676410503,0.0
19560.982845928014,0.0
19004.573037094706,0.0
19427.444491808015,0.0
19106.062186225903,0.0
19350.312738468314,0.0
19164.682318764077,0.0
19305.7614377393,0.0
19198.541307318126,0.0
19280.02860643822,0.0
19218.098259106948,0.0
19265.16532307872,0.0
19229.394354460168,0.0
19256.580290610265,0.0
31517.592871033525,0.0
35589.95222301004,0.0
29436.83801958371,0.0
23269.74988353852,0.0
21018.17344744622,0.0
19721.308772265995,0.0
18882.72533307784,0.0
14106.325502255972,0.0
8039.204711681909,0.0
5588.198271959258,0.0
29517.867365823597,0.0
11437.340801974065,0.0
25178.54099049971,0.0
14735.228847220218,0.0
22672.14607611263,0.0
27097.69180955375,0.0
37170.590695998166,0.0
42791.861767039554,0.0
43311.188424123626,0.0
43311.188424123626,0.0
43311.188424123626,0.0
43311.188424123626,0.0
43311.18842412362,0.0
43311.18842412362,0.0
43311.18842412362,0.0
36898.757872359274,0.0
22361.531105311977,0.0
13150.553978780326,0.0
8547.81655066992,0.0
7165.875434097121,0.0
7165.875434097121,0.0
7165.875434097121,0.0
3809.8742748579443,0.0
2993.7805578544876,0.0
2993.7805578544876,0.0
2993.7805578544876,0.0
3379.0078487350925,0.0
3391.2998716838847,0.0
0.0,0.0
0.0,0.0
0.0,0.0
0.0,0.0
0.0,0.0
0.0,0.0
0.0,0.0
0.0,0.0
8641.726298213507,0.0
27048.515550037293,0.0
40362.56373200895,0.0
40362.56373200895,0.0
37821.088454930235,0.0
37821.088454930235,0.0
37821.088454930235,0.0
37821.088454930235,0.0
37821.088454930235,0.0
37821.088454930235,0.0
37821.088454930235,0.0
37821.088454930235,0.0
33926.3834110052,0.0
35166.120528847896,0.0
35166.120528847896,0.0
33853.55390724274,0.0
31312.90711059497,0.0
14638.219205140429,0.0
14638.219205140429,0.0
14638.219205140429,0.0
14638.219205140429,0.0
7760.140377209176,0.0
3631.141532711595,0.0
0.0,0.0
9064.145213700363,0.0
22914.03966850568,0.0
29181.838028212023,0.0
24771.46023576127,0.0
19816.34655836308,0.0
15787.5079473652,0.0
15787.5079473652,0.0
15971.799042578667,0.0
13869.251548480677,0.0
10905.657745674005,0.0
4571.493919879381,0.0
4571.493919879381,0.0
-5.630835953441504e-14,0.0
3251.8021989119234,0.0
5183.209984423913,0.0
2881.168386704098,0.0
0.0,0.0
3754.0399169720763,0.0
15461.52459400335,0.0
22120.161308557454,0.0
17059.597405496334,0.0
20905.625971822785,0.0
17982.644261414687,0.0
20204.11036132484,0.0
18515.79612539312,0.0
19798.914944701224,0.0
18823.744642027064,0.0
19564.87407205942,0.0
19001.615705234835,0.0
19429.692064021525,0.0
19467.7915112083,0.0
21328.67143523174,0.0
21546.347242590833,0.0
22932.764637401873,0.0
16653.88161262463,0.0
14139.012405215424,0.0
24191.355559335207,0.0
35180.4587115987,0.0
42314.23009078368,0.0
31634.395656244786,0.0
24488.73142724941,0.0
19711.724671956817,0.0
-8.948119190022084e-28,0.0
0.0,0.0
0.0,0.0
0.0,0.0
0.0,0.0
0.0,0.0
15858.11490550242,0.0
21818.752671818154,0.0
23490.305399860463,0.0
22368.921623759248,0.0
16870.53956594297,0.0
17019.63549525642,0.0
20935.997023605123,0.0
17959.562262060106,0.0
20221.65268083432,0.0
18502.463962565922,0.0
19809.047388449893,0.0
18816.04398477808,0.0
19570.72657156866,0.0
18997.16780560782,0.0
19433.07246773805,0.0
21827.148805307545,0.0
26388.883193597085,0.0
28005.116345792874,0.0
28022.64890772813,0.0
27047.33899209149,0.0
26905.677783069754,0.0
27393.272780770007,0.0
24244.34805935448,0.0
18553.439724218253,0.0
27241.627717375246,0.0
40408.91065217005,0.0
43311.18842412362,0.0
43311.18842412362,0.0
41061.63221367569,0.0
41061.63221367569,0.0
41061.63221367569,0.0
41061.63221367569,0.0
36190.33698065156,0.0
32363.972596069907,0.0
28691.134397803435,0.0
23684.342666699205,0.0
27009.842855902025,0.0
37008.34783919113,0.0
42752.92348140587,0.0
36681.418508227085,0.0
19999.691103057572,0.0
6589.088469446195,0.0
0.0,0.0
187.59385640026738,0.0
2878.203356286914,0.0
5597.008269013896,0.0
5091.362999237242,0.0
5538.488370359247,0.0
20255.6552760343,0.0
18476.621990213935,0.0
19828.687287437406,0.0
18801.117661547567,0.0
19582.07057722385,0.0
18988.54636130987,0.0
19439.624765404493,0.0
19096.805178292576,0.0
19357.348064497633,0.0
19159.335470981794,0.0
19309.82504205383,0.0
19195.45296803909,0.0
19282.37574429029,0.0
19216.314434339383,0.0
19266.521029902065,0.0
19228.364017274427,0.0
19257.363346871425,0.0
19235.323856377712,0.0
19252.07386915294,0.0
19239.343859443758,0.0
19249.018666822743,0.0
19241.665813214713,0.0
19247.253981956816,0.0
19243.00697371282,0.0
19246.234699978257,0.0
19243.781628016524,0.0
19245.645962707436,0.0
19244.229068342345,0.0
19245.305908059818,0.0
19244.487509874536,0.0
19245.10949249535,0.0
19244.636785703526,0.0
19244.996042865314,0.0
19244.72300742235,0.0
19244.930514359006,0.0
19244.772809087153,0.0
19244.892665093757,0.0
19244.80157452874,0.0
25723.399717131644,0.0
23613.76221844587,0.0
15924.460713981136,0.0
15575.3381881291,0.0
21112.148982341743,0.0
17825.68677342028,0.0
20323.398052200584,0.0
20408.738431457743,0.0
18360.27879209211,0.0
19551.09220113902,0.0
19012.089927134337,0.0
19421.7316553779,0.0
31578.809774610363,0.0
30636.979893248572,0.0
25044.814306132965,0.0
19043.28046019937,0.0
18516.170515436315,0.0
21363.979383417452,0.0
22784.451031064673,0.0
22660.036611464253,0.0
21077.819011970496,0.0
16914.57866241308,0.0
18132.828932000997,0.0
22358.46073805205,0.0
27600.21505333452,0.0
25529.627013163165,0.0
22385.608423845704,0.0
19882.814907673903,0.0
18009.92714953057,0.0
16274.622076322159,0.0
12747.914709372006,0.0
10267.265937160639,0.0
8046.13078410316,0.0
5932.0534095633375,0.0
15524.444662918762,0.0
22072.34205618174,0.0
27708.040298523192,0.0
27458.472480573626,0.0
26015.291871585217,0.0
26979.531083360183,0.0
25560.173412167922,0.0
22271.628451291992,0.0
16944.48237701809,0.0
14036.218170487133,0.0
8372.097069742014,0.0
3057.474203170317,0.0
14190.299287875901,0.0
23086.29254121432,0.0
16325.337668677124,0.0
21463.663371805385,0.0
17558.53583742791,0.0
20526.43276355479,0.0
18270.831099698364,0.0
19985.088364229243,0.0
18682.25284318577,0.0
19672.40783917881,0.0
18919.890042224102,0.0
19491.803567909687,0.0
19057.149288388635,0.0
19387.48654082463,0.0
19136.430228973277,0.0
25642.795280580776,0.0
28411.68866109305,0.0
31047.538833017716,0.0
33112.63159476197,0.0
33487.601726265864,0.0
30929.7044187907,0.0
25174.435604525002,0.0
10060.686744816969,0.0
0.0,0.0
8419.205235698362,0.0
24415.507212693257,0.0
22372.176432634275,0.0
19120.61102072028,0.0
15909.20410429649,0.0
21779.924880734667,0.0
17318.177090641657,0.0
20709.105411112338,0.0
18131.999887554626,0.0
20090.600085458478,0.0
18602.063935051556,0.0
19733.351409360806,0.0
18873.572928885787,0.0
19527.004574046794,0.0
19030.396523724427,0.0
19407.818641969432,0.0
19120.977832103228,0.0
19338.976847601545,0.0
19173.297595822823,0.0
19299.21382717465,0.0
19203.517491347262,0.0
19276.24670657608,0.0
19220.972503002176,0.0
19262.980897718346,0.0
19231.054517734054,0.0
19255.31856652212,0.0
19236.877889443185,0.0
19250.892804023177,0.0
19240.24146894238,0.0
19248.336483603787,0.0
19242.184272461112,0.0
19246.859952929553,0.0
19243.30643577354,0.0
19246.00710881211,0.0
19243.95459730279,0.0
19245.514506049883,0.0
19244.328975402088,0.0
19245.22997869441,0.0
19244.545216192248,0.0
19245.065635693885,0.0
19244.670116872647,0.0
19244.970711176786,0.0
19322.017785602085,0.0
19186.18648294241,0.0
19289.41827296377,0.0
19210.962112547535,0.0
19270.588794463878,0.0
19225.27251620745,0.0
19259.71288768233,0.0
19233.538205361427,0.0
19253.43096392531,0.0
19238.312467416763,0.0
19249.80252476326,0.0
19241.07008117992,0.0
19247.70673830326,0.0
19242.662878889518,0.0
29449.147441184192,0.0
39270.84320724597,0.0
39201.17209173134,0.0
34016.879879142434,0.0
36733.51529737712,0.0
42686.96367137052,0.0
43311.188424123626,0.0
41993.63579320319,0.0
36007.808060780415,0.0
34143.53800406401,0.0
34143.53800406401,0.0
34143.53800406401,0.0
31022.540982448543,0.0
27716.849626842846,0.0
15718.363517501919,0.0
15718.363517501919,0.0
22562.112779103,0.0
34659.56853666261,0.0
37695.18545184276,0.0
37641.75732136616,0.0
29323.287206696492,0.0
23775.376644972857,0.0
23775.376644972857,0.0
23775.376644972857,0.0
23775.376644972857,0.0
15790.008055432356,0.0
1549.5840223621365,0.0
1549.5840223621365,0.0
7042.2871961059545,0.0
16957.931442155976,0.0
22574.786302890363,0.0
22574.786302890363,0.0
19648.521482300886,0.0
1221.1542819981378,0.0
1221.1542819981378,0.0
1221.1542819981378,0.0
1221.1542819981378,0.0
1221.1542819981378,0.0
1221.1542819981378,0.0
1221.1542819981378,0.0
8188.396789292795,0.0
18570.35027788851,0.0
21206.13899871682,0.0
21206.13899871682,0.0
13645.963781997181,0.0
6199.265746422819,0.0
0.0,0.0
1756.0488050900296,0.0
7531.388313710768,0.0
17341.6303870281,0.0
20691.28090585864,0.0
18145.546511547436,0.0
20080.30465122394,0.0
18609.888465069802,0.0
19727.404766546948,0.0
18878.092377424317,0.0
19523.569793157516,0.0
19033.006957200283,0.0
19405.834712527787,0.0
19122.485618478888,0.0
19337.830929956042,0.0
19174.168493233406,0.0
19298.55194514261,0.0
19204.02052169161,0.0
19275.864403514373,0.0
19221.263053329072,0.0
19262.7600794699,0.0
19231.22233960287,0.0
25841.839525552743,0.0
28964.398275175652,0.0
27273.857895223297,0.0
25509.271510043647,0.0
22472.315099714324,0.0
16791.960524217113,0.0
9889.95732222268,0.0
5918.426823657273,0.0
13223.454301341395,0.0
23821.094730980538,0.0
22257.935732036807,0.0
21626.619398866475,0.0
17434.68925686148,0.0
18381.657127398397,0.0
19900.86058317721,0.0
18746.26595678532,0.0
19623.75787284315,0.0
18956.8640166392,0.0
19463.703347354203,0.0
19078.505456010804,0.0
19371.255853431787,0.0
19148.76555139184,0.0
19317.8581809422,0.0
19189.347782483925,0.0
19287.01568531221,0.0
19212.788079162714,0.0
19269.201059836334,0.0
19226.327194524387,0.0
19258.911332161468,0.0
19234.14738755728,0.0
19252.967985456464,0.0
19238.664331053085,0.0
19249.53510839965,0.0
19241.273317616262,0.0
19247.552278611634,0.0
19242.780268255156,0.0
19246.406996126076,0.0
19243.650682944182,0.0
19245.74548096242,0.0
19244.153434468564,0.0
19245.36338980389,0.0
19244.44382374904,0.0
19245.142693950726,0.0
19244.611552597453,0.0
19245.01522002594,0.0
19244.708432780284,0.0
23093.11111764972,0.0
20979.283129307867,0.0
17926.66482172603,0.0
17019.178593071705,0.0
18508.968843095103,0.0
21975.80799663417,0.0
23792.231452361786,0.0
24139.48585308214,0.0
15524.91075165757,0.0
6223.730785994426,0.0
14805.76724905704,0.0
33433.74123634857,0.0
41895.01789672366,0.0
40652.050158650854,0.0
34370.94460684098,0.0
29461.639526187475,0.0
24557.212659177156,0.0
21693.404356848296,0.0
21941.695896678153,0.0
20013.210371688423,0.0
10247.847339098933,0.0
0.0,0.0
17127.951126982236,0.0
20853.677143493493,0.0
29050.34643477209,0.0
31896.880436781164,0.0
31146.575363258187,0.0
29117.074159079217,0.0
25728.748681450466,0.0
24124.807717532552,0.0
24469.87134708823,0.0
22631.446958284792,0.0
14922.853564531948,0.0
10401.568849169715,0.0
21963.74021036675,0.0
39142.21765048802,0.0
43265.052236117124,0.0
43265.052236117124,0.0
43265.052236117124,0.0
43265.052236117124,0.0
30157.698368397556,0.0
17922.869608968467,0.0
10555.80450024232,0.0
5264.233266303277,0.0
1231.6168121104654,0.0
0.0,0.0
11339.159141537823,0.0
28184.817241673285,0.0
40635.276138001595,0.0
40635.276138001595,0.0
33770.697306633454,0.0
29289.813538261067,0.0
29289.813538261067,0.0
29289.813538261067,0.0
29289.813538261067,0.0
29289.813538261067,0.0
29289.813538261067,0.0
29289.813538261067,0.0
29331.450348867995,0.0
39981.70078083021,0.0
43311.18842412362,0.0
43311.18842412362,0.0
41419.89673444676,0.0
34686.91499050715,0.0
29170.95226518604,0.0
24578.540821339233,0.0
20308.133173295144,0.0
17301.113337258495,0.0
7541.5106475711455,0.0
0.0,0.0
11244.825561864993,0.0
25629.72754050407,0.0
30732.218762345714,0.0
16774.629153546743,0.0
8959.3647402857,0.0
2394.0584771916383,0.0
855.027770038025,0.0
1828.2671815470128,0.0
2766.734172700847,0.0
3538.764607854308,0.0
908.5724748759478,0.0
0.0,0.0
16499.91729337076,0.0
21330.982857038216,0.0
17659.37302865096,0.0
20449.796498225267,0.0
18329.074661348797,0.0
19940.823257374912,0.0
18715.894324395056,0.0
19646.84031345975,0.0
18939.321361770584,0.0
19477.03576505435,0.0
19068.37281855869,0.0
19378.956657895396,0.0
19142.912939999504,0.0
19322.306165600377,0.0
19185.967314143712,0.0
19289.584841250777,0.0
19210.8355206494,0.0
19270.685004306448,0.0
19225.199396727097,0.0
19259.7684584874,0.0
19233.495971549575,0.0
19253.463061622326,0.0
19238.28807316703,0.0
19249.821064393054,0.0
19241.055991061276,0.0
19247.717446793427,0.0
19242.654740437,0.0
19246.50239726788,0.0
19243.57817807641,0.0
19245.80058466192,0.0
19244.11155565693,0.0
19245.395217700723,0.0
19244.419634547452,0.0
19245.16107774394,0.0
19244.597580914608,0.0
19245.025838504895,0.0
19244.700362736272,0.0
19244.94772432043,0.0
19244.759729516474,0.0
19244.90260556748,0.0
25357.691047316886,0.0
28623.292065991584,0.0
30829.95118741975,0.0
32953.550170019895,0.0
32722.44135355317,0.0
31281.69205569821,0.0
28008.741687566002,0.0
22381.433200332453,0.0
25582.760794655023,0.0
38081.17599165187,0.0
43010.402237996444,0.0
43010.402237996444,0.0
43010.402237996444,0.0
43010.402237996444,0.0
43010.402237996444,0.0
43010.402237996444,0.0
43010.402237996444,0.0
43010.402237996444,0.0
43010.402237996444,0.0
43010.402237996444,0.0
41743.49200282534,0.0
43311.18842412362,0.0
43311.18842412362,0.0
42933.39252500044,0.0
42076.70318937842,0.0
36339.37080571311,0.0
36339.37080571311,0.0
36339.37080571311,0.0
36339.37080571311,0.0
29802.88281929835,0.0
21847.887580960047,0.0
21847.887580960047,0.0
21847.887580960047,0.0
26321.11749846883,0.0
26894.77235253959,0.0
26894.77235253959,0.0
26894.77235253959,0.0
26894.77235253959,0.0
26894.77235253959,0.0
26894.77235253959,0.0
27727.829000203088,0.0
28486.865520602198,0.0
28486.865520602198,0.0
28486.865520602198,0.0
28486.865520602198,0.0
34669.28509942455,0.0
42191.548423861896,0.0
35988.570831527046,0.0
25499.117655979342,0.0
14866.434416149043,0.0
11968.699836547466,0.0
13188.617575749067,0.0
14756.109107649498,0.0
15095.58099853724,0.0
7069.2556917920965,0.0
0.0,0.0
2884.4101747991313,0.0
17118.033976888142,0.0
20861.214177565005,0.0
18016.3972250506,0.0
20178.45810896154,0.0
18535.291837189234,0.0
21865.185423636754,0.0
32822.89740424726,0.0
41651.716959060635,0.0
43311.18842412362,0.0
34309.68865060348,0.0
19108.259131141655,0.0
18421.233333400913,0.0
13307.722923109684,0.0
13307.722923109684,0.0
8048.1009916617995,0.0
1589.8533383536153,0.0
0.0,0.0
0.0,0.0
0.0,0.0
0.0,0.0
0.0,0.0
0.0,0.0
0.0,0.0
3715.838982010329,0.0
14442.584901391756,0.0
16443.091767684204,0.0
10435.844376516834,0.0
6135.520495398623,0.0
7825.78838110558,0.0
17516.598004379677,0.0
20558.305516671444,0.0
18246.6078073297,0.0
20003.49806642942,0.0
18668.261469513644,0.0
19683.04128316963,0.0
18911.808624791072,0.0
19497.945445158784,0.0
19052.481461679323,0.0
19391.03408912371,0.0
19133.734092265975,0.0
19329.282089877855,0.0
19180.665611692824,0.0
19293.61413511345,0.0
19207.773257313773,0.0
19273.01232444153,0.0
19223.430633424436,0.0
19261.112718597426,0.0
19232.47433386595,0.0
19254.239506261874,0.0
19237.69797524097,0.0
19427.35887369719,0.0
19106.12725599013,0.0
19350.263285447498,0.0
19164.719903059897,0.0
19305.732873674468,0.0
19198.563016007396,0.0
19280.012107834376,0.0
19218.11079804587,0.0
19265.155793485137,0.0
19229.40159695129,0.0
19256.574786317015,0.0
19235.92316239906,0.0
19251.61839657671,0.0
19239.690018601697,0.0
19248.755585862706,0.0
19241.865754744336,0.0
19247.102026394296,0.0
19243.122459940332,0.0
19246.146930445342,0.0
19243.848332861533,0.0
19245.59526702523,0.0
19244.26759706082,0.0
19245.276626233772,0.0
19244.509764062328,0.0
19245.09257931263,0.0
19244.649639722393,0.0
19244.986273810973,0.0
19244.73043190365,0.0
19244.92487175322,0.0
19244.77709746755,0.0
19244.88940592466,0.0
19244.80405149727,0.0
19244.868920862074,0.0
19244.819620144823,0.0
25360.268076337834,0.0
38408.314213761834,0.0
29279.709919400175,0.0
17705.65960420241,0.0
11235.517688063612,0.0
12479.804671729358,0.0
18074.549413038934,0.0
23485.254843256742,0.0
28366.20243461296,0.0
25512.714984782957,0.0
22040.070415009402,0.0
25698.73036603257,0.0
39659.47465262818,0.0
43311.18842412362,0.0
43311.18842412362,0.0
40776.628305678096,0.0
31881.099530121657,0.0
31881.099530121657,0.0
31881.099530121657,0.0
31881.099530121657,0.0
31881.099530121657,0.0
31881.099530121657,0.0
31881.099530121657,0.0
32074.152647327566,0.0
40459.33506449792,0.0
43311.18842412362,0.0
43311.18842412362,0.0
34308.37082775703,0.0
23227.22488922144,0.0
12953.151036276806,0.0
12953.151036276806,0.0
12953.151036276806,0.0
12953.151036276806,0.0
12953.151036276806,0.0
12953.151036276806,0.0
20535.265839494412,0.0
34372.893969543016,0.0
42120.41455269032,0.0
42120.41455269032,0.0
42120.41455269032,0.0
42569.39963219615,0.0
42569.39963219615,0.0
42569.39963219615,0.0
43213.969860640456,0.0
43213.969860640456,0.0
43213.969860640456,0.0
43311.18842412362,0.0
43311.18842412362,0.0
43311.18842412362,0.0
43311.188424123626,0.0
33583.09016904865,0.0
21071.740605584782,0.0
11906.003947363748,0.0
9555.055261816939,0.0
11240.170716181356,0.0
14927.217341563253,0.0
19027.933961824547,0.0
18162.108943922463,0.0
15615.640420700927,0.0
22565.63327068487,0.0
35505.16786285871,0.0
42392.16028708609,0.0
38885.58310627808,0.0
29205.63108292278,0.0
19913.543103278786,0.0
16206.087593794964,0.0
17665.021220811275,0.0
19862.968466321,0.0
21076.066112303222,0.0
15345.672188701403,0.0
8110.641514009093,0.0
13644.845336686987,0.0
27608.943093803115,0.0
36557.051708378,0.0
27600.322194884335,0.0
13675.82270060999,0.0
3014.510994336938,0.0
-2.8154179767209634e-14,0.0
-2.8154179767209634e-14,0.0
-2.8154179767209634e-14,0.0
-2.8154179767209634e-14,0.0
-2.8154179767209634e-14,0.0
-2.8154179767209634e-14,0.0
0.0,0.0
8418.472804501327,0.0
12953.162738347424,0.0
12953.162738347424,0.0
12953.162738347424,0.0
9558.042070593607,0.0
3401.40705581407,0.0
948.093202150282,0.0
0.0,0.0
381.55599148299876,0.0
1078.2696240781033,0.0
4601.291482998421,0.0
8338.788097696151,0.0
16966.19830222405,0.0
21033.489666953807,0.0
21033.489666953807,0.0
21033.489666953807,0.0
21033.489666953807,0.0
21033.489666953807,0.0
21033.489666953807,0.0
13926.508344840326,0.0
11153.859648370222,0.0
5057.3319875403695,0.0
0.0,0.0
2888.351189259254,0.0
11414.444382209476,0.0
13460.325420794243,0.0
13460.325420794243,0.0
0.0,0.0
0.0,0.0
0.0,0.0
5689.085723268698,0.0
15012.62628542378,0.0
22461.324023077927,0.0
16800.31374246078,0.0
21102.68155572981,0.0
17832.88201764535,0.0
20317.92966658953,0.0
19644.350333811624,0.0
21149.592353887714,0.0
17797.229811045334,0.0
17521.494978959643,0.0
20554.583815990667,0.0
18249.436299847093,0.0
20001.348412116204,0.0
21957.94371937027,0.0
20485.14379929847,0.0
18302.210712533164,0.0
19961.239858474793,0.0
38661.61756603396,0.0
43149.70821584814,0.0
35581.55102571775,0.0
23416.37528353037,0.0
15300.861879109747,0.0
14520.616742072245,0.0
16562.119768964803,0.0
19689.516968828422,0.0
21479.758357693205,0.0
17505.510657822302,0.0
17505.375338486792,0.0
24516.699931705287,0.0
38512.63611642883,0.0
43113.952667942925,0.0
43058.190178792094,0.0
25412.375797521454,0.0
15602.142877226863,0.0
11641.132181669098,0.0
11991.324307573972,0.0
12644.412748035704,0.0
11933.064844299506,0.0
3596.155202421874,0.0
0.0,0.0
5764.424247394562,0.0
22800.7161273185,0.0
19458.725402298962,0.0
19082.288694252784,0.0
19368.380592367877,0.0
19150.950749800406,0.0
19316.19743015169,0.0
19190.609953084717,0.0
19286.056435655613,0.0
19213.51710890173,0.0
19268.646997234682,0.0
19226.74828210164,0.0
19258.591305602753,0.0
19234.390607741905,0.0
19252.783138116152,0.0
19238.80481503172,0.0
19249.42834057589,0.0
29313.833333,0.0
0.0,0.0
