DK,FR,DE,IB,LU,UK
0.0,0.0,3830.0,0.0,0.0,0.0
0.0,2600.0,3830.0,0.0,0.0,1016.0
0.0,0.0,3830.0,0.0,0.0,1016.0
0.0,0.0,3830.0,0.0,0.0,0.0
0.0,0.0,3830.0,0.0,0.0,0.0
0.0,0.0,3830.0,0.0,0.0,0.0
0.0,0.0,3830.0,0.0,0.0,1016.0
0.0,0.0,3830.0,0.0,0.0,1016.0
0.0,2600.0,3830.0,0.0,0.0,0.0
0.0,0.0,3830.0,0.0,0.0,0.0
0.0,2600.0,3830.0,0.0,0.0,0.0
0.0,0.0,3830.0,0.0,0.0,0.0
0.0,2600.0,3830.0,0.0,0.0,1016.0
0.0,0.0,3830.0,0.0,0.0,0.0
0.0,0.0,3830.0,0.0,0.0,0.0
0.0,0.0,3830.0,0.0,0.0,1016.0
0.0,2600.0,3830.0,0.0,0.0,1016.0
0.0,0.0,3830.0,0.0,0.0,1016.0
0.0,2600.0,3830.0,0.0,0.0,0.0
0.0,2600.0,3830.0,0.0,0.0,0.0
0.0,0.0,3830.0,0.0,0.0,1016.0
0.0,2600.0,3830.0,0.0,0.0,0.0
0.0,2600.0,3830.0,0.0,0.0,1016.0
0.0,0.0,3830.0,0.0,0.0,1016.0
