PumpedStor,BatteryStor
0.0,0.0
0.0,0.0
0.0,0.0
0.0,0.0
0.0,0.0
0.0,0.0
0.0,0.0
0.0,0.0
0.0,0.0
0.0,0.0
0.0,0.0
0.0,0.0
0.0,0.0
0.0,0.0
0.0,0.0
0.0,0.0
0.0,0.0
0.0,0.0
0.0,0.0
0.0,0.0
0.0,0.0
0.0,0.0
0.0,0.0
0.0,0.0
0.0,0.0
0.0,0.0
0.0,0.0
0.0,0.0
0.0,0.0
0.0,0.0
0.0,0.0
0.0,0.0
0.0,0.0
0.0,0.0
0.0,0.0
4771.173289950411,0.0
8884.108098433582,0.0
12950.78594362406,0.0
12950.78594362406,0.0
5162.734509597431,0.0
0.0,0.0
0.0,0.0
10818.6,0.0
10818.6,0.0
10818.6,0.0
10818.6,0.0
10818.6,0.0
10818.6,0.0
10818.6,0.0
10818.6,0.0
10818.6,0.0
12718.771590192053,0.0
13871.105181646093,0.0
13871.105181646093,0.0
6379.845935446763,0.0
0.0,0.0
0.0,0.0
0.0,0.0
0.0,0.0
10818.6,0.0
10818.6,0.0
10818.6,0.0
12375.793774492182,0.0
12375.793774492182,0.0
9356.905861312835,0.0
0.0,0.0
0.0,0.0
0.0,0.0
0.0,0.0
10818.6,0.0
10818.6,0.0
10818.6,0.0
10818.6,0.0
10818.6,0.0
10818.6,0.0
10818.6,0.0
10818.6,0.0
10818.6,0.0
10818.6,0.0
10818.6,0.0
12572.334133510885,0.0
13835.960192042612,0.0
13871.105181646093,0.0
13871.105181646093,0.0
13871.105181646093,0.0
13871.105181646093,0.0
13871.105181646093,0.0
13871.105181646093,0.0
13871.105181646093,0.0
0.0,0.0
0.0,0.0
0.0,0.0
10818.6,0.0
10818.6,0.0
10818.6,0.0
10818.6,0.0
10818.6,0.0
10818.6,0.0
10818.6,0.0
10818.6,0.0
10818.6,0.0
10818.6,0.0
10818.6,0.0
10818.6,0.0
10818.6,0.0
10818.6,0.0
10818.6,0.0
10818.6,0.0
10818.6,0.0
10818.6,0.0
10818.6,0.0
10818.6,0.0
10818.6,0.0
11601.193826875586,0.0
9419.994386699182,0.0
9419.994386699182,0.0
9419.994386699182,0.0
9419.994386699182,0.0
9419.994386699182,0.0
9419.994386699182,0.0
9419.994386699182,0.0
9419.994386699182,0.0
11599.959887591176,0.0
11599.959887591176,0.0
11599.959887591176,0.0
11599.959887591176,0.0
11599.959887591176,0.0
9519.563375484584,0.0
9519.563375484584,0.0
9519.563375484584,0.0
10512.402322814158,0.0
11554.640791521682,0.0
13591.713789965204,0.0
13591.713789965204,0.0
13591.713789965204,0.0
13871.105181646093,0.0
3257.145912474476,0.0
0.0,0.0
0.0,0.0
0.0,0.0
0.0,0.0
3714.513896261118,0.0
11710.083335102669,0.0
12718.771590192055,0.0
12718.771590192055,0.0
12718.771590192055,0.0
13871.105181646093,0.0
13871.105181646093,0.0
13871.105181646093,0.0
8216.959843136956,0.0
8216.959843136956,0.0
0.0,0.0
0.0,0.0
0.0,0.0
0.0,0.0
0.0,0.0
0.0,0.0
0.0,0.0
0.0,0.0
0.0,0.0
0.0,0.0
0.0,0.0
0.0,0.0
0.0,0.0
0.0,0.0
0.0,0.0
0.0,0.0
0.0,0.0
