PumpedStor,BatteryStor
0.0,0.0
0.0,0.0
0.0,0.0
0.0,0.0
0.0,0.0
0.0,0.0
0.0,0.0
0.0,0.0
0.0,0.0
0.0,0.0
0.0,0.0
222.63570638310966,0.0
5098.356863148836,0.0
1392.8087840068854,0.0
4209.025324154768,0.0
2068.700753642377,0.0
3695.347427231794,0.0
2459.0959553038365,0.0
3398.6470739690844,0.0
2684.588223783495,0.0
3227.272949924544,0.0
2814.8325580573473,0.0
3128.2872558764166,0.0
2890.0616855339235,0.0
3071.113118994218,0.0
2933.5140295643946,0.0
3038.0893375310607,0.0
2958.612103476394,0.0
3019.014801357941,0.0
2973.108750967965,0.0
3007.997349264347,0.0
2981.482014559097,0.0
3001.6336689350865,0.0
2986.318411609335,0.0
2997.9580071769055,0.0
2989.111914545552,0.0
2995.834944945381,0.0
2990.7254418415105,0.0
2994.608664200452,0.0
2991.6574152076573,0.0
2993.9003644421805,0.0
2992.1957230239423,0.0
2993.491250501804,0.0
2992.5066496186296,0.0
2993.254946289841,0.0
2992.686240819721,0.0
2993.118456977012,0.0
2992.78997269747,0.0
2993.0396207499234,0.0
2992.8498882300587,0.0
2992.9940849451555,0.0
2992.8844954416813,0.0
2992.967783464322,0.0
2992.9044845671156,0.0
2992.9525917289925,0.0
2992.9160302859655,0.0
2992.9438169826662,0.0
2992.9226990931734,0.0
2992.938748689188,0.0
2992.926550996218,0.0
2992.9358212428747,0.0
2992.9287758554156,0.0
2992.934130349885,0.0
2992.930060934088,0.0
2992.9331536900936,0.0
2992.93080319553,0.0
0.0,0.0
0.0,0.0
0.0,0.0
5200.267440023898,0.0
1676.2927160943364,0.0
0.0,0.0
0.0,0.0
0.0,0.0
1415.2952222156364,0.0
4191.935631116117,0.0
2081.688920351751,0.0
3685.47642053267,0.0
2466.597920395171,0.0
3392.94558049967,0.0
2688.9213588202506,0.0
3223.9797672966097,0.0
2817.3353768545767,0.0
3126.385113590521,0.0
2891.507313671204,0.0
3070.014441609885,0.0
2934.3490243764877,0.0
3037.45474147387,0.0
2959.0943964798585,0.0
3018.6482586753073,0.0
2973.387323406767,0.0
3007.7856342108576,0.0
2981.6429179997485,0.0
3001.5113823201914,0.0
2986.411349436654,0.0
2997.8873744281427,0.0
2989.1655954346115,0.0
0.0,0.0
0.0,0.0
0.0,0.0
0.0,0.0
0.0,0.0
0.0,0.0
0.0,0.0
65.76080169581691,0.0
2737.681529249052,0.0
1358.8061134469685,0.0
0.0,0.0
0.0,0.0
0.0,0.0
0.0,0.0
0.0,0.0
0.0,0.0
0.0,0.0
0.0,0.0
0.0,0.0
2755.6954870388718,0.0
0.0,0.0
0.0,0.0
0.0,0.0
0.0,0.0
0.0,0.0
0.0,0.0
0.0,0.0
0.0,0.0
0.0,0.0
0.0,0.0
0.0,0.0
0.0,0.0
0.0,0.0
0.0,0.0
0.0,0.0
0.0,0.0
0.0,0.0
0.0,0.0
0.0,0.0
0.0,0.0
0.0,0.0
0.0,0.0
0.0,0.0
0.0,0.0
0.0,0.0
0.0,0.0
0.0,0.0
0.0,0.0
0.0,0.0
0.0,0.0
0.0,0.0
0.0,0.0
0.0,0.0
0.0,0.0
0.0,0.0
0.0,0.0
0.0,0.0
0.0,0.0
0.0,0.0
0.0,0.0
0.0,0.0
0.0,0.0
0.0,0.0
0.0,0.0
0.0,0.0
4243.166491729833,0.0
2042.7534662853268,0.0
3715.067365623151,0.0
2444.108802126405,0.0
3410.037310383933,0.0
2675.9316441082115,0.0
0.0,0.0
0.0,0.0
0.0,0.0
4100.528423560006,0.0
2779.362201803399,0.0
0.0,0.0
5267.5599999999995,0.0
1264.2144000000008,0.0
4306.757056,0.0
1994.42463744,0.0
3751.7972755456008,0.0
0.0,0.0
0.0,0.0
0.0,0.0
0.0,0.0
0.0,0.0
0.0,0.0
0.0,0.0
0.0,0.0
0.0,0.0
0.0,0.0
6868.587322831771,0.0
0.0,0.0
0.0,0.0
0.0,0.0
0.0,0.0
5201.820728367877,0.0
1314.1762464404137,0.0
4268.786052705286,0.0
2023.2825999439835,0.0
3729.8652240425727,0.0
2432.8624297276447,0.0
3418.5845534069904,0.0
2669.435739410688,0.0
3238.7888380478776,0.0
2806.080483083613,0.0
3134.938832856454,0.0
2885.006487029095,0.0
3074.9550698578887,0.0
2930.594146908005,0.0
3040.308448349916,0.0
2956.925579254064,0.0
3020.2965597669117,0.0
2972.134614577148,0.0
3008.737692921367,0.0
2980.9193533797616,0.0
3002.0612914313806,0.0
2985.9934185121515,0.0
0.0,0.0
0.0,0.0
0.0,0.0
0.0,0.0
0.0,0.0
938.3179862177838,0.0
0.0,0.0
5869.489293159735,0.0
110.14465068968576,0.0
0.0,0.0
0.0,0.0
0.0,0.0
0.0,0.0
0.0,0.0
0.0,0.0
6878.864503242502,0.0
0.0,0.0
0.0,0.0
0.0,0.0
0.0,0.0
2801.337172828538,0.0
0.0,0.0
0.0,0.0
0.0,0.0
0.0,0.0
0.0,0.0
0.0,0.0
0.0,0.0
0.0,0.0
0.0,0.0
0.0,0.0
0.0,0.0
0.0,0.0
0.0,0.0
0.0,0.0
0.0,0.0
0.0,0.0
0.0,0.0
0.0,0.0
0.0,0.0
0.0,0.0
0.0,0.0
0.0,0.0
0.0,0.0
0.0,0.0
0.0,0.0
0.0,0.0
0.0,0.0
0.0,0.0
0.0,0.0
0.0,0.0
0.0,0.0
0.0,0.0
0.0,0.0
0.0,0.0
0.0,0.0
0.0,0.0
0.0,0.0
0.0,0.0
0.0,0.0
0.0,0.0
0.0,0.0
0.0,0.0
0.0,0.0
0.0,0.0
0.0,0.0
5267.56,0.0
1264.2144000000003,0.0
3352.403683163283,0.0
637.0555763623045,0.0
0.0,0.0
0.0,0.0
0.0,0.0
0.0,0.0
0.0,0.0
6908.981286883743,0.0
0.0,0.0
0.0,0.0
0.0,0.0
0.0,0.0
0.0,0.0
0.0,0.0
0.0,0.0
0.0,0.0
0.0,0.0
0.0,0.0
0.0,0.0
0.0,0.0
0.0,0.0
0.0,0.0
0.0,0.0
0.0,0.0
0.0,0.0
0.0,0.0
0.0,0.0
0.0,0.0
0.0,0.0
0.0,0.0
0.0,0.0
0.0,0.0
0.0,0.0
0.0,0.0
0.0,0.0
0.0,0.0
0.0,0.0
0.0,0.0
0.0,0.0
0.0,0.0
0.0,0.0
1782.9986455284934,0.0
0.0,0.0
0.0,0.0
0.0,0.0
0.0,0.0
0.0,0.0
0.0,0.0
0.0,0.0
0.0,0.0
0.0,0.0
0.0,0.0
0.0,0.0
0.0,0.0
0.0,0.0
0.0,0.0
0.0,0.0
0.0,0.0
0.0,0.0
0.0,0.0
1798.0225794772696,0.0
0.0,0.0
0.0,0.0
0.0,0.0
0.0,0.0
0.0,0.0
2950.7531749942377,0.0
0.0,0.0
0.0,0.0
0.0,0.0
0.0,0.0
0.0,0.0
0.0,0.0
6531.774400000001,0.0
0.0,0.0
0.0,0.0
0.0,0.0
0.0,0.0
0.0,0.0
0.0,0.0
0.0,0.0
0.0,0.0
0.0,0.0
0.0,0.0
1250.2512788733059,0.0
0.0,0.0
0.0,0.0
0.0,0.0
0.0,0.0
0.0,0.0
0.0,0.0
0.0,0.0
0.0,0.0
0.0,0.0
0.0,0.0
0.0,0.0
0.0,0.0
0.0,0.0
0.0,0.0
0.0,0.0
0.0,0.0
0.0,0.0
0.0,0.0
0.0,0.0
1287.137765199572,0.0
0.0,0.0
0.0,0.0
0.0,0.0
6527.197776885459,0.0
0.0,0.0
0.0,0.0
0.0,0.0
0.0,0.0
3865.3820654668953,0.0
2329.8696302451604,0.0
3496.859081013679,0.0
2609.9470984296045,0.0
0.0,0.0
0.0,0.0
0.0,0.0
0.0,0.0
6880.583874836595,0.0
0.0,0.0
0.0,0.0
0.0,0.0
0.0,0.0
0.0,0.0
0.0,0.0
0.0,0.0
0.0,0.0
0.0,0.0
0.0,0.0
0.0,0.0
0.0,0.0
0.0,0.0
1272.6110966912931,0.0
5259.163303308707,0.0
0.0,0.0
0.0,0.0
0.0,0.0
0.0,0.0
0.0,0.0
0.0,0.0
0.0,0.0
0.0,0.0
0.0,0.0
0.0,0.0
0.0,0.0
0.0,0.0
0.0,0.0
0.0,0.0
0.0,0.0
0.0,0.0
0.0,0.0
0.0,0.0
0.0,0.0
0.0,0.0
0.0,0.0
0.0,0.0
0.0,0.0
0.0,0.0
0.0,0.0
0.0,0.0
0.0,0.0
0.0,0.0
0.0,0.0
0.0,0.0
0.0,0.0
6531.774400000001,0.0
-7.365707394083559e-13,0.0
0.0,0.0
5267.56,0.0
1264.2144,0.0
4306.757056,0.0
563.5881259542646,0.0
1112.521343253504,0.0
2939.015178373127,0.0
0.0,0.0
0.0,0.0
0.0,0.0
0.0,0.0
0.0,0.0
421.4582959567948,0.0
0.0,0.0
0.0,0.0
0.0,0.0
0.0,0.0
3536.1547532268296,0.0
2119.9584308062795,0.0
0.0,0.0
0.0,0.0
0.0,0.0
0.0,0.0
5497.279804511983,0.0
0.0,0.0
0.0,0.0
0.0,0.0
0.0,0.0
0.0,0.0
4257.948399082141,0.0
0.0,0.0
0.0,0.0
0.0,0.0
0.0,0.0
0.0,0.0
5991.1912549459885,0.0
0.0,0.0
0.0,0.0
0.0,0.0
0.0,0.0
0.0,0.0
0.0,0.0
0.0,0.0
0.0,0.0
5267.56,0.0
1264.2144000000003,0.0
4306.757056000001,0.0
1994.4246374399995,0.0
3751.7972755456008,0.0
2416.194070585343,0.0
3431.2525063551398,0.0
2659.8080951700945,0.0
3246.105847670729,0.0
2800.5195557702464,0.0
3139.165137614613,0.0
2881.794495412894,0.0
3077.3961834862007,0.0
2928.738900550487,0.0
3041.71843558163,0.0
2955.853988957962,0.0
3021.1109683919494,0.0
2971.515664022119,0.0
0.0,0.0
0.0,0.0
0.0,0.0
0.0,0.0
0.0,0.0
0.0,0.0
0.0,0.0
0.0,0.0
6876.785148710023,0.0
0.0,0.0
0.0,0.0
0.0,0.0
0.0,0.0
0.0,0.0
0.0,0.0
0.0,0.0
0.0,0.0
0.0,0.0
5267.56,0.0
1264.2144000000005,0.0
4306.757056000001,0.0
1994.4246374399995,0.0
3751.7972755456003,0.0
2416.194070585343,0.0
3431.2525063551398,0.0
2659.8080951700936,0.0
3246.1058476707294,0.0
2800.519555770246,0.0
3139.1651376146133,0.0
0.0,0.0
0.0,0.0
0.0,0.0
6875.023783104588,0.0
0.0,0.0
0.0,0.0
0.0,0.0
5267.56,0.0
1264.2144,0.0
4306.757056,0.0
1994.4246374400007,0.0
3751.7972755456008,0.0
2416.194070585342,0.0
3431.2525063551407,0.0
2659.8080951700936,0.0
3246.105847670729,0.0
2800.5195557702455,0.0
3139.1651376146133,0.0
0.0,0.0
0.0,0.0
0.0,0.0
0.0,0.0
0.0,0.0
0.0,0.0
0.0,0.0
0.0,0.0
0.0,0.0
6875.023783104588,0.0
0.0,0.0
0.0,0.0
0.0,0.0
0.0,0.0
0.0,0.0
0.0,0.0
0.0,0.0
0.0,0.0
0.0,0.0
0.0,0.0
0.0,0.0
0.0,0.0
0.0,0.0
0.0,0.0
0.0,0.0
0.0,0.0
0.0,0.0
0.0,0.0
0.0,0.0
0.0,0.0
0.0,0.0
0.0,0.0
0.0,0.0
0.0,0.0
6775.718737260469,0.0
0.0,0.0
0.0,0.0
0.0,0.0
0.0,0.0
0.0,0.0
0.0,0.0
0.0,0.0
0.0,0.0
0.0,0.0
0.0,0.0
0.0,0.0
0.0,0.0
0.0,0.0
0.0,0.0
0.0,0.0
0.0,0.0
5049.426427095909,0.0
0.0,0.0
0.0,0.0
0.0,0.0
0.0,0.0
5267.964215001822,0.0
1263.8101849981795,0.0
0.0,0.0
5267.56,0.0
0.0,0.0
0.0,0.0
0.0,0.0
5822.500318367539,0.0
0.0,0.0
0.0,0.0
0.0,0.0
0.0,0.0
0.0,0.0
0.0,0.0
0.0,0.0
0.0,0.0
0.0,0.0
0.0,0.0
0.0,0.0
0.0,0.0
0.0,0.0
1030.1620374980616,0.0
0.0,0.0
0.0,0.0
0.0,0.0
3086.6186270334383,0.0
3700.529657449149,0.0
0.0,0.0
0.0,0.0
0.0,0.0
0.0,0.0
0.0,0.0
0.0,0.0
0.0,0.0
0.0,0.0
0.0,0.0
0.0,0.0
0.0,0.0
0.0,0.0
0.0,0.0
0.0,0.0
0.0,0.0
0.0,0.0
0.0,0.0
0.0,0.0
0.0,0.0
0.0,0.0
0.0,0.0
0.0,0.0
0.0,0.0
0.0,0.0
0.0,0.0
0.0,0.0
0.0,0.0
0.0,0.0
0.0,0.0
6643.540970183676,0.0
-5.6308359534416087e-14,0.0
0.0,0.0
0.0,0.0
0.0,0.0
0.0,0.0
3745.041712671883,0.0
2786.732687328117,0.0
0.0,0.0
0.0,0.0
5267.56,0.0
1264.2144000000005,0.0
4306.7570559999995,0.0
1994.4246374400007,0.0
3751.7972755455994,0.0
2416.1940705853444,0.0
3431.2525063551384,0.0
2659.808095170095,0.0
3246.1058476707285,0.0
2800.519555770246,0.0
3139.165137614613,0.0
2881.7944954128943,0.0
3077.3961834862007,0.0
2928.7389005504883,0.0
3041.7184355816294,0.0
2955.853988957962,0.0
3021.1109683919494,0.0
2971.5156640221185,0.0
3009.2080953431905,0.0
2980.5618475391752,0.0
3002.3329958702266,0.0
2985.786923138628,0.0
2998.361938414643,0.0
2988.804926804871,0.0
2534.0482871352883,0.0
3452.5680942155045,0.0
2643.6082483962173,0.0
3258.4177312188754,0.0
2791.1625242736554,0.0
3146.2764815520222,0.0
0.0,0.0
0.0,0.0
0.0,0.0
0.0,0.0
6874.949069618459,0.0
0.0,0.0
0.0,0.0
4929.522698356016,0.0
1521.1227492494286,0.0
4111.506710570435,0.0
2142.8148999664704,0.0
3639.0206760254828,0.0
2501.9042862206334,0.0
3366.1127424723195,0.0
2709.314315721038,0.0
3208.4811200520116,0.0
2829.114348760472,0.0
3117.433094942042,0.0
2898.310847844048,0.0
3064.843755638524,0.0
2938.278745714722,0.0
3034.4681532568115,0.0
2961.3642035248236,0.0
3016.923205321134,0.0
2974.6983639559385,0.0
3006.7892433934876,0.0
2982.4001750209495,0.0
3000.935866984079,0.0
2986.8487410920998,0.0
2997.5549567700045,0.0
2989.4182328547963,0.0
2995.602143030355,0.0
2990.90237129693,0.0
2994.474197814333,0.0
2991.7596096611073,0.0
2993.822696657559,0.0
2992.2547505402554,0.0
2993.4463895894064,0.0
2992.540743912051,0.0
2993.2290346268414,0.0
2992.7059336836005,0.0
2993.1034904004637,0.0
2992.8013472956472,0.0
2993.030976055308,0.0
2992.856458197966,0.0
2992.9890917695457,0.0
2992.8882902551454,0.0
2992.96489940609,0.0
2992.9066764513714,0.0
2992.950925896958,0.0
2992.917296318312,0.0
2992.942854798083,0.0
2992.923430353457,0.0
2992.9381929313727,0.0
2992.9269733721567,0.0
0.0,0.0
3439.1079627704735,0.0
0.0,0.0
0.0,0.0
0.0,0.0
0.0,0.0
0.0,0.0
6719.841828469688,0.0
0.0,0.0
0.0,0.0
0.0,0.0
0.0,0.0
3219.211891213166,0.0
2820.958962677995,0.0
3123.631188364725,0.0
2893.6002968428083,0.0
3068.423774399466,0.0
2935.557931456406,0.0
3036.535972093132,0.0
2959.7926612092206,0.0
3018.1175774809926,0.0
2973.7906411144454,0.0
3007.4791127530216,0.0
2981.8758743077033,0.0
3001.3343355261454,0.0
2986.545905000129,0.0
2997.7851121999015,0.0
2989.243314728075,0.0
2995.7350808066626,0.0
2990.8013385869367,0.0
0.0,0.0
0.0,0.0
0.0,0.0
0.0,0.0
0.0,0.0
0.0,0.0
0.0,0.0
6876.5825287844855,0.0
0.0,0.0
0.0,0.0
0.0,0.0
0.0,0.0
0.0,0.0
0.0,0.0
0.0,0.0
0.0,0.0
0.0,0.0
0.0,0.0
0.0,0.0
0.0,0.0
6760.922130473643,0.0
0.0,0.0
0.0,0.0
0.0,0.0
0.0,0.0
0.0,0.0
0.0,0.0
0.0,0.0
0.0,0.0
0.0,0.0
0.0,0.0
0.0,0.0
0.0,0.0
0.0,0.0
0.0,0.0
0.0,0.0
0.0,0.0
0.0,0.0
3437.5073758410276,0.0
0.0,0.0
0.0,0.0
0.0,0.0
0.0,0.0
0.0,0.0
0.0,0.0
0.0,0.0
0.0,0.0
0.0,0.0
0.0,0.0
6100.479335103754,0.0
0.0,0.0
0.0,0.0
0.0,0.0
0.0,0.0
0.0,0.0
0.0,0.0
0.0,0.0
0.0,0.0
5267.56,0.0
1264.2144,0.0
4306.757056000001,0.0
1994.4246374399993,0.0
3751.7972755456008,0.0
2416.194070585343,0.0
3431.2525063551398,0.0
2659.808095170094,0.0
3246.105847670729,0.0
2800.519555770246,0.0
3139.1651376146124,0.0
2881.7944954128943,0.0
0.0,0.0
0.0,0.0
0.0,0.0
2228.63757093687,0.0
0.0,0.0
0.0,0.0
0.0,0.0
0.0,0.0
0.0,0.0
0.0,0.0
0.0,0.0
0.0,0.0
0.0,0.0
0.0,0.0
0.0,0.0
0.0,0.0
0.0,0.0
0.0,0.0
0.0,0.0
0.0,0.0
0.0,0.0
0.0,0.0
0.0,0.0
0.0,0.0
0.0,0.0
0.0,0.0
0.0,0.0
0.0,0.0
0.0,0.0
0.0,0.0
0.0,0.0
0.0,0.0
0.0,0.0
0.0,0.0
0.0,0.0
0.0,0.0
0.0,0.0
0.0,0.0
0.0,0.0
0.0,0.0
0.0,0.0
0.0,0.0
0.0,0.0
0.0,0.0
4649.090209903642,0.0
-7.928790989427711e-13,0.0
0.0,0.0
0.0,0.0
0.0,0.0
0.0,0.0
0.0,0.0
0.0,0.0
0.0,0.0
0.0,0.0
0.0,0.0
0.0,0.0
0.0,0.0
6863.5647171802475,0.0
0.0,0.0
0.0,0.0
0.0,0.0
0.0,0.0
5060.059065060652,0.0
1847.9455403793477,0.0
0.0,0.0
4599.334929777754,0.0
1772.0654533689076,0.0
987.8710628961787,0.0
0.0,0.0
6520.52286361824,0.0
0.0,0.0
0.0,0.0
0.0,0.0
0.0,0.0
0.0,0.0
0.0,0.0
6908.00460544,0.0
0.0,0.0
0.0,0.0
0.0,0.0
0.0,0.0
0.0,0.0
0.0,0.0
0.0,0.0
0.0,0.0
0.0,0.0
0.0,0.0
0.0,0.0
0.0,0.0
0.0,0.0
0.0,0.0
0.0,0.0
0.0,0.0
0.0,0.0
0.0,0.0
0.0,0.0
0.0,0.0
0.0,0.0
0.0,0.0
0.0,0.0
0.0,0.0
0.0,0.0
0.0,0.0
0.0,0.0
6835.185856,0.0
0.0,0.0
0.0,0.0
0.0,0.0
0.0,0.0
0.0,0.0
0.0,0.0
0.0,0.0
0.0,0.0
0.0,0.0
294.43939090818685,0.0
0.0,0.0
6613.565214531814,0.0
0.0,0.0
0.0,0.0
0.0,0.0
0.0,0.0
0.0,0.0
0.0,0.0
0.0,0.0
0.0,0.0
0.0,0.0
0.0,0.0
0.0,0.0
0.0,0.0
0.0,0.0
0.0,0.0
0.0,0.0
0.0,0.0
0.0,0.0
0.0,0.0
0.0,0.0
0.0,0.0
6059.107199854206,0.0
0.0,0.0
0.0,0.0
0.0,0.0
0.0,0.0
0.0,0.0
2995.365999853375,0.0
2991.0818401114348,0.0
0.0,0.0
4250.9111634297215,0.0
2453.3370939375613,0.0
376.5787164110924,0.0
0.0,0.0
0.0,0.0
0.0,0.0
0.0,0.0
0.0,0.0
0.0,0.0
6877.550092299146,0.0
0.0,0.0
0.0,0.0
0.0,0.0
0.0,0.0
0.0,0.0
0.0,0.0
0.0,0.0
0.0,0.0
0.0,0.0
0.0,0.0
0.0,0.0
0.0,0.0
0.0,0.0
0.0,0.0
0.0,0.0
0.0,0.0
0.0,0.0
0.0,0.0
0.0,0.0
0.0,0.0
0.0,0.0
0.0,0.0
0.0,0.0
0.0,0.0
0.0,0.0
0.0,0.0
6847.497715335635,0.0
0.0,0.0
0.0,0.0
0.0,0.0
0.0,0.0
0.0,0.0
0.0,0.0
5840.989055774439,0.0
0.0,0.0
0.0,0.0
0.0,0.0
0.0,0.0
0.0,0.0
0.0,0.0
6531.774400000001,0.0
0.0,0.0
0.0,0.0
0.0,0.0
0.0,0.0
0.0,0.0
0.0,0.0
0.0,0.0
0.0,0.0
0.0,0.0
0.0,0.0
0.0,0.0
0.0,0.0
0.0,0.0
0.0,0.0
0.0,0.0
0.0,0.0
0.0,0.0
0.0,0.0
0.0,0.0
0.0,0.0
0.0,0.0
0.0,0.0
0.0,0.0
0.0,0.0
0.0,0.0
0.0,0.0
0.0,0.0
0.0,0.0
0.0,0.0
0.0,0.0
0.0,0.0
0.0,0.0
0.0,0.0
0.0,0.0
0.0,0.0
3487.9376163490206,0.0
2480.452423745244,0.0
0.0,0.0
0.0,0.0
0.0,0.0
4215.190318858204,0.0
2064.015357667766,0.0
3698.9083281724984,0.0
0.0,0.0
0.0,0.0
0.0,0.0
0.0,0.0
6869.142986806221,0.0
0.0,0.0
0.0,0.0
0.0,0.0
2943.9414314492656,0.0
3030.164512098558,0.0
2964.634970805096,0.0
3014.4374221881276,0.0
2976.5875591370236,0.0
3005.3534550558625,0.0
2983.491374157545,0.0
3000.1065556402655,0.0
2987.4790177133987,0.0
2997.0759465378173,0.0
2989.7822806312583,0.0
2995.325466720243,0.0
2991.1126452926155,0.0
2994.314389577612,0.0
2991.8810639210146,0.0
0.0,0.0
0.0,0.0
0.0,0.0
0.0,0.0
0.0,0.0
0.0,0.0
0.0,0.0
0.0,0.0
0.0,0.0
2768.2876021111388,0.0
4108.283582819852,0.0
0.0,0.0
0.0,0.0
0.0,0.0
0.0,0.0
0.0,0.0
0.0,0.0
0.0,0.0
0.0,0.0
0.0,0.0
0.0,0.0
0.0,0.0
0.0,0.0
0.0,0.0
0.0,0.0
0.0,0.0
0.0,0.0
0.0,0.0
0.0,0.0
6835.185856,0.0
0.0,0.0
0.0,0.0
0.0,0.0
0.0,0.0
0.0,0.0
0.0,0.0
0.0,0.0
0.0,0.0
0.0,0.0
0.0,0.0
0.0,0.0
0.0,0.0
0.0,0.0
0.0,0.0
0.0,0.0
0.0,0.0
0.0,0.0
0.0,0.0
0.0,0.0
0.0,0.0
0.0,0.0
0.0,0.0
0.0,0.0
6531.7744,0.0
0.0,0.0
0.0,0.0
0.0,0.0
0.0,0.0
0.0,0.0
0.0,0.0
0.0,0.0
0.0,0.0
0.0,0.0
0.0,0.0
6835.185856,0.0
5.630835953441534e-14,0.0
0.0,0.0
0.0,0.0
0.0,0.0
0.0,0.0
0.0,0.0
0.0,0.0
0.0,0.0
0.0,0.0
0.0,0.0
0.0,0.0
0.0,0.0
0.0,0.0
0.0,0.0
0.0,0.0
3392.680575593532,0.0
3515.3240298464684,0.0
-5.630835953441362e-14,0.0
0.0,0.0
5267.5599999999995,0.0
0.0,0.0
0.0,0.0
0.0,0.0
0.0,0.0
0.0,0.0
0.0,0.0
0.0,0.0
0.0,0.0
0.0,0.0
6852.6623558656,0.0
0.0,0.0
0.0,0.0
0.0,0.0
0.0,0.0
0.0,0.0
6908.00460544,0.0
0.0,0.0
0.0,0.0
0.0,0.0
0.0,0.0
0.0,0.0
0.0,0.0
0.0,0.0
0.0,0.0
0.0,0.0
0.0,0.0
0.0,0.0
0.0,0.0
0.0,0.0
0.0,0.0
0.0,0.0
0.0,0.0
0.0,0.0
6835.185856,0.0
0.0,0.0
2025.8009506786418,0.0
3727.9512774842324,0.0
2434.3170291119836,0.0
2507.972571945678,0.0
3579.782401944297,0.0
2546.9253745223346,0.0
2408.571876142286,0.0
3437.0453741318634,0.0
454.1944450588684,0.0
5450.662878699481,0.0
1125.0562121883956,0.0
3631.332845688274,0.0
0.0,0.0
0.0,0.0
0.0,0.0
1507.4521991455244,0.0
0.0,0.0
0.0,0.0
0.0,0.0
0.0,0.0
0.0,0.0
0.0,0.0
0.0,0.0
0.0,0.0
0.0,0.0
0.0,0.0
0.0,0.0
0.0,0.0
0.0,0.0
0.0,0.0
0.0,0.0
0.0,0.0
0.0,0.0
0.0,0.0
0.0,0.0
0.0,0.0
0.0,0.0
0.0,0.0
0.0,0.0
0.0,0.0
0.0,0.0
0.0,0.0
0.0,0.0
0.0,0.0
0.0,0.0
0.0,0.0
0.0,0.0
0.0,0.0
0.0,0.0
0.0,0.0
0.0,0.0
0.0,0.0
0.0,0.0
0.0,0.0
0.0,0.0
0.0,0.0
6554.5361804554705,0.0
0.0,0.0
0.0,0.0
0.0,0.0
0.0,0.0
0.0,0.0
0.0,0.0
0.0,0.0
6531.774400000001,0.0
0.0,0.0
0.0,0.0
0.0,0.0
0.0,0.0
0.0,0.0
0.0,0.0
0.0,0.0
0.0,0.0
0.0,0.0
0.0,0.0
0.0,0.0
0.0,0.0
0.0,0.0
0.0,0.0
0.0,0.0
0.0,0.0
0.0,0.0
0.0,0.0
0.0,0.0
0.0,0.0
0.0,0.0
0.0,0.0
0.0,0.0
0.0,0.0
0.0,0.0
0.0,0.0
0.0,0.0
0.0,0.0
0.0,0.0
5444.379376557472,0.0
0.0,0.0
0.0,0.0
0.0,0.0
0.0,0.0
6890.86870094948,0.0
0.0,0.0
0.0,0.0
0.0,0.0
0.0,0.0
0.0,0.0
0.0,0.0
0.0,0.0
0.0,0.0
0.0,0.0
0.0,0.0
0.0,0.0
0.0,0.0
0.0,0.0
0.0,0.0
0.0,0.0
0.0,0.0
244.70572012189493,0.0
2852.744982017331,0.0
3802.0013166996914,0.0
0.0,0.0
0.0,0.0
0.0,0.0
0.0,0.0
0.0,0.0
0.0,0.0
0.0,0.0
0.0,0.0
0.0,0.0
0.0,0.0
0.0,0.0
0.0,0.0
0.0,0.0
0.0,0.0
0.0,0.0
0.0,0.0
0.0,0.0
0.0,0.0
0.0,0.0
0.0,0.0
0.0,0.0
0.0,0.0
0.0,0.0
0.0,0.0
0.0,0.0
0.0,0.0
0.0,0.0
0.0,0.0
0.0,0.0
0.0,0.0
0.0,0.0
0.0,0.0
0.0,0.0
0.0,0.0
0.0,0.0
0.0,0.0
0.0,0.0
0.0,0.0
0.0,0.0
0.0,0.0
0.0,0.0
0.0,0.0
0.0,0.0
0.0,0.0
0.0,0.0
0.0,0.0
0.0,0.0
0.0,0.0
0.0,0.0
0.0,0.0
0.0,0.0
0.0,0.0
0.0,0.0
0.0,0.0
0.0,0.0
0.0,0.0
0.0,0.0
6908.00460544,0.0
0.0,0.0
0.0,0.0
0.0,0.0
0.0,0.0
0.0,0.0
0.0,0.0
0.0,0.0
0.0,0.0
6531.7744,0.0
0.0,0.0
0.0,0.0
0.0,0.0
0.0,0.0
0.0,0.0
0.0,0.0
0.0,0.0
0.0,0.0
0.0,0.0
0.0,0.0
0.0,0.0
0.0,0.0
0.0,0.0
0.0,0.0
0.0,0.0
3608.1970028312567,0.0
0.0,0.0
0.0,0.0
0.0,0.0
0.0,0.0
0.0,0.0
0.0,0.0
0.0,0.0
0.0,0.0
0.0,0.0
0.0,0.0
0.0,0.0
6029.265691864123,0.0
0.0,0.0
0.0,0.0
0.0,0.0
0.0,0.0
0.0,0.0
0.0,0.0
0.0,0.0
0.0,0.0
0.0,0.0
0.0,0.0
0.0,0.0
6835.185856,0.0
0.0,0.0
0.0,0.0
5267.56,0.0
0.0,0.0
0.0,0.0
0.0,0.0
0.0,0.0
6852.6623558656,0.0
0.0,0.0
0.0,0.0
0.0,0.0
0.0,0.0
0.0,0.0
0.0,0.0
0.0,0.0
0.0,0.0
0.0,0.0
0.0,0.0
6865.226478694636,0.0
0.0,0.0
0.0,0.0
0.0,0.0
0.0,0.0
0.0,0.0
0.0,0.0
5267.56,0.0
1264.2144000000003,0.0
4306.757056,0.0
1994.4246374400004,0.0
3751.7972755456008,0.0
2416.1940705853435,0.0
3431.252506355139,0.0
2659.8080951700936,0.0
3246.1058476707294,0.0
0.0,0.0
5939.684693384859,0.0
753.3996330275082,0.0
4694.976278899094,0.0
0.0,0.0
0.0,0.0
0.0,0.0
0.0,0.0
0.0,0.0
0.0,0.0
0.0,0.0
0.0,0.0
0.0,0.0
6858.678057859579,0.0
0.0,0.0
0.0,0.0
0.0,0.0
0.0,0.0
0.0,0.0
0.0,0.0
0.0,0.0
0.0,0.0
0.0,0.0
0.0,0.0
0.0,0.0
0.0,0.0
6712.340709233278,0.0
0.0,0.0
0.0,0.0
0.0,0.0
0.0,0.0
0.0,0.0
0.0,0.0
6835.185856,0.0
0.0,0.0
0.0,0.0
0.0,0.0
0.0,0.0
0.0,0.0
0.0,0.0
0.0,0.0
0.0,0.0
0.0,0.0
0.0,0.0
0.0,0.0
0.0,0.0
0.0,0.0
0.0,0.0
0.0,0.0
0.0,0.0
6835.185856,0.0
0.0,0.0
0.0,0.0
0.0,0.0
1610.869841336264,0.0
0.0,0.0
0.0,0.0
859.1901713402114,0.0
0.0,0.0
0.0,0.0
0.0,0.0
0.0,0.0
0.0,0.0
0.0,0.0
0.0,0.0
0.0,0.0
0.0,0.0
3672.7003020722364,0.0
0.0,0.0
0.0,0.0
0.0,0.0
0.0,0.0
2006.7877981456918,0.0
301.37886351943234,0.0
0.0,0.0
0.0,0.0
5267.56,0.0
1264.2144,0.0
4306.757056000001,0.0
0.0,0.0
5746.2219129856,0.0
576.0264129990506,0.0
0.0,0.0
0.0,0.0
0.0,0.0
6809.969723744554,0.0
0.0,0.0
0.0,0.0
0.0,0.0
0.0,0.0
0.0,0.0
0.0,0.0
0.0,0.0
0.0,0.0
0.0,0.0
0.0,0.0
0.0,0.0
6908.00460544,0.0
0.0,0.0
0.0,0.0
5267.5599999999995,0.0
0.0,0.0
0.0,0.0
0.0,0.0
0.0,0.0
0.0,0.0
0.0,0.0
0.0,0.0
6852.662355865601,0.0
0.0,0.0
0.0,0.0
0.0,0.0
0.0,0.0
0.0,0.0
0.0,0.0
0.0,0.0
0.0,0.0
0.0,0.0
0.0,0.0
0.0,0.0
0.0,0.0
6925.4811053056,0.0
0.0,0.0
0.0,0.0
0.0,0.0
0.0,0.0
0.0,0.0
0.0,0.0
0.0,0.0
0.0,0.0
0.0,0.0
0.0,0.0
0.0,0.0
0.0,0.0
0.0,0.0
0.0,0.0
0.0,0.0
0.0,0.0
0.0,0.0
0.0,0.0
0.0,0.0
6908.004605440001,0.0
0.0,0.0
0.0,0.0
0.0,0.0
0.0,0.0
0.0,0.0
0.0,0.0
0.0,0.0
0.0,0.0
0.0,0.0
0.0,0.0
0.0,0.0
0.0,0.0
6835.185856,0.0
0.0,0.0
0.0,0.0
0.0,0.0
0.0,0.0
0.0,0.0
0.0,0.0
0.0,0.0
0.0,0.0
0.0,0.0
0.0,0.0
0.0,0.0
0.0,0.0
0.0,0.0
0.0,0.0
6840.521414866489,0.0
0.0,0.0
0.0,0.0
0.0,0.0
5057.270816750221,0.0
1424.0341792698323,0.0
0.0,0.0
0.0,0.0
0.0,0.0
0.0,0.0
0.0,0.0
0.0,0.0
6921.890406540253,0.0
0.0,0.0
2194.5329884740922,0.0
3599.7149287596894,0.0
0.0,0.0
0.0,0.0
0.0,0.0
0.0,0.0
5475.149976317506,0.0
1395.0351601493614,0.0
-5.6441475670735676e-27,0.0
0.0,0.0
0.0,0.0
0.0,0.0
0.0,0.0
0.0,0.0
0.0,0.0
0.0,0.0
0.0,0.0
0.0,0.0
0.0,0.0
0.0,0.0
0.0,0.0
6908.00460544,0.0
0.0,0.0
0.0,0.0
0.0,0.0
0.0,0.0
0.0,0.0
0.0,0.0
0.0,0.0
0.0,0.0
0.0,0.0
4947.731270166169,0.0
0.0,0.0
1960.2733352738305,0.0
0.0,0.0
0.0,0.0
0.0,0.0
0.0,0.0
0.0,0.0
0.0,0.0
0.0,0.0
0.0,0.0
0.0,0.0
0.0,0.0
0.0,0.0
0.0,0.0
0.0,0.0
0.0,0.0
0.0,0.0
0.0,0.0
0.0,0.0
0.0,0.0
0.0,0.0
0.0,0.0
0.0,0.0
0.0,0.0
0.0,0.0
0.0,0.0
0.0,0.0
0.0,0.0
0.0,0.0
0.0,0.0
0.0,0.0
0.0,0.0
0.0,0.0
0.0,0.0
0.0,0.0
0.0,0.0
0.0,0.0
0.0,0.0
0.0,0.0
0.0,0.0
0.0,0.0
0.0,0.0
0.0,0.0
0.0,0.0
0.0,0.0
0.0,0.0
6908.00460544,0.0
0.0,0.0
0.0,0.0
0.0,0.0
0.0,0.0
0.0,0.0
0.0,0.0
0.0,0.0
0.0,0.0
0.0,0.0
0.0,0.0
0.0,0.0
0.0,0.0
0.0,0.0
0.0,0.0
0.0,0.0
0.0,0.0
0.0,0.0
0.0,0.0
0.0,0.0
0.0,0.0
0.0,0.0
0.0,0.0
0.0,0.0
0.0,0.0
0.0,0.0
0.0,0.0
0.0,0.0
0.0,0.0
0.0,0.0
0.0,0.0
0.0,0.0
0.0,0.0
0.0,0.0
0.0,0.0
0.0,0.0
0.0,0.0
0.0,0.0
0.0,0.0
0.0,0.0
0.0,0.0
0.0,0.0
0.0,0.0
0.0,0.0
0.0,0.0
2361.993059401554,0.0
0.0,0.0
0.0,0.0
0.0,0.0
0.0,0.0
0.0,0.0
0.0,0.0
0.0,0.0
0.0,0.0
0.0,0.0
0.0,0.0
0.0,0.0
0.0,0.0
0.0,0.0
6633.63912392627,0.0
0.0,0.0
0.0,0.0
0.0,0.0
0.0,0.0
5.6308359535055884e-14,0.0
0.0,0.0
0.0,0.0
0.0,0.0
0.0,0.0
0.0,0.0
0.0,0.0
6908.00460544,0.0
0.0,0.0
0.0,0.0
0.0,0.0
0.0,0.0
0.0,0.0
0.0,0.0
0.0,0.0
0.0,0.0
0.0,0.0
0.0,0.0
0.0,0.0
3020.804850073577,0.0
0.0,0.0
0.0,0.0
0.0,0.0
0.0,0.0
0.0,0.0
0.0,0.0
0.0,0.0
0.0,0.0
0.0,0.0
0.0,0.0
0.0,0.0
0.0,0.0
0.0,0.0
0.0,0.0
0.0,0.0
0.0,0.0
0.0,0.0
0.0,0.0
0.0,0.0
0.0,0.0
0.0,0.0
0.0,0.0
0.0,0.0
3809.693051966168,0.0
0.0,0.0
0.0,0.0
0.0,0.0
0.0,0.0
0.0,0.0
0.0,0.0
0.0,0.0
0.0,0.0
0.0,0.0
0.0,0.0
0.0,0.0
0.0,0.0
0.0,0.0
0.0,0.0
0.0,0.0
0.0,0.0
6094.420392056193,0.0
0.0,0.0
0.0,0.0
0.0,0.0
0.0,0.0
0.0,0.0
0.0,0.0
0.0,0.0
6908.004605440001,0.0
0.0,0.0
0.0,0.0
0.0,0.0
5267.5599999999995,0.0
54.59628662137047,0.0
5226.066822167759,0.0
1295.7492151525032,0.0
0.0,0.0
0.0,0.0
0.0,0.0
0.0,0.0
0.0,0.0
0.0,0.0
0.0,0.0
0.0,0.0
6894.391153205796,0.0
0.0,0.0
0.0,0.0
0.0,0.0
0.0,0.0
0.0,0.0
0.0,0.0
0.0,0.0
0.0,0.0
0.0,0.0
0.0,0.0
0.0,0.0
0.0,0.0
0.0,0.0
0.0,0.0
0.0,0.0
0.0,0.0
0.0,0.0
0.0,0.0
0.0,0.0
0.0,0.0
0.0,0.0
0.0,0.0
0.0,0.0
0.0,0.0
6908.00460544,0.0
0.0,0.0
0.0,0.0
0.0,0.0
0.0,0.0
0.0,0.0
0.0,0.0
0.0,0.0
0.0,0.0
0.0,0.0
0.0,0.0
6858.698277438703,0.0
0.0,0.0
0.0,0.0
0.0,0.0
0.0,0.0
0.0,0.0
0.0,0.0
0.0,0.0
4671.2592231027475,0.0
0.0,0.0
0.0,0.0
0.0,0.0
2236.745382337252,0.0
0.0,0.0
0.0,0.0
0.0,0.0
0.0,0.0
0.0,0.0
0.0,0.0
0.0,0.0
0.0,0.0
0.0,0.0
0.0,0.0
0.0,0.0
0.0,0.0
0.0,0.0
0.0,0.0
0.0,0.0
0.0,0.0
0.0,0.0
0.0,0.0
0.0,0.0
0.0,0.0
0.0,0.0
0.0,0.0
0.0,0.0
0.0,0.0
6908.00460544,0.0
0.0,0.0
1246.5345050294802,0.0
4320.193776177596,0.0
1984.2127301050275,0.0
370.5540887133962,0.0
5799.299909315446,0.0
860.0920689202619,0.0
2178.2358859231063,0.0
3612.1007266984393,0.0
2522.363447709186,0.0
3350.5637797410186,0.0
2721.1315273968257,0.0
3199.5000391784124,0.0
2835.9399702244073,0.0
0.0,0.0
0.0,0.0
0.0,0.0
0.0,0.0
6878.2095394872285,0.0
0.0,0.0
0.0,0.0
0.0,0.0
0.0,0.0
0.0,0.0
0.0,0.0
0.0,0.0
0.0,0.0
0.0,0.0
0.0,0.0
0.0,0.0
0.0,0.0
0.0,0.0
0.0,0.0
0.0,0.0
0.0,0.0
0.0,0.0
0.0,0.0
0.0,0.0
0.0,0.0
0.0,0.0
0.0,0.0
0.0,0.0
0.0,0.0
0.0,0.0
0.0,0.0
0.0,0.0
0.0,0.0
2342.488716947604,0.0
0.0,0.0
0.0,0.0
0.0,0.0
0.0,0.0
0.0,0.0
0.0,0.0
0.0,0.0
0.0,0.0
6835.185856,0.0
0.0,0.0
0.0,0.0
0.0,0.0
0.0,0.0
0.0,0.0
0.0,0.0
0.0,0.0
0.0,0.0
0.0,0.0
6908.00460544,0.0
0.0,0.0
0.0,0.0
0.0,0.0
0.0,0.0
0.0,0.0
0.0,0.0
5267.5599999999995,0.0
0.0,0.0
0.0,0.0
0.0,0.0
0.0,0.0
6852.6623558656,0.0
0.0,0.0
0.0,0.0
0.0,0.0
0.0,0.0
0.0,0.0
0.0,0.0
0.0,0.0
0.0,0.0
0.0,0.0
6835.185856,0.0
0.0,0.0
0.0,0.0
0.0,0.0
0.0,0.0
0.0,0.0
0.0,0.0
0.0,0.0
0.0,0.0
0.0,0.0
0.0,0.0
0.0,0.0
0.0,0.0
0.0,0.0
0.0,0.0
0.0,0.0
0.0,0.0
0.0,0.0
0.0,0.0
0.0,0.0
0.0,0.0
0.0,0.0
0.0,0.0
0.0,0.0
0.0,0.0
0.0,0.0
0.0,0.0
0.0,0.0
0.0,0.0
0.0,0.0
0.0,0.0
0.0,0.0
0.0,0.0
0.0,0.0
0.0,0.0
0.0,0.0
0.0,0.0
0.0,0.0
0.0,0.0
0.0,0.0
0.0,0.0
0.0,0.0
0.0,0.0
6835.185856000001,0.0
0.0,0.0
0.0,0.0
0.0,0.0
0.0,0.0
0.0,0.0
6835.185856,0.0
0.0,0.0
0.0,0.0
0.0,0.0
0.0,0.0
0.0,0.0
0.0,0.0
5267.56,0.0
1264.2144000000005,0.0
0.0,0.0
0.0,0.0
0.0,0.0
0.0,0.0
0.0,0.0
0.0,0.0
0.0,0.0
0.0,0.0
6894.722465542145,0.0
0.0,0.0
0.0,0.0
0.0,0.0
0.0,0.0
0.0,0.0
2339.344323589757,0.0
0.0,0.0
0.0,0.0
0.0,0.0
0.0,0.0
0.0,0.0
0.0,0.0
0.0,0.0
0.0,0.0
0.0,0.0
0.0,0.0
1050.3826547416477,0.0
5313.65581290241,0.0
0.0,0.0
0.0,0.0
0.0,0.0
0.0,0.0
0.0,0.0
0.0,0.0
0.0,0.0
0.0,0.0
0.0,0.0
0.0,0.0
0.0,0.0
6619.201514358026,0.0
0.0,0.0
0.0,0.0
0.0,0.0
0.0,0.0
0.0,0.0
0.0,0.0
0.0,0.0
0.0,0.0
0.0,0.0
0.0,0.0
0.0,0.0
0.0,0.0
0.0,0.0
0.0,0.0
219.99891287374558,0.0
0.0,0.0
0.0,0.0
0.0,0.0
0.0,0.0
0.0,0.0
0.0,0.0
0.0,0.0
0.0,0.0
0.0,0.0
2013.7072776667603,0.0
4894.29732777324,0.0
0.0,0.0
0.0,0.0
0.0,0.0
1825.482086712641,0.0
2972.3419630131107,0.0
3008.5801081100367,0.0
2981.039117836372,0.0
3001.9702704443575,0.0
2986.062594462289,0.0
1783.8717939779815,0.0
4203.244788792097,0.0
2073.0939605180065,0.0
1030.4479704326661,0.0
4484.419542471174,0.0
1859.4011477219078,0.0
3854.415127731351,0.0
2338.204502924174,0.0
3490.5245777776286,0.0
2614.761320889003,0.0
3280.341396124358,0.0
2774.5005389454873,0.0
3158.9395904014295,0.0
2866.765911294914,0.0
3088.817907415865,0.0
2920.0583903639426,0.0
2550.463481330971,0.0
0.0,0.0
6095.246144383996,0.0
0.0,0.0
5267.56,0.0
1264.2144,0.0
0.0,0.0
0.0,0.0
0.0,0.0
0.0,0.0
0.0,0.0
0.0,0.0
0.0,0.0
0.0,0.0
6894.722465542143,0.0
5.630835953441541e-14,0.0
0.0,0.0
5267.56,0.0
0.0,0.0
0.0,0.0
0.0,0.0
0.0,0.0
115.43069803592815,0.0
0.0,0.0
0.0,0.0
0.0,0.0
6737.231657829671,0.0
0.0,0.0
0.0,0.0
0.0,0.0
0.0,0.0
0.0,0.0
0.0,0.0
0.0,0.0
6908.00460544,0.0
0.0,0.0
0.0,0.0
0.0,0.0
0.0,0.0
0.0,0.0
0.0,0.0
0.0,0.0
0.0,0.0
0.0,0.0
0.0,0.0
0.0,0.0
6835.185856,0.0
0.0,0.0
5.6308359534415455e-14,0.0
0.0,0.0
0.0,0.0
0.0,0.0
0.0,0.0
0.0,0.0
0.0,0.0
0.0,0.0
0.0,0.0
0.0,0.0
0.0,0.0
6581.429302364675,0.0
0.0,0.0
0.0,0.0
0.0,0.0
0.0,0.0
5267.5599999999995,0.0
1264.214400000001,0.0
4306.7570559999995,0.0
1994.424637440001,0.0
0.0,0.0
0.0,0.0
0.0,0.0
0.0,0.0
2112.476227654068,0.0
4614.956687419509,0.0
159.61778646356498,0.0
0.0,0.0
5267.56,0.0
1264.2144000000005,0.0
4306.757056,0.0
1994.4246374400004,0.0
3751.7972755456003,0.0
2416.194070585344,0.0
3431.2525063551384,0.0
2659.808095170095,0.0
3246.105847670728,0.0
2800.519555770247,0.0
3139.1651376146133,0.0
2881.7944954128934,0.0
3077.3961834862007,0.0
0.0,0.0
0.0,0.0
0.0,0.0
0.0,0.0
6875.67274256121,0.0
0.0,0.0
0.0,0.0
52.67211149107791,0.0
5227.529195266781,0.0
1294.6378115972466,0.0
4283.635263186093,0.0
2011.9971999785698,0.0
3738.442128016288,0.0
2426.343982707622,0.0
0.0,0.0
0.0,0.0
0.0,0.0
0.0,0.0
0.0,0.0
0.0,0.0
0.0,0.0
6882.512853235117,0.0
-5.6308359534415355e-14,0.0
0.0,0.0
0.0,0.0
0.0,0.0
0.0,0.0
6908.00460544,0.0
0.0,0.0
0.0,0.0
0.0,0.0
0.0,0.0
0.0,0.0
0.0,0.0
0.0,0.0
0.0,0.0
0.0,0.0
0.0,0.0
0.0,0.0
0.0,0.0
0.0,0.0
0.0,0.0
0.0,0.0
0.0,0.0
0.0,0.0
0.0,0.0
0.0,0.0
0.0,0.0
0.0,0.0
0.0,0.0
0.0,0.0
6591.577889093464,0.0
0.0,0.0
0.0,0.0
0.0,0.0
0.0,0.0
0.0,0.0
0.0,0.0
0.0,0.0
0.0,0.0
5267.56,0.0
0.0,0.0
0.0,0.0
0.0,0.0
6852.6623558656,0.0
0.0,0.0
0.0,0.0
0.0,0.0
0.0,0.0
0.0,0.0
383.77096051531964,0.0
4975.894070008357,0.0
0.0,0.0
0.0,0.0
0.0,0.0
2544.0801112793447,0.0
0.0,0.0
0.0,0.0
0.0,0.0
0.0,0.0
4311.64655684657,0.0
0.0,0.0
0.0,0.0
0.0,0.0
0.0,0.0
0.0,0.0
0.0,0.0
0.0,0.0
0.0,0.0
6514.803787021957,0.0
0.0,0.0
0.0,0.0
0.0,0.0
3998.169704098064,0.0
0.0,0.0
0.0,0.0
0.0,0.0
0.0,0.0
0.0,0.0
0.0,0.0
0.0,0.0
6908.00460544,0.0
0.0,0.0
0.0,0.0
0.0,0.0
0.0,0.0
0.0,0.0
0.0,0.0
0.0,0.0
0.0,0.0
0.0,0.0
0.0,0.0
0.0,0.0
0.0,0.0
0.0,0.0
0.0,0.0
3778.9301447314365,0.0
0.0,0.0
0.0,0.0
0.0,0.0
0.0,0.0
0.0,0.0
0.0,0.0
0.0,0.0
0.0,0.0
0.0,0.0
0.0,0.0
0.0,0.0
6531.7744,0.0
0.0,0.0
0.0,0.0
0.0,0.0
0.0,0.0
0.0,0.0
0.0,0.0
0.0,0.0
0.0,0.0
0.0,0.0
0.0,0.0
0.0,0.0
0.0,0.0
0.0,0.0
6908.00460544,0.0
0.0,0.0
0.0,0.0
0.0,0.0
0.0,0.0
0.0,0.0
0.0,0.0
0.0,0.0
0.0,0.0
0.0,0.0
0.0,0.0
0.0,0.0
6531.7744,0.0
0.0,0.0
0.0,0.0
0.0,0.0
0.0,0.0
0.0,0.0
0.0,0.0
0.0,0.0
0.0,0.0
0.0,0.0
0.0,0.0
0.0,0.0
0.0,0.0
0.0,0.0
6176.225425977781,0.0
0.0,0.0
0.0,0.0
0.0,0.0
0.0,0.0
0.0,0.0
0.0,0.0
0.0,0.0
0.0,0.0
0.0,0.0
0.0,0.0
0.0,0.0
0.0,0.0
0.0,0.0
0.0,0.0
0.0,0.0
0.0,0.0
0.0,0.0
0.0,0.0
0.0,0.0
0.0,0.0
0.0,0.0
0.0,0.0
0.0,0.0
0.0,0.0
0.0,0.0
0.0,0.0
437.53590720777504,0.0
2445.629048283051,0.0
3736.8380974086213,0.0
0.0,0.0
0.0,0.0
0.0,0.0
6727.2865286844935,0.0
0.0,0.0
245.66661440702336,0.0
5080.853373050662,0.0
1406.1114364814975,0.0
4198.915308274062,0.0
2076.3843657117127,0.0
3689.507882059098,0.0
2463.5340096350856,0.0
3395.2741526773357,0.0
2687.1516439652246,0.0
0.0,0.0
6041.637940140742,0.0
0.0,0.0
5267.56,0.0
1264.2144000000005,0.0
0.0,0.0
0.0,0.0
0.0,0.0
0.0,0.0
6894.722465542144,0.0
0.0,0.0
0.0,0.0
0.0,0.0
0.0,0.0
0.0,0.0
0.0,0.0
0.0,0.0
0.0,0.0
2448.5960873745234,0.0
309.3079790722434,0.0
0.0,0.0
0.0,0.0
0.0,0.0
0.0,0.0
0.0,0.0
0.0,0.0
0.0,0.0
0.0,0.0
0.0,0.0
0.0,0.0
0.0,0.0
0.0,0.0
0.0,0.0
0.0,0.0
0.0,0.0
0.0,0.0
0.0,0.0
0.0,0.0
0.0,0.0
0.0,0.0
0.0,0.0
0.0,0.0
0.0,0.0
0.0,0.0
6319.807549835637,0.0
0.0,0.0
0.0,0.0
0.0,0.0
0.0,0.0
4249.805548416455,0.0
2300.5099633996647,0.0
0.0,0.0
5267.56,0.0
0.0,0.0
0.0,0.0
0.0,0.0
1701.435428275652,0.0
2550.9140835392946,0.0
0.0,0.0
0.0,0.0
0.0,0.0
2600.3128440506534,0.0
0.0,0.0
0.0,0.0
5267.56,0.0
0.0,0.0
0.0,0.0
0.0,0.0
0.0,0.0
0.0,0.0
0.0,0.0
6852.6623558656,0.0
0.0,0.0
0.0,0.0
0.0,0.0
0.0,0.0
0.0,0.0
0.0,0.0
0.0,0.0
0.0,0.0
0.0,0.0
6865.769189495273,0.0
0.0,0.0
0.0,0.0
0.0,0.0
0.0,0.0
0.0,0.0
0.0,0.0
0.0,0.0
0.0,0.0
0.0,0.0
6835.185856000001,0.0
0.0,0.0
0.0,0.0
0.0,0.0
0.0,0.0
0.0,0.0
0.0,0.0
0.0,0.0
0.0,0.0
0.0,0.0
0.0,0.0
0.0,0.0
0.0,0.0
4842.625913469583,0.0
2065.3786919704166,0.0
0.0,0.0
0.0,0.0
0.0,0.0
0.0,0.0
0.0,0.0
0.0,0.0
0.0,0.0
0.0,0.0
0.0,0.0
0.0,0.0
881.3329174469668,0.0
0.0,0.0
0.0,0.0
0.0,0.0
0.0,0.0
0.0,0.0
0.0,0.0
0.0,0.0
0.0,0.0
0.0,0.0
0.0,0.0
0.0,0.0
0.0,0.0
1964.3556093597115,0.0
0.0,0.0
0.0,0.0
0.0,0.0
0.0,0.0
0.0,0.0
0.0,0.0
0.0,0.0
0.0,0.0
0.0,0.0
0.0,0.0
0.0,0.0
0.0,0.0
0.0,0.0
0.0,0.0
0.0,0.0
0.0,0.0
0.0,0.0
0.0,0.0
0.0,0.0
0.0,0.0
0.0,0.0
0.0,0.0
0.0,0.0
0.0,0.0
0.0,0.0
0.0,0.0
0.0,0.0
6447.053219168486,0.0
0.0,0.0
0.0,0.0
0.0,0.0
0.0,0.0
0.0,0.0
0.0,0.0
0.0,0.0
6908.00460544,0.0
0.0,0.0
0.0,0.0
0.0,0.0
0.0,0.0
0.0,0.0
0.0,0.0
0.0,0.0
0.0,0.0
0.0,0.0
0.0,0.0
6325.217858305804,0.0
0.0,0.0
0.0,0.0
0.0,0.0
0.0,0.0
0.0,0.0
0.0,0.0
0.0,0.0
0.0,0.0
0.0,0.0
0.0,0.0
6859.427680365971,0.0
0.0,0.0
0.0,0.0
0.0,0.0
0.0,0.0
0.0,0.0
0.0,0.0
0.0,0.0
0.0,0.0
0.0,0.0
0.0,0.0
0.0,0.0
0.0,0.0
0.0,0.0
0.0,0.0
0.0,0.0
0.0,0.0
0.0,0.0
6876.642168079139,0.0
0.0,0.0
0.0,0.0
0.0,0.0
0.0,0.0
0.0,0.0
0.0,0.0
0.0,0.0
0.0,0.0
0.0,0.0
0.0,0.0
0.0,0.0
0.0,0.0
0.0,0.0
0.0,0.0
0.0,0.0
0.0,0.0
0.0,0.0
0.0,0.0
6270.249346167654,0.0
0.0,0.0
0.0,0.0
0.0,0.0
0.0,0.0
0.0,0.0
0.0,0.0
0.0,0.0
0.0,0.0
0.0,0.0
0.0,0.0
0.0,0.0
0.0,0.0
0.0,0.0
0.0,0.0
0.0,0.0
6086.762622269619,0.0
0.0,0.0
0.0,0.0
0.0,0.0
0.0,0.0
0.0,0.0
0.0,0.0
0.0,0.0
6042.564743177988,0.0
865.4398622620121,0.0
0.0,0.0
0.0,0.0
1743.6766516477917,0.0
3942.365744747678,0.0
2271.3620339917647,0.0
3541.3248541662592,0.0
2576.153110833643,0.0
3309.683635766432,0.0
2752.2004368175117,0.0
3175.887668018691,0.0
2853.885372305795,0.0
3098.607117047596,0.0
2912.618591043827,0.0
3053.969870806692,0.0
2946.542898186914,0.0
3028.1873973779457,0.0
2966.137577992761,0.0
3013.295440725501,0.0
2977.4554650486193,0.0
0.0,0.0
0.0,0.0
0.0,0.0
5514.981173852758,0.0
1361.74156988213,0.0
-1.9821977473569283e-13,0.0
0.0,0.0
4901.824105725686,0.0
1542.1736796484781,0.0
4095.508003467157,0.0
2154.9739173649614,0.0
3629.7798228026295,0.0
0.0,0.0
0.0,0.0
0.0,0.0
699.031255815033,0.0
6170.838011659444,0.0
7.36570739408355e-13,0.0
1355.7092086513867,0.0
4237.221001424946,0.0
2047.2720389170406,0.0
3711.63325042305,0.0
2446.718729678482,0.0
3408.053765444354,0.0
2677.4391382622907,0.0
3232.7062549206594,0.0
2810.7032462602992,0.0
3131.425532842173,0.0
2887.6765950399486,0.0
3072.9257877696396,0.0
2932.136401295074,0.0
2613.4345196446952,0.0
3383.518200759084,0.0
2696.086167423096,0.0
3218.534512758447,0.0
0.0,0.0
0.0,0.0
0.0,0.0
0.0,0.0
0.0,0.0
0.0,0.0
0.0,0.0
0.0,0.0
0.0,0.0
0.0,0.0
0.0,0.0
0.0,0.0
0.0,0.0
0.0,0.0
0.0,0.0
0.0,0.0
0.0,0.0
0.0,0.0
0.0,0.0
0.0,0.0
0.0,0.0
6874.189909400677,0.0
0.0,0.0
0.0,0.0
0.0,0.0
0.0,0.0
0.0,0.0
0.0,0.0
0.0,0.0
0.0,0.0
0.0,0.0
0.0,0.0
0.0,0.0
0.0,0.0
6908.00460544,0.0
0.0,0.0
0.0,0.0
0.0,0.0
0.0,0.0
0.0,0.0
2770.943028114013,0.0
0.0,0.0
0.0,0.0
0.0,0.0
0.0,0.0
0.0,0.0
0.0,0.0
0.0,0.0
0.0,0.0
0.0,0.0
0.0,0.0
0.0,0.0
0.0,0.0
0.0,0.0
0.0,0.0
0.0,0.0
0.0,0.0
0.0,0.0
0.0,0.0
0.0,0.0
0.0,0.0
0.0,0.0
0.0,0.0
0.0,0.0
0.0,0.0
0.0,0.0
0.0,0.0
0.0,0.0
0.0,0.0
0.0,0.0
0.0,0.0
0.0,0.0
0.0,0.0
0.0,0.0
0.0,0.0
0.0,0.0
0.0,0.0
0.0,0.0
0.0,0.0
0.0,0.0
0.0,0.0
0.0,0.0
0.0,0.0
0.0,0.0
0.0,0.0
0.0,0.0
0.0,0.0
0.0,0.0
0.0,0.0
0.0,0.0
0.0,0.0
0.0,0.0
0.0,0.0
0.0,0.0
0.0,0.0
0.0,0.0
0.0,0.0
0.0,0.0
0.0,0.0
6512.46976858107,0.0
0.0,0.0
0.0,0.0
0.0,0.0
0.0,0.0
0.0,0.0
0.0,0.0
3767.627041602255,0.0
0.0,0.0
0.0,0.0
0.0,0.0
0.0,0.0
0.0,0.0
3504.8152137084094,0.0
2798.056708096232,0.0
0.0,0.0
605.1326836353588,0.0
0.0,0.0
0.0,0.0
0.0,0.0
0.0,0.0
0.0,0.0
0.0,0.0
0.0,0.0
0.0,0.0
0.0,0.0
3539.5912552395607,0.0
0.0,0.0
0.0,0.0
0.0,0.0
0.0,0.0
0.0,0.0
0.0,0.0
0.0,0.0
0.0,0.0
0.0,0.0
0.0,0.0
0.0,0.0
6699.449941413293,0.0
0.0,0.0
0.0,0.0
0.0,0.0
0.0,0.0
0.0,0.0
0.0,0.0
0.0,0.0
0.0,0.0
0.0,0.0
0.0,0.0
0.0,0.0
0.0,0.0
0.0,0.0
0.0,0.0
0.0,0.0
0.0,0.0
0.0,0.0
0.0,0.0
0.0,0.0
0.0,0.0
0.0,0.0
0.0,0.0
0.0,0.0
0.0,0.0
0.0,0.0
0.0,0.0
0.0,0.0
0.0,0.0
0.0,0.0
0.0,0.0
0.0,0.0
0.0,0.0
0.0,0.0
5601.952547761063,0.0
0.0,0.0
0.0,0.0
2230.3981512985724,0.0
3572.457405013085,0.0
2367.3271491880973,0.0
3512.831020137516,0.0
2597.8084246954877,0.0
330.45257266915206,0.0
5016.416044771445,0.0
1455.0838059737027,0.0
4161.696307459986,0.0
2104.6708063304104,0.0
3668.010187188888,0.0
2479.8722577364447,0.0
3382.8570841203023,0.0
2696.5886160685704,0.0
3218.152651787887,0.0
2511.5967647707776,0.0
3433.186591543112,0.0
2658.3381904272346,0.0
3247.2229752753015,0.0
2799.670538790771,0.0
3139.810390519014,0.0
2881.3041032055494,0.0
3077.768881563783,0.0
2928.4556500115245,0.0
0.0,0.0
0.0,0.0
0.0,0.0
838.0548073461731,0.0
6039.1827402054505,0.0
0.0,0.0
0.0,0.0
0.0,0.0
0.0,0.0
0.0,0.0
6908.00460544,0.0
0.0,0.0
0.0,0.0
0.0,0.0
0.0,0.0
0.0,0.0
0.0,0.0
0.0,0.0
0.0,0.0
0.0,0.0
0.0,0.0
0.0,0.0
0.0,0.0
0.0,0.0
0.0,0.0
0.0,0.0
0.0,0.0
0.0,0.0
0.0,0.0
0.0,0.0
0.0,0.0
0.0,0.0
0.0,0.0
0.0,0.0
0.0,0.0
0.0,0.0
0.0,0.0
0.0,0.0
0.0,0.0
6908.004605440001,0.0
0.0,0.0
0.0,0.0
0.0,0.0
0.0,0.0
0.0,0.0
712.3836877834697,0.0
3083.7833052059786,0.0
1983.264842473909,0.0
0.0,0.0
0.0,0.0
0.0,0.0
0.0,0.0
6335.880334526425,0.0
0.0,0.0
2369.276320283363,0.0
3466.9099965846444,0.0
2632.7084025956706,0.0
3266.7016140272904,0.0
2784.8667733392595,0.0
3151.0612522621627,0.0
2872.753448280756,0.0
3084.2673793066256,0.0
2923.5167917269646,0.0
2440.5735966522393,0.0
3557.9513405367625,0.0
2049.3785915957037,0.0
3710.032270387266,0.0
2447.9354745056776,0.0
3407.1290393756854,0.0
2678.141930074479,0.0
3232.172133143396,0.0
2811.1091788110193,0.0
3131.1170241036257,0.0
0.0,0.0
0.0,0.0
0.0,0.0
6875.10833851668,0.0
0.0,0.0
0.0,0.0
0.0,0.0
0.0,0.0
0.0,0.0
6667.500409417631,0.0
0.0,0.0
0.0,0.0
0.0,0.0
0.0,0.0
0.0,0.0
0.0,0.0
0.0,0.0
0.0,0.0
0.0,0.0
0.0,0.0
0.0,0.0
0.0,0.0
0.0,0.0
0.0,0.0
0.0,0.0
0.0,0.0
0.0,0.0
0.0,0.0
0.0,0.0
0.0,0.0
0.0,0.0
0.0,0.0
0.0,0.0
0.0,0.0
0.0,0.0
0.0,0.0
0.0,0.0
0.0,0.0
0.0,0.0
0.0,0.0
0.0,0.0
0.0,0.0
0.0,0.0
0.0,0.0
0.0,0.0
0.0,0.0
0.0,0.0
0.0,0.0
0.0,0.0
0.0,0.0
0.0,0.0
0.0,0.0
0.0,0.0
0.0,0.0
0.0,0.0
0.0,0.0
0.0,0.0
0.0,0.0
0.0,0.0
1268.000158466718,0.0
0.0,0.0
0.0,0.0
0.0,0.0
0.0,0.0
0.0,0.0
0.0,0.0
0.0,0.0
0.0,0.0
0.0,0.0
0.0,0.0
0.0,0.0
0.0,0.0
0.0,0.0
0.0,0.0
0.0,0.0
0.0,0.0
0.0,0.0
0.0,0.0
0.0,0.0
0.0,0.0
0.0,0.0
0.0,0.0
0.0,0.0
0.0,0.0
0.0,0.0
0.0,0.0
0.0,0.0
0.0,0.0
0.0,0.0
0.0,0.0
0.0,0.0
0.0,0.0
0.0,0.0
0.0,0.0
0.0,0.0
0.0,0.0
0.0,0.0
0.0,0.0
0.0,0.0
0.0,0.0
0.0,0.0
0.0,0.0
0.0,0.0
0.0,0.0
0.0,0.0
0.0,0.0
0.0,0.0
0.0,0.0
0.0,0.0
0.0,0.0
0.0,0.0
0.0,0.0
0.0,0.0
0.0,0.0
0.0,0.0
0.0,0.0
0.0,0.0
0.0,0.0
0.0,0.0
0.0,0.0
0.0,0.0
0.0,0.0
0.0,0.0
0.0,0.0
0.0,0.0
0.0,0.0
0.0,0.0
0.0,0.0
0.0,0.0
0.0,0.0
0.0,0.0
0.0,0.0
0.0,0.0
0.0,0.0
0.0,0.0
0.0,0.0
0.0,0.0
0.0,0.0
0.0,0.0
0.0,0.0
0.0,0.0
0.0,0.0
0.0,0.0
0.0,0.0
0.0,0.0
0.0,0.0
0.0,0.0
0.0,0.0
0.0,0.0
0.0,0.0
0.0,0.0
0.0,0.0
0.0,0.0
0.0,0.0
0.0,0.0
0.0,0.0
0.0,0.0
0.0,0.0
6530.865817967989,0.0
0.0,0.0
0.0,0.0
0.0,0.0
0.0,0.0
269.39044131325056,0.0
6333.720838630912,0.0
0.0,0.0
0.0,0.0
0.0,0.0
0.0,0.0
1814.144316483864,0.0
4843.424568307033,0.0
-7.928790989427711e-13,0.0
0.0,0.0
5267.56,0.0
1264.2144000000005,0.0
1382.67668798664,0.0
4918.505005453361,0.0
1529.4961958554459,0.0
1595.01273856635,0.0
4055.350318689574,0.0
2185.4937577959236,0.0
1413.0653143014185,0.0
4720.075024276605,0.0
1680.3029815497803,0.0
0.5356985596419028,0.0
0.0,0.0
0.0,0.0
0.0,0.0
0.0,0.0
6907.998977262365,0.0
0.0,0.0
0.0,0.0
0.0,0.0
0.0,0.0
0.0,0.0
0.0,0.0
0.0,0.0
0.0,0.0
0.0,0.0
0.0,0.0
0.0,0.0
0.0,0.0
0.0,0.0
0.0,0.0
0.0,0.0
0.0,0.0
0.0,0.0
0.0,0.0
0.0,0.0
0.0,0.0
0.0,0.0
0.0,0.0
0.0,0.0
0.0,0.0
0.0,0.0
0.0,0.0
0.0,0.0
0.0,0.0
0.0,0.0
0.0,0.0
0.0,0.0
0.0,0.0
0.0,0.0
0.0,0.0
0.0,0.0
0.0,0.0
0.0,0.0
0.0,0.0
0.0,0.0
0.0,0.0
0.0,0.0
0.0,0.0
0.0,0.0
5267.56,0.0
1264.2144000000003,0.0
4306.757056,0.0
1994.42463744,0.0
3751.7972755456008,0.0
2416.1940705853435,0.0
0.0,0.0
0.0,0.0
0.0,0.0
0.0,0.0
0.0,0.0
0.0,0.0
0.0,0.0
0.0,0.0
0.0,0.0
0.0,0.0
0.0,0.0
0.0,0.0
0.0,0.0
0.0,0.0
0.0,0.0
6882.619490647853,0.0
0.0,0.0
0.0,0.0
0.0,0.0
0.0,0.0
0.0,0.0
0.0,0.0
0.0,0.0
0.0,0.0
0.0,0.0
0.0,0.0
0.0,0.0
0.0,0.0
0.0,0.0
0.0,0.0
0.0,0.0
0.0,0.0
0.0,0.0
0.0,0.0
0.0,0.0
0.0,0.0
0.0,0.0
5267.56,0.0
1264.2144000000008,0.0
4306.7570559999995,0.0
1994.424637440001,0.0
3751.7972755455994,0.0
2416.1940705853435,0.0
3431.2525063551398,0.0
2659.808095170094,0.0
3246.105847670729,0.0
2800.519555770246,0.0
3139.165137614612,0.0
2881.7944954128943,0.0
3077.3961834862002,0.0
2928.7389005504874,0.0
3041.71843558163,0.0
2955.853988957961,0.0
3021.11096839195,0.0
2971.515664022119,0.0
3009.2080953431896,0.0
2980.561847539176,0.0
3002.3329958702266,0.0
2985.7869231386285,0.0
2998.3619384146427,0.0
2988.8049268048712,0.0
2996.068255628298,0.0
2990.548125722494,0.0
646.6350521922958,0.0
5339.663369675922,0.0
1209.4158390463006,0.0
4348.403962324812,0.0
1962.7729886331429,0.0
0.0,0.0
0.0,0.0
0.0,0.0
1725.6903549598776,0.0
0.0,0.0
0.0,0.0
0.0,0.0
6740.468879245333,0.0
5.630835953441434e-14,0.0
0.0,0.0
0.0,0.0
0.0,0.0
0.0,0.0
6531.774400000001,0.0
0.0,0.0
0.0,0.0
2017.2362015400795,0.0
3734.460486829539,0.0
2429.3700300095497,0.0
3421.238777192742,0.0
2667.4185293335163,0.0
3240.3219177065284,0.0
2804.9153425430386,0.0
3135.824339667291,0.0
0.0,0.0
0.0,0.0
0.0,0.0
0.0,0.0
0.0,0.0
0.0,0.0
2595.3705746655464,0.0
4279.688307664068,0.0
0.0,0.0
0.0,0.0
0.0,0.0
0.0,0.0
0.0,0.0
0.0,0.0
0.0,0.0
6638.85452089041,0.0
0.0,0.0
0.0,0.0
0.0,0.0
0.0,0.0
0.0,0.0
0.0,0.0
0.0,0.0
0.0,0.0
196.33133510959038,0.0
0.0,0.0
0.0,0.0
2890.3286688764947,0.0
3070.9102116538643,0.0
2933.668239143064,0.0
3037.9721382512716,0.0
2958.701174929034,0.0
3018.947107053935,0.0
2973.1601986390096,0.0
3007.9582490343532,0.0
2981.511730733892,0.0
3001.6110846422416,0.0
2986.335575671896,0.0
2997.9449624893596,0.0
2989.1218285080868,0.0
2995.8274103338545,0.0
2990.7311681462706,0.0
2994.6043122088345,0.0
2991.6607227212858,0.0
2993.8978507318234,0.0
2992.197633443815,0.0
0.0,0.0
0.0,0.0
0.0,0.0
0.0,0.0
0.0,0.0
0.0,0.0
0.0,0.0
0.0,0.0
0.0,0.0
0.0,0.0
3963.8047331191524,0.0
0.0,0.0
0.0,0.0
0.0,0.0
0.0,0.0
5966.62315020555,0.0
0.0,0.0
0.0,0.0
0.0,0.0
0.0,0.0
0.0,0.0
0.0,0.0
0.0,0.0
0.0,0.0
0.0,0.0
0.0,0.0
0.0,0.0
0.0,0.0
0.0,0.0
6835.185856,0.0
0.0,0.0
0.0,0.0
0.0,0.0
0.0,0.0
0.0,0.0
0.0,0.0
5267.56,0.0
1264.2144000000005,0.0
4306.757056,0.0
1994.4246374399995,0.0
3751.7972755456008,0.0
2416.194070585343,0.0
3431.252506355139,0.0
2659.8080951700945,0.0
3246.105847670729,0.0
2800.519555770246,0.0
3139.165137614613,0.0
2881.7944954128943,0.0
3077.3961834862002,0.0
2928.738900550489,0.0
3041.7184355816285,0.0
2955.8539889579633,0.0
3021.1109683919485,0.0
2971.515664022119,0.0
3009.2080953431887,0.0
2980.5618475391766,0.0
3002.332995870226,0.0
2985.786923138628,0.0
2998.3619384146423,0.0
2988.804926804872,0.0
2996.0682556282973,0.0
2990.548125722495,0.0
0.0,0.0
0.0,0.0
0.0,0.0
0.0,0.0
0.0,0.0
0.0,0.0
0.0,0.0
0.0,0.0
0.0,0.0
6876.58518909961,0.0
0.0,0.0
5267.56,0.0
1264.2144000000003,0.0
4306.757056,0.0
1994.4246374399984,0.0
3751.7972755456017,0.0
2416.1940705853426,0.0
3431.25250635514,0.0
2659.8080951700936,0.0
3246.105847670729,0.0
2800.519555770247,0.0
3139.165137614613,0.0
2881.7944954128943,0.0
3077.3961834862007,0.0
2928.7389005504874,0.0
3041.71843558163,0.0
2955.8539889579624,0.0
3021.1109683919494,0.0
2971.515664022119,0.0
3009.2080953431887,0.0
2980.5618475391766,0.0
3002.3329958702257,0.0
2985.7869231386285,0.0
2998.3619384146427,0.0
0.0,0.0
0.0,0.0
0.0,0.0
1521.2052725356593,0.0
5355.297822772492,0.0
0.0,0.0
0.0,0.0
0.0,0.0
0.0,0.0
0.0,0.0
0.0,0.0
0.0,0.0
5267.56,0.0
1264.2144000000005,0.0
4306.757056,0.0
1994.4246374400004,0.0
3751.7972755456003,0.0
2416.194070585344,0.0
3431.2525063551384,0.0
2659.8080951700954,0.0
3246.1058476707276,0.0
2800.5195557702473,0.0
3139.1651376146124,0.0
2881.7944954128943,0.0
3077.3961834862007,0.0
2928.7389005504874,0.0
3041.7184355816294,0.0
2955.8539889579624,0.0
3021.11096839195,0.0
2971.515664022118,0.0
3009.208095343191,0.0
2980.5618475391752,0.0
3002.332995870227,0.0
2985.7869231386276,0.0
2998.3619384146423,0.0
2988.804926804872,0.0
2996.0682556282977,0.0
2990.5481257224938,0.0
2994.7434244509054,0.0
2991.5549974173123,0.0
2993.978201962842,0.0
2992.136566508241,0.0
2993.536209453738,0.0
2992.4724808151595,0.0
2993.2809145804795,0.0
2992.666504918835,0.0
2993.1334562616858,0.0
2992.778573241119,0.0
2993.0482843367495,0.0
2992.8433039040706,0.0
2992.999089032906,0.0
2992.8806923349916,0.0
2992.9706738254067,0.0
2992.9022878926908,0.0
2992.9542612015553,0.0
2992.9147614868184,0.0
2992.9447812700187,0.0
2992.9219662347878,0.0
2992.939305661562,0.0
2992.926127697213,0.0
0.0,0.0
0.0,0.0
0.0,0.0
0.0,0.0
6876.560205240142,0.0
0.0,0.0
0.0,0.0
0.0,0.0
0.0,0.0
0.0,0.0
5209.388248508198,0.0
1308.4249311337703,0.0
0.0,0.0
0.0,0.0
0.0,0.0
0.0,0.0
0.0,0.0
0.0,0.0
0.0,0.0
0.0,0.0
0.0,0.0
0.0,0.0
0.0,0.0
0.0,0.0
0.0,0.0
0.0,0.0
0.0,0.0
0.0,0.0
0.0,0.0
2621.813953978425,0.0
4272.4440251131,0.0
0.0,0.0
0.0,0.0
0.0,0.0
6531.7744,0.0
0.0,0.0
0.0,0.0
5267.56,0.0
883.0403054560477,0.0
2090.332441248869,0.0
4302.33103488168,0.0
1563.1566201848036,0.0
4079.56096865955,0.0
0.0,0.0
0.0,0.0
0.0,0.0
0.0,0.0
6865.14375880863,0.0
0.0,0.0
0.0,0.0
0.0,0.0
0.0,0.0
0.0,0.0
0.0,0.0
0.0,0.0
0.0,0.0
0.0,0.0
0.0,0.0
5267.56,0.0
-1.5782731536425383e-28,0.0
0.0,0.0
5267.56,0.0
1264.2144000000005,0.0
4306.757056,0.0
1994.4246374399995,0.0
3751.7972755456003,0.0
2416.194070585343,0.0
3431.2525063551393,0.0
2659.8080951700945,0.0
3246.1058476707285,0.0
2800.519555770247,0.0
3139.165137614613,0.0
0.0,0.0
0.0,0.0
0.0,0.0
0.0,0.0
0.0,0.0
0.0,0.0
0.0,0.0
0.0,0.0
0.0,0.0
0.0,0.0
0.0,0.0
0.0,0.0
0.0,0.0
0.0,0.0
0.0,0.0
0.0,0.0
0.0,0.0
0.0,0.0
0.0,0.0
0.0,0.0
0.0,0.0
0.0,0.0
0.0,0.0
0.0,0.0
0.0,0.0
0.0,0.0
0.0,0.0
0.0,0.0
0.0,0.0
0.0,0.0
0.0,0.0
0.0,0.0
0.0,0.0
0.0,0.0
0.0,0.0
0.0,0.0
0.0,0.0
0.0,0.0
0.0,0.0
6875.023783104588,0.0
0.0,0.0
0.0,0.0
0.0,0.0
0.0,0.0
0.0,0.0
0.0,0.0
0.0,0.0
0.0,0.0
0.0,0.0
0.0,0.0
0.0,0.0
0.0,0.0
0.0,0.0
0.0,0.0
0.0,0.0
0.0,0.0
0.0,0.0
0.0,0.0
0.0,0.0
5744.067118987151,0.0
787.7072810128486,0.0
0.0,0.0
0.0,0.0
5267.5599999999995,0.0
0.0,0.0
0.0,0.0
0.0,0.0
0.0,0.0
0.0,0.0
0.0,0.0
0.0,0.0
0.0,0.0
0.0,0.0
0.0,0.0
0.0,0.0
0.0,0.0
0.0,0.0
0.0,0.0
0.0,0.0
0.0,0.0
0.0,0.0
0.0,0.0
0.0,0.0
0.0,0.0
0.0,0.0
0.0,0.0
0.0,0.0
0.0,0.0
0.0,0.0
0.0,0.0
0.0,0.0
0.0,0.0
0.0,0.0
0.0,0.0
0.0,0.0
0.0,0.0
0.0,0.0
0.0,0.0
0.0,0.0
0.0,0.0
0.0,0.0
0.0,0.0
0.0,0.0
0.0,0.0
0.0,0.0
0.0,0.0
0.0,0.0
0.0,0.0
0.0,0.0
0.0,0.0
0.0,0.0
0.0,0.0
0.0,0.0
0.0,0.0
0.0,0.0
0.0,0.0
0.0,0.0
0.0,0.0
0.0,0.0
0.0,0.0
0.0,0.0
0.0,0.0
0.0,0.0
0.0,0.0
0.0,0.0
0.0,0.0
0.0,0.0
0.0,0.0
0.0,0.0
0.0,0.0
0.0,0.0
0.0,0.0
0.0,0.0
0.0,0.0
0.0,0.0
0.0,0.0
0.0,0.0
0.0,0.0
0.0,0.0
0.0,0.0
0.0,0.0
0.0,0.0
0.0,0.0
0.0,0.0
0.0,0.0
0.0,0.0
0.0,0.0
0.0,0.0
0.0,0.0
0.0,0.0
0.0,0.0
0.0,0.0
0.0,0.0
0.0,0.0
0.0,0.0
0.0,0.0
0.0,0.0
0.0,0.0
0.0,0.0
0.0,0.0
0.0,0.0
0.0,0.0
0.0,0.0
0.0,0.0
0.0,0.0
0.0,0.0
0.0,0.0
0.0,0.0
0.0,0.0
0.0,0.0
0.0,0.0
0.0,0.0
0.0,0.0
0.0,0.0
0.0,0.0
0.0,0.0
0.0,0.0
0.0,0.0
0.0,0.0
0.0,0.0
0.0,0.0
0.0,0.0
0.0,0.0
0.0,0.0
0.0,0.0
0.0,0.0
0.0,0.0
0.0,0.0
0.0,0.0
0.0,0.0
0.0,0.0
0.0,0.0
0.0,0.0
0.0,0.0
0.0,0.0
0.0,0.0
0.0,0.0
0.0,0.0
0.0,0.0
0.0,0.0
0.0,0.0
0.0,0.0
0.0,0.0
0.0,0.0
0.0,0.0
0.0,0.0
0.0,0.0
2327.03301255014,0.0
885.6179983971194,0.0
0.0,0.0
0.0,0.0
0.0,0.0
0.0,0.0
0.0,0.0
0.0,0.0
0.0,0.0
0.0,0.0
0.0,0.0
0.0,0.0
699.0316681714613,0.0
0.0,0.0
0.0,0.0
0.0,0.0
0.0,0.0
0.0,0.0
0.0,0.0
0.0,0.0
0.0,0.0
0.0,0.0
0.0,0.0
0.0,0.0
6187.829218947866,0.0
743.1706746814931,0.0
0.0,0.0
0.0,0.0
0.0,0.0
0.0,0.0
0.0,0.0
0.0,0.0
0.0,0.0
0.0,0.0
0.0,0.0
0.0,0.0
0.0,0.0
0.0,0.0
0.0,0.0
0.0,0.0
0.0,0.0
0.0,0.0
0.0,0.0
0.0,0.0
0.0,0.0
0.0,0.0
0.0,0.0
0.0,0.0
0.0,0.0
0.0,0.0
0.0,0.0
0.0,0.0
0.0,0.0
0.0,0.0
0.0,0.0
0.0,0.0
0.0,0.0
0.0,0.0
0.0,0.0
0.0,0.0
0.0,0.0
0.0,0.0
0.0,0.0
0.0,0.0
0.0,0.0
0.0,0.0
0.0,0.0
0.0,0.0
0.0,0.0
0.0,0.0
0.0,0.0
0.0,0.0
0.0,0.0
0.0,0.0
0.0,0.0
0.0,0.0
0.0,0.0
0.0,0.0
0.0,0.0
0.0,0.0
0.0,0.0
0.0,0.0
0.0,0.0
0.0,0.0
0.0,0.0
0.0,0.0
0.0,0.0
0.0,0.0
0.0,0.0
0.0,0.0
0.0,0.0
0.0,0.0
0.0,0.0
0.0,0.0
0.0,0.0
0.0,0.0
0.0,0.0
0.0,0.0
0.0,0.0
0.0,0.0
0.0,0.0
0.0,0.0
0.0,0.0
0.0,0.0
0.0,0.0
0.0,0.0
0.0,0.0
0.0,0.0
0.0,0.0
0.0,0.0
0.0,0.0
0.0,0.0
0.0,0.0
0.0,0.0
0.0,0.0
0.0,0.0
0.0,0.0
0.0,0.0
0.0,0.0
0.0,0.0
3403.418011398723,0.0
0.0,0.0
0.0,0.0
0.0,0.0
0.0,0.0
0.0,0.0
0.0,0.0
0.0,0.0
0.0,0.0
0.0,0.0
0.0,0.0
0.0,0.0
0.0,0.0
0.0,0.0
0.0,0.0
0.0,0.0
0.0,0.0
0.0,0.0
3442.4894351530593,0.0
2651.2680292836744,0.0
3252.5962977444074,0.0
2795.5868137142506,0.0
3142.91402157717,0.0
2878.945343601352,0.0
3079.561538862973,0.0
2927.0932304641406,0.0
3042.969144847253,0.0
2954.903449916088,0.0
3021.8333780637736,0.0
2970.9666326715324,0.0
3009.6253591696354,0.0
2980.2447270310768,0.0
3002.574007456382,0.0
2985.60375433315,0.0
2998.501146706807,0.0
2988.699128502827,0.0
2996.148662337852,0.0
2990.487016623233,0.0
2994.789867366343,0.0
2991.51970080158,0.0
0.0,0.0
0.0,0.0
0.0,0.0
0.0,0.0
0.0,0.0
0.0,0.0
0.0,0.0
0.0,0.0
0.0,0.0
0.0,0.0
0.0,0.0
0.0,0.0
0.0,0.0
0.0,0.0
0.0,0.0
0.0,0.0
0.0,0.0
0.0,0.0
0.0,0.0
0.0,0.0
0.0,0.0
0.0,0.0
0.0,0.0
0.0,0.0
0.0,0.0
0.0,0.0
0.0,0.0
0.0,0.0
0.0,0.0
0.0,0.0
0.0,0.0
0.0,0.0
0.0,0.0
0.0,0.0
0.0,0.0
0.0,0.0
0.0,0.0
0.0,0.0
0.0,0.0
0.0,0.0
0.0,0.0
0.0,0.0
0.0,0.0
0.0,0.0
0.0,0.0
0.0,0.0
0.0,0.0
0.0,0.0
0.0,0.0
0.0,0.0
0.0,0.0
0.0,0.0
0.0,0.0
0.0,0.0
0.0,0.0
0.0,0.0
0.0,0.0
0.0,0.0
0.0,0.0
0.0,0.0
0.0,0.0
0.0,0.0
0.0,0.0
0.0,0.0
0.0,0.0
0.0,0.0
0.0,0.0
0.0,0.0
6876.57498149865,0.0
0.0,0.0
0.0,0.0
3690.219354260069,0.0
2462.9932907623484,0.0
3395.6850990206162,0.0
2686.8393247443314,0.0
3225.562113194308,0.0
2816.132793972326,0.0
3127.2990765810328,0.0
2890.8127017984148,0.0
3070.542346633205,0.0
2933.9478165587648,0.0
3037.7596594153392,0.0
2958.862658844342,0.0
0.0,0.0
0.0,0.0
0.0,0.0
0.0,0.0
6876.918084219144,0.0
0.0,0.0
0.0,0.0
0.0,0.0
0.0,0.0
0.0,0.0
0.0,0.0
0.0,0.0
0.0,0.0
0.0,0.0
0.0,0.0
0.0,0.0
6885.5758874255425,0.0
0.0,0.0
0.0,0.0
0.0,0.0
0.0,0.0
0.0,0.0
0.0,0.0
0.0,0.0
0.0,0.0
0.0,0.0
0.0,0.0
0.0,0.0
0.0,0.0
3802.391652240091,0.0
0.0,0.0
0.0,0.0
0.0,0.0
2925.482426054336,0.0
0.0,0.0
0.0,0.0
0.0,0.0
0.0,0.0
0.0,0.0
0.0,0.0
0.0,0.0
0.0,0.0
0.0,0.0
0.0,0.0
0.0,0.0
0.0,0.0
0.0,0.0
0.0,0.0
4265.429154872347,0.0
0.0,0.0
0.0,0.0
0.0,0.0
3166.6870968461294,0.0
0.0,0.0
0.0,0.0
0.0,0.0
0.0,0.0
6154.720932685548,0.0
0.0,0.0
0.0,0.0
0.0,0.0
0.0,0.0
4557.7449372650535,0.0
1803.6738476785595,0.0
3896.7678757642952,0.0
2306.016414419136,0.0
3514.987525041457,0.0
2596.1694809684923,0.0
3294.471194463946,0.0
2763.761892207401,0.0
3167.100961922375,0.0
2860.5632689389945,0.0
3093.5319156063647,0.0
2916.475744139163,0.0
0.0,0.0
0.0,0.0
0.0,0.0
0.0,0.0
0.0,0.0
0.0,0.0
0.0,0.0
0.0,0.0
0.0,0.0
0.0,0.0
0.0,0.0
0.0,0.0
0.0,0.0
0.0,0.0
0.0,0.0
0.0,0.0
0.0,0.0
0.0,0.0
0.0,0.0
0.0,0.0
0.0,0.0
0.0,0.0
0.0,0.0
0.0,0.0
0.0,0.0
0.0,0.0
0.0,0.0
0.0,0.0
0.0,0.0
0.0,0.0
0.0,0.0
0.0,0.0
0.0,0.0
0.0,0.0
0.0,0.0
0.0,0.0
0.0,0.0
0.0,0.0
0.0,0.0
0.0,0.0
0.0,0.0
0.0,0.0
0.0,0.0
0.0,0.0
6877.363411317896,0.0
0.0,0.0
0.0,0.0
0.0,0.0
0.0,0.0
0.0,0.0
0.0,0.0
0.0,0.0
0.0,0.0
0.0,0.0
0.0,0.0
0.0,0.0
0.0,0.0
0.0,0.0
5267.56,0.0
1264.2144000000008,0.0
4306.7570559999995,0.0
1994.4246374400009,0.0
3751.7972755455994,0.0
2416.1940705853444,0.0
3431.2525063551393,0.0
2659.8080951700945,0.0
3246.1058476707285,0.0
2800.519555770247,0.0
3139.1651376146124,0.0
2881.7944954128952,0.0
3077.3961834862,0.0
2928.738900550489,0.0
3041.718435581629,0.0
2955.853988957962,0.0
3021.1109683919494,0.0
2971.515664022119,0.0
3009.2080953431896,0.0
2980.561847539176,0.0
3002.332995870226,0.0
2985.7869231386285,0.0
2998.3619384146423,0.0
2988.8049268048717,0.0
2996.068255628298,0.0
2990.5481257224933,0.0
2994.743424450905,0.0
2991.5549974173127,0.0
2993.978201962843,0.0
2992.136566508239,0.0
2993.536209453739,0.0
2992.472480815159,0.0
2993.280914580479,0.0
2992.666504918835,0.0
2993.1334562616858,0.0
2992.7785732411194,0.0
2993.048284336749,0.0
2992.843303904071,0.0
2992.999089032906,0.0
2992.8806923349916,0.0
2992.9706738254067,0.0
2992.9022878926917,0.0
0.0,0.0
0.0,0.0
0.0,0.0
1710.792674306474,0.0
3783.9417343065174,0.0
1381.8260470938587,0.0
0.0,0.0
0.0,0.0
0.0,0.0
0.0,0.0
0.0,0.0
0.0,0.0
0.0,0.0
0.0,0.0
0.0,0.0
6711.334021113712,0.0
5.630835953441539e-14,0.0
0.0,0.0
0.0,0.0
0.0,0.0
0.0,0.0
0.0,0.0
5357.283470951004,0.0
959.6783526000622,0.0
0.0,0.0
0.0,0.0
0.0,0.0
0.0,0.0
0.0,0.0
6531.774399999999,0.0
0.0,0.0
0.0,0.0
0.0,0.0
0.0,0.0
0.0,0.0
0.0,0.0
0.0,0.0
0.0,0.0
0.0,0.0
0.0,0.0
0.0,0.0
1317.4346686819263,0.0
5214.339731318075,0.0
