Price
74.12
74.11999999999999
74.12000000000002
74.12
52.38
52.38
-268.795894390739
-268.795894390739
-268.795894390739
-268.795894390739
-268.795894390739
-268.795894390739
-268.795894390739
-268.795894390739
-268.795894390739
-268.79589439073897
-268.795894390739
-268.795894390739
-268.795894390739
-268.795894390739
-268.795894390739
-268.795894390739
-268.795894390739
-268.795894390739
-268.795894390739
-268.79589439073897
-268.7958943907391
-268.795894390739
-268.795894390739
-268.795894390739
-268.7958943907391
-268.795894390739
-268.795894390739
-268.795894390739
-268.795894390739
-268.795894390739
-268.795894390739
-268.795894390739
-268.795894390739
-268.795894390739
-268.795894390739
-268.795894390739
-268.795894390739
-268.795894390739
-268.795894390739
-268.795894390739
-268.795894390739
-268.795894390739
-268.795894390739
-268.795894390739
-268.795894390739
-268.795894390739
-268.795894390739
-268.795894390739
-268.795894390739
-268.795894390739
-268.795894390739
-268.795894390739
-268.795894390739
-268.795894390739
-268.795894390739
-268.795894390739
-268.795894390739
-268.795894390739
52.38
52.38
52.38
74.12
74.11999999999999
52.38
52.38
-268.795894390739
-268.795894390739
-268.795894390739
-268.795894390739
-268.795894390739
-268.795894390739
-268.795894390739
-268.795894390739
-268.795894390739
-268.795894390739
-268.795894390739
-268.795894390739
-268.795894390739
-268.79589439073897
-268.795894390739
-268.795894390739
-268.795894390739
-268.795894390739
-268.795894390739
-268.795894390739
-268.795894390739
-268.795894390739
-268.795894390739
-268.795894390739
-268.795894390739
-268.79589439073897
-268.795894390739
-268.7958943907391
-99.17822114793309
52.38
52.379999999999995
-3.6707999999999976
74.12000000000002
74.12000000000002
74.12
74.12
74.12
52.38
52.38000000000001
52.38
74.12
74.12
52.38
52.38
74.12
74.11999999999999
74.12
74.12
74.12
74.11999999999999
74.12
74.12
74.12
74.12
52.37999999999999
52.38
74.12
52.38
52.38
52.38
74.12
74.12
74.12
74.12
74.12
74.12
74.12
74.12
74.12
74.12
74.12
74.12
74.12
74.12
74.12
74.11999999999999
74.12
74.12
74.12
74.12
74.12
74.12
74.12
52.38
52.38
-268.795894390739
-268.795894390739
-268.795894390739
-268.795894390739
-268.795894390739
-268.795894390739
-268.795894390739
-268.795894390739
-268.79589439073897
-268.7958943907391
-268.795894390739
-268.795894390739
-268.795894390739
-268.7958943907391
-268.79589439073897
-268.795894390739
-268.795894390739
-268.795894390739
-268.795894390739
-268.795894390739
-268.79589439073897
-265.3536904977234
-261.57487867276774
52.38000000000001
52.38
52.379999999999995
52.38
74.12
74.12
74.12
74.12
74.12
74.12000000000002
52.38
52.38
52.38
52.38
52.38
52.38000000000001
52.379999999999995
52.38
52.38
-268.795894390739
-268.795894390739
-265.57991044066193
-266.26569275076946
-268.795894390739
-268.7958943907391
-268.795894390739
-268.795894390739
-268.795894390739
-268.7958943907391
-268.7958943907391
-268.795894390739
-268.795894390739
-268.795894390739
-268.795894390739
-268.795894390739
-268.795894390739
-268.795894390739
-268.795894390739
-268.795894390739
-268.795894390739
-244.30002892747697
52.38
-268.795894390739
-268.795894390739
-268.795894390739
-268.795894390739
-268.79589439073897
-268.795894390739
-268.79589439073897
-268.79589439073897
-268.795894390739
-268.795894390739
-268.795894390739
-268.795894390739
-268.795894390739
-268.795894390739
52.38
74.12
74.12
74.11999999999999
74.12
74.12
74.11999999999999
74.12
74.12
74.12
74.12
74.12
74.12
74.12
74.12
74.12
74.12
74.12
74.12
74.12
74.12
74.11999999999999
74.12
74.12
74.12
74.12
74.12
74.12
74.12
74.11999999999999
74.12
74.12
74.12
74.12
74.12
74.12
74.12
74.12
74.12
74.12
74.12
74.12
74.12
52.38
52.38
52.38
-268.795894390739
-268.795894390739
-268.79589439073897
-268.795894390739
-268.79589439073897
-268.795894390739
-268.79589439073897
-268.795894390739
-268.7958943907391
-268.7958943907391
-268.795894390739
-268.795894390739
-268.795894390739
-268.795894390739
-268.795894390739
52.379999999999995
74.12
74.12
74.12000000000002
74.12
74.12
74.12
74.12
74.12
74.12
74.12
74.12
74.12
74.12
74.11999999999999
74.11999999999999
74.12
74.12
74.12
74.12
74.12
74.12
74.12
74.12
74.12
74.12
74.12
74.12
74.12
74.11999999999999
74.12
74.12
74.11999999999999
74.12
74.11999999999999
74.12
74.12
74.12
74.11999999999999
74.12
74.12
74.12
74.12
74.12
74.12
74.12
74.12
74.12
88.37760169877085
88.37760169877086
74.12
74.12
74.12
74.12
74.12
74.12
74.12
74.12
74.12
74.12
74.12
74.12
74.12
74.12
74.11999999999999
74.12
74.12
74.12
52.379999999999995
-268.795894390739
-268.795894390739
52.38
74.11999999999999
74.12
74.12
74.12
74.12
74.12
74.12
74.12
74.12
74.11999999999999
74.12
74.12
74.12
74.12
74.12
74.12
74.12
74.12
74.12
74.12
74.12
74.12
74.12
74.12
74.12
74.12
74.11999999999999
52.379999999999995
52.38000000000001
52.38000000000001
52.38
74.12
74.12
74.12
74.12
74.12
74.12
74.12
74.12
74.12
74.12
74.12
74.12
74.12
74.12
52.38
52.38000000000001
74.12
74.12
74.12
74.12
74.12
74.12
74.12
74.12
74.12
74.12
74.12
74.12
74.12
74.12
74.12
74.12
74.12
74.12
74.12
74.12
74.12
74.12
74.12
74.12
74.11999999999999
74.11999999999999
74.12
74.11999999999999
52.38
52.38
52.38
52.38
52.38
52.379999999999995
-205.1658717369617
-268.795894390739
52.38
52.38
52.379999999999995
52.38
74.12
52.379999999999995
74.12
74.12
74.11999999999999
74.12
74.12
52.379999999999995
52.379999999999995
52.379999999999995
52.38
52.38
52.38
52.38
52.379999999999995
52.38
74.11999999999999
74.12
52.38
52.38000000000001
74.11999999999999
74.12
74.12
74.12
52.38
52.38
52.38
52.38
74.12
74.12
74.12
74.12
74.12
74.12
74.11999999999999
74.12
74.12
74.12
74.12000000000002
74.12
74.11999999999999
74.12
52.38
-268.7958943907391
-268.795894390739
-267.7069200206441
-268.79589439073897
-268.7958943907391
-268.795894390739
-268.7958943907391
-268.795894390739
-268.79589439073897
52.38
52.38
-205.16587173696166
-268.795894390739
52.38
52.38
52.38
52.38
52.38
52.379999999999995
52.38
52.38
74.12
74.12
63.23675000264271
52.38
74.11999999999999
74.12
74.12000000000002
74.12
74.12
74.12
74.12
74.12
74.12
74.11999999999999
52.38
52.38
52.38
74.12
74.12
52.38
52.38
52.38
52.38
52.38
74.12
74.12
52.38
52.38
52.38
52.38
52.38
52.38000000000001
-266.28785362461326
-268.795894390739
-268.795894390739
-268.795894390739
-268.795894390739
-268.79589439073897
-268.795894390739
-268.795894390739
-268.795894390739
-268.795894390739
-268.795894390739
-268.795894390739
-268.79589439073897
-268.795894390739
-268.795894390739
52.38
74.12
74.12
74.12
74.12
74.12
74.12
74.12
74.12
74.12
74.12
74.12
74.11999999999999
74.12
74.12
74.12
74.12
74.12
74.12
74.12
74.11999999999999
74.12000000000002
74.12
74.12
74.12
74.12
74.12
74.12
74.12
74.12
74.12
74.12
74.12
74.12
74.12
74.11999999999999
74.12
74.12
74.12
74.12
52.38
74.12
74.12
52.38
52.38
-20.193199999999994
-20.193199999999997
-20.193199999999997
52.38
52.38
52.379999999999995
52.38
52.379999999999995
52.379999999999995
52.38
-268.795894390739
-268.795894390739
52.38
52.38
52.38
74.12
74.12
74.12
74.12
74.12
74.12
74.12
74.12
74.12
74.12
74.12
74.12
74.12
74.12
74.12
52.38
-268.795894390739
52.38
74.12
74.12
74.12
74.12
52.38
52.38
74.11999999999999
74.12
74.12
74.12
74.11999999999999
74.12
74.12
74.12
74.12
74.12
74.12
74.12
74.12
74.12
74.12
74.12
74.12
74.12
74.12
74.12
74.12000000000002
74.12
74.12
74.12
74.12
74.12
74.12
74.12
74.11999999999999
74.12
74.12
74.12
52.379999999999995
-266.2276949520327
-268.795894390739
-268.795894390739
-268.795894390739
-268.795894390739
-268.795894390739
-268.79589439073897
-268.795894390739
-268.795894390739
-268.7958943907391
-268.795894390739
-268.795894390739
-268.795894390739
-268.795894390739
-268.795894390739
-268.795894390739
-268.795894390739
-268.795894390739
-268.7958943907391
-268.795894390739
-268.795894390739
-268.79589439073897
52.379999999999995
52.38
52.38
-20.193199999999997
52.38
-267.07234760865344
-268.79589439073897
-268.795894390739
-268.795894390739
-268.795894390739
74.12
74.12
74.12
52.38
52.38000000000001
-268.795894390739
-268.795894390739
-268.79589439073897
-268.795894390739
-268.795894390739
-268.795894390739
-268.795894390739
-268.795894390739
-268.795894390739
-267.5117946713859
-268.795894390739
-268.7958943907391
-268.79589439073897
-268.795894390739
-268.795894390739
-268.795894390739
-268.795894390739
-268.795894390739
-268.795894390739
-268.7958943907391
-268.795894390739
-268.795894390739
-268.795894390739
-268.795894390739
-268.795894390739
-268.795894390739
-268.795894390739
-268.795894390739
-268.795894390739
-268.79589439073897
-268.795894390739
52.38
52.38
52.38
52.379999999999995
-268.7958943907391
-268.795894390739
-268.795894390739
-268.795894390739
-268.7958943907391
-268.795894390739
-268.795894390739
-268.795894390739
-268.795894390739
-268.7958943907391
-265.159592250596
-268.7958943907391
-268.795894390739
-268.795894390739
-268.795894390739
74.12
74.12
74.12
52.38
52.38
52.38
52.38000000000001
52.38000000000001
52.38
-268.795894390739
-268.795894390739
-268.795894390739
-268.795894390739
-268.795894390739
-268.795894390739
-268.79589439073897
-268.795894390739
-268.795894390739
-268.795894390739
-268.795894390739
-268.795894390739
-268.795894390739
-268.7958943907391
-268.795894390739
-268.795894390739
-268.795894390739
-268.795894390739
-268.795894390739
-268.795894390739
-268.795894390739
-268.795894390739
-268.795894390739
-268.795894390739
52.38
74.11999999999999
74.12
74.12
74.12
74.12
74.12
74.12
74.12
74.12
74.12
74.12
74.12
74.12
74.12
74.12
74.12
74.12
52.38000000000001
-268.79589439073897
52.38
52.38000000000001
52.38
-268.7958943907391
-268.795894390739
-268.7958943907391
-268.7958943907391
-268.795894390739
52.38
52.38
52.38000000000001
52.38
74.12
74.12
74.12
52.38
-268.7958943907391
-268.79589439073897
-268.795894390739
-268.79589439073897
52.38
52.38
-3.6707999999999976
52.38
74.12
74.12
74.12
74.12
74.12
74.12
74.12
74.12
74.12
74.12
74.12
74.12
74.12
74.12
74.12
74.12
74.12
52.38
52.38
52.38
52.38
74.12
52.38
52.38
52.379999999999995
74.12
74.12
74.12
74.12
74.12
74.12
74.12
74.12
74.12
74.12
74.12
52.38000000000001
74.12
74.12
74.12
74.12
74.12
74.12
74.12
74.12
74.12
74.12
74.12
74.12
74.12
74.12
74.12
74.12
74.12
74.12
74.12
74.12
74.12
74.12
74.12
74.11999999999999
74.12
74.12
74.12
74.12
74.12000000000002
52.38000000000001
74.12
74.12
74.12
52.379999999999995
52.38
52.38
74.12
74.12
74.12
74.12
74.12
74.11999999999999
74.12
74.12
74.12
74.12
74.12000000000002
74.12
74.12
74.12
74.12
74.12
74.12
74.12000000000002
74.12
74.12
74.12
52.38000000000001
52.38
52.38
74.12
74.12
74.12
74.12
74.12
74.12
74.12
74.12
74.12
52.38
52.379999999999995
74.12
74.12
74.12
74.12
74.12
74.12
74.12
74.11999999999999
74.12
74.12
52.38
52.38
52.38
74.12
74.12
74.11999999999999
74.12
74.12
74.11999999999999
74.12
74.12
52.38
-268.795894390739
-268.795894390739
-268.7958943907391
52.38
74.12
74.12000000000002
74.11999999999999
74.12
74.12
74.12
74.12
74.12
74.12
74.11999999999999
74.12
74.12
74.12
74.12
74.12
74.12
74.12
74.12
74.12
74.12
52.38
52.38000000000001
74.12
74.12
74.12
74.12
74.12
74.12
52.38
52.38000000000001
52.38
-266.6107712567613
-268.795894390739
-268.795894390739
-268.795894390739
-265.8864392866578
-267.07234760865344
-268.7958943907391
-268.795894390739
-268.795894390739
-268.795894390739
52.38
74.12
74.12
74.12
74.12
74.12
74.12
74.12
74.11999999999999
74.11999999999999
74.12
74.11999999999999
74.12
74.12
74.12
74.12
74.12
74.11999999999999
74.12
74.12
74.12
74.12
74.12
74.12
74.11999999999999
74.12
74.12
52.38
-3.670799999999997
52.38
74.12
74.12
52.38000000000001
-3.6707999999999976
-3.670799999999997
52.38
74.12
74.12
74.12
52.38
52.38
52.38
74.12
74.12
74.12
74.12
74.12
74.12
74.12
74.12
74.12
74.11999999999999
74.12
74.12
74.12
74.12
74.12
74.12
74.11999999999999
74.12
74.12
74.12
74.12
74.12
74.12
74.12
74.12
74.12
74.12
74.12
74.12
74.12
74.12
74.12
74.12
74.12
74.12
74.12
74.12
74.12
74.11999999999999
74.12
52.38
-268.795894390739
-268.795894390739
-268.79589439073897
-268.7958943907391
-268.7958943907391
-268.79589439073897
-268.795894390739
-268.795894390739
52.38
52.38
-266.2276949520329
-268.7958943907391
-268.795894390739
-268.795894390739
-268.795894390739
-268.795894390739
-268.795894390739
-268.795894390739
-268.795894390739
-268.795894390739
-268.795894390739
-268.79589439073897
-268.795894390739
-268.795894390739
-268.79589439073897
-268.795894390739
-268.795894390739
-268.795894390739
-268.795894390739
-268.7958943907391
-268.795894390739
-268.795894390739
52.38
52.38
52.38
52.38
52.38
52.38
52.379999999999995
-268.795894390739
-268.79589439073897
-268.795894390739
52.38
74.12
74.12
74.12
74.12
74.12
74.12
74.12
74.12
74.12
74.12
74.11999999999999
74.12
74.12
74.12
74.12
74.12
74.12
74.12
74.12
74.12
74.11999999999999
74.12
74.12
74.12
74.12
74.12
74.12
74.12
74.12
74.12
74.12
74.12
74.12
74.12
74.12
74.12
74.12
74.12
74.12
74.12
74.12
74.12
74.12
74.12
74.12
74.12
74.12
74.12
74.12
74.12000000000002
74.12
74.12
74.11999999999999
74.11999999999999
74.12
74.12
74.12
52.38
52.38
52.379999999999995
52.379999999999995
74.12
52.38000000000001
52.38
52.38
-268.795894390739
52.37999999999998
52.38
-268.79589439073897
-268.795894390739
-268.79589439073897
-268.795894390739
-268.795894390739
52.38
52.38
52.38000000000001
-254.47637919383243
-268.795894390739
-268.795894390739
52.379999999999995
-268.795894390739
-268.795894390739
-268.795894390739
-268.795894390739
52.38000000000001
74.12
74.12
74.12
74.12
74.12
74.12
74.12
52.38000000000001
-268.795894390739
-268.795894390739
52.38
74.12
74.12
74.11999999999999
74.12
52.38
52.38
52.38
52.38000000000001
-265.5843678218082
-268.7958943907391
-268.795894390739
52.38
74.12
74.12
74.12
52.38
52.379999999999995
-268.795894390739
-268.795894390739
-266.9633497383103
-268.795894390739
-268.795894390739
-268.795894390739
52.38
74.12
74.12
74.12
74.12
74.11999999999999
74.11999999999999
74.12
74.11999999999999
74.12
52.38
74.12
74.12
74.12
74.12
74.12
74.12
74.12
74.11999999999999
74.12
74.12
52.38
52.38
52.38
74.12
74.12
74.12
74.12
74.12
74.12
74.12
74.12
74.12
74.12
52.38
52.38
52.38
74.12
74.11999999999999
74.12
74.12
52.38000000000001
52.38
52.38000000000001
74.12
52.38
52.379999999999995
52.38
52.38
74.12
74.12
74.12
74.12000000000002
74.12
74.12
74.12
74.12
74.12
74.12
74.12
74.12
74.11999999999999
74.12
74.12
74.12
74.12
74.12
74.12
74.12
74.12
52.38
52.38000000000001
52.38
74.12
52.38
52.38
-205.16587173696166
-268.795894390739
52.38
74.11999999999999
74.12
52.38
52.38
-3.6707999999999976
52.38
74.12
74.12
74.12
52.38
52.38
52.38
52.38
74.12
-265.13080508588143
-268.7958943907391
-268.79589439073897
-268.795894390739
52.38
52.38000000000001
-20.193200000000008
-20.193200000000008
-20.193200000000004
52.38
52.379999999999995
52.379999999999995
-267.0723476086534
-268.795894390739
-268.7958943907391
-268.795894390739
-268.795894390739
74.12
74.12
74.12
74.12
74.12
74.12
74.12
74.12
74.12
74.12
74.12
74.11999999999999
74.12
74.12
74.12
74.12
74.12
74.12
74.12
74.12
74.12
74.12
74.12
74.12
74.12000000000002
74.12
74.12
74.12
74.12
74.12
74.12
74.12
74.12
74.12
74.12
74.12
74.12
74.12
74.12
74.12
74.12
74.12000000000002
74.12
74.12
52.38
52.38
74.12
74.12
74.12
74.12
74.12
74.12000000000002
74.12
74.12
74.12
74.12
52.38000000000001
52.38
74.12
74.12
74.12
74.12
74.12
74.12
74.11999999999999
74.12
74.12
74.12
74.12
74.12
74.12
74.12
74.12
74.12
74.12
74.12
74.12
74.12
74.12
52.38
-265.3905376977767
-268.795894390739
-268.795894390739
-268.795894390739
-268.79589439073897
-255.42178064680428
52.379999999999995
52.38
52.38
-20.193200000000004
52.38
52.379999999999995
-268.795894390739
-268.795894390739
-268.795894390739
52.38
52.38
52.38000000000001
52.38
52.38
52.38
74.12
74.11999999999999
52.38
52.38
52.379999999999995
52.38
74.12
74.12
74.12
74.11999999999999
74.11999999999999
74.12
74.12
74.12
52.38
52.38000000000001
-3.6707999999999976
52.38000000000001
74.12
74.12
74.12
52.38
-268.79589439073897
-268.795894390739
-268.795894390739
-268.795894390739
-268.795894390739
-268.795894390739
-268.7958943907391
-268.795894390739
-268.795894390739
-268.795894390739
-268.795894390739
-268.795894390739
-268.7958943907391
-268.795894390739
-268.795894390739
-268.7958943907391
-268.79589439073897
-268.795894390739
-268.795894390739
-268.79589439073897
-268.79589439073897
74.12
74.12000000000002
52.38
52.38000000000001
52.379999999999995
74.12
74.12
52.38
-205.1658717369617
-268.795894390739
52.38
74.12
74.12
74.12
52.38
52.38
52.38
74.12
74.12
52.38
-268.795894390739
-268.795894390739
-268.795894390739
74.12
74.12
74.12
74.11999999999999
74.12
74.12
74.12
74.12
52.379999999999995
52.38
52.38
52.38
74.12000000000002
74.12
74.12
52.379999999999995
52.38
74.12
74.12
74.12
74.12
74.12
52.38
74.12
74.12
74.12
74.12
74.12
74.12
74.12
74.12
74.12
74.12
74.12
74.12
74.12
74.12
74.12
74.12
74.12
52.379999999999995
74.12
74.12
74.12
74.12
52.38
-20.193199999999997
52.379999999999995
52.38
52.38
-254.47637919383246
-268.79589439073897
-268.795894390739
52.38
52.38000000000001
52.38
-268.795894390739
-268.795894390739
-268.795894390739
-268.7958943907391
52.38
52.379999999999995
52.38
52.38
52.38
52.38
74.12
74.12
52.379999999999995
-268.795894390739
-268.795894390739
-268.795894390739
52.38
52.379999999999995
52.38
52.38
52.38
74.11999999999999
74.12
52.379999999999995
-266.90688217029873
-268.795894390739
-268.795894390739
-268.795894390739
-172.72053467361667
52.38
52.38
52.38000000000001
52.379999999999995
52.38
74.11999999999999
74.12
52.38
-205.1658717369617
-268.795894390739
52.379999999999995
52.37999999999999
74.12
74.12
74.12
74.12
74.12
74.12
74.12
74.12
74.12
74.12
74.12
74.12
74.12
74.12
74.12
74.11999999999999
74.12
74.12
74.12
74.12
52.38
52.38000000000001
52.38
74.12
74.11999999999999
74.12
74.12
74.12
74.12
74.12
74.12
74.12
74.12
74.12
74.12
74.12
74.12
74.12
74.12
74.12
74.11999999999999
74.12
74.12
74.12
52.38
-268.795894390739
-268.795894390739
-268.795894390739
-265.15959225059595
52.38
52.38
52.38000000000001
52.379999999999995
74.12
74.12
52.38
52.38
-205.1658717369617
-268.795894390739
52.38
74.12
74.12
74.12
74.12
74.12
74.12
74.12
74.12
52.38
52.379999999999995
52.38
74.12
74.12
74.12
74.12
74.12
74.12
74.12
74.12
52.38000000000001
52.38000000000001
52.38
52.38
74.12
74.12
74.12
74.12
74.12
74.12
74.12
74.12
74.12
52.38
52.38
52.38
74.12
74.12
74.12
74.12
74.12
74.12
74.12
74.12
74.12
74.12
74.12
74.11999999999999
74.12
74.12
74.12
74.12
74.12
74.12
74.12
74.12
74.12
74.12
74.11999999999999
74.12
74.12
74.12
74.12
74.12
74.12
74.12
74.12
74.12
74.12
74.12
74.12
74.12
74.12
74.12
74.12
74.12
74.12
74.12
74.12
74.12
74.12
74.12
74.12
74.12
74.12
74.11999999999999
74.12
74.12
74.12
74.12
74.12
74.12
74.12
74.12
52.38000000000001
74.12
74.12
74.12
74.12
74.12
74.12
74.12
74.12
74.12
52.38
-3.6707999999999923
52.379999999999995
52.38
74.12
74.12
74.12
74.12
74.12
74.12
74.12
74.12
74.12
74.12
74.12
74.12
74.12
74.12
74.12
74.12
74.12
74.12000000000002
74.12
74.12
74.12
-253.52468895383245
-268.795894390739
-268.795894390739
52.38
52.38000000000001
52.38
52.38
52.38
52.38
52.379999999999995
52.38
-268.795894390739
-268.795894390739
-268.7958943907391
-268.795894390739
52.38
74.12
74.12
52.38000000000001
52.379999999999995
74.12000000000002
74.12
74.11999999999999
74.12
74.12
74.12
74.11999999999999
74.12
74.12
74.12
74.12
74.12
74.12
74.12
74.11999999999999
52.38
52.38
52.38
52.38
74.11999999999999
74.12
74.12
74.12
74.12
74.12
74.12
74.12
74.12
74.12
74.12
74.12
74.12
74.12000000000002
74.12
74.12
74.12
74.12
74.12
74.12
52.38
52.38
-3.6708000000000087
-268.795894390739
-268.79589439073897
-268.795894390739
-196.22269439073904
-268.795894390739
52.38
52.38000000000001
52.38000000000001
52.38
-268.7958943907391
-268.79589439073897
-268.795894390739
-268.795894390739
52.38
52.38
-266.3620621345753
-268.795894390739
-268.79589439073897
-268.795894390739
-268.795894390739
-268.795894390739
-268.795894390739
-268.795894390739
-268.795894390739
-268.795894390739
-268.795894390739
52.38
52.379999999999995
52.38
52.38
52.38
52.38000000000001
52.38
-268.795894390739
-268.795894390739
-268.795894390739
-268.795894390739
-268.795894390739
52.38
74.12
74.12
74.12
74.12
74.12
74.12
74.12
74.12
74.12
74.12
74.12
52.379999999999995
-268.795894390739
-268.795894390739
-268.7958943907391
-268.795894390739
-268.795894390739
-268.7958943907391
-267.6854663000551
-268.795894390739
-268.795894390739
52.38
52.38
74.12
74.12
74.12
74.12
74.12
74.12
74.12
52.38000000000001
-253.5246889538324
-268.79589439073897
-268.795894390739
52.379999999999995
74.12
52.38
-20.193200000000008
52.38
52.38
52.379999999999995
52.38
-268.795894390739
-268.7958943907391
52.38000000000001
52.379999999999995
74.12
74.12
74.12
74.12
74.12
74.12
74.12
74.12
74.12
74.12
74.12
74.12
74.12
74.12
74.12
74.12
74.11999999999999
74.12
74.12
74.12
52.38
52.38
52.38
52.38
52.379999999999995
74.12
52.38
52.379999999999995
52.38
52.38
74.11999999999999
74.12
52.38
52.38
52.38
52.38
74.12
74.12
74.12
74.12
74.12
74.12
74.12
74.12
74.12
74.11999999999999
52.38
74.12
74.12
74.12
74.12
74.12
74.12
74.12
74.12
74.12
74.12
74.12
52.38000000000001
74.12
74.12
74.12
74.12
74.12
74.12
74.12
74.12
74.12
74.12
52.38
52.38
74.12
74.12
74.12
74.12
52.38000000000001
-209.13124773696165
-268.795894390739
52.38
52.379999999999995
-268.7958943907391
-268.795894390739
-268.795894390739
-268.795894390739
74.12
74.11999999999999
74.12
74.12
52.38
52.38
74.12
52.38000000000001
-265.1308050858815
-268.795894390739
-268.795894390739
-268.795894390739
52.38
74.12
74.12
74.12
74.12
74.12
74.12
74.12
52.379999999999995
-268.795894390739
-268.795894390739
-268.795894390739
52.38
74.12
74.12
74.12
74.12
74.12
74.12
74.12
74.12
74.12
74.12
74.12
74.12
74.12
74.11999999999999
74.12
74.12
74.12
74.12
74.12
74.12
52.38000000000001
-3.6708000000000105
-268.795894390739
52.38
74.11999999999999
74.12
74.12
74.12
74.12
74.12
74.12
74.12
52.38
52.38
74.11999999999999
74.12
74.12
74.11999999999999
74.12
74.12
74.12000000000002
52.38
52.38
-265.35921074348147
-268.795894390739
-268.795894390739
-268.7958943907391
52.379999999999995
52.38
52.38
52.38
52.379999999999995
-265.86591968202345
-268.79589439073897
-268.795894390739
-268.795894390739
-268.795894390739
-268.7958943907391
-268.795894390739
-268.795894390739
74.12
74.12000000000002
52.38
74.12
74.12
74.12
74.12
52.38
52.38000000000001
52.38
52.38
74.11999999999999
74.12
74.12
74.12
74.12
74.12
74.12
74.12
74.12
74.12
74.12
74.11999999999999
74.12
74.12
74.12
74.11999999999999
74.12
74.12
74.12
74.12
74.12
74.12
52.38
52.38
74.12
74.12
74.12000000000002
74.12
74.11999999999999
74.12
74.12
74.12
74.12
74.12
74.12
74.12
74.12
74.12
74.12
74.12
74.12
74.12
74.12
74.12
74.12
74.12
74.12
74.12
74.11999999999999
74.12
74.12
74.12
74.12
74.12
74.12
74.12
52.38000000000001
52.38
52.38
52.38
52.38
74.12
74.12
74.12
74.12
52.38000000000001
52.38
-250.00833333333333
-268.795894390739
-268.795894390739
-268.795894390739
-268.795894390739
-268.795894390739
52.38
74.12000000000002
52.38
74.12
74.12
74.11999999999999
74.12
74.12
74.12
74.12
74.12
74.12
74.11999999999999
74.12
74.12
74.12
74.12
74.12
74.11999999999999
74.12
52.38
-254.47637919383246
-268.795894390739
-268.795894390739
52.379999999999995
52.379999999999995
52.38
52.38
52.38
52.38
52.38
-268.795894390739
-268.795894390739
-268.795894390739
52.38
52.38
74.12
74.12
74.12
74.12
52.38
74.12
74.12
52.38
-3.6707999999999976
-3.670799999999997
52.379999999999995
74.12
74.12
74.12
74.12
74.12
74.12
74.12
74.12
74.12
74.12
74.12
74.12
74.12
74.12
74.12
52.38
-266.06539123598424
-268.795894390739
-268.79589439073897
-268.795894390739
-268.795894390739
-268.795894390739
-268.795894390739
-268.795894390739
-268.795894390739
-268.795894390739
52.38
52.38
52.38
52.379999999999995
52.38
-268.795894390739
-268.795894390739
-268.795894390739
-268.795894390739
-268.79589439073897
-268.795894390739
-268.795894390739
-268.795894390739
-268.795894390739
-268.79589439073897
-268.795894390739
-268.795894390739
-268.7958943907391
-268.795894390739
-268.795894390739
-268.795894390739
-268.795894390739
-268.795894390739
-268.79589439073897
-268.795894390739
-268.795894390739
-268.7958943907391
-268.795894390739
-268.795894390739
-268.79589439073897
-268.795894390739
-268.7958943907391
-268.79589439073897
-268.795894390739
-268.795894390739
74.12
74.12
52.38
52.379999999999995
52.38
74.12
74.12
52.38
52.38
52.38
52.38
74.11999999999999
74.12
74.12
74.12
74.12
74.12
74.12
74.12
74.12
74.12
74.12
74.12
74.12
74.12
74.12
74.12
74.12
74.12
74.12
74.12
74.12
-266.8987593088774
-268.795894390739
-268.795894390739
-268.795894390739
-268.795894390739
52.38
52.38000000000001
52.38
52.38
52.38
52.379999999999995
-268.795894390739
-268.795894390739
-268.795894390739
-268.795894390739
-268.795894390739
52.38000000000001
52.38
52.38
52.38
52.38
74.12
74.12
52.38000000000001
52.38
52.38
52.379999999999995
74.12
74.12
74.12
74.12000000000002
52.379999999999995
74.12
74.12
74.12
74.12
52.38
52.38000000000001
52.38
74.12
74.12
74.12
52.38
-20.193199999999997
-268.7958943907391
-268.795894390739
-268.795894390739
-268.795894390739
-268.795894390739
-268.795894390739
-268.795894390739
-268.795894390739
52.379999999999995
52.38
52.38
52.38
52.38
74.12
74.12
52.38
-3.6707999999999967
-3.6707999999999967
74.12
74.12
74.12
74.12
74.12
52.38
74.12
74.12
74.12
52.38
-265.13080508588143
-268.795894390739
-268.7958943907391
-268.795894390739
52.38000000000001
74.11999999999999
74.12
74.11999999999999
74.12
74.12
74.12
74.12
52.38
52.38
74.12
74.12
74.12
74.12
74.12
74.12
74.12
74.12
74.12
74.12
52.379999999999995
52.38
52.38
74.12
74.12
74.12
74.12
74.12
74.12
74.12
74.12
52.38
52.38
52.38
74.12
74.12
74.12
74.12
74.12
74.12
74.12
74.12
74.12
74.12
74.12
74.12
74.12
74.12
74.12
74.12
74.12
74.12
74.12
74.12
74.12
74.12
52.38
52.379999999999995
74.12
74.12
74.12
74.12
74.12
74.12
74.12
74.12
74.12
74.12
-268.795894390739
-268.795894390739
-268.795894390739
-268.795894390739
52.379999999999995
52.379999999999995
52.38
52.38
52.38000000000001
52.379999999999995
-263.7021321410786
-268.795894390739
-268.795894390739
-268.7958943907391
-268.795894390739
-268.795894390739
-268.795894390739
-268.795894390739
-268.795894390739
-268.795894390739
-268.795894390739
-265.159592250596
-267.0723476086535
-268.795894390739
-268.795894390739
-268.795894390739
-268.7958943907391
74.12
74.12
74.12
74.12
74.12
74.12
74.12
74.12
74.12
74.12
74.12
74.12
74.12
74.12
74.12
74.12
74.12
74.11999999999999
74.12
74.12
52.38
52.38
52.38
52.379999999999995
74.12
74.12
74.11999999999999
74.12
74.12
74.12
74.12
74.12
74.12
52.38
-265.94212077950596
-268.795894390739
-268.795894390739
-268.795894390739
-268.7958943907391
-268.795894390739
-268.795894390739
-268.795894390739
52.38
52.38000000000001
52.38000000000002
-268.795894390739
-268.795894390739
-268.795894390739
52.38000000000001
74.12
74.12
52.38
52.38
52.38
52.38
52.38
-268.795894390739
-268.795894390739
-268.795894390739
52.38000000000001
74.12
74.12
74.12
74.12
74.12
74.12
74.12
74.12
52.38
-254.6351170445164
-268.795894390739
-268.7958943907391
74.12
74.12
74.12
74.12
74.12
74.12
74.12
74.12
74.12
74.12
52.38000000000001
74.12
74.12
74.12
74.12
74.12
74.12
74.12
74.12
74.12
52.38000000000001
52.379999999999995
52.38
52.38
74.12
74.11999999999999
74.11999999999999
74.12
52.38
52.38000000000001
74.12
52.38
-265.13080508588143
-268.795894390739
-268.795894390739
-268.795894390739
74.11999999999999
74.12
52.38
52.38
52.379999999999995
74.12000000000002
74.12000000000002
74.12
74.12
52.379999999999995
52.38
74.12
74.12
74.12
74.12
74.12
74.12
74.11999999999999
74.12
74.12
74.12
74.12
74.12
74.12
74.12
74.12
74.12
74.12
74.12
74.12
74.12
74.12
74.12
52.38000000000001
52.38
52.38
74.12
74.12
74.11999999999999
52.38000000000001
52.38
52.38000000000001
52.379999999999995
52.38
-268.795894390739
-268.795894390739
-268.795894390739
-268.795894390739
52.379999999999995
74.12
74.12
74.12
74.12
74.12
74.12
74.12
74.12
52.38
52.38
74.12
74.12
74.12
74.12
74.12
74.12
74.12
74.12
74.12
52.38000000000001
-205.16587173696166
-268.795894390739
52.38
74.12
74.12
74.12
74.12
74.12
74.12
74.12
74.12
52.38
52.38000000000001
52.38
52.38
74.12
74.12
74.12
74.12
74.12
74.11999999999999
74.12
74.12
74.11999999999999
-205.1658717369617
-268.795894390739
52.38
74.12000000000002
74.12
74.11999999999999
74.12
74.12
74.12
74.12
74.12
74.12
74.12
74.11999999999999
74.12
74.12
74.12
74.12
74.12
74.12
74.12
74.12
74.12
74.12
74.12
74.12
74.12
74.12
74.12
74.12
74.12
74.12
74.12
74.12
74.12
52.38
-268.795894390739
-268.795894390739
-268.795894390739
-268.795894390739
52.38
52.38
-268.795894390739
-268.795894390739
-268.795894390739
-268.795894390739
-268.7958943907391
-268.79589439073897
-268.795894390739
-268.795894390739
-268.795894390739
-268.795894390739
-268.795894390739
-268.795894390739
-268.795894390739
-268.795894390739
-268.795894390739
-268.795894390739
-267.8473268498082
-268.79589439073897
-268.7958943907391
-268.7958943907391
-268.795894390739
52.379999999999995
52.38
52.38000000000002
52.38
52.38
52.38
52.38
52.38
-266.26508652731815
-268.795894390739
-268.795894390739
-268.795894390739
-250.00833333333338
-266.3955125875438
-268.795894390739
-268.79589439073897
-268.795894390739
-268.79589439073897
-268.795894390739
-268.795894390739
-268.7958943907391
-268.795894390739
-268.795894390739
-268.79589439073897
-268.795894390739
52.38
52.379999999999995
52.38
74.12000000000002
74.12
74.12
74.12
74.12
52.38
52.38
52.38
74.12
74.12
74.12
74.12
74.12
74.12
74.12
74.11999999999999
74.12
52.38
-268.795894390739
-268.79589439073897
52.38
74.12
74.12
74.12
52.379999999999995
52.38
52.38
52.379999999999995
-268.795894390739
-268.795894390739
-268.795894390739
-268.795894390739
52.38
52.38000000000001
52.38
52.38
52.379999999999995
52.38000000000001
52.379999999999995
74.12000000000002
52.379999999999995
52.379999999999995
-3.6707999999999936
-3.6707999999999927
52.38000000000001
74.11999999999999
74.12
74.12
74.12
74.12
74.12
74.12
74.12
74.12
74.12
74.12
74.12
74.12
74.12
74.12
74.12
74.12
74.12
74.12
74.12
52.38
52.38
74.12
74.12
74.12
74.12
74.12
74.12
74.12
74.12
74.12
74.12
74.12
74.12
74.12
74.12
74.12
74.12
74.12
74.12
74.12
74.12000000000002
74.12
74.12
74.12
74.12
52.38
74.12
74.12
74.12
74.12
74.12
74.11999999999999
74.12
74.12
74.12
74.12
74.12
74.12
74.12
74.12
74.12
52.38
52.38
52.379999999999995
52.38
74.12
74.12
74.12
74.12
74.12
74.12
74.12
74.12
74.12
74.11999999999999
74.12
74.12
74.12
74.12
74.12
74.12
74.12
74.12
74.12
74.12
74.12
52.38
52.38
52.38
52.38
52.38
-205.16587173696172
-268.795894390739
52.38
74.12
74.12
74.11999999999999
74.12
74.12
74.12
74.12
74.12
74.12
52.38
52.38
74.12
74.12
74.12
74.12
74.12
74.12
74.12
74.12
74.12
74.12
74.11999999999999
74.12
74.12
74.12
74.12
74.12
74.12
74.11999999999999
74.12
74.12
74.12
52.38
-268.795894390739
-268.795894390739
-268.795894390739
-268.795894390739
-268.795894390739
-268.795894390739
-268.795894390739
-268.795894390739
-268.79589439073897
-268.795894390739
-268.795894390739
-268.7958943907391
-268.795894390739
-268.795894390739
-268.795894390739
-268.795894390739
-268.79589439073897
-268.79589439073897
-268.795894390739
-268.7958943907391
-268.795894390739
-268.795894390739
-268.795894390739
-268.7958943907391
-268.795894390739
-268.795894390739
-268.795894390739
-268.795894390739
-268.795894390739
-268.795894390739
-268.795894390739
-268.795894390739
-268.795894390739
-268.7958943907391
-265.88643928665783
-268.79589439073897
-268.795894390739
-268.795894390739
52.38
74.12
74.12
74.12
74.12
74.12
74.12
74.12
74.12
74.12
74.12
74.12
74.12
74.12
74.12
74.12
74.12
74.12
74.12
74.12
74.12
74.12
52.38
-268.795894390739
-268.795894390739
-267.70692002064413
-268.795894390739
-268.7958943907391
-268.795894390739
-268.795894390739
-268.795894390739
-268.795894390739
52.38
-266.20147216645125
-268.7958943907391
-268.795894390739
-268.795894390739
-268.79589439073897
-268.795894390739
-268.795894390739
-268.795894390739
-268.795894390739
-268.795894390739
-268.795894390739
-268.795894390739
-268.795894390739
-268.795894390739
-268.795894390739
-268.795894390739
52.379999999999995
52.38
52.38
-268.795894390739
-268.795894390739
-268.795894390739
-268.795894390739
-267.5304904590286
-268.795894390739
-268.795894390739
-268.7958943907391
-268.795894390739
-268.795894390739
-268.795894390739
-268.795894390739
-268.795894390739
-268.795894390739
-268.795894390739
-268.795894390739
-268.795894390739
-268.795894390739
-268.79589439073897
-268.795894390739
-268.795894390739
74.11999999999999
74.12
74.12
74.12
74.12
74.12
74.12
74.12
74.12
74.12
74.11999999999999
74.12
74.12
74.12
74.12
74.12
74.12
74.12
74.12
74.12
74.12
74.12
74.12
74.12
74.12
74.12
74.12
74.12
74.12
74.12
74.12
74.12
74.12
52.38
52.38000000000001
52.379999999999995
74.11999999999999
74.12
74.12
74.12
74.12
74.12
74.12
74.12
74.12
52.379999999999995
52.38000000000001
74.12
74.12
74.12
74.12
74.12
74.12
74.12
74.12
74.12
74.12
52.38
-3.6708000000000003
52.38
74.12
74.12000000000002
74.12000000000002
74.12
74.12
74.12
74.12000000000002
74.12
74.12
52.379999999999995
52.379999999999995
74.12
74.12
74.11999999999999
74.12
74.12
74.12
74.12
74.12
74.12
74.12
52.38
52.38
74.12
74.12
74.12
74.12
74.12
74.12
74.11999999999999
74.12
74.12
74.12
74.12
74.12
74.12
74.12
74.12
74.12
74.11999999999999
74.12
74.11999999999999
74.12
74.12
74.12
52.379999999999995
52.38
74.12
74.12
74.12
74.12
52.38
52.38
52.38
74.12
74.12
74.12
52.38
52.38
74.12
74.11999999999999
74.12
74.12
74.11999999999999
74.12
74.12
74.12
74.12
74.12
74.12
74.12
74.12
74.12
74.12000000000002
74.12
74.12
74.12
74.12
74.12
74.12
74.12
74.12
74.12
74.12
74.12
74.12
74.12
74.12
52.379999999999995
52.38
52.38
74.12
52.38
-3.670800000000002
-3.670800000000002
52.379999999999995
52.38
52.38
52.38
52.38
52.38
52.38
74.12
74.12
74.12
52.38
52.38
74.12
74.12
74.12
74.12
52.38
-20.193200000000008
-20.193200000000004
52.38000000000001
52.38
-253.52468895383242
-268.795894390739
-268.795894390739
52.379999999999995
74.12
74.12
74.12000000000002
74.12
74.12
74.12
74.12
74.12
74.12
74.12
74.12
74.12
74.12
74.12
74.12
74.12
74.12
74.12
74.12
74.12
74.11999999999999
74.12
74.11999999999999
74.12
74.12
74.12
74.12
74.12
74.12
74.11999999999999
74.12
74.12
74.12
74.12
74.12
74.12
74.12
74.12
74.12
52.38
52.38
-3.6707999999999856
52.38
52.379999999999995
-268.795894390739
-268.7958943907391
-268.795894390739
-268.795894390739
52.379999999999995
52.38
52.38
52.38000000000001
52.38
52.38
74.12
74.12
74.12
74.12
74.12
74.12
74.12
74.12
74.12
74.12
52.38
52.379999999999995
52.38
52.38
52.379999999999995
52.38
52.38000000000001
74.12
74.12
74.12
74.12
74.12
74.12
74.12
74.12
74.12
74.12
74.12
74.12
74.12
74.12
74.12
52.38
-268.795894390739
-268.79589439073897
-268.795894390739
-268.795894390739
-267.8473268498082
-268.795894390739
-268.795894390739
-268.795894390739
-268.795894390739
52.379999999999995
52.379999999999995
52.38
52.38
-266.22492153323833
-268.79589439073897
-268.795894390739
-268.795894390739
-268.795894390739
-268.7958943907391
-268.7958943907391
-268.795894390739
-268.795894390739
-268.795894390739
-268.795894390739
-268.795894390739
-268.795894390739
-268.7958943907391
-268.79589439073897
-268.795894390739
-268.795894390739
-268.79589439073897
-268.795894390739
-268.795894390739
-268.795894390739
-265.159592250596
52.38
52.38
74.12000000000002
74.12
74.12
74.12000000000002
74.12
52.38
-267.7137308738324
-268.795894390739
-267.45353214906453
-268.795894390739
-268.79589439073897
-268.795894390739
-268.7958943907391
-268.795894390739
-268.795894390739
-268.795894390739
-268.795894390739
-268.795894390739
-268.795894390739
-268.795894390739
74.12
74.12
74.12
74.12
74.12
74.12
74.11999999999999
74.12
74.12
52.38
52.38
52.38
74.12
74.12
74.12
74.12
74.12
74.12
74.12
74.12
74.12
52.38
-267.71373087383245
-268.795894390739
-267.50309405195026
-268.7958943907391
-268.79589439073897
-268.795894390739
-268.795894390739
-268.79589439073897
-268.795894390739
-268.795894390739
-268.795894390739
-268.795894390739
-268.7958943907391
-268.795894390739
-268.795894390739
-268.795894390739
-268.795894390739
-268.795894390739
-268.795894390739
-268.795894390739
52.379999999999995
52.38
74.12
52.38000000000001
52.38
74.12
74.12
74.12
74.12
74.12
74.12
74.12
74.12
74.12
74.12
74.12
52.379999999999995
52.38
74.12
74.12
74.12
52.38
52.38
52.38
74.12
74.12
74.12
74.12
74.12
74.12
74.12
74.12
74.12
-266.23366112887226
-268.795894390739
-268.7958943907391
-268.795894390739
-268.79589439073897
-268.795894390739
-268.795894390739
-268.795894390739
-268.795894390739
-268.795894390739
-268.795894390739
-268.79589439073897
-268.795894390739
-268.795894390739
-268.79589439073897
-268.795894390739
-268.795894390739
-268.795894390739
-268.7958943907391
-268.795894390739
-268.795894390739
-268.795894390739
-268.795894390739
-268.795894390739
-268.795894390739
-268.795894390739
-268.795894390739
-268.795894390739
-268.795894390739
-268.795894390739
-268.79589439073897
-268.795894390739
-268.795894390739
-268.795894390739
52.38
74.12
74.12
74.12000000000002
74.12
74.12
74.12
74.12
-266.2445429021857
-268.79589439073897
-268.795894390739
-268.795894390739
-268.795894390739
-268.795894390739
-268.795894390739
-268.795894390739
-268.795894390739
-268.795894390739
-268.795894390739
-268.7958943907391
-268.795894390739
-268.79589439073897
-268.795894390739
-268.795894390739
-268.795894390739
-268.795894390739
-268.795894390739
-268.795894390739
-268.7958943907391
-268.795894390739
-244.3000289274767
52.38
-209.13124773696165
-268.795894390739
52.38
52.38
52.38
52.38
52.38
52.38000000000001
-268.795894390739
-268.795894390739
-268.795894390739
-268.795894390739
-268.795894390739
-268.7958943907391
-268.795894390739
-268.795894390739
-268.795894390739
-268.795894390739
-268.795894390739
-268.795894390739
-268.795894390739
-268.795894390739
-268.795894390739
-268.795894390739
-268.7958943907391
-268.795894390739
-268.795894390739
-268.795894390739
-268.795894390739
-268.795894390739
-268.795894390739
-268.795894390739
-268.795894390739
-268.795894390739
-268.79589439073897
-268.795894390739
-268.795894390739
-268.795894390739
-268.795894390739
-268.795894390739
-268.795894390739
-268.795894390739
-268.795894390739
-268.79589439073897
-268.795894390739
-268.79589439073897
-268.795894390739
-268.795894390739
-268.79589439073897
-268.795894390739
-268.795894390739
-267.7494269580785
-254.3686143027522
-267.07234760865344
-268.795894390739
-268.79589439073897
-268.795894390739
-268.795894390739
52.38
52.379999999999995
52.38
74.12
74.12
74.12
74.12
74.12
52.38000000000001
-268.795894390739
-268.795894390739
-268.795894390739
-268.79589439073897
-268.795894390739
-268.795894390739
-268.795894390739
-268.795894390739
52.38
52.38000000000001
52.38
52.38
52.38
52.38
74.12
74.12
74.12
74.12
74.12
74.12
74.12000000000002
52.38
-268.7958943907391
-268.795894390739
-268.795894390739
-268.795894390739
-268.79589439073897
-268.79589439073897
-268.795894390739
-268.795894390739
-268.795894390739
-268.795894390739
52.38
52.38
52.38
52.38
52.38
-205.1658717369617
-268.795894390739
74.12
74.12
74.12
74.12
74.12
74.12
74.12
74.12
74.11999999999999
74.12
52.38
52.379999999999995
52.38
52.38
-268.795894390739
-268.795894390739
-268.795894390739
-268.795894390739
-268.795894390739
-268.795894390739
-268.795894390739
-268.795894390739
-268.795894390739
-268.795894390739
-268.795894390739
-3.6707999999999976
52.38
74.12
74.12
74.12
74.12
74.12
74.12
74.12
74.12
74.12
74.12
74.12
74.12
74.11999999999999
74.12
74.12
74.12
74.11999999999999
52.38
52.38
52.38
-265.59677529134666
-268.795894390739
-268.795894390739
-268.795894390739
-268.79589439073897
-268.795894390739
52.38
52.379999999999995
74.12
74.11999999999999
52.38
52.38
-267.0723476086534
-268.795894390739
-268.7958943907391
-268.795894390739
-268.795894390739
52.38000000000001
74.12
74.12
74.12
74.12
74.11999999999999
74.12
74.12000000000002
74.12
74.12
74.12
52.379999999999995
-268.795894390739
52.38
52.38
52.38
-250.0083333333334
-268.795894390739
-268.795894390739
52.38
74.12
74.12
74.12
74.12
74.12
74.12
74.12
74.12
74.12
74.12
74.12000000000002
74.12
74.12
74.12
74.12
74.12
74.12
74.12
74.12
74.12
74.11999999999999
74.12
52.38
52.38
74.12
74.12
74.12
74.12
74.12
74.12
74.12
74.12
74.12
74.12
74.12
74.12
74.12
74.12
74.12
74.12
74.12
74.12
74.12
74.12
74.12
74.12
74.12
74.12
74.12
74.12
74.12
74.12
74.11999999999999
74.12
74.11999999999999
74.11999999999999
74.12
52.38
52.38
52.38
74.12
74.12
74.12
74.12
74.12
74.12
74.12
74.12
74.12
74.12
74.12
74.12
74.12
74.12
74.12
74.12
74.12
147.96595802947368
74.12
74.12
74.12
74.12
74.11999999999999
74.12
74.12
74.12
74.12
74.12
74.11999999999999
74.12
74.12
74.12
74.11999999999999
74.12
74.12
74.12
74.12
74.12
74.12
74.12
74.12
74.12000000000002
74.12
74.12
74.12
74.12
74.12
74.12
74.11999999999999
74.12
74.11999999999999
74.12
74.12
74.12
74.12
74.12
74.12
74.12
74.12
74.12
74.12
74.12
52.38
52.38
74.12
74.11999999999999
74.12
74.12
74.12
74.12
74.12
74.12
74.12
74.12
52.38
52.38
74.12
74.12
74.12
74.12
74.12
74.12
74.12
74.12
74.12
74.12
74.12
74.12
74.12
176.476315792546
176.47631579254596
74.12
74.12
74.12
74.12
74.12
74.12
74.12
74.12
74.12
74.12
74.12
74.12
74.12
74.12
74.12
74.12
74.12
74.12
74.12
74.12
74.12
74.12
43303.27082059922
43303.27082059921
74.12
74.12
74.12
74.12
74.12
74.12
74.12
74.12
74.12
74.12
52.38023930373303
52.38
52.38
52.38
52.38
52.38
74.12
74.12
74.12
74.12
74.12
74.12
74.12
74.12
74.12
74.12
74.12
74.12
74.12
74.12
74.12
52.379999999999995
52.38
52.38
74.12
74.12000000000002
74.12
74.12
74.12
74.12
74.12
74.12
74.12
74.12
74.12
74.12
74.12
74.12
74.12
74.12
74.12
74.12
74.11999999999999
74.11999999999999
74.12
74.12
74.12
74.12
74.11999999999999
74.12
74.12000000000002
74.12
74.12
74.12
74.11999999999999
74.11999999999999
74.12
74.12
74.12
74.12
74.12
74.12
74.12000000000002
74.12
74.12
74.12
74.12000000000002
74.12
74.12
74.12
74.12
74.12
74.12
74.12
74.12
74.12
74.11999999999999
74.12
74.12
74.12
74.12
74.12
74.12
74.12
176.4763157894737
74.12
74.12
74.12
74.12
74.12
74.12
74.11999999999999
74.12
74.12
74.12
74.12000000000002
74.11999999999999
74.12
52.38
52.38
-268.795894390739
-268.795894390739
-268.79589439073897
-268.7958943907391
-268.79589439073897
-268.795894390739
-268.795894390739
-268.795894390739
-267.45353214906453
-268.795894390739
-268.795894390739
-268.7958943907391
-268.7958943907391
-268.795894390739
-268.7958943907391
-268.795894390739
-268.795894390739
-268.795894390739
-268.795894390739
-268.795894390739
52.38
52.38
52.38
52.38
52.38
52.38
52.379999999999995
74.12
74.12
74.12
74.11999999999999
74.12
74.12
74.12
74.12
74.12
74.12
74.12
74.12
74.12
74.12
74.12
74.12
74.12
74.11999999999999
74.12
74.12
74.12
52.38
52.38
74.12
74.12
74.11999999999999
74.12
74.12
74.12
74.12
74.12
74.12
74.12
74.12
74.12
74.12
74.12
74.12
74.12
74.12
74.12
74.12
74.12
74.12
74.12
74.12
74.12
74.12
74.12
74.12
74.12
74.12
74.12
74.12
74.12
74.12
74.12
74.12
52.38
-268.79589439073897
-268.7958943907391
52.38
52.38000000000001
52.38
74.12
74.12
52.38
-266.1929907192172
-268.795894390739
-268.795894390739
-268.795894390739
-268.795894390739
-268.795894390739
-268.795894390739
-268.795894390739
-268.795894390739
-268.795894390739
52.38
52.379999999999995
52.38
52.38
52.38
-268.795894390739
-268.795894390739
52.38
52.38
52.38
-20.193200000000004
52.38
52.379999999999995
52.38
52.379999999999995
-265.1308050858815
-268.795894390739
-268.795894390739
52.38
74.12
74.12
74.11999999999999
74.12
74.12
74.12
74.12
74.12
74.12
74.11999999999999
52.38
52.379999999999995
74.12
74.12
74.12
74.12
74.12
74.12
74.12
74.12000000000002
74.12
74.12
74.12
74.12
74.12
74.12
74.12000000000002
74.12
74.11999999999999
74.12
52.38
52.38
52.38
-205.16587173696172
-205.1658717369617
-268.795894390739
52.38
74.12
74.12
74.11999999999999
74.12
74.11999999999999
74.11999999999999
52.38
-268.795894390739
-268.795894390739
-268.795894390739
-268.795894390739
-268.795894390739
-268.795894390739
-268.795894390739
-268.795894390739
-268.7958943907391
52.38
52.38
52.38000000000001
52.38
52.379999999999995
74.12
74.11976069607512
52.38
52.38
52.38
52.38
52.38000000000001
52.379999999999995
52.38
74.12
74.12
52.38
52.38
52.38
74.12
74.12
74.12
74.12
74.12
74.12
74.12
74.12
74.12
74.12
52.38
52.38
74.11999999999999
74.12
74.12
74.12
74.12
74.12
74.12
74.12
74.12
52.38000000000001
52.38
52.38
52.38000000000001
52.38000000000001
52.38000000000001
52.38000000000001
52.38
74.12
74.12
52.38
74.12
74.12
74.12
74.12
74.12
74.12
74.12
74.12
74.12
74.12
52.379999999999995
-268.795894390739
-268.795894390739
-268.795894390739
-268.795894390739
-268.79589439073897
-268.795894390739
-268.795894390739
-268.795894390739
-268.795894390739
-268.7958943907391
-268.795894390739
-268.795894390739
-268.795894390739
-268.795894390739
-268.795894390739
-268.795894390739
-268.795894390739
-268.79589439073897
-268.795894390739
-268.795894390739
-268.795894390739
-268.795894390739
-268.795894390739
-268.795894390739
-268.795894390739
-268.795894390739
-268.795894390739
-268.795894390739
-268.795894390739
-268.795894390739
-268.795894390739
52.38
-266.39551258754375
-268.79589439073897
-268.795894390739
-268.795894390739
-268.795894390739
-268.795894390739
-268.7958943907391
-268.795894390739
-268.795894390739
-268.795894390739
-268.795894390739
52.38
52.38
52.38
52.38
52.38
52.38
52.38
52.38
74.12
74.12
74.12
74.12
74.11999999999999
52.38
52.38
52.38
-266.4623054562822
-268.795894390739
-268.795894390739
-268.795894390739
-268.795894390739
-268.795894390739
-268.795894390739
-254.63511704451636
-268.795894390739
-268.795894390739
52.38
52.38
74.12
74.12
74.12
52.38
52.38
-20.1932
52.38
52.38000000000001
-268.795894390739
-268.795894390739
-268.795894390739
-268.7958943907391
-268.25481263228573
-268.795894390739
-268.795894390739
