Price
0.0
-378.66301247507045
-378.66301247507045
-378.66301247507045
-378.6630124750705
-378.66301247507045
-378.6630124750704
-378.66301247507045
-378.6630124750705
-378.66301247507045
-378.66301247507045
-378.66301247507045
-378.66301247507045
-378.66301247507045
-378.66301247507045
-378.66301247507045
-378.66301247507045
-378.6630124750705
-378.6630124750704
-378.66301247507045
-378.66301247507045
-378.66301247507045
-378.6630124750704
-378.66301247507045
-378.66301247507045
-378.66301247507045
-378.66301247507045
-378.66301247507045
-378.66301247507045
-378.66301247507045
-378.6630124750705
-378.66301247507045
74.11999999999999
74.12
74.12000000000002
74.11999999999999
74.12
74.12
74.12
74.11999999999999
74.12
-378.66301247507045
-378.66301247507045
-378.66301247507045
-378.66301247507045
-378.6630124750705
-378.66301247507045
-378.66301247507045
-378.66301247507045
-378.66301247507045
-378.6630124750704
-378.66301247507045
-378.66301247507045
-378.66301247507045
-378.6630124750704
-378.6630124750704
-378.66301247507045
-378.66301247507045
-378.66301247507045
-378.66301247507045
-378.66301247507045
-378.66301247507045
-378.6630124750704
-378.66301247507045
-378.6630124750705
-378.66301247507045
-378.6630124750704
-378.66301247507045
-378.6630124750704
-378.66301247507045
-378.66301247507045
-378.66301247507045
-378.66301247507045
-378.6630124750705
-378.66301247507045
-357.0634610365064
-357.0634610365064
-378.66301247507045
-378.6630124750705
74.12
74.12
74.11999999999999
74.12
74.12
74.12
74.11999999999999
74.12
74.12
74.12000000000002
74.12
74.12
74.12
74.12
74.12
74.12
74.12
74.12
74.12
74.12
74.12
74.12
74.12
74.12
74.12
74.12
74.11999999999999
74.12
74.12
74.12
74.12
74.12
74.12000000000002
74.12
74.12000000000002
-378.66301247507045
-378.66301247507045
-378.6630124750704
-378.66301247507045
-378.66301247507045
-378.66301247507045
-378.66301247507045
-378.6630124750704
-378.6630124750704
-378.66301247507045
-378.66301247507045
-378.66301247507045
-378.6630124750704
-378.66301247507045
-378.6630124750704
-378.66301247507045
-378.66301247507045
-356.34407153386627
-325.0047746680247
-310.4893344096974
-298.7833342013689
-298.7833342013688
-361.10243000500947
-378.6630124750705
-378.6630124750705
-378.66301247507045
-378.6630124750704
-378.66301247507045
-378.66301247507045
-378.66301247507045
-378.66301247507045
-378.6630124750704
-378.66301247507045
-378.66301247507045
-378.66301247507045
-378.66301247507045
-378.6630124750705
-378.66301247507045
-378.6630124750704
-378.66301247507045
-378.66301247507045
-378.66301247507045
-378.66301247507045
-378.6630124750705
-378.6630124750705
74.12
74.12
-361.14124862776004
-378.6630124750704
-378.6630124750704
-378.6630124750704
-378.6630124750704
-378.66301247507045
-378.6630124750704
-378.66301247507045
-378.66301247507045
-378.66301247507045
-378.6630124750705
-378.66301247507045
-378.6630124750704
-378.66301247507045
-378.66301247507045
-378.6630124750704
-378.6630124750704
-378.6630124750705
-378.6630124750705
-378.6630124750704
-378.6630124750705
-378.66301247507045
74.12
74.12
52.38
-3.670799999999997
74.12
74.11999999999999
74.12
74.12
74.12
74.12
74.12
74.12
74.12
74.12
74.11999999999999
74.11999999999999
74.12
74.12
74.12
74.12
74.12
74.12
74.12
74.12
74.12
74.12
74.12
74.12
74.12
74.12
74.12
74.12
74.12
74.12000000000002
74.12
74.12
74.12
74.12000000000002
74.12
74.12000000000002
74.12000000000002
74.12
74.12
74.12
74.12
74.12
74.12
74.12
74.12
74.11999999999999
74.12
74.12
74.12
74.11999999999999
74.12000000000002
74.12
74.12
74.12
74.12
74.11999999999999
74.12
74.12
74.12
74.12
74.12
74.12
74.12
74.11999999999999
74.12000000000002
74.12
74.12
74.12
74.12
74.11999999999999
74.12
74.12
74.12
74.12
74.12
74.12
74.12
74.11999999999999
74.12
74.12
74.12
74.12
74.12
74.12
74.11999999999999
74.12
74.12
74.11999999999999
74.12
74.12
74.12000000000002
74.12
74.12
74.12
74.12
74.12
74.12
74.12
74.12000000000002
74.12
74.12
74.12000000000002
74.12
74.11999999999999
74.12
74.12
74.12
74.12
74.12
74.12
74.12
74.11999999999999
74.12
74.12000000000002
74.12
74.11999999999999
74.12000000000002
74.12
74.12
74.12
74.12
74.12
74.12
74.12
74.12
74.12
74.12
74.12
74.12
74.12
74.12
74.12000000000002
74.12
74.12
74.12
74.11999999999999
74.12
74.12
74.12000000000002
74.12000000000002
74.12
74.12
74.12
74.12
74.12
74.11999999999999
74.12
74.11999999999999
74.12
74.11999999999999
74.12000000000002
74.12
74.12
-361.06894830619143
-378.66301247507045
-378.6630124750704
-378.6630124750704
-378.66301247507045
-378.66301247507045
-378.66301247507045
-378.66301247507045
-378.6630124750705
-378.66301247507045
-378.66301247507045
-378.66301247507045
-378.66301247507045
-378.66301247507045
-378.66301247507045
-378.66301247507045
-378.6630124750704
-378.6630124750705
-378.66301247507045
74.12
74.12
74.12
74.12
74.12
74.12
74.11999999999999
74.12
74.12
74.12000000000002
74.11999999999999
74.12
74.12
74.12
74.11999999999999
74.12
74.11999999999999
74.12
74.12
74.12
74.12
74.12
-3.6707999999999976
-28.236315789473682
74.12
74.12
74.12000000000002
74.11999999999999
74.11999999999999
74.12
74.12
74.12000000000002
74.11999999999999
74.12
74.12
74.12
74.12
74.12
74.12
74.12
176.4763157894737
176.4763157894737
176.4763157894737
74.12
74.12
176.4763157894737
74.12
74.12
74.12
74.12
74.11999999999999
74.12
176.4763157894737
176.4763157894737
74.12
74.12
74.12
3437.6644012520633
3437.6644012520633
2552.6229449515677
2552.622944951568
1945.3979621994597
74.12
24306.86040021881
24306.86040021881
24306.86040021881
74.12
74.12
74.12
74.12
74.12
74.12
74.12
74.12000000000002
74.12
-313.92522716409724
-334.10950942644365
-360.6677755611101
-378.66301247507045
-378.66301247507045
-378.6630124750704
-378.66301247507045
-378.66301247507045
-378.66301247507045
-378.6630124750705
-378.66301247507045
-378.66301247507045
-378.66301247507045
74.12
74.12
74.12
74.12000000000002
74.12
74.12
74.12
74.12
74.11999999999999
74.12
74.12
74.12
74.12
74.11999999999999
74.12
-378.6630124750705
-378.66301247507045
-378.66301247507045
-378.66301247507045
52.38
74.12
74.12000000000002
74.12
74.12
74.12
74.12
74.12
-3.670800000000001
74.12
74.12
74.12
-336.7951769165153
-364.2015485743622
-378.66301247507045
-378.66301247507045
-378.66301247507045
74.12
74.12000000000002
-357.06346103650634
-378.66301247507045
-378.66301247507045
74.12
74.11999999999999
74.12
74.12
74.12
74.12
74.12
74.12
74.12
74.12
74.12
74.12
74.12
74.12
74.12
74.12
74.12
74.12
74.11999999999999
74.12
74.11999999999999
74.12
74.12
74.12
74.12
74.12
74.12
74.11999999999999
74.12
74.12
74.12
74.12
74.12
74.12
-3.670799999999997
74.12
74.12
74.12
-361.9114211411134
-378.66301247507045
-378.66301247507045
-378.6630124750705
-378.66301247507045
-378.6630124750705
-378.66301247507045
-378.6630124750705
-378.6630124750704
-378.66301247507045
-378.66301247507045
-349.5527720835451
74.12
74.12
74.11999999999999
74.12
74.12
74.12
74.11999999999999
-362.89956140745727
-378.66301247507045
-378.66301247507045
-378.6630124750704
-378.6630124750705
-378.66301247507045
52.38
74.12
74.11999999999999
74.12
74.12
74.12
-3.6707999999999976
-3.670799999999997
74.12
74.12
74.12
74.12
74.11999999999999
74.12
74.12
74.12
74.12
74.12
74.12
74.12
74.12
74.12
74.12
74.12
74.12
74.11999999999999
74.12
74.12
74.12
74.12
74.12
-3.6708000000000007
-3.6708000000000003
74.12
74.11999999999999
74.11999999999999
74.12
74.12
74.12
74.12
74.12
-358.5498660349242
-378.66301247507045
-378.66301247507045
-378.66301247507045
-378.66301247507045
-378.66301247507045
-378.66301247507045
-353.76210683473425
-353.5899917749482
-378.66301247507045
-378.6630124750705
-370.4052730474617
-378.6630124750704
-378.66301247507045
-378.66301247507045
-378.66301247507045
-378.66301247507045
-378.66301247507045
-378.66301247507045
74.12
74.12
74.12
74.12
74.12
74.12
52.379999999999995
52.38
74.12
74.12
74.12
74.12
74.12
74.12
74.12
74.12
74.12
74.12
-288.66488148105356
-378.66301247507045
-3.6707999999999976
74.12
74.11999999999999
74.11999999999999
74.12
74.11999999999999
74.12
74.12000000000002
74.12
74.12
-3.6707999999999976
-3.6707999999999976
74.12
74.12
74.12
74.12
74.12
74.12
74.12
74.12
74.12
74.12
-378.66301247507045
-378.66301247507045
74.12
74.11999999999999
74.12
74.12
74.12
74.12
74.12
74.12
74.12
74.11999999999999
74.12
74.12
74.12
74.12
74.12
74.12
74.12
74.12
74.12
74.12
74.12
74.12
74.12
-361.16107418491737
-378.6630124750704
-378.6630124750704
-378.66301247507045
-378.6630124750704
-378.66301247507045
-378.66301247507045
-378.66301247507045
-378.6630124750704
-378.66301247507045
-378.66301247507045
-378.66301247507045
-378.6630124750704
-378.66301247507045
-378.6630124750705
-378.66301247507045
-378.6630124750705
-378.6630124750705
-378.66301247507045
-378.6630124750705
-378.6630124750705
-378.66301247507045
-371.43228052471636
-378.6630124750704
-378.66301247507045
-378.66301247507045
74.12
74.12
74.11999999999999
74.12
74.12
74.12
74.12
74.12
74.12
74.12
-371.25250295650636
-378.6630124750705
-369.8974723166852
-378.6630124750704
-378.66301247507045
-378.66301247507045
-378.6630124750705
-378.66301247507045
-378.6630124750705
-378.66301247507045
-378.6630124750704
-378.6630124750704
-378.66301247507045
-378.6630124750705
-378.66301247507045
-378.66301247507045
-378.66301247507045
-378.6630124750704
-378.66301247507045
-378.66301247507045
-378.66301247507045
-378.66301247507045
-378.66301247507045
-378.6630124750704
-378.66301247507045
-378.66301247507045
74.12
74.12
74.11999999999999
74.12
74.12
74.12
74.12
74.12
74.12
74.12
52.38
74.12
74.12
74.11999999999999
74.12
74.12
74.12
74.12
74.12
74.12
74.12
74.12000000000002
-3.6707999999999963
74.11999999999999
74.12
74.12000000000002
74.12
74.12
74.12
74.12
74.12
74.12
74.12
-378.6630124750704
-378.66301247507045
-378.66301247507045
-378.66301247507045
-378.66301247507045
-378.6630124750705
-378.66301247507045
-378.66301247507045
-378.66301247507045
-378.6630124750705
-370.78128694126394
-378.66301247507045
-378.6630124750705
-378.6630124750705
-378.66301247507045
-378.66301247507045
74.12
-3.6708
74.12
74.12000000000002
74.12000000000002
74.12
74.12
74.12
74.12
74.12
74.11999999999999
74.12
74.12
52.38
52.38
74.12
74.12
74.12
74.12
-287.5626788458694
-378.66301247507045
-378.66301247507045
-378.66301247507045
52.38000000000001
52.38
-25.410800000000002
-3.6707999999999963
74.12
74.12
74.11999999999999
74.12
-366.97219265858377
-378.6630124750705
-378.66301247507045
-378.6630124750705
-355.01662143140766
-357.0634610365064
-378.66301247507045
-378.66301247507045
52.38
74.12
74.12
74.12
-362.24706528687176
-378.66301247507045
-378.66301247507045
-378.66301247507045
-378.6630124750704
-378.66301247507045
-378.66301247507045
-378.66301247507045
-378.6630124750705
-378.6630124750704
-353.76210683473425
-353.7621068347343
-378.6630124750705
-378.66301247507045
-378.66301247507045
-378.6630124750704
-378.6630124750704
-378.66301247507045
-378.6630124750705
74.12
74.12
74.12
74.12
74.12
74.12
74.12
74.12
74.12
74.12000000000002
74.12
74.12
74.12
74.12
-3.6707999999999963
74.12
74.12
-364.20154857436216
-378.66301247507045
-378.6630124750704
-378.66301247507045
74.12
74.12
74.12
74.12
74.11999999999999
74.12
74.12
74.12
74.12
-378.66301247507045
-378.66301247507045
-378.66301247507045
-378.66301247507045
-378.66301247507045
-378.66301247507045
-378.66301247507045
-250.00833333333344
74.12
74.12
74.12
-358.7766020455917
-378.66301247507045
-378.6630124750704
-378.66301247507045
-378.66301247507045
74.12
74.12
74.11999999999999
74.12
74.12
74.12
74.12
-361.1218851131911
-378.66301247507045
-378.66301247507045
-378.66301247507045
-378.6630124750705
-378.66301247507045
-378.6630124750704
-378.6630124750704
-378.66301247507045
-378.6630124750705
-378.6630124750704
-378.66301247507045
-378.66301247507045
-378.66301247507045
-378.66301247507045
-378.6630124750704
-378.66301247507045
-378.66301247507045
-378.66301247507045
-378.66301247507045
-378.66301247507045
-378.66301247507045
-378.66301247507045
-378.66301247507045
-378.6630124750705
-378.66301247507045
-378.66301247507045
-378.66301247507045
-378.66301247507045
-378.66301247507045
-378.6630124750704
-378.66301247507045
-353.7621068347343
-378.66301247507045
52.38
74.11999999999999
74.11999999999999
-371.2525029565064
-378.6630124750705
-378.66301247507045
74.11999999999999
74.12
74.12
74.12
52.38
-335.8056666696676
-362.8995614074573
-378.6630124750705
-378.66301247507045
-378.6630124750705
-378.66301247507045
-378.6630124750704
74.11999999999999
74.12000000000002
74.12
74.12
74.12
74.12
74.12000000000002
74.12
-356.67091254158345
-378.6630124750704
-378.66301247507045
-378.66301247507045
-378.6630124750705
-369.9031979375922
-378.66301247507045
-378.66301247507045
-378.6630124750705
-378.66301247507045
-378.6630124750705
-378.66301247507045
-378.66301247507045
-378.6630124750705
-378.66301247507045
-378.6630124750705
-378.6630124750704
-378.66301247507045
-378.66301247507045
-378.6630124750704
-378.66301247507045
-378.6630124750704
-378.66301247507045
-378.6630124750704
-378.6630124750705
-378.6630124750704
-378.66301247507045
-378.66301247507045
-378.66301247507045
-371.581448952787
-378.66301247507045
-378.6630124750705
-378.66301247507045
-378.66301247507045
-378.66301247507045
-355.66761501486013
-358.7766020455918
-378.66301247507045
-378.6630124750705
-378.66301247507045
-378.66301247507045
74.11999999999999
74.11999999999999
74.12
74.12
74.12
74.12
74.12000000000002
74.12
-378.66301247507045
-378.66301247507045
-378.66301247507045
-378.6630124750705
-369.89104256059676
-378.6630124750704
-378.6630124750705
-378.6630124750704
-378.66301247507045
-378.66301247507045
-378.66301247507045
-378.6630124750705
-378.6630124750704
-378.66301247507045
-378.66301247507045
-378.6630124750705
-378.66301247507045
-378.66301247507045
-378.6630124750704
-378.6630124750704
-378.66301247507045
-378.6630124750705
-378.66301247507045
-378.66301247507045
-378.66301247507045
-378.66301247507045
-378.66301247507045
-378.6630124750704
-378.66301247507045
-378.6630124750705
-378.6630124750705
-378.66301247507045
-378.66301247507045
-378.66301247507045
-378.66301247507045
-378.66301247507045
-378.66301247507045
-378.66301247507045
-378.66301247507045
-378.66301247507045
-378.6630124750704
-378.66301247507045
-378.66301247507045
-378.66301247507045
-378.6630124750705
74.12
74.12000000000002
-358.77660204559174
-378.66301247507045
-378.6630124750704
-378.66301247507045
-378.66301247507045
74.12
74.12
74.12
74.12
74.12000000000002
74.12
74.12
74.12
74.12
-3.670799999999995
74.11999999999999
74.12
74.12
74.12
74.12
74.12
74.12000000000002
74.12
74.12
74.12
-378.66301247507045
-378.66301247507045
-378.6630124750704
74.12
74.12000000000002
74.12
52.38
74.11999999999999
74.12
74.12
74.12
-361.19170227495096
-378.66301247507045
-378.6630124750704
-378.66301247507045
-378.66301247507045
-378.66301247507045
-378.6630124750704
-378.66301247507045
-378.6630124750705
-378.6630124750704
-378.66301247507045
-378.6630124750705
-378.66301247507045
-378.66301247507045
-378.66301247507045
-378.6630124750704
-378.66301247507045
-378.6630124750704
-378.66301247507045
-378.66301247507045
-353.76210683473425
-333.68073131833404
-324.2590781140156
-335.3097696180226
-362.2470652868718
-378.6630124750705
-378.6630124750705
-378.66301247507045
-378.66301247507045
-378.66301247507045
-378.66301247507045
-378.66301247507045
-378.66301247507045
-378.6630124750705
-356.52474397127594
-361.0322045624754
-378.66301247507045
-378.66301247507045
-378.66301247507045
-378.66301247507045
-378.6630124750704
-378.6630124750704
-378.66301247507045
-378.66301247507045
-378.66301247507045
-378.66301247507045
-378.6630124750704
-378.66301247507045
-378.6630124750705
-378.6630124750704
-378.66301247507045
-378.6630124750704
74.12
74.12
74.12000000000002
74.12
-362.2470652868719
-378.66301247507045
-378.66301247507045
-378.6630124750705
-378.66301247507045
-378.66301247507045
-378.66301247507045
-378.66301247507045
-378.6630124750704
-378.6630124750705
-353.76210683473425
-353.76210683473425
-250.00833333333335
-250.00833333333333
74.12
74.12
-358.77660204559174
-378.6630124750705
-378.6630124750705
-378.6630124750705
-378.6630124750704
74.12
74.12
74.12
74.12
74.12
74.12
74.12
74.12
-353.41787671516227
-378.66301247507045
-378.66301247507045
-378.66301247507045
-250.00833333333327
-250.00833333333327
-327.7991333333332
-3.670799999999996
74.12
74.12
74.11999999999999
-378.66301247507045
-378.66301247507045
-378.6630124750704
-378.66301247507045
-378.66301247507045
-378.6630124750704
-378.66301247507045
-378.66301247507045
-378.66301247507045
-378.66301247507045
-378.66301247507045
-378.66301247507045
-378.66301247507045
-378.66301247507045
-378.6630124750704
-378.66301247507045
-378.66301247507045
-378.66301247507045
-378.6630124750705
-378.6630124750704
-378.6630124750705
-378.66301247507045
-378.6630124750704
-378.66301247507045
-378.66301247507045
-378.66301247507045
-378.6630124750704
-378.6630124750704
-378.66301247507045
-378.66301247507045
-378.66301247507045
-378.66301247507045
-327.7991333333333
74.12
74.12
74.12
74.12
-378.66301247507045
-378.66301247507045
-378.66301247507045
74.12
74.12
74.12
74.12
74.12
74.12
74.12
74.12
74.12000000000002
-357.0634610365064
-378.66301247507045
-378.66301247507045
74.12
74.12
74.11999999999999
74.12
74.12
74.12
74.12000000000002
74.12000000000002
74.12
-378.66301247507045
-378.66301247507045
-378.66301247507045
74.12000000000002
74.12
74.12000000000002
-297.9424530365064
-300.87221247507046
-378.66301247507045
74.12
74.12
-364.2015485743622
-378.6630124750704
-378.66301247507045
-378.6630124750704
74.12
74.12
-358.77660204559174
-378.6630124750705
-378.66301247507045
-378.6630124750705
-378.66301247507045
74.12
74.12000000000002
-378.6630124750704
-378.66301247507045
-378.66301247507045
74.12
74.12
74.12
74.12
74.12
74.12
74.12
74.12
-336.79517691651535
-378.66301247507045
-378.66301247507045
-378.66301247507045
74.11999999999999
74.12
74.12
74.11999999999999
74.12
74.12
-334.9476954140582
-361.7706518606028
-378.66301247507045
-378.66301247507045
-378.6630124750704
-378.6630124750705
-378.66301247507045
-378.6630124750704
-378.66301247507045
-378.66301247507045
-378.66301247507045
-378.66301247507045
-378.66301247507045
-369.214562383755
-378.66301247507045
-378.6630124750705
-378.66301247507045
-378.66301247507045
-378.66301247507045
-378.66301247507045
52.38
52.38
52.38
74.12
74.12
74.12
-364.2015485743623
-378.66301247507045
-378.66301247507045
-378.66301247507045
74.12
74.12
74.11999999999999
74.12
74.12
74.12
74.12
74.11999999999999
-378.66301247507045
-378.66301247507045
-378.6630124750705
-378.6630124750705
74.12
74.12
74.12
-357.06346103650634
-378.66301247507045
-378.66301247507045
74.12
74.12
-357.06346103650634
-378.66301247507045
-378.66301247507045
-378.66301247507045
74.12000000000002
74.12
-356.6709125415835
-378.66301247507045
-378.66301247507045
-378.66301247507045
-378.6630124750704
-370.2168321678366
-378.66301247507045
-378.66301247507045
-378.66301247507045
-378.6630124750705
-378.66301247507045
-378.66301247507045
-378.66301247507045
-378.66301247507045
-378.6630124750704
-378.6630124750705
-378.6630124750704
-368.7198072603311
-378.66301247507045
-378.66301247507045
-378.66301247507045
-378.6630124750704
74.12
74.12
74.11999999999999
74.12
74.12
74.12
74.12
74.12
74.12
-288.6648814810536
-378.66301247507045
74.12
74.12
74.12
74.12
74.12
74.12
74.12
74.12
74.12
-378.66301247507045
-378.66301247507045
-378.66301247507045
-378.66301247507045
-378.66301247507045
-378.66301247507045
-378.6630124750705
-378.6630124750705
-378.6630124750705
-378.66301247507045
-378.66301247507045
-378.6630124750705
-378.66301247507045
-378.6630124750705
-378.66301247507045
-378.66301247507045
-378.66301247507045
-357.3455080754435
-363.19211009975857
-378.66301247507045
-378.6630124750704
-378.6630124750705
-362.8995614074573
-362.8995614074573
-378.6630124750705
-378.66301247507045
-378.66301247507045
-378.6630124750705
-378.66301247507045
74.12
74.12
-328.5995863035233
-353.41787671516227
-378.66301247507045
-378.6630124750704
-370.78128694126394
-378.6630124750705
-378.6630124750705
-378.66301247507045
-378.66301247507045
-378.66301247507045
74.12
74.12
74.12
74.12000000000002
74.12
74.12
74.12
-364.2015485743622
-378.66301247507045
-378.6630124750705
-378.66301247507045
74.11999999999999
74.12
74.12
74.12
74.12
74.11999999999999
74.12
-361.1191925315876
-378.6630124750704
-378.66301247507045
-378.66301247507045
-378.66301247507045
-378.6630124750705
-378.6630124750704
-378.6630124750705
-378.66301247507045
-378.66301247507045
-378.66301247507045
-378.6630124750704
-378.66301247507045
-378.66301247507045
-378.66301247507045
-378.66301247507045
-378.6630124750705
-378.66301247507045
-378.66301247507045
-378.66301247507045
-378.66301247507045
-378.66301247507045
-378.6630124750705
-378.6630124750704
-378.66301247507045
-378.6630124750704
-378.66301247507045
-378.66301247507045
-378.66301247507045
-378.66301247507045
-378.66301247507045
-378.6630124750705
-378.66301247507045
-378.66301247507045
-378.6630124750704
-378.6630124750704
-378.66301247507045
-378.66301247507045
-378.6630124750704
-378.66301247507045
-378.66301247507045
-378.66301247507045
-378.66301247507045
-378.66301247507045
-378.66301247507045
-378.66301247507045
-378.66301247507045
-378.6630124750704
-378.6630124750704
-378.6630124750705
-378.66301247507045
-378.66301247507045
-378.66301247507045
-378.66301247507045
-378.66301247507045
-378.66301247507045
-378.66301247507045
-378.66301247507045
-378.66301247507045
-378.66301247507045
-378.66301247507045
-378.66301247507045
-378.66301247507045
-378.66301247507045
-378.66301247507045
-378.6630124750705
-378.6630124750704
-378.66301247507045
-378.66301247507045
-378.6630124750704
-378.66301247507045
-353.7621068347342
-353.7621068347342
-378.66301247507045
-378.6630124750705
-378.66301247507045
-378.66301247507045
-378.66301247507045
-378.66301247507045
-378.6630124750705
-378.66301247507045
-378.66301247507045
-378.6630124750705
-378.66301247507045
-368.71980726033115
-378.66301247507045
-378.6630124750705
-378.66301247507045
-378.66301247507045
52.38000000000001
74.12
74.12
-361.3173538347049
-378.6630124750705
-378.66301247507045
-378.6630124750705
-378.6630124750705
-378.6630124750705
-378.6630124750704
-378.66301247507045
-378.66301247507045
-378.6630124750704
-378.66301247507045
-378.6630124750705
-378.6630124750704
-378.66301247507045
52.38000000000001
74.12
74.12
-378.66301247507045
-378.6630124750705
-378.66301247507045
-378.66301247507045
-378.66301247507045
-378.6630124750705
-378.66301247507045
-378.66301247507045
-378.66301247507045
-378.66301247507045
-378.6630124750704
-378.66301247507045
-378.66301247507045
-378.66301247507045
-378.66301247507045
-378.6630124750704
-378.66301247507045
-378.66301247507045
-378.66301247507045
-378.66301247507045
-378.66301247507045
-378.66301247507045
-378.66301247507045
-378.66301247507045
-378.66301247507045
-378.66301247507045
-378.66301247507045
-378.6630124750705
-378.6630124750704
74.12
74.12
74.12
74.11999999999999
74.12
-303.82873988981197
-360.2620093440844
-378.66301247507045
-378.66301247507045
-378.6630124750704
-378.66301247507045
-378.66301247507045
-378.66301247507045
-378.66301247507045
-378.6630124750705
-378.6630124750705
-378.66301247507045
-353.7621068347343
-353.76210683473425
-378.66301247507045
-378.66301247507045
-378.66301247507045
-378.6630124750705
-378.66301247507045
-378.66301247507045
-3.670799999999998
74.12
74.11999999999999
74.12
74.12
74.12
-364.2015485743622
-378.6630124750704
-378.6630124750704
-378.6630124750705
74.12
74.12
74.12
74.12
74.12
74.12
74.12
74.12
52.38
-357.06346103650634
-378.6630124750704
-378.6630124750705
74.12
74.12
74.12
74.12
74.12
74.12
74.12
74.12
-364.20154857436233
-378.66301247507045
-378.6630124750704
-378.6630124750705
74.12
74.12
74.11999999999999
74.12
74.11999999999999
74.11999999999999
74.12
74.12
-378.66301247507045
-378.66301247507045
-378.66301247507045
-378.66301247507045
-378.66301247507045
-378.66301247507045
-378.66301247507045
-378.6630124750705
-378.66301247507045
-378.66301247507045
-370.4550388809712
-378.66301247507045
-378.6630124750705
-378.6630124750705
-378.66301247507045
-378.66301247507045
-378.66301247507045
-378.6630124750704
-378.66301247507045
-378.6630124750705
-353.7621068347342
-343.7816169681192
-360.2620093440845
-378.6630124750705
-378.66301247507045
-378.66301247507045
-378.6630124750704
-378.66301247507045
-378.66301247507045
-378.66301247507045
-378.6630124750705
-378.6630124750704
-378.66301247507045
-353.76210683473425
-344.7838867522009
-362.8995614074573
-378.6630124750705
-378.66301247507045
-378.66301247507045
-378.6630124750705
-378.6630124750705
74.12
74.11999999999999
-291.3656580397593
-304.42586584178855
-307.75189499340894
-300.82266759419986
-307.75189499340877
-378.66301247507045
-378.66301247507045
-378.66301247507045
-378.66301247507045
-378.66301247507045
-378.6630124750704
-378.66301247507045
-378.6630124750704
-378.66301247507045
-378.66301247507045
-378.66301247507045
-378.66301247507045
-378.66301247507045
-378.66301247507045
-378.6630124750704
-378.66301247507045
-378.6630124750705
74.12
74.12
74.12
74.12
74.12
74.12
74.12
-364.2015485743623
-378.6630124750705
-378.66301247507045
-378.66301247507045
-353.76210683473425
-343.2171621946919
-358.7766020455917
-378.66301247507045
-378.66301247507045
-378.6630124750704
-378.66301247507045
74.12
74.12
-356.6709125415834
-378.66301247507045
-378.66301247507045
-378.66301247507045
-378.66301247507045
-370.45503888097113
-378.66301247507045
-378.66301247507045
-378.66301247507045
-378.66301247507045
-378.66301247507045
-378.6630124750705
-378.6630124750704
-378.6630124750704
-378.66301247507045
-378.6630124750704
-250.00833333333327
74.11999999999999
74.12
74.11999999999999
74.12
74.12
74.12
-356.67091254158345
-378.66301247507045
-378.66301247507045
-378.66301247507045
-378.66301247507045
-353.7621068347342
-353.5899917749482
-378.6630124750704
-378.66301247507045
-354.1503018973997
-332.3763124249687
-332.3763124249687
-378.66301247507045
-378.66301247507045
-378.66301247507045
-378.66301247507045
-378.66301247507045
74.12
74.12
74.12
74.12
74.11999999999999
74.12
74.12
-364.20154857436216
-378.66301247507045
-378.6630124750704
-378.66301247507045
74.12
74.12000000000002
74.12
74.12
74.12
74.12
-337.0219129271828
-364.4998854305037
-378.66301247507045
-378.6630124750705
-378.66301247507045
-378.66301247507045
-378.66301247507045
-353.7621068347342
-333.6807313183341
-317.4860736438178
74.12
74.12
74.12
74.12000000000002
-353.4178767151622
-378.66301247507045
-378.66301247507045
-378.66301247507045
74.12
74.12
74.12
74.12
74.12
74.12
74.12
74.12
-328.5995863035233
-378.66301247507045
-378.6630124750704
-378.6630124750704
74.12
74.12
74.12
74.12
-20.1932
-20.193199999999997
52.38
52.38
-378.66301247507045
-378.66301247507045
-378.6630124750705
-378.6630124750704
-378.66301247507045
-378.6630124750704
-370.06264100536697
-378.66301247507045
-378.66301247507045
-378.6630124750704
-378.66301247507045
-378.6630124750705
-378.6630124750705
-378.66301247507045
-378.66301247507045
-378.66301247507045
-378.6630124750705
-378.66301247507045
74.12
-3.6707999999999954
-3.6707999999999936
74.12
74.12
74.12
-378.66301247507045
-378.66301247507045
-378.6630124750704
-378.66301247507045
-378.66301247507045
-378.66301247507045
-378.6630124750705
-378.66301247507045
-378.6630124750705
-378.66301247507045
-378.66301247507045
-378.6630124750705
-378.6630124750705
-378.66301247507045
-378.66301247507045
-378.6630124750705
-378.6630124750704
-378.66301247507045
-378.66301247507045
-378.6630124750704
-378.66301247507045
-378.66301247507045
-378.6630124750705
-378.66301247507045
-378.66301247507045
-378.66301247507045
-378.6630124750704
-378.6630124750704
-378.66301247507045
-378.66301247507045
-378.6630124750704
-378.66301247507045
-378.66301247507045
-378.66301247507045
-378.6630124750705
-378.66301247507045
-378.66301247507045
-378.66301247507045
-378.66301247507045
-378.6630124750704
-378.66301247507045
-378.66301247507045
74.12
74.11999999999999
74.11999999999999
74.12
74.12
74.12
-378.66301247507045
-378.6630124750704
-378.66301247507045
-378.6630124750705
-378.66301247507045
74.12
74.12
74.11999999999999
74.12
74.12
74.12
74.12
-378.66301247507045
-378.66301247507045
-378.66301247507045
-378.66301247507045
-378.6630124750705
-378.66301247507045
-378.66301247507045
-327.7991333333333
74.12
74.12
74.12
74.12000000000002
-378.66301247507045
-378.6630124750705
-378.66301247507045
-378.66301247507045
74.12
74.12
74.12
74.12000000000002
74.12
74.12
74.12
74.12
74.12
52.38
-3.6707999999999976
74.12
74.12
74.12000000000002
74.12
74.11999999999999
74.12
74.12
-3.670799999999997
74.12
-358.77660204559186
-378.66301247507045
-378.66301247507045
-378.6630124750705
-378.66301247507045
74.12
74.12
74.12
74.12
74.12
74.12
74.11999999999999
52.38
-3.6707999999999994
-3.6707999999999994
52.379999999999995
74.12
74.12
74.12
74.12
74.12
74.12
74.12
74.11999999999999
-358.7766020455918
-378.66301247507045
-378.66301247507045
-378.66301247507045
-378.66301247507045
74.12
74.12
74.12
-301.2914159693016
-304.4258658417886
-304.42586584178855
-321.61034979182705
-378.66301247507045
-378.66301247507045
-378.6630124750705
-378.66301247507045
-378.66301247507045
-378.66301247507045
-369.99977302745043
-378.66301247507045
-378.6630124750704
-378.6630124750704
-378.66301247507045
-378.66301247507045
-378.66301247507045
-378.6630124750705
-378.66301247507045
-378.66301247507045
-378.66301247507045
-378.6630124750705
-378.66301247507045
-378.6630124750705
-378.66301247507045
-378.66301247507045
-353.76210683473425
-353.76210683473425
-378.66301247507045
-378.6630124750705
-378.6630124750704
-378.66301247507045
-378.66301247507045
-361.13254066104093
-361.1325406610409
-378.66301247507045
-378.66301247507045
-378.66301247507045
-378.6630124750705
-378.6630124750704
-378.66301247507045
-378.66301247507045
-378.6630124750705
-378.66301247507045
-378.6630124750704
-378.66301247507045
-378.66301247507045
-378.66301247507045
-378.66301247507045
-378.66301247507045
-378.66301247507045
-378.66301247507045
-378.6630124750705
-378.6630124750704
-378.66301247507045
-378.66301247507045
-378.6630124750705
-378.66301247507045
-353.7621068347342
-250.0083333333333
-250.00833333333333
-250.0083333333333
-250.00833333333333
-362.89956140745727
-378.66301247507045
-378.66301247507045
-378.66301247507045
-378.6630124750704
-378.66301247507045
74.12
74.12
74.12
74.12
74.12
74.12
74.12
-356.67091254158345
-378.6630124750704
-378.6630124750704
-378.6630124750705
-378.66301247507045
-353.7621068347342
-341.1808465691287
-353.4178767151622
-378.66301247507045
-378.66301247507045
-353.7621068347342
-353.76210683473425
-378.6630124750704
-378.6630124750705
-378.6630124750705
-378.66301247507045
-378.6630124750704
-320.0389657076781
-320.0389657076781
-342.15390224694494
-371.2525029565064
-378.66301247507045
-355.6676150148601
-358.77660204559174
-378.6630124750705
-378.66301247507045
-378.66301247507045
-378.66301247507045
-378.66301247507045
74.12
74.12
74.12
74.12
74.11999999999999
74.12
74.12
74.12
-357.06346103650634
-378.6630124750705
-378.6630124750704
74.12
74.12
74.11999999999999
74.12
52.38
-3.6707999999999994
74.11999999999999
74.12000000000002
52.38
-378.66301247507045
-378.66301247507045
-378.6630124750704
-378.6630124750705
74.11999999999999
74.12
74.12000000000002
74.12
74.12
-335.8056666696676
-362.8995614074573
-378.66301247507045
-378.66301247507045
-378.66301247507045
-378.6630124750705
-378.66301247507045
52.38
74.12
74.12
74.12
74.12
74.12
74.12
-353.4178767151622
-378.6630124750704
-378.66301247507045
-378.6630124750705
74.11999999999999
74.12000000000002
74.12
74.12
74.12000000000002
74.12
74.12
74.12
74.12
-357.06346103650634
-378.66301247507045
-378.66301247507045
74.12
74.12
74.12
74.12
74.11999999999999
74.12
74.12
74.12000000000002
74.12
-3.6707999999999976
-3.6707999999999976
74.12
74.12
74.12
74.12
74.12
74.12
74.12
74.12
74.12000000000002
52.38
-3.6708
-3.6708000000000007
-3.6708
74.12
74.12
-3.6707999999999967
-3.670799999999997
74.12
74.12
74.11999999999999
74.12
52.38000000000001
-3.6707999999999967
-3.6707999999999967
74.11999999999999
74.11999999999999
74.12000000000002
-371.2525029565064
-378.66301247507045
-378.66301247507045
74.12
74.12
74.12
-378.66301247507045
-378.66301247507045
-378.66301247507045
-378.66301247507045
-357.84246270112664
-364.49988543050375
-378.66301247507045
-378.6630124750705
-378.66301247507045
-378.66301247507045
-378.66301247507045
-370.14028270176135
-378.6630124750705
-378.6630124750705
-378.66301247507045
-378.66301247507045
-378.66301247507045
-378.66301247507045
-378.66301247507045
-378.66301247507045
-378.6630124750705
-378.66301247507045
-378.66301247507045
-370.7812869412639
-378.6630124750704
-378.6630124750704
-378.66301247507045
-378.66301247507045
74.12
74.12
74.12
-3.6707999999999936
52.38
74.12
74.12
74.11999999999999
74.12
74.12
74.12
74.12
74.12
74.12
74.11999999999999
74.12
74.12
74.12
74.12
74.12
74.12
74.12
74.12000000000002
74.12
74.12
74.12
74.12
74.12
74.12
74.11999999999999
74.12
74.12000000000002
74.12
-297.9424530365063
-300.87221247507046
-378.66301247507045
74.12
74.12
-3.6707999999999985
74.12000000000002
74.11999999999999
74.12
74.12
74.12
-364.2015485743622
-378.66301247507045
-378.66301247507045
-378.66301247507045
74.12
74.12
74.12
74.12
74.12
74.12
74.12
74.12
-342.1539022469449
-371.2525029565064
-378.6630124750704
-378.66301247507045
74.11999999999999
74.12
74.12
74.12
74.12
52.38
52.38
74.12
-358.7766020455918
-378.66301247507045
-378.66301247507045
-378.66301247507045
-378.66301247507045
74.11999999999999
74.12
74.12
-3.670799999999997
74.12
74.12
74.12
-364.2015485743623
-378.6630124750705
-378.66301247507045
-378.66301247507045
-3.6707999999999976
74.12
52.379999999999995
74.12
74.12
74.12
74.12
74.12
-371.2525029565064
-378.66301247507045
-378.66301247507045
-327.7991333333333
74.12
74.12
-378.6630124750705
-378.66301247507045
-374.9577577157885
-378.6630124750705
-353.76210683473425
-353.7621068347343
-373.7793304619839
-378.66301247507045
-378.66301247507045
-378.66301247507045
-378.66301247507045
52.38
52.38
52.38
-335.2341255510883
-362.14753361985305
-378.66301247507045
-378.66301247507045
-378.66301247507045
-378.66301247507045
-378.66301247507045
-378.66301247507045
-378.6630124750705
74.12
74.12
74.11999999999999
74.12
74.11999999999999
74.12
74.12
74.12
52.38000000000001
52.38000000000001
-3.6707999999999976
-3.6707999999999976
74.12
74.12
74.12
74.12
74.12
74.12
-361.2447287466157
-378.66301247507045
-378.66301247507045
-378.6630124750704
-378.66301247507045
-378.66301247507045
-378.6630124750705
-378.66301247507045
-378.66301247507045
-378.66301247507045
-378.66301247507045
-378.66301247507045
-378.66301247507045
-378.66301247507045
-378.66301247507045
-378.6630124750705
-378.66301247507045
-378.6630124750704
-369.8819100265455
-378.66301247507045
-378.6630124750704
-378.6630124750705
-378.6630124750704
-378.66301247507045
-378.66301247507045
-378.6630124750705
-378.66301247507045
-378.66301247507045
-378.66301247507045
-378.66301247507045
-378.6630124750705
-378.66301247507045
-378.66301247507045
-378.66301247507045
-378.6630124750705
-378.66301247507045
-378.66301247507045
-378.66301247507045
-378.66301247507045
-378.66301247507045
-378.66301247507045
-378.66301247507045
-378.66301247507045
-371.6446945606756
-378.66301247507045
-378.66301247507045
-378.6630124750705
-335.8056666696676
-333.9012541387988
-357.8879494841183
-378.66301247507045
-378.66301247507045
-378.66301247507045
74.12
74.12
74.12000000000002
74.12
74.12
74.12000000000002
74.12
74.12
74.12
74.12000000000002
74.12
74.12000000000002
74.12
74.12
74.11999999999999
74.12
74.12
74.12
74.12
74.12
74.12
74.12
74.12
74.12
74.12000000000002
74.12
74.12
74.12
74.12
74.12
74.12
74.11999999999999
-364.20154857436216
-378.6630124750705
-378.6630124750704
-378.66301247507045
74.12
74.12
74.12
74.12
74.12
74.12
74.12
-361.1181149439996
-378.66301247507045
-378.66301247507045
-378.66301247507045
-378.66301247507045
-378.66301247507045
-378.66301247507045
-378.66301247507045
-378.6630124750705
-378.6630124750704
-378.6630124750705
-378.6630124750705
-378.6630124750705
-378.66301247507045
-378.66301247507045
-378.66301247507045
-378.66301247507045
-378.66301247507045
-378.66301247507045
-378.66301247507045
-378.66301247507045
-378.6630124750705
-378.66301247507045
-378.66301247507045
-378.66301247507045
-378.66301247507045
-378.66301247507045
-378.6630124750705
-378.66301247507045
-378.66301247507045
-378.6630124750704
-378.6630124750705
-378.66301247507045
52.379999999999995
74.12
74.12
74.12
-358.7766020455918
-378.6630124750704
-378.6630124750705
-378.66301247507045
-378.66301247507045
74.12
74.12
74.11999999999999
74.12
74.11999999999999
74.12
74.12
-356.6709125415834
-378.6630124750705
-378.66301247507045
-378.66301247507045
-378.66301247507045
-361.0800787639521
-309.0907718787581
-297.6554611925468
-297.6554611925468
-312.7019226217722
-332.4998981865424
-358.5498660349242
-378.66301247507045
-378.66301247507045
-378.66301247507045
-378.66301247507045
-378.66301247507045
-378.66301247507045
-378.6630124750705
-250.00833333333327
74.12
52.38
74.12
74.12
-378.66301247507045
-378.6630124750705
-378.66301247507045
-378.66301247507045
-378.66301247507045
-378.6630124750705
-378.66301247507045
-378.6630124750705
-378.66301247507045
-378.66301247507045
-378.66301247507045
-378.66301247507045
-378.6630124750705
-378.6630124750705
-378.66301247507045
-378.6630124750704
-378.66301247507045
-378.66301247507045
-378.6630124750704
-378.66301247507045
-378.66301247507045
-378.6630124750705
-378.66301247507045
-378.66301247507045
-378.66301247507045
-378.6630124750704
-378.66301247507045
-378.6630124750705
-378.6630124750704
-378.66301247507045
-378.6630124750705
-378.66301247507045
-378.66301247507045
-378.66301247507045
-359.7661122924396
-359.7661122924396
-378.66301247507045
-378.66301247507045
-378.6630124750705
-378.66301247507045
-378.66301247507045
-378.66301247507045
74.11999999999999
74.12
74.12
74.12
74.12
74.11999999999999
-362.2470652868718
-378.66301247507045
-378.66301247507045
-378.66301247507045
-378.6630124750704
-378.66301247507045
-378.66301247507045
-378.66301247507045
-378.6630124750705
-378.66301247507045
-357.234339572369
-362.8995614074574
-378.66301247507045
-378.6630124750704
-378.66301247507045
-378.66301247507045
-378.66301247507045
74.12
52.38
52.38
74.12
74.12
74.11999999999999
74.12
-72.81962381256197
-371.2525029565064
-378.6630124750704
-378.66301247507045
74.12
74.12
74.12000000000002
74.12
74.12
74.12000000000002
74.12
74.11999999999999
-362.48179223266305
-378.66301247507045
-378.66301247507045
-378.6630124750705
-378.6630124750705
-378.66301247507045
52.37999999999999
52.379999999999995
52.37999999999999
-312.8328853415338
-332.67221755464976
-358.77660204559186
-378.6630124750704
-378.66301247507045
-378.66301247507045
-378.66301247507045
52.379999999999995
74.12
74.12
74.12
74.12
74.12000000000002
74.12
74.11999999999999
-378.6630124750704
-378.6630124750705
-378.66301247507045
-378.66301247507045
-378.6630124750704
-250.00833333333344
74.12
74.12
74.12
74.12
74.12
74.12
74.12
-3.6708000000000003
-3.6708000000000003
74.12
74.12
74.12
74.12
74.12
74.12
74.12
74.12
74.12
74.12
-229.5438734810535
-300.87221247507046
74.12
74.12
74.12
74.12
74.12
74.12
74.12
74.12
74.12
74.12
-279.38730992560073
-288.66488148105356
-378.66301247507045
74.12
74.12
74.12
74.12
74.12
74.11999999999999
74.12
74.11999999999999
74.12
-357.06346103650634
-378.6630124750705
-378.66301247507045
74.12
74.12
74.12
74.11999999999999
74.12
74.12
74.12
74.11999999999999
74.12
-353.4178767151622
-378.66301247507045
-378.66301247507045
-365.531309154904
-294.1336805113121
-285.5932907349291
-285.5932907349291
-296.8306457038541
-311.6166390840185
-331.07189353160334
-356.67091254158333
-378.66301247507045
-378.6630124750705
-378.6630124750704
-378.66301247507045
-378.66301247507045
-250.0083333333333
-250.0083333333333
-363.0718807755646
-378.66301247507045
-378.66301247507045
-378.6630124750704
-378.6630124750704
-378.66301247507045
-378.66301247507045
-378.66301247507045
-378.66301247507045
-250.00833333333324
-250.0083333333332
-250.00833333333324
-250.00833333333327
-250.00833333333324
-250.00833333333327
-250.00833333333327
-250.00833333333324
-364.49988543050375
-378.6630124750705
-378.66301247507045
-378.66301247507045
-378.66301247507045
-378.66301247507045
-353.76210683473425
-333.68073131833404
-333.6807313183341
-358.2503102551505
-362.8995614074572
-362.8995614074573
-378.6630124750705
-378.66301247507045
-378.66301247507045
-378.66301247507045
-378.6630124750705
74.12
74.12
74.12
74.12000000000002
74.12
74.12
74.12
74.12
-357.06346103650634
-378.66301247507045
-378.66301247507045
74.12
74.12000000000002
74.12
74.12
-342.1539022469449
-371.25250295650636
-378.66301247507045
-368.71980726033115
-378.66301247507045
-378.66301247507045
-378.66301247507045
-378.66301247507045
74.12
74.12
74.12
74.12
74.12
74.12
74.11999999999999
74.11999999999999
74.12
-357.0634610365064
-378.66301247507045
-378.6630124750705
74.12
74.12
74.12000000000002
74.12
74.12
74.11999999999999
74.11999999999999
74.12
-364.4998854305037
-378.66301247507045
-378.66301247507045
-378.66301247507045
-378.6630124750704
-378.66301247507045
-353.7621068347342
-378.66301247507045
52.38
52.38
52.38
52.38
-360.2620093440845
-378.66301247507045
-378.6630124750705
-378.66301247507045
-378.66301247507045
74.12
74.12
74.12
74.12
74.12
74.12000000000002
74.11999999999999
74.12
-334.45872001075765
-361.12726317204954
-378.6630124750705
-378.66301247507045
-378.6630124750704
-378.6630124750704
-378.66301247507045
-378.6630124750705
-378.66301247507045
-378.66301247507045
-378.66301247507045
-378.66301247507045
-378.66301247507045
-378.66301247507045
-378.66301247507045
-378.6630124750705
-378.66301247507045
-378.66301247507045
-378.66301247507045
-378.6630124750705
-378.66301247507045
-378.6630124750705
-378.66301247507045
-378.66301247507045
-378.66301247507045
-378.66301247507045
-378.66301247507045
-378.66301247507045
-378.66301247507045
-357.9676007162701
-319.5493674690873
-306.08981247507046
-378.66301247507045
52.38
52.38
-378.66301247507045
-378.66301247507045
-378.66301247507045
-378.6630124750705
-378.66301247507045
-20.1932
52.38
-20.193199999999997
52.38
74.12
74.12
74.11999999999999
-364.2015485743623
-378.6630124750705
-378.66301247507045
-378.6630124750705
74.12000000000002
74.12
74.12
74.12
52.38
52.38000000000001
74.12
74.12
-356.6709125415834
-378.6630124750705
-378.66301247507045
-378.6630124750704
-378.66301247507045
-358.7819394477971
-366.9721926585838
-378.66301247507045
-378.6630124750704
-378.66301247507045
-357.84246270112664
-364.49988543050375
-378.66301247507045
-378.66301247507045
-378.66301247507045
-378.66301247507045
-378.66301247507045
-371.58144895278707
-378.6630124750704
-378.66301247507045
-378.66301247507045
-378.66301247507045
-378.66301247507045
-368.7198072603311
-378.6630124750705
-378.66301247507045
-378.66301247507045
-378.66301247507045
74.12
74.12
74.12
74.12
74.12
74.12
74.12
74.11999999999999
74.12
74.12
-3.670799999999997
-3.6707999999999976
74.12
74.12
74.12000000000002
74.11999999999999
74.12
74.12
74.11999999999999
74.12
74.12
52.38
-3.670799999999998
-3.670799999999997
74.12000000000002
74.12
74.12
74.12
74.12
74.12
74.12
74.11999999999999
74.12
-371.2525029565064
-378.6630124750705
-378.66301247507045
74.11999999999999
74.12
74.11999999999999
74.12
74.12
74.11999999999999
74.12
74.12
74.11999999999999
74.12000000000002
52.38
74.11999999999999
74.12
74.12
74.12
74.12
74.12
74.12
-361.11732685784955
-378.66301247507045
-378.66301247507045
-378.66301247507045
-378.66301247507045
-378.66301247507045
-378.66301247507045
-378.6630124750704
-378.66301247507045
-378.66301247507045
-378.66301247507045
-378.66301247507045
-378.66301247507045
-378.6630124750704
-378.6630124750705
-378.66301247507045
-378.6630124750705
-378.66301247507045
-378.6630124750705
-378.66301247507045
-378.66301247507045
-378.66301247507045
-378.6630124750705
-378.6630124750704
-378.66301247507045
-378.66301247507045
-378.66301247507045
-378.66301247507045
-378.66301247507045
-378.66301247507045
-378.66301247507045
74.12
74.12
-3.670800000000005
-3.6708000000000056
74.12
74.12000000000002
74.12
74.12
-342.15390224694494
-359.0451719624895
-378.66301247507045
74.12
74.11999999999999
74.12
74.11999999999999
74.12
74.12
74.12
74.12
74.12
-357.06346103650634
-378.6630124750704
-378.66301247507045
74.11999999999999
74.12
74.12
74.12
-342.1539022469449
-371.2525029565064
-378.6630124750705
-371.58144895278707
-378.66301247507045
-378.6630124750704
-378.66301247507045
-378.66301247507045
-378.66301247507045
-357.4542465544809
-363.4782639919622
-378.6630124750705
-378.66301247507045
-378.66301247507045
52.38000000000001
52.38
-378.66301247507045
-378.6630124750704
-378.66301247507045
-378.66301247507045
-378.66301247507045
-378.6630124750704
-378.66301247507045
-378.66301247507045
-378.66301247507045
-378.66301247507045
-378.6630124750704
-378.6630124750705
-378.66301247507045
-378.66301247507045
-378.66301247507045
-378.66301247507045
-378.66301247507045
-378.6630124750704
-378.66301247507045
-378.6630124750704
-378.66301247507045
-378.66301247507045
-378.66301247507045
-378.66301247507045
-378.6630124750705
-378.66301247507045
-378.66301247507045
-378.66301247507045
-378.66301247507045
-378.6630124750705
-378.66301247507045
-378.6630124750705
-378.66301247507045
-378.66301247507045
-378.66301247507045
-378.66301247507045
-378.6630124750704
-378.66301247507045
-378.6630124750704
-378.66301247507045
-3.6707999999999976
74.12
74.12
74.12
74.12
74.12
74.12
74.12
-3.6707999999999976
-3.670799999999998
52.38
74.12
74.12
74.12
74.12
74.12
74.12
74.12
74.12
74.12000000000002
74.12
74.12
74.12
74.12
74.12
74.12
74.12
74.12
74.12
-3.6708000000000003
74.12
74.11999999999999
74.12
-288.66488148105356
-378.66301247507045
-3.6707999999999976
74.12
74.12
74.11999999999999
74.12
74.12000000000002
74.12
74.12
74.12
74.12
-202.07742464280815
-264.7321482142212
52.38
74.12
74.12
74.12
74.12
74.12
-3.6707999999999976
74.12
74.12
74.12
-288.6648814810536
-378.66301247507045
-378.66301247507045
74.12
74.12
74.12
-3.6707999999999976
52.38
74.11999999999999
74.12
74.12
52.38000000000001
-378.6630124750705
-378.66301247507045
-378.66301247507045
74.12
74.12
74.12
74.12
74.12
74.11999999999999
74.12
74.12
74.11999999999999
-3.6707999999999994
-362.14753361985305
-378.66301247507045
-378.66301247507045
-378.66301247507045
-378.66301247507045
-378.66301247507045
-378.66301247507045
-378.66301247507045
74.12
74.12
74.12
-3.6708000000000003
-3.6708000000000003
74.12
74.12
74.12
74.12000000000002
74.11999999999999
74.12
74.12
74.12
74.12
74.12
-378.66301247507045
-378.66301247507045
-378.66301247507045
-378.66301247507045
-378.6630124750704
-378.66301247507045
-378.66301247507045
-378.66301247507045
-378.66301247507045
-378.66301247507045
-370.78128694126383
-378.66301247507045
-378.66301247507045
-378.66301247507045
-378.66301247507045
-378.66301247507045
74.12
74.12
74.11999999999999
74.12
74.12
74.12000000000002
74.12
74.12
-3.670799999999997
-3.6707999999999976
52.38
74.11999999999999
74.12
74.12
-361.1265509655397
-378.66301247507045
-378.66301247507045
-378.66301247507045
-378.66301247507045
-378.6630124750704
-378.66301247507045
-378.6630124750704
-378.66301247507045
-378.66301247507045
-378.66301247507045
-378.66301247507045
-378.6630124750705
-378.6630124750705
-378.6630124750704
-378.6630124750705
-378.66301247507045
-378.66301247507045
-378.66301247507045
-378.6630124750705
-378.66301247507045
-378.66301247507045
-378.66301247507045
-378.66301247507045
-378.6630124750705
-378.6630124750704
52.379999999999995
74.12
74.12
-366.9721926585838
-378.66301247507045
-378.66301247507045
-378.66301247507045
-353.76210683473425
-353.58999177494815
-378.66301247507045
-378.66301247507045
-366.45568148105355
-378.66301247507045
74.12
74.11999999999999
-378.6630124750705
-378.6630124750705
-378.6630124750705
-378.6630124750704
-378.66301247507045
-378.6630124750704
-378.6630124750704
-378.66301247507045
-378.66301247507045
-378.6630124750704
-355.87649960225724
-359.3262983282158
-378.66301247507045
-378.6630124750704
-378.66301247507045
-378.66301247507045
52.38
52.38
-364.20154857436216
-378.6630124750705
-378.66301247507045
-378.66301247507045
74.12
74.12
74.12
-371.2525029565065
-378.66301247507045
-378.66301247507045
74.12
74.12
74.12
-359.63514957267796
-378.66301247507045
-378.66301247507045
-378.66301247507045
-378.6630124750705
-378.66301247507045
-378.66301247507045
-378.6630124750705
-378.66301247507045
-353.7621068347342
-333.9581212326993
-334.41070477718966
-361.06408523314434
-378.66301247507045
-378.6630124750704
-378.66301247507045
-378.6630124750704
-378.6630124750705
-378.66301247507045
-378.6630124750705
-378.66301247507045
-378.6630124750704
-378.66301247507045
-378.66301247507045
-378.6630124750705
-378.6630124750705
-378.6630124750704
-378.66301247507045
-378.66301247507045
-378.66301247507045
-378.66301247507045
-378.6630124750704
-378.66301247507045
-366.0404445951163
-378.6630124750705
-378.6630124750705
-366.4556814810536
-378.66301247507045
74.11999999999999
74.12
74.12
74.12
-3.6707999999999976
-3.670799999999998
74.12
74.12000000000002
-361.11919256023555
-378.66301247507045
-378.6630124750705
-378.6630124750704
-378.6630124750704
-378.6630124750704
-378.66301247507045
-378.6630124750704
-378.66301247507045
-378.66301247507045
-378.6630124750705
-378.66301247507045
-378.66301247507045
-378.66301247507045
-378.66301247507045
-378.66301247507045
-378.66301247507045
-378.6630124750704
-378.66301247507045
-378.66301247507045
-378.66301247507045
-378.66301247507045
-378.66301247507045
-378.6630124750705
-378.66301247507045
-378.66301247507045
-378.66301247507045
-378.66301247507045
-378.66301247507045
-378.66301247507045
-378.6630124750704
-378.66301247507045
-378.6630124750704
-378.66301247507045
-378.6630124750704
-378.6630124750704
-378.66301247507045
-378.66301247507045
-378.6630124750705
-378.66301247507045
-378.66301247507045
-378.66301247507045
-378.66301247507045
-378.66301247507045
-378.66301247507045
-378.66301247507045
-378.6630124750705
-378.66301247507045
-378.6630124750704
-378.66301247507045
-378.66301247507045
-378.66301247507045
-378.66301247507045
-378.66301247507045
-378.6630124750705
-378.66301247507045
-378.6630124750705
-378.66301247507045
-378.66301247507045
-378.6630124750705
-378.6630124750704
-378.6630124750704
-378.66301247507045
-378.6630124750704
-378.66301247507045
-378.66301247507045
-378.66301247507045
-378.6630124750704
-378.66301247507045
-378.66301247507045
-378.66301247507045
74.12
74.12
74.12
74.12
74.12
-298.79301595761956
-314.1987052073942
-334.4693489570976
-361.1412486277601
-378.66301247507045
-378.66301247507045
-378.66301247507045
-378.66301247507045
-378.66301247507045
-378.66301247507045
-378.6630124750704
-378.66301247507045
-378.66301247507045
-378.66301247507045
-378.66301247507045
-378.66301247507045
-378.66301247507045
-378.66301247507045
-378.66301247507045
-378.6630124750705
-378.66301247507045
-378.66301247507045
-378.66301247507045
-378.66301247507045
-378.66301247507045
74.12
74.12
74.12
-378.66301247507045
-378.66301247507045
-378.66301247507045
-378.66301247507045
-378.6630124750704
-378.66301247507045
-378.66301247507045
-378.66301247507045
-378.66301247507045
-378.66301247507045
-378.6630124750704
-378.6630124750705
-378.6630124750705
-378.6630124750705
-378.6630124750704
-378.66301247507045
-378.66301247507045
-378.66301247507045
-378.66301247507045
-378.66301247507045
-378.66301247507045
-378.66301247507045
-378.6630124750705
-378.66301247507045
-378.66301247507045
-378.66301247507045
-378.6630124750705
-378.66301247507045
-378.6630124750705
-378.66301247507045
-378.66301247507045
-378.6630124750705
-378.66301247507045
-378.6630124750705
-378.66301247507045
-378.66301247507045
-378.66301247507045
-378.66301247507045
-378.66301247507045
-378.66301247507045
-378.66301247507045
-378.6630124750704
-378.6630124750704
-378.66301247507045
-378.66301247507045
-378.66301247507045
-378.66301247507045
-378.6630124750705
-378.66301247507045
-378.66301247507045
-378.66301247507045
-378.66301247507045
-378.66301247507045
-378.66301247507045
-378.66301247507045
-378.6630124750704
-378.66301247507045
-378.66301247507045
-369.66539401809035
-378.66301247507045
-378.66301247507045
-378.6630124750704
-378.6630124750705
-378.66301247507045
-378.66301247507045
-378.66301247507045
-378.66301247507045
-378.66301247507045
-378.66301247507045
74.12
74.12
74.12
-20.19320000000001
-20.19320000000001
52.38
52.379999999999995
52.379999999999995
-378.66301247507045
-378.66301247507045
-378.66301247507045
-378.66301247507045
-378.6630124750704
-378.66301247507045
-378.6630124750705
-378.66301247507045
-378.66301247507045
-378.6630124750704
-378.66301247507045
52.38
74.12
74.12
74.12
74.12
74.12
74.12
74.12
74.12
74.12
74.12
74.12
74.12
74.12
74.12
74.12
74.11999999999999
74.12
74.12
74.12
74.12
74.12000000000002
74.12
74.12
74.12000000000002
74.12
74.12
74.12
74.12
74.12
74.12
74.12
74.11999999999999
74.12
74.11999999999999
74.12
74.12
74.12
74.12
74.11999999999999
74.12
74.12
74.12
74.12000000000002
-3.670799999999997
-3.6707999999999976
-3.6707999999999976
74.12
74.12000000000002
74.12
74.11999999999999
74.12
74.12
74.12
74.12
74.12
74.12
74.11999999999999
74.12
74.12
-314.1357213552858
-334.38647546748126
-361.03220456247533
-378.66301247507045
-378.6630124750704
-378.66301247507045
-378.6630124750705
-378.66301247507045
-378.66301247507045
-378.66301247507045
-378.66301247507045
-378.66301247507045
-378.66301247507045
-378.6630124750705
-378.66301247507045
-378.66301247507045
-378.66301247507045
-378.6630124750704
-378.6630124750704
74.12
74.12000000000002
74.12
74.12
74.11999999999999
74.12
74.12
74.12
74.11999999999999
74.12
74.12
74.11999999999999
74.12
74.12000000000002
74.12
74.12
74.12
74.12
74.12
74.12
74.12
74.12
74.12
74.12
74.12
74.12
74.11999999999999
74.12
74.12
74.12
74.12
74.12
74.11999999999999
74.12
74.12
74.12
74.12
52.38
-3.6707999999999856
-3.6707999999999856
74.12
74.12
74.11999999999999
74.12
74.12
74.12
74.12
74.12
74.12
74.12
74.12
74.12
74.12
74.12
74.12
74.12
74.12
74.12
74.12
74.11999999999999
74.12
-361.11879826715455
-378.66301247507045
-378.66301247507045
-377.3779000546678
-378.66301247507045
-378.66301247507045
-378.66301247507045
-378.66301247507045
-378.66301247507045
-378.66301247507045
-369.9021305514152
-378.6630124750705
-378.6630124750705
-378.66301247507045
-378.66301247507045
-378.6630124750705
-378.6630124750704
-378.66301247507045
-378.66301247507045
-378.66301247507045
-378.66301247507045
-378.66301247507045
-378.6630124750705
-378.66301247507045
-378.6630124750704
-378.66301247507045
-378.66301247507045
-378.6630124750704
-378.66301247507045
-378.66301247507045
-378.66301247507045
-378.6630124750705
74.12
74.12
74.12
74.12
-288.66488148105356
-378.66301247507045
74.12
74.12
74.12
-3.6707999999999976
74.12
74.12
74.12
74.12
74.12
74.11999999999999
74.12
74.12
74.11999999999999
74.12
74.12
74.12
74.11999999999999
74.12
74.12
74.12000000000002
74.12
74.12
74.12
74.12
74.12
74.12
74.12
74.12
74.12
74.12
74.12
74.12
74.12
74.12
74.12
74.11999999999999
74.12
74.12
74.11999999999999
74.12
74.12
74.12
74.12
74.12
74.12
74.12
74.11999999999999
74.12
74.12
74.12
74.12
74.12
74.12
74.12
74.12
74.12
74.12
74.12
74.12000000000002
74.12
74.12
74.12
-371.2525029565064
-378.66301247507045
-353.7621068347342
-344.10754376484334
-361.1197114407271
-378.6630124750704
-378.66301247507045
-378.66301247507045
-378.6630124750705
-378.66301247507045
-378.6630124750704
-378.6630124750705
-378.6630124750705
-378.66301247507045
-378.66301247507045
-378.66301247507045
-378.66301247507045
-378.66301247507045
-378.6630124750704
-378.6630124750705
-378.66301247507045
-378.66301247507045
-378.6630124750705
-378.66301247507045
-378.66301247507045
-378.66301247507045
-378.66301247507045
-378.66301247507045
-378.6630124750705
-378.66301247507045
-378.66301247507045
-378.66301247507045
-378.66301247507045
-378.66301247507045
-378.66301247507045
-378.66301247507045
-378.66301247507045
-378.6630124750704
-378.66301247507045
-378.66301247507045
-378.66301247507045
-378.66301247507045
-353.7621068347343
-342.5661686112395
-357.0634610365064
-378.6630124750705
-378.66301247507045
74.12
74.12
74.11999999999999
74.11999999999999
52.38000000000001
-361.10951052179917
-378.6630124750705
-378.66301247507045
-378.6630124750705
-378.66301247507045
-378.66301247507045
-378.66301247507045
-378.66301247507045
-378.66301247507045
-378.66301247507045
-378.66301247507045
-378.6630124750704
-378.6630124750704
-378.66301247507045
-378.6630124750704
-378.66301247507045
-378.66301247507045
-378.6630124750704
-378.6630124750704
-378.66301247507045
-378.66301247507045
-378.66301247507045
-378.66301247507045
-378.66301247507045
-378.66301247507045
74.12
74.12000000000002
74.11999999999999
-288.66488148105356
-378.6630124750704
-3.670799999999997
74.12
74.12
74.12
74.12
74.12000000000002
74.12
74.12
74.12
74.12
74.12
74.11999999999999
74.12
74.12
74.12
74.12
74.12
74.12
74.12
74.11999999999999
74.12
74.12
-361.1265509655397
-378.6630124750705
-378.66301247507045
-378.66301247507045
-378.66301247507045
-378.66301247507045
-378.66301247507045
-378.6630124750704
-378.66301247507045
-378.6630124750704
-378.66301247507045
-378.6630124750705
-378.6630124750705
-378.66301247507045
-378.66301247507045
-378.66301247507045
-378.66301247507045
-378.66301247507045
-378.6630124750704
-378.6630124750705
-378.6630124750705
-378.66301247507045
-378.6630124750704
-378.6630124750705
-378.6630124750704
-378.66301247507045
74.12
74.12
74.12
74.12
74.12
74.12
52.38
74.12
74.12
74.12
74.11999999999999
74.12
74.12000000000002
74.12
-3.6707999999999954
-3.6707999999999954
74.12
74.12
74.12
74.12
74.12
74.12
74.12
74.11999999999999
74.12
74.12
74.12
74.12
74.12
74.12
74.12
-361.1853034946258
-378.66301247507045
-378.66301247507045
-378.66301247507045
-378.66301247507045
-378.66301247507045
-378.6630124750704
-378.66301247507045
-378.66301247507045
-378.66301247507045
-378.66301247507045
-378.66301247507045
-378.66301247507045
-378.66301247507045
-378.66301247507045
-378.66301247507045
-378.6630124750704
-378.6630124750704
74.11999999999999
74.12
74.12
74.12
74.12
74.12
74.12
74.12
74.12
74.12
74.12
74.12
74.12
74.12
74.12
74.12
74.11999999999999
74.11999999999999
74.12
74.12
74.12
74.12
74.12
74.12
74.12
74.12
74.12
74.12
74.12
74.11999999999999
74.11999999999999
74.12
74.12
74.12
74.12
74.12
74.12
74.12
74.12
74.12
74.11999999999999
74.12
74.11999999999999
74.12
74.12
74.12
74.11999999999999
74.12000000000002
74.12
74.12
74.12
74.11999999999999
74.12
74.12
74.12000000000002
74.12000000000002
74.11999999999999
74.12
-3.6707999999999954
74.11999999999999
74.12
74.12000000000002
-3.670799999999996
74.11999999999999
74.12
74.12
74.12
74.12
74.12
-353.41787671516227
-378.66301247507045
-378.6630124750704
-369.8911288602924
-378.66301247507045
-378.66301247507045
-378.66301247507045
-378.6630124750704
-378.6630124750705
-378.66301247507045
-378.66301247507045
-378.66301247507045
-378.66301247507045
-378.6630124750705
-378.66301247507045
-378.66301247507045
-378.66301247507045
-378.66301247507045
-378.6630124750705
-378.66301247507045
-378.6630124750704
-378.66301247507045
-378.66301247507045
-378.6630124750705
-378.66301247507045
-378.6630124750704
-378.66301247507045
-378.66301247507045
-378.6630124750704
-378.66301247507045
-378.66301247507045
-378.66301247507045
-378.6630124750704
-378.6630124750705
-378.6630124750704
-378.66301247507045
-378.6630124750704
-378.6630124750704
-378.6630124750705
-378.66301247507045
-378.6630124750704
-378.66301247507045
-378.6630124750704
-378.6630124750704
-378.66301247507045
-378.66301247507045
-378.66301247507045
74.12
74.12
74.12
74.12
74.12
74.11999999999999
74.12
74.12
74.11999999999999
74.12
74.12
74.12
74.12
74.11999999999999
74.11999999999999
74.12
74.12
74.12
74.12
74.12
74.12
74.12
74.12
74.12000000000002
74.12
-3.6707999999999976
-378.66301247507045
-378.6630124750704
-369.8433987948748
-378.66301247507045
-378.66301247507045
-378.66301247507045
-378.66301247507045
-378.66301247507045
-378.66301247507045
-378.66301247507045
-378.66301247507045
-378.66301247507045
-378.66301247507045
-378.66301247507045
-378.6630124750704
-378.66301247507045
-378.66301247507045
-378.66301247507045
-378.6630124750705
-378.66301247507045
-378.6630124750705
-355.66761501486013
-358.7766020455918
-378.66301247507045
-378.66301247507045
-378.66301247507045
-378.6630124750704
74.12
74.11999999999999
74.12
74.12000000000002
74.12
74.12
74.12
74.12
-288.66488148105356
-378.6630124750705
-3.6707999999999976
74.12
74.12
74.12
74.12
74.12000000000002
74.12
74.12
74.12
74.12
74.11999999999999
74.12
74.12
74.12
74.12
74.12
74.12
74.12
74.12
74.12
74.12000000000002
74.12
74.12
74.12
74.12
74.12
74.12
74.12
74.12
74.12
-298.18936410968587
-313.4044264601131
-333.42424534225404
-359.7661122924395
-378.6630124750704
-378.66301247507045
-378.6630124750704
-378.66301247507045
-378.6630124750704
-378.66301247507045
74.12
74.11999999999999
74.12
74.12
74.12
74.12
74.12
74.12
74.12
74.12
74.12
74.11999999999999
74.12
74.11999999999999
74.12
74.12
74.12
74.12000000000002
74.12
74.12
74.12
-361.1191233113064
-378.66301247507045
-378.6630124750705
-378.66301247507045
-378.66301247507045
-378.6630124750704
-378.66301247507045
-378.6630124750704
-378.66301247507045
-378.66301247507045
-378.66301247507045
-378.66301247507045
-378.66301247507045
-378.66301247507045
-378.66301247507045
-378.6630124750704
-378.66301247507045
-378.6630124750705
-378.66301247507045
-378.66301247507045
-378.66301247507045
-378.66301247507045
-378.6630124750704
-378.6630124750704
-378.6630124750704
-378.66301247507045
-378.6630124750705
-378.66301247507045
-378.66301247507045
-378.66301247507045
-378.66301247507045
-378.6630124750704
-378.66301247507045
-378.6630124750705
-378.66301247507045
-378.66301247507045
-378.66301247507045
-378.66301247507045
-378.6630124750704
-378.66301247507045
-378.66301247507045
-378.66301247507045
-378.66301247507045
74.12
74.11999999999999
74.12
52.38000000000001
74.12
74.11999999999999
74.12
74.11999999999999
74.12
74.12
74.12
74.11999999999999
74.12
74.11999999999999
-3.6707999999999976
-3.6707999999999967
74.12
74.11999999999999
74.12
74.12
74.12
74.11999999999999
74.12
74.12
74.12
74.12
74.12
74.12
74.12
74.12
74.11999999999999
74.12
74.12
74.12
74.12
74.12
74.12
74.11999999999999
74.12
74.12
74.11999999999999
74.12
74.12
74.12
74.12
-3.6708000000000007
-3.6708000000000007
74.12000000000003
74.12
74.11999999999999
74.12
74.12
74.12
74.12
74.12
74.12
74.12
74.12
74.12
74.12
74.11999999999999
74.12
74.12
-334.52497386681404
-361.21443929843963
-378.6630124750704
-378.66301247507045
-378.66301247507045
-378.6630124750704
-378.66301247507045
-378.66301247507045
-378.66301247507045
-378.6630124750705
-378.66301247507045
-3.670799999999997
-81.4616
74.12
74.12
74.12
74.12
74.12
74.12
74.12
74.12
74.12
-334.45263025973975
-361.1192503417628
-378.66301247507045
-378.66301247507045
-378.6630124750704
-378.66301247507045
-378.66301247507045
-378.66301247507045
-378.6630124750704
-378.6630124750705
-378.66301247507045
-378.66301247507045
-378.66301247507045
-378.6630124750705
-378.66301247507045
-378.6630124750705
-378.6630124750704
-378.66301247507045
-378.66301247507045
-378.66301247507045
-378.66301247507045
-378.6630124750705
-378.6630124750705
-378.66301247507045
-378.66301247507045
-378.6630124750704
-378.66301247507045
-378.6630124750704
-378.6630124750704
-378.66301247507045
-378.66301247507045
-378.6630124750705
-378.66301247507045
-378.66301247507045
-378.66301247507045
-378.6630124750704
-378.6630124750704
-378.6630124750705
-378.66301247507045
-378.6630124750704
-378.6630124750704
-378.66301247507045
-378.6630124750704
-378.6630124750704
-378.66301247507045
-378.6630124750705
-378.66301247507045
-353.7621068347342
-336.9005362712062
-342.1539022469448
-371.2525029565064
-378.66301247507045
-370.45503888097113
-378.66301247507045
-378.6630124750704
-378.6630124750704
-378.66301247507045
-378.66301247507045
-378.6630124750704
-378.66301247507045
-378.66301247507045
-378.66301247507045
-378.6630124750705
-327.7991333333334
52.38
74.11999999999999
74.12
74.12
