PumpedStor,BatteryStor
0.0,0.0
10818.6,0.0
2596.464000000001,0.0
8845.28736,0.0
4096.1816063999995,0.0
7705.501979136002,0.0
4962.418495856641,0.0
7047.1619431489535,0.0
5462.756923206794,0.0
6666.904738362837,0.0
5751.7523988442435,0.0
6447.268176878375,0.0
5918.676185572435,0.0
6320.406098964948,0.0
6015.09136478664,0.0
6247.130562762154,0.0
6070.780772300764,0.0
6204.806613051418,0.0
6102.946974080922,0.0
6180.3602996985,0.0
6121.52617222914,0.0
6166.240109105855,0.0
6132.257517079553,0.0
6158.084287019542,0.0
6138.455941865149,0.0
6153.373484182487,0.0
6142.036152021309,0.0
6150.652524463805,0.0
6144.104081407509,0.0
6149.080898130295,0.0
12294.379415551273,0.0
13769.251059732302,0.0
13769.251059732302,0.0
13769.251059732302,0.0
13769.251059732302,0.0
13769.251059732302,0.0
0.0,0.0
0.0,0.0
0.0,0.0
0.0,0.0
0.0,0.0
10818.6,0.0
2596.464000000001,0.0
8845.28736,0.0
4096.1816064,0.0
7705.501979136,0.0
4962.418495856641,0.0
7047.1619431489535,0.0
5462.756923206795,0.0
6666.904738362836,0.0
5751.752398844245,0.0
6447.268176878375,0.0
5918.676185572435,0.0
6320.40609896495,0.0
6015.091364786639,0.0
6247.130562762153,0.0
6070.780772300764,0.0
6204.806613051421,0.0
6102.94697408092,0.0
6180.360299698502,0.0
6121.526172229139,0.0
6166.2401091058555,0.0
6132.25751707955,0.0
6158.084287019542,0.0
6138.455941865149,0.0
6153.373484182487,0.0
6142.036152021309,0.0
6150.652524463806,0.0
6144.104081407509,0.0
6149.0808981302935,0.0
6145.298517420979,0.0
6148.173126760056,0.0
6145.988423662358,0.0
6147.648798016608,0.0
6146.386913507378,0.0
8790.721832007337,0.0
3794.8147580584764,0.0
11729.355541934036,0.0
13633.64533006417,0.0
13633.64533006417,0.0
13633.64533006417,0.0
13633.64533006417,0.0
13633.64533006417,0.0
13633.64533006417,0.0
13633.64533006417,0.0
13633.64533006417,0.0
13633.64533006417,0.0
13633.64533006417,0.0
13633.64533006417,0.0
13633.64533006417,0.0
13633.64533006417,0.0
13633.64533006417,0.0
13633.64533006417,0.0
13633.64533006417,0.0
13633.64533006417,0.0
13633.64533006417,0.0
13633.64533006417,0.0
13633.64533006417,0.0
13633.64533006417,0.0
13633.64533006417,0.0
13633.64533006417,0.0
13633.64533006417,0.0
13633.64533006417,0.0
13633.64533006417,0.0
13633.64533006417,0.0
13633.64533006417,0.0
13633.64533006417,0.0
13633.64533006417,0.0
13633.64533006417,0.0
13633.64533006417,0.0
13633.64533006417,0.0
6919.438378929803,0.0
6919.438378929803,0.0
0.0,0.0
10818.6,0.0
2596.4639999999995,0.0
8845.287360000004,0.0
4096.1816063999995,0.0
7705.501979136,0.0
4962.418495856642,0.0
7047.161943148953,0.0
5462.756923206797,0.0
6666.904738362836,0.0
5751.752398844244,0.0
6447.268176878375,0.0
5918.676185572436,0.0
6320.406098964948,0.0
6015.09136478664,0.0
6247.130562762155,0.0
6070.780772300763,0.0
11097.600083649653,0.0
13482.024020075916,0.0
9259.543912969459,0.0
11764.245956477464,0.0
10784.411966201642,0.0
0.0,0.0
5978.7438790456645,0.0
6274.754651925295,0.0
6049.786464536776,0.0
6220.762286952052,0.0
6090.82066191644,0.0
6189.576296943505,0.0
6114.522014322935,0.0
6171.563269114571,0.0
6128.211915472926,0.0
6161.158944240577,0.0
6136.119202377162,0.0
6155.149406193356,0.0
6140.686451293048,0.0
6151.6782970172835,0.0
6143.324494266864,0.0
6149.673384357184,0.0
6144.84822788854,0.0
6148.51534680471,0.0
6145.728336428421,0.0
6147.8464643144,0.0
6146.236687121056,0.0
12293.696804909054,0.0
13769.087233178172,0.0
3880.5829534516756,0.0
0.0,0.0
4416.339456329832,0.0
7462.182013189328,0.0
5147.341669976111,0.0
6906.6203308181575,0.0
5569.5685485782005,0.0
6585.727903080568,0.0
5813.44679365877,0.0
6400.380436819337,0.0
5954.310868017304,0.0
6293.323740306851,0.0
6035.673957366795,0.0
6231.487792401237,0.0
6082.6692777750595,0.0
6195.771348890955,0.0
6109.813774842874,0.0
6175.141531119415,0.0
6125.492436349245,0.0
6163.225748374574,0.0
6134.548431235323,0.0
6156.343192261155,0.0
12296.122366142677,0.0
13769.669367874243,0.0
4044.2789793094926,0.0
4044.2789793094926,0.0
4044.2789793094926,0.0
5107.875243349984,0.0
5107.875243349984,0.0
5107.875243349984,0.0
5107.875243349984,0.0
5107.875243349984,0.0
5107.875243349984,0.0
5107.875243349984,0.0
5107.875243349984,0.0
5107.875243349984,0.0
5107.875243349984,0.0
5107.875243349984,0.0
5107.875243349984,0.0
5107.875243349984,0.0
5107.875243349984,0.0
5107.875243349984,0.0
5107.875243349984,0.0
4180.828619040409,0.0
4180.828619040409,0.0
4180.828619040409,0.0
4180.828619040409,0.0
4180.828619040409,0.0
4180.828619040409,0.0
4180.828619040409,0.0
4180.828619040409,0.0
4180.828619040409,0.0
4180.828619040409,0.0
4180.828619040409,0.0
4180.828619040409,0.0
4180.828619040409,0.0
4180.828619040409,0.0
4180.828619040409,0.0
4180.828619040409,0.0
4180.828619040409,0.0
3128.499785447104,0.0
3128.499785447104,0.0
3128.499785447104,0.0
3128.499785447104,0.0
3128.499785447104,0.0
3128.499785447104,0.0
3128.499785447104,0.0
3128.499785447104,0.0
3128.499785447104,0.0
3128.499785447104,0.0
3128.499785447104,0.0
3128.499785447104,0.0
3128.499785447104,0.0
3128.499785447104,0.0
3128.499785447104,0.0
3128.499785447104,0.0
3128.499785447104,0.0
3128.499785447104,0.0
3128.499785447104,0.0
3128.499785447104,0.0
3128.499785447104,0.0
3128.499785447104,0.0
3128.499785447104,0.0
3128.499785447104,0.0
0.0,0.0
0.0,0.0
0.0,0.0
0.0,0.0
0.0,0.0
0.0,0.0
0.0,0.0
0.0,0.0
0.0,0.0
0.0,0.0
0.0,0.0
0.0,0.0
0.0,0.0
0.0,0.0
0.0,0.0
0.0,0.0
0.0,0.0
0.0,0.0
0.0,0.0
0.0,0.0
0.0,0.0
0.0,0.0
0.0,0.0
0.0,0.0
0.0,0.0
0.0,0.0
0.0,0.0
0.0,0.0
0.0,0.0
0.0,0.0
0.0,0.0
0.0,0.0
0.0,0.0
0.0,0.0
0.0,0.0
0.0,0.0
0.0,0.0
0.0,0.0
0.0,0.0
0.0,0.0
0.0,0.0
0.0,0.0
0.0,0.0
0.0,0.0
0.0,0.0
0.0,0.0
0.0,0.0
0.0,0.0
0.0,0.0
0.0,0.0
0.0,0.0
0.0,0.0
0.0,0.0
0.0,0.0
0.0,0.0
0.0,0.0
0.0,0.0
0.0,0.0
0.0,0.0
0.0,0.0
0.0,0.0
0.0,0.0
0.0,0.0
0.0,0.0
0.0,0.0
0.0,0.0
0.0,0.0
0.0,0.0
0.0,0.0
0.0,0.0
0.0,0.0
0.0,0.0
0.0,0.0
0.0,0.0
0.0,0.0
0.0,0.0
0.0,0.0
0.0,0.0
0.0,0.0
0.0,0.0
0.0,0.0
0.0,0.0
0.0,0.0
0.0,0.0
0.0,0.0
0.0,0.0
0.0,0.0
0.0,0.0
0.0,0.0
0.0,0.0
0.0,0.0
0.0,0.0
0.0,0.0
0.0,0.0
0.0,0.0
0.0,0.0
0.0,0.0
6781.185718858822,0.0
5664.898853667295,0.0
6513.276871212857,0.0
5868.509577878229,0.0
6358.532720812548,0.0
5986.115132182464,0.0
6269.1524995413265,0.0
6054.044100348592,0.0
6217.5264837350705,0.0
6093.279872361347,0.0
6187.707297005378,0.0
6115.942454275913,0.0
6170.483734750306,0.0
6129.032361589768,0.0
6160.5354051917775,0.0
6136.59309205425,0.0
6154.789250038771,0.0
12295.749420009304,0.0
13769.579860802232,0.0
5784.633651381726,0.0
5784.633651381726,0.0
5784.633651381726,0.0
5784.633651381726,0.0
5784.633651381726,0.0
5784.633651381726,0.0
5784.633651381726,0.0
5784.633651381726,0.0
5784.633651381726,0.0
5784.633651381726,0.0
5784.633651381726,0.0
5784.633651381726,0.0
5784.633651381726,0.0
5784.633651381726,0.0
5784.633651381726,0.0
5784.633651381726,0.0
5784.633651381726,0.0
5784.633651381726,0.0
5784.633651381726,0.0
5784.633651381726,0.0
5784.633651381726,0.0
5784.633651381726,0.0
6552.578409850282,0.0
12391.218818364068,0.0
13792.492516407376,0.0
13950.419997895751,0.0
13950.419997895751,0.0
13950.419997895751,0.0
13950.419997895751,0.0
13950.419997895751,0.0
13950.419997895751,0.0
13950.419997895751,0.0
13950.419997895751,0.0
13950.419997895751,0.0
13950.419997895751,0.0
13950.419997895751,0.0
13950.419997895751,0.0
13950.419997895751,0.0
13950.419997895751,0.0
13950.41999789575,0.0
11173.28714563124,0.0
7291.122066216743,0.0
6609.930018759548,0.0
8606.179439754702,0.0
10133.85235693138,0.0
6905.665048645035,0.0
7331.045973621598,0.0
12578.051033669184,0.0
13837.332248080602,0.0
13837.332248080602,0.0
13837.332248080602,0.0
13950.41999789575,0.0
10674.534967972006,0.0
6290.80294876608,0.0
11569.503057894664,0.0
13595.280733894719,0.0
13950.41999789575,0.0
8956.958135986506,0.0
4745.400076273721,0.0
7878.596117626924,0.0
8703.677083610184,0.0
12907.482500066448,0.0
13916.395800015947,0.0
13792.524269043899,0.0
2121.1909968483988,0.0
0.0,0.0
0.0,0.0
0.0,0.0
0.0,0.0
0.0,0.0
0.0,0.0
0.0,0.0
0.0,0.0
0.0,0.0
0.0,0.0
1413.9252680648851,0.0
19.01398857985278,0.0
10082.18933557928,0.0
3156.1361049597476,0.0
8419.936560230593,0.0
4419.448214224751,0.0
7459.819357189189,0.0
5149.137288536218,0.0
6905.255660712474,0.0
5570.605697858518,0.0
6584.939669627525,0.0
12398.985520710608,0.0
13794.356524970546,0.0
13794.356524970546,0.0
13794.356524970546,0.0
13794.356524970546,0.0
13794.356524970546,0.0
13794.356524970546,0.0
13794.356524970546,0.0
13794.356524970546,0.0
13794.356524970546,0.0
13794.356524970546,0.0
12456.490974641858,0.0
5619.198067954173,0.0
0.0,0.0
0.0,0.0
0.0,0.0
0.0,0.0
10818.6,0.0
2596.4639999999995,0.0
11441.751360000002,0.0
13564.6203264,0.0
13564.6203264,0.0
13564.6203264,0.0
725.843124917383,0.0
725.843124917383,0.0
725.843124917383,0.0
725.843124917383,0.0
725.843124917383,0.0
725.843124917383,0.0
7925.049294267493,0.0
6784.37942988113,0.0
-5.630835953441363e-14,0.0
0.0,0.0
1915.016666438548,0.0
2139.6360715219475,0.0
9192.47658564332,0.0
13024.794380554398,0.0
13944.550651333058,0.0
13488.159773187997,0.0
0.0,0.0
5662.111987796287,0.0
12177.506877071111,0.0
13741.201650497067,0.0
13741.201650497067,0.0
13741.201650497067,0.0
13741.201650497067,0.0
13741.201650497067,0.0
13741.201650497067,0.0
13741.201650497067,0.0
13741.201650497067,0.0
13741.201650497067,0.0
13741.201650497067,0.0
13741.201650497067,0.0
13741.201650497067,0.0
13741.201650497067,0.0
13741.201650497067,0.0
7231.0137542516695,0.0
7231.0137542516695,0.0
7231.0137542516695,0.0
7231.0137542516695,0.0
7231.0137542516695,0.0
7231.0137542516695,0.0
7231.0137542516695,0.0
7231.0137542516695,0.0
7231.0137542516695,0.0
7231.0137542516695,0.0
7231.0137542516695,0.0
7231.0137542516695,0.0
7231.0137542516695,0.0
7231.0137542516695,0.0
7231.0137542516695,0.0
7231.0137542516695,0.0
7231.0137542516695,0.0
7231.0137542516695,0.0
7231.0137542516695,0.0
7231.0137542516695,0.0
7231.0137542516695,0.0
12554.0433010204,0.0
12554.0433010204,0.0
12554.0433010204,0.0
0.0,0.0
3488.2856703831944,0.0
8167.502890508772,0.0
4611.297803213334,0.0
7314.013669557868,0.0
5259.94961113602,0.0
6821.038295536625,0.0
5634.610895392164,0.0
6536.295719501956,0.0
5851.015253178514,0.0
6371.8284075843285,0.0
12347.838817820239,0.0
13782.081316276859,0.0
7841.259485434001,0.0
7841.259485434001,0.0
7841.259485434001,0.0
7841.259485434001,0.0
0.0,0.0
0.0,0.0
0.0,0.0
3909.425669663458,0.0
7847.4364910557715,0.0
4854.548266797612,0.0
7129.143317233815,0.0
12529.594396136115,0.0
13825.702655072668,0.0
13825.702655072668,0.0
13825.702655072668,0.0
4596.1420132897765,0.0
2448.520410676643,0.0
2448.520410676643,0.0
2448.520410676643,0.0
6169.181961301007,0.0
12299.203670712242,0.0
12299.203670712242,0.0
12299.203670712242,0.0
0.0,0.0
0.0,0.0
0.0,0.0
0.0,0.0
0.0,0.0
0.0,0.0
0.0,0.0
0.0,0.0
0.0,0.0
0.0,0.0
0.0,0.0
0.0,0.0
0.0,0.0
0.0,0.0
0.0,0.0
0.0,0.0
0.0,0.0
0.0,0.0
0.0,0.0
0.0,0.0
0.0,0.0
2122.7115813143705,0.0
3272.957341252268,0.0
3272.957341252268,0.0
3272.957341252268,0.0
3272.957341252268,0.0
3272.957341252268,0.0
3272.957341252268,0.0
3272.957341252268,0.0
0.0,0.0
0.0,0.0
5242.245408047563,0.0
6834.493489883852,0.0
5624.384947688272,0.0
6544.067439756914,0.0
5845.108745784745,0.0
6376.3173532035935,0.0
7131.668903579182,0.0
6160.875686891607,0.0
6136.334477962379,0.0
6154.985796748593,0.0
9687.150961837642,0.0
3456.365269003392,0.0
8191.762395557423,0.0
4592.860579376361,0.0
7328.025959673966,0.0
5249.300270647786,0.0
6829.131794307683,0.0
12457.591630633846,0.0
13808.421991352123,0.0
6779.253619751086,0.0
0.0,0.0
0.0,0.0
0.0,0.0
0.0,0.0
0.0,0.0
0.0,0.0
0.0,0.0
0.0,0.0
0.0,0.0
0.0,0.0
0.0,0.0
0.0,0.0
0.0,0.0
0.0,0.0
0.0,0.0
0.0,0.0
0.0,0.0
4683.839071465396,0.0
11942.721377151694,0.0
12573.486362854272,0.0
12573.486362854272,0.0
12573.486362854272,0.0
12573.486362854272,0.0
12573.486362854272,0.0
12573.486362854272,0.0
4572.931216732878,0.0
4572.931216732878,0.0
4572.931216732878,0.0
4572.931216732878,0.0
9768.316239242518,0.0
13162.995897418205,0.0
13162.995897418205,0.0
0.0,0.0
0.0,0.0
0.0,0.0
0.0,0.0
0.0,0.0
0.0,0.0
0.0,0.0
0.0,0.0
0.0,0.0
10818.6,0.0
13415.064000000002,0.0
13415.064000000002,0.0
13415.064000000002,0.0
5805.238240661598,0.0
2440.2794270095255,0.0
2440.2794270095255,0.0
0.0,0.0
0.0,0.0
0.0,0.0
0.0,0.0
0.0,0.0
0.0,0.0
0.0,0.0
0.0,0.0
0.0,0.0
0.0,0.0
0.0,0.0
0.0,0.0
0.0,0.0
0.0,0.0
0.0,0.0
0.0,0.0
0.0,0.0
0.0,0.0
5615.412945867718,0.0
6550.886161140534,0.0
5839.926517533195,0.0
6380.255846674773,0.0
5969.605556527173,0.0
6281.699777039349,0.0
6044.508169450095,0.0
6224.773791217927,0.0
6087.771918674375,0.0
6191.893341807477,0.0
6112.7610602263185,0.0
6172.901594227999,0.0
6127.19478838672,0.0
6161.931960826094,0.0
6135.531709772168,0.0
6155.595900573155,0.0
6140.347115564404,0.0
6151.936192171053,0.0
6143.128493949999,0.0
6149.822344598002,0.0
6144.735018105519,0.0
9831.766589657625,0.0
3346.4573918602077,0.0
8275.292382186242,0.0
12804.670171724698,0.0
13891.720841213928,0.0
13891.720841213928,0.0
13891.720841213928,0.0
13891.720841213928,0.0
13891.720841213928,0.0
13891.720841213928,0.0
13891.720841213928,0.0
11041.293376257881,0.0
0.0,0.0
0.0,0.0
0.0,0.0
8116.540694293087,0.0
9377.093963899095,0.0
3692.0085874366887,0.0
8012.673473548116,0.0
4728.968160103433,0.0
7224.584198321393,0.0
5327.916009275742,0.0
6769.383832950436,0.0
5673.868286957669,0.0
6506.460101912173,0.0
5873.6903225467495,0.0
6354.595354864471,0.0
5989.107530303003,0.0
6266.878276969719,0.0
6055.772509503014,0.0
6216.21289277771,0.0
6094.278201488941,0.0
6186.948566868405,0.0
6116.519089180013,0.0
6170.045492223191,0.0
6129.365425910375,0.0
6160.282276308116,0.0
6136.785470005833,0.0
6154.643042795569,0.0
12295.714330270936,0.0
13769.571439265024,0.0
13769.571439265024,0.0
13769.571439265024,0.0
13769.571439265024,0.0
13769.571439265024,0.0
13769.571439265024,0.0
13769.571439265024,0.0
13769.571439265024,0.0
13769.571439265024,0.0
13769.571439265024,0.0
13769.571439265024,0.0
13769.571439265024,0.0
13049.249991232293,0.0
13049.249991232293,0.0
13049.249991232293,0.0
13049.249991232293,0.0
13049.249991232293,0.0
13049.249991232293,0.0
13049.249991232293,0.0
13049.249991232293,0.0
13049.249991232293,0.0
13049.249991232293,0.0
13049.249991232293,0.0
13950.41999789575,0.0
13950.419997895751,0.0
13950.419997895751,0.0
13950.419997895751,0.0
13671.478309454757,0.0
479.02921614751773,0.0
479.02921614751773,0.0
479.02921614751773,0.0
479.02921614751773,0.0
479.02921614751773,0.0
0.0,0.0
10818.6,0.0
2596.4640000000018,0.0
8845.28736,0.0
4096.1816063999995,0.0
7705.501979135999,0.0
4962.418495856641,0.0
7047.1619431489535,0.0
5462.756923206796,0.0
6666.904738362837,0.0
6765.98515155435,0.0
5676.451284818695,0.0
6504.497023537791,0.0
5875.182262111279,0.0
6353.4614807954285,0.0
12343.430755390904,0.0
13781.023381293815,0.0
11778.611860426943,0.0
13645.466846502468,0.0
12776.125182409402,0.0
0.0,0.0
0.0,0.0
0.0,0.0
0.0,0.0
0.0,0.0
0.0,0.0
0.0,0.0
0.0,0.0
0.0,0.0
0.0,0.0
0.0,0.0
0.0,0.0
0.0,0.0
0.0,0.0
0.0,0.0
0.0,0.0
0.0,0.0
10818.6,0.0
13049.249991232295,0.0
13950.41999789575,0.0
5671.682590967007,0.0
4665.654231962478,0.0
11938.357015670996,0.0
13447.902844094295,0.0
13447.902844094295,0.0
13447.902844094295,0.0
13447.902844094295,0.0
0.0,0.0
4404.178331200851,0.0
7471.424468287354,0.0
5140.317404101611,0.0
11442.448756435331,0.0
2122.3389451091493,0.0
8293.875104557632,0.0
12809.130025093831,0.0
13892.791206022519,0.0
13892.791206022519,0.0
13892.791206022519,0.0
13892.791206022519,0.0
0.0,0.0
4511.9234171397275,0.0
7389.538202973807,0.0
5202.550965739908,0.0
6864.661266037672,0.0
5601.45743781137,0.0
6561.492347263358,0.0
5831.865816079847,0.0
6386.381979779316,0.0
5964.949695367721,0.0
8783.829308224033,0.0
7266.093656424482,0.0
0.0,0.0
10818.6,0.0
2596.464000000001,0.0
8845.28736,0.0
4096.1816063999995,0.0
7705.501979135999,0.0
12667.920474992641,0.0
13858.900913998234,0.0
13858.900913998234,0.0
13858.900913998234,0.0
13858.900913998234,0.0
13858.900913998234,0.0
13858.900913998234,0.0
13858.900913998234,0.0
13858.900913998234,0.0
13858.900913998234,0.0
13858.900913998234,0.0
13858.900913998234,0.0
11020.334251022896,0.0
11020.334251022896,0.0
11020.334251022896,0.0
11020.334251022896,0.0
13463.480220245496,0.0
13463.480220245496,0.0
0.0,0.0
7259.052405822615,0.0
5301.720171574813,0.0
12091.012841177957,0.0
13720.44308188271,0.0
13720.44308188271,0.0
1126.4334541232001,0.0
0.0,0.0
0.0,0.0
0.0,0.0
0.0,0.0
0.0,0.0
0.0,0.0
0.0,0.0
10818.6,0.0
2596.464,0.0
8845.287360000002,0.0
4096.1816063999995,0.0
7705.501979136003,0.0
11105.834924326367,0.0
13484.00038183833,0.0
13950.419997895751,0.0
13950.419997895751,0.0
13950.41999789575,0.0
0.0,0.0
4320.326856263032,0.0
7535.151589240098,0.0
5091.884792177527,0.0
12040.652350122606,0.0
13708.356564029427,0.0
13708.356564029427,0.0
13708.356564029427,0.0
13708.356564029427,0.0
13708.356564029427,0.0
13708.356564029427,0.0
0.0,0.0
0.0,0.0
3197.931275393872,0.0
8388.172230700657,0.0
4443.589104667501,0.0
7441.472280452699,0.0
5163.081066855951,0.0
6894.65838918948,0.0
5578.659624215997,0.0
6578.818685595843,0.0
5818.697798947159,0.0
6396.389672800159,0.0
5957.343848671879,0.0
6291.018675009373,0.0
6037.4258069928765,0.0
6230.156386685414,0.0
6083.6811461190855,0.0
6195.002328949495,0.0
6110.398229998384,0.0
6174.697345201229,0.0
6125.830017647066,0.0
6162.9691865882305,0.0
6134.743418192945,0.0
6156.195002173361,0.0
6139.891798348245,0.0
6152.282233255334,0.0
6142.8655027259465,0.0
6150.022217928282,0.0
6144.583114374507,0.0
6148.716833075376,0.0
6145.575206862715,0.0
6147.962842784337,0.0
6146.148239483904,0.0
10619.534180095736,0.0
13049.249991232291,0.0
13950.419997895751,0.0
13950.41999789575,0.0
0.0,0.0
0.0,0.0
9520.774171717572,0.0
13049.249991232295,0.0
13950.41999789575,0.0
13950.41999789575,0.0
12226.568981891098,0.0
12226.568981891098,0.0
1.1261671906883008e-13,0.0
0.0,0.0
3254.251893616266,0.0
7189.543051172497,0.0
5354.547281108901,0.0
6749.144066357235,0.0
5689.250509568501,0.0
12184.020122296442,0.0
13742.764829351147,0.0
13742.764829351147,0.0
13742.764829351147,0.0
13742.764829351147,0.0
-1.1261671906883114e-13,0.0
0.0,0.0
0.0,0.0
0.0,0.0
0.0,0.0
1987.061472555953,0.0
9308.433280857478,0.0
3744.1907065483183,0.0
7973.015063023279,0.0
4759.169050934442,0.0
7201.631521289825,0.0
5345.360043819733,0.0
6756.126366697006,0.0
5683.943961310276,0.0
6498.80258940419,0.0
5879.510032052816,0.0
6350.17237563986,0.0
5992.468994513705,0.0
6264.323564169584,0.0
6057.714091231116,0.0
6214.737290664353,0.0
6095.399659095094,0.0
6186.096259087729,0.0
6117.166843093329,0.0
6169.553199249072,0.0
6129.739568570705,0.0
6159.997927886264,0.0
6137.001574806441,0.0
6154.478803147105,0.0
6141.1961096082,0.0
6151.290956697768,0.0
6143.618872909697,0.0
6149.449656588631,0.0
6878.494049117398,0.0
5590.9445226707785,0.0
6569.4821627702095,0.0
5825.793556294642,0.0
6390.996897216074,0.0
5961.442358115784,0.0
8995.030536559832,0.0
3982.3767922145285,0.0
3756.112554816503,0.0
7963.954458339458,0.0
4765.994611662013,0.0
11962.438706798885,0.0
13689.585289631734,0.0
13689.585289631734,0.0
13689.585289631734,0.0
13689.585289631734,0.0
13689.585289631734,0.0
0.0,0.0
0.0,0.0
0.0,0.0
0.0,0.0
10818.6,0.0
2596.464000000001,0.0
8845.287359999998,0.0
6673.700043177044,0.0
5746.587967185447,0.0
6451.1931449390595,0.0
5915.693209846315,0.0
6322.673160516801,0.0
6013.368398007231,0.0
6248.440017514506,0.0
6069.785586688976,0.0
6205.562954116379,0.0
6102.372154871551,0.0
6180.797162297621,0.0
6121.194156653808,0.0
6166.492440943107,0.0
6132.065744883242,0.0
6158.230033888736,0.0
6138.345174244561,0.0
6153.457667574135,0.0
6141.972172643656,0.0
6150.701148790821,0.0
6144.067126918975,0.0
6149.1089835415805,0.0
6145.2771725084,0.0
6148.189348893616,0.0
6145.976094840853,0.0
6147.658167920952,0.0
6146.379792380078,0.0
6147.351357791141,0.0
6146.6129680787335,0.0
6147.174144260164,0.0
6146.747650362275,0.0
6147.071785724672,0.0
6146.82544284925,0.0
6147.012663434571,0.0
6146.870375789726,0.0
6146.978514399808,0.0
6146.896329056147,0.0
6146.958789917328,0.0
6146.911319662831,0.0
6146.9473970562485,0.0
6146.919978237252,0.0
12293.86079477694,0.0
13769.126590746466,0.0
8465.341937464716,0.0
0.0,0.0
9194.423083615378,0.0
3830.838456452313,0.0
7907.162773096243,0.0
12716.319065543097,0.0
13870.516575730346,0.0
11071.189642079795,0.0
11071.189642079795,0.0
11071.189642079795,0.0
11071.189642079795,0.0
11071.189642079795,0.0
11071.189642079795,0.0
11071.189642079795,0.0
11071.189642079795,0.0
11071.189642079795,0.0
13475.68551409915,0.0
13475.68551409915,0.0
13475.68551409915,0.0
13475.68551409915,0.0
13475.68551409915,0.0
0.0,0.0
0.0,0.0
0.0,0.0
0.0,0.0
0.0,0.0
0.0,0.0
10818.6,0.0
13049.249991232295,0.0
13950.41999789575,0.0
10475.627310327605,0.0
2753.8916289629315,0.0
2753.8916289629315,0.0
2753.8916289629315,0.0
2753.8916289629315,0.0
2753.8916289629315,0.0
2753.8916289629315,0.0
0.0,0.0
434.2341829098534,0.0
10488.582020988511,0.0
2847.277664048732,0.0
8654.668975322962,0.0
4241.051578754549,0.0
7595.400800146543,0.0
5046.095391888627,0.0
6983.567502164646,0.0
5511.088698354871,0.0
6630.172589250298,0.0
5779.668832169774,0.0
6426.051687550971,0.0
5934.800717461261,0.0
6308.151454729442,0.0
6024.404894405625,0.0
6240.052280251725,0.0
6076.160267008688,0.0
6200.718197073398,0.0
6106.054170224217,0.0
9301.833909063784,0.0
12323.859469752259,0.0
9706.091943824591,0.0
3441.9701226933125,0.0
1305.772319896884,0.0
8035.640666564427,0.0
4711.513093411036,0.0
7237.850049007613,0.0
5317.833962754214,0.0
6777.046188306798,0.0
5668.044896886833,0.0
6510.885878366007,0.0
5870.326732441836,0.0
6357.151683344206,0.0
8161.222918908082,0.0
4616.0705816298605,0.0
1495.5179383467107,0.0
9682.0063668565,0.0
3460.2751611890603,0.0
8188.790877496315,0.0
4595.118933102803,0.0
7326.309610841872,0.0
5250.6046957601775,0.0
6828.140431222265,0.0
5629.213272271079,0.0
6540.397913073981,0.0
5847.897586063775,0.0
6374.197834591531,0.0
5974.209645710437,0.0
6278.200669260069,0.0
6047.167491362348,0.0
12269.920197926964,0.0
13763.380847502473,0.0
7487.77464810948,0.0
7487.77464810948,0.0
7487.77464810948,0.0
0.0,0.0
4382.965512806144,0.0
7487.546210267332,0.0
5128.064880196826,0.0
6921.270691050414,0.0
5558.434274801686,0.0
6594.189951150717,0.0
5807.015637125455,0.0
6405.2681157846555,0.0
5950.596232003662,0.0
9789.79165111862,0.0
12523.993551474876,0.0
13824.358452353968,0.0
13368.588839932156,0.0
13950.41999789575,0.0
13950.41999789575,0.0
0.0,0.0
10276.895306402143,0.0
3008.1595671343725,0.0
8532.398728977878,0.0
12866.375694954691,0.0
13906.530166789127,0.0
13906.530166789127,0.0
13906.530166789127,0.0
13906.530166789127,0.0
13906.530166789127,0.0
13906.530166789127,0.0
13906.530166789127,0.0
0.0,0.0
0.0,0.0
7566.988700194233,0.0
5067.688587852383,0.0
6967.15667323219,0.0
12490.717601575725,0.0
8325.443513469792,0.0
5875.82888437277,0.0
12228.798932249467,0.0
13730.283562384267,0.0
12208.787234277888,0.0
0.0,0.0
0.0,0.0
10818.599999999999,0.0
2596.4640000000027,0.0
8845.287359999998,0.0
4096.181606400002,0.0
7705.501979135999,0.0
4962.41849585664,0.0
7047.1619431489535,0.0
5462.756923206795,0.0
6666.904738362837,0.0
5751.7523988442435,0.0
6447.268176878377,0.0
5918.676185572435,0.0
6320.40609896495,0.0
6015.091364786639,0.0
6247.130562762154,0.0
6070.780772300764,0.0
6204.80661305142,0.0
6102.946974080922,0.0
6180.3602996985,0.0
6121.526172229141,0.0
6166.240109105854,0.0
6132.25751707955,0.0
6158.084287019542,0.0
6138.455941865147,0.0
6153.37348418249,0.0
6142.036152021308,0.0
6150.652524463806,0.0
6144.104081407509,0.0
6149.080898130293,0.0
6145.298517420977,0.0
9216.334523028694,0.0
13030.520285526887,0.0
13945.924868526452,0.0
2459.6850584830695,0.0
2092.5591260426895,0.0
2092.5591260426895,0.0
0.0,0.0
10818.6,0.0
13049.249991232293,0.0
13950.41999789575,0.0
7615.162456210197,0.0
7615.162456210197,0.0
0.0,0.0
0.0,0.0
0.0,0.0
0.0,0.0
0.0,0.0
0.0,0.0
0.0,0.0
6954.618540635797,0.0
12487.70844975259,0.0
13815.650027940623,0.0
13815.650027940623,0.0
13815.650027940623,0.0
3628.7548797762993,0.0
0.0,0.0
0.0,0.0
0.0,0.0
0.0,0.0
0.0,0.0
0.0,0.0
10818.6,0.0
13049.249991232291,0.0
13950.419997895751,0.0
11477.797739924876,0.0
665.6560969198747,0.0
0.0,0.0
4296.279877911145,0.0
9100.722451145504,0.0
13002.773388274922,0.0
7594.657236492259,0.0
0.0,0.0
4652.266185275736,0.0
7282.87769919044,0.0
12566.490647805706,0.0
13834.557755473368,0.0
8742.373884365546,0.0
0.0,0.0
3580.140382444742,0.0
8097.6933093419975,0.0
4664.353084900081,0.0
11938.044740376019,0.0
13683.730737690244,0.0
789.9317115539551,0.0
0.0,0.0
10818.6,0.0
13049.2499912323,0.0
13950.41999789575,0.0
13950.41999789575,0.0
13950.41999789575,0.0
13950.41999789575,0.0
10155.35876212858,0.0
10155.35876212858,0.0
0.0,0.0
0.0,0.0
0.0,0.0
0.0,0.0
10818.6,0.0
13049.249991232291,0.0
13950.419997895751,0.0
13950.419997895751,0.0
13950.419997895751,0.0
13950.419997895751,0.0
13950.419997895751,0.0
5076.2852415493935,0.0
0.0,0.0
286.96398479892736,0.0
736.0993522779206,0.0
10259.164492268781,0.0
3021.6349858757253,0.0
8522.157410734448,0.0
4341.760367841819,0.0
7518.862120440218,0.0
5104.264788465434,0.0
6939.35876076627,0.0
5544.687341817635,0.0
6604.6376202185975,0.0
5799.075408633866,0.0
6682.7979746038145,0.0
5739.673539301102,0.0
6456.448110131163,0.0
5911.699436300317,0.0
6325.708428411761,0.0
6011.061594407062,0.0
12261.254782657696,0.0
13761.301147837848,0.0
13761.301147837848,0.0
13761.301147837848,0.0
13761.301147837848,0.0
13761.301147837848,0.0
0.0,0.0
0.0,0.0
3035.4747158085884,0.0
8511.639215985473,0.0
12861.393411836514,0.0
13905.334418840763,0.0
1225.6825755586547,0.0
0.0,0.0
0.0,0.0
0.0,0.0
0.0,0.0
0.0,0.0
0.0,0.0
0.0,0.0
10818.6,0.0
2596.4640000000013,0.0
11441.751360000002,0.0
13564.6203264,0.0
10694.177519324043,0.0
0.0,0.0
0.0,0.0
5639.6278392652,0.0
12172.110681423648,0.0
13739.906563541677,0.0
13739.906563541677,0.0
0.0,0.0
2005.5592585949007,0.0
9294.374963467875,0.0
13049.249991232291,0.0
13950.419997895751,0.0
0.0,0.0
0.0,0.0
2192.975569447464,0.0
9151.93856721993,0.0
3863.1266889128565,0.0
7882.623716426228,0.0
6023.5023344796755,0.0
6240.738225795447,0.0
6075.638948395461,0.0
6201.11439921945,0.0
6105.753056593218,0.0
6178.227676989155,0.0
6123.146965488242,0.0
6165.008306228936,0.0
6133.193687266009,0.0
6157.372797677835,0.0
6138.996673764846,0.0
6152.962527938718,0.0
7060.969884787259,0.0
5452.262887561686,0.0
6674.88020545312,0.0
5745.691043855629,0.0
12197.56585052535,0.0
13746.015804126084,0.0
13746.015804126084,0.0
13746.015804126084,0.0
13746.015804126084,0.0
13746.015804126084,0.0
13746.015804126084,0.0
7699.6700856061925,0.0
0.0,0.0
0.0,0.0
0.0,0.0
5548.538788637938,0.0
12150.249309273106,0.0
12150.249309273106,0.0
0.0,0.0
0.0,0.0
0.0,0.0
0.0,0.0
0.0,0.0
0.0,0.0
0.0,0.0
0.0,0.0
10818.6,0.0
2596.464000000001,0.0
8845.28736,0.0
4096.1816063999995,0.0
7705.501979136,0.0
4962.418495856641,0.0
7047.1619431489535,0.0
5462.756923206795,0.0
6666.904738362837,0.0
5751.752398844244,0.0
6447.268176878375,0.0
5918.676185572434,0.0
6320.40609896495,0.0
6015.091364786639,0.0
6247.130562762154,0.0
6070.780772300763,0.0
10971.533223158267,0.0
2480.234750399717,0.0
7808.25997586085,0.0
4884.322418345753,0.0
7106.51496205723,0.0
5417.648628836507,0.0
8390.614048681266,0.0
2366.3061191976635,0.0
9020.207349409775,0.0
3963.242414448572,0.0
7806.535765019086,0.0
12692.16858360458,0.0
13864.7204600651,0.0
8912.198338169706,0.0
0.0,0.0
1133.2160132910287,0.0
9957.355829898817,0.0
3251.009569276899,0.0
9926.882738810733,0.0
3274.1691185038426,0.0
8330.23146993708,0.0
4487.624082847818,0.0
7408.005697035658,0.0
12596.521367288558,0.0
13841.765128149254,0.0
13841.765128149254,0.0
0.0,0.0
0.0,0.0
0.0,0.0
0.0,0.0
0.0,0.0
0.0,0.0
2005.5592585949003,0.0
9294.374963467877,0.0
13049.249991232293,0.0
13950.419997895751,0.0
13950.419997895751,0.0
13950.419997895751,0.0
6808.361263349545,0.0
-5.630835953443059e-14,0.0
-5.630835953443059e-14,0.0
0.0,0.0
0.0,0.0
1648.39441766294,0.0
9565.820242576165,0.0
3548.576615642115,0.0
8121.681772111993,0.0
4646.121853194886,0.0
7287.547391571887,0.0
5280.063982405366,0.0
6805.751373371922,0.0
5646.22895623734,0.0
6527.465993259622,0.0
5857.725845122687,0.0
6366.728357706758,0.0
5979.8864481428645,0.0
6273.886299411423,0.0
6050.446412447318,0.0
6220.260726540039,0.0
6091.2018478295695,0.0
6189.286595649527,0.0
6114.7421873063595,0.0
6171.395937647168,0.0
6128.3390873881535,0.0
6161.062293585003,0.0
6136.192656875397,0.0
6155.093580774699,0.0
6140.728878611228,0.0
6151.646052255466,0.0
6143.349000285846,0.0
6149.654759782757,0.0
6144.862382565106,0.0
6148.5045892505195,0.0
6145.736512169606,0.0
6147.840250751099,0.0
6146.241409429165,0.0
6147.456528833835,0.0
6146.533038086285,0.0
6147.234891054423,0.0
6146.701482798637,0.0
6147.106873073036,0.0
6146.798776464493,0.0
6147.0329298869865,0.0
6146.854973285888,0.0
6146.990220302725,0.0
6146.887432569929,0.0
6146.965551246854,0.0
6146.906181052392,0.0
6146.9513024001835,0.0
6146.917010175861,0.0
6146.9430722663465,0.0
6146.923265077578,0.0
6146.938318541041,0.0
6146.926877908809,0.0
6146.935572789305,0.0
6146.928964680129,0.0
6146.9339868431025,0.0
6146.930169999242,0.0
6146.9330708005755,0.0
6146.930866191562,0.0
6146.932541694413,0.0
6146.931268312247,0.0
6146.932236082693,0.0
6146.931500577153,0.0
6146.932059561363,0.0
6146.931634733365,0.0
6146.931957602643,0.0
6146.931712221992,0.0
6146.9318987112865,0.0
6146.931756979423,0.0
6146.931864695639,0.0
6146.931782831315,0.0
6146.931845048201,0.0
8547.927674753695,0.0
4542.417339503826,0.0
0.0,0.0
10818.6,0.0
2596.464000000001,0.0
8845.287359999998,0.0
4096.1816064,0.0
7705.501979136,0.0
4962.418495856639,0.0
7047.161943148954,0.0
5462.756923206794,0.0
6666.904738362837,0.0
5751.752398844244,0.0
11639.157495657615,0.0
1972.8403033002144,0.0
9319.241369491841,0.0
3735.976559186203,0.0
11715.23437420469,0.0
13630.256249809127,0.0
13630.256249809127,0.0
2590.772059503048,0.0
0.0,0.0
4533.765873856643,0.0
7372.937935868954,0.0
5215.167168739596,0.0
6855.072951757908,0.0
5608.744556663988,0.0
6555.954136935369,0.0
5836.07485592912,0.0
6383.18310949387,0.0
5967.380836784659,0.0
6283.390564043661,0.0
6043.223171326818,0.0
6225.750389791618,0.0
12312.780093549987,0.0
13773.667222451999,0.0
13773.667222451999,0.0
10546.428450831127,0.0
0.0,0.0
10818.6,0.0
2596.4640000000013,0.0
8845.28736,0.0
4096.181606400002,0.0
7705.501979135999,0.0
4962.418495856643,0.0
7047.161943148952,0.0
5462.756923206797,0.0
6666.904738362835,0.0
5751.752398844246,0.0
6447.268176878374,0.0
5918.676185572437,0.0
6320.40609896495,0.0
6015.09136478664,0.0
6247.130562762153,0.0
6070.780772300764,0.0
6204.80661305142,0.0
6102.94697408092,0.0
6180.360299698499,0.0
6121.526172229141,0.0
6166.240109105854,0.0
6132.257517079552,0.0
6158.084287019542,0.0
6138.455941865149,0.0
6153.373484182486,0.0
6142.036152021309,0.0
6150.652524463806,0.0
12294.756605871315,0.0
13769.341585409114,0.0
13769.341585409114,0.0
13769.341585409114,0.0
13769.341585409114,0.0
4589.634094304004,0.0
0.0,0.0
0.0,0.0
8533.281924324816,0.0
4333.305737513141,0.0
7525.287639490014,0.0
5099.381393987589,0.0
6943.070140569433,0.0
5541.86669316723,0.0
6606.781313192906,0.0
5797.446201973391,0.0
6412.540886500224,0.0
5945.068926259831,0.0
12123.271389713544,0.0
10303.830732832981,0.0
0.0,0.0
10818.6,0.0
2596.4640000000013,0.0
8845.28736,0.0
4096.181606400001,0.0
11801.683585536002,0.0
13651.004060528641,0.0
13701.213492129207,0.0
13701.213492129207,0.0
6877.978659593973,0.0
1509.7930073691466,0.0
1509.7930073691466,0.0
0.0,0.0
5596.05808814292,0.0
6565.59585301138,0.0
12394.343004722732,0.0
13793.242321133454,0.0
13793.242321133454,0.0
0.0,0.0
0.0,0.0
0.0,0.0
0.0,0.0
0.0,0.0
0.0,0.0
0.0,0.0
0.0,0.0
8804.495055042118,0.0
12931.678813210108,0.0
13922.202915170426,0.0
13922.202915170426,0.0
0.0,0.0
0.0,0.0
0.0,0.0
0.0,0.0
0.0,0.0
0.0,0.0
0.0,0.0
6260.213970473162,0.0
6060.837382440398,0.0
12273.200971785696,0.0
13764.168233228567,0.0
13764.168233228567,0.0
13764.168233228567,0.0
4181.498251002091,0.0
0.0,0.0
0.0,0.0
0.0,0.0
0.0,0.0
0.0,0.0
10818.6,0.0
2596.464,0.0
8845.287360000004,0.0
4096.181606399999,0.0
7705.501979136,0.0
4962.41849585664,0.0
7047.1619431489535,0.0
5462.756923206794,0.0
6666.904738362836,0.0
8033.7355713068555,0.0
4712.96096580679,0.0
7236.74966598684,0.0
5318.670253850001,0.0
6776.410607073999,0.0
5668.527938623762,0.0
6510.518766645941,0.0
5870.605737349085,0.0
6356.939639614695,0.0
5987.325873892832,0.0
9219.846257359583,0.0
7274.990502151462,0.0
5289.6072183648885,0.0
3268.015557714414,0.0
8334.908176137045,0.0
4484.069786135845,0.0
7410.7069625367585,0.0
5186.462708472066,0.0
6876.888341561232,0.0
5592.164860413463,0.0
6568.554706085769,0.0
5826.498423374816,0.0
6390.46119823514,0.0
6809.776387549635,0.0
8058.563616797345,0.0
4694.091651234019,0.0
5725.084664906778,0.0
6467.535654670849,0.0
5903.272902450155,0.0
6332.112594137882,0.0
12338.307022593091,0.0
13779.793685422343,0.0
-1.4731414788167113e-12,0.0
0.0,0.0
1783.3766060462615,0.0
4544.994580386771,0.0
8102.632350467843,0.0
4660.599413644441,0.0
0.0,0.0
10818.6,0.0
2596.4640000000013,0.0
8845.287360000002,0.0
4096.1816063999995,0.0
7705.501979135999,0.0
4962.418495856643,0.0
7047.161943148952,0.0
5462.756923206796,0.0
6666.904738362836,0.0
5751.752398844244,0.0
6447.268176878374,0.0
5918.676185572435,0.0
6320.406098964951,0.0
6015.091364786638,0.0
6247.130562762155,0.0
12317.911335062916,0.0
13774.8987204151,0.0
13774.8987204151,0.0
12755.713940874532,0.0
12755.713940874532,0.0
12755.713940874532,0.0
12755.713940874532,0.0
-1.1261671906883166e-13,0.0
0.0,0.0
0.0,0.0
10818.6,0.0
2596.4640000000018,0.0
10911.288718819444,0.0
10001.940923762582,0.0
3217.124897940438,0.0
8048.20061899411,0.0
4701.967529564477,0.0
7245.104677530997,0.0
12557.42512260744,0.0
13832.382029425786,0.0
0.0,0.0
0.0,0.0
5684.0348740290265,0.0
6498.733495737941,0.0
5879.562543239165,0.0
6350.132467138235,0.0
9266.207970248586,0.0
3776.2819426110746,0.0
7948.6257236155825,0.0
4777.6444500521575,0.0
7187.590217960361,0.0
5356.031434350127,0.0
6748.0161098939025,0.0
5690.107756480633,0.0
6494.118105074719,0.0
5883.070240143214,0.0
10322.297342107533,0.0
13295.951362105807,0.0
13950.41999789575,0.0
13950.419997895751,0.0
13950.419997895751,0.0
13950.419997895751,0.0
13950.419997895751,0.0
13950.41999789575,0.0
0.0,0.0
4749.54024873506,0.0
7208.949410961354,0.0
5339.798447669371,0.0
6760.3531797712785,0.0
7579.371566191893,0.0
5478.561838885436,0.0
6654.893002447068,0.0
5760.881318140228,0.0
7007.645531573752,0.0
12500.4349275777,0.0
6684.145297866929,0.0
0.0,0.0
10818.6,0.0
2596.4640000000018,0.0
8845.287359999998,0.0
12941.468966400002,0.0
13924.552551936,0.0
13924.552551936,0.0
13924.552551936,0.0
1.1261671906883078e-13,0.0
1.1261671906883078e-13,0.0
1.1261671906883078e-13,0.0
1.1261671906883078e-13,0.0
0.0,0.0
7197.223298726865,0.0
5348.710292967583,0.0
12102.29047031222,0.0
13723.149712874934,0.0
13723.149712874934,0.0
0.0,0.0
0.0,0.0
0.0,0.0
0.0,0.0
0.0,0.0
2749.6109627682813,0.0
8728.895668296107,0.0
4184.639292094958,0.0
7638.274138007833,0.0
5013.511655114047,0.0
7008.331142113325,0.0
7825.565473948403,0.0
12696.73571374762,0.0
13089.48846916293,0.0
13950.41999789575,0.0
13950.419997895751,0.0
13950.419997895751,0.0
13950.41999789575,0.0
0.0,0.0
934.4702452562137,0.0
10108.402613605274,0.0
13049.249991232291,0.0
13950.419997895751,0.0
13950.419997895751,0.0
13950.419997895751,0.0
13950.419997895751,0.0
13950.41999789575,0.0
13950.419997895751,0.0
13950.41999789575,0.0
1.1261671906883078e-13,0.0
0.0,0.0
0.0,0.0
10818.6,0.0
13049.249991232295,0.0
13950.41999789575,0.0
7147.08343516981,0.0
7147.08343516981,0.0
0.0,0.0
0.0,0.0
6155.572993296851,0.0
11860.868171282815,0.0
10458.269532855333,0.0
0.0,0.0
10818.6,0.0
2596.4640000000013,0.0
8845.287359999998,0.0
4096.1816064,0.0
7705.501979135999,0.0
6244.096751025284,0.0
6073.086469220785,0.0
6203.0542833922045,0.0
6104.278744621925,0.0
6179.348154087338,0.0
6122.295402893624,0.0
6165.655493800847,0.0
6132.701824711357,0.0
6157.7466132193695,0.0
6138.712573953279,0.0
6153.178443795507,0.0
12295.362826510922,0.0
13769.48707836262,0.0
10055.950822521558,0.0
11358.648053600948,0.0
13544.675532864228,0.0
13544.675532864228,0.0
13544.675532864228,0.0
0.0,0.0
10818.6,0.0
2596.4640000000013,0.0
8845.287360000002,0.0
4096.1816064,0.0
7705.501979136,0.0
4962.41849585664,0.0
7047.161943148957,0.0
5462.756923206792,0.0
6666.9047383628385,0.0
5751.752398844243,0.0
6447.268176878377,0.0
5918.676185572434,0.0
6320.406098964951,0.0
6015.091364786638,0.0
6247.130562762155,0.0
6070.780772300762,0.0
6204.806613051423,0.0
6102.946974080919,0.0
6180.360299698501,0.0
6121.526172229141,0.0
6166.240109105854,0.0
6132.257517079552,0.0
6158.084287019543,0.0
6138.455941865147,0.0
6153.373484182489,0.0
6142.036152021309,0.0
6150.652524463805,0.0
6144.104081407509,0.0
6149.0808981302935,0.0
6145.298517420977,0.0
6148.173126760058,0.0
6145.988423662356,0.0
6147.648798016611,0.0
6146.3869135073755,0.0
6147.345945734395,0.0
6146.6170812418595,0.0
6147.1710182561865,0.0
6146.750026125298,0.0
6147.0699801447745,0.0
6146.826815089971,0.0
12293.838435621594,0.0
13769.121224549182,0.0
13769.121224549182,0.0
13769.121224549182,0.0
13769.121224549182,0.0
7569.316016906755,0.0
7569.316016906755,0.0
0.0,0.0
10818.6,0.0
2596.4639999999995,0.0
8845.287360000004,0.0
12941.468966400002,0.0
13924.552551936,0.0
13924.552551936,0.0
0.0,0.0
0.0,0.0
0.0,0.0
0.0,0.0
0.0,0.0
0.0,0.0
10818.6,0.0
2596.464000000001,0.0
8845.28736,0.0
4096.1816063999995,0.0
7705.501979135999,0.0
6236.523469077215,0.0
12315.365632578532,0.0
13774.287751818847,0.0
9841.414336727705,0.0
9841.414336727705,0.0
9841.414336727705,0.0
0.0,0.0
10818.599999999999,0.0
2596.4640000000027,0.0
11441.751360000002,0.0
13564.6203264,0.0
8414.302507633705,0.0
8414.302507633705,0.0
0.0,0.0
0.0,0.0
0.0,0.0
0.0,0.0
0.0,0.0
0.0,0.0
0.0,0.0
0.0,0.0
0.0,0.0
0.0,0.0
0.0,0.0
0.0,0.0
0.0,0.0
0.0,0.0
0.0,0.0
0.0,0.0
722.5231812022079,0.0
0.0,0.0
7664.959410767923,0.0
4993.2308478163795,0.0
7023.744555659551,0.0
12504.298693358292,0.0
13819.63168640599,0.0
13819.63168640599,0.0
13819.63168640599,0.0
3682.9511448554954,0.0
3682.9511448554954,0.0
3682.9511448554954,0.0
3682.9511448554954,0.0
3682.9511448554954,0.0
3682.9511448554954,0.0
6753.83771410899,0.0
12439.521051386158,0.0
12439.521051386158,0.0
12439.521051386158,0.0
0.0,0.0
0.0,0.0
0.0,0.0
0.0,0.0
0.0,0.0
0.0,0.0
0.0,0.0
3243.4129897821185,0.0
8353.606127765592,0.0
4469.859342898152,0.0
11891.366242295557,0.0
13672.527898150936,0.0
13672.527898150936,0.0
1165.4332650455556,0.0
0.0,0.0
4873.694875838613,0.0
7735.047928514058,0.0
1971.3357941327865,0.0
0.0,0.0
10818.6,0.0
2596.4639999999995,0.0
8845.287360000002,0.0
4096.181606399999,0.0
7705.501979136,0.0
6542.131274821945,0.0
5846.580231135322,0.0
6375.199024337156,0.0
5973.448741503762,0.0
6278.778956457142,0.0
6046.727993092571,0.0
6223.0867252496455,0.0
6089.05408881027,0.0
6190.918892504196,0.0
6113.501641696813,0.0
6172.338752310423,0.0
6127.622548244079,0.0
6161.606863334501,0.0
6135.77878386578,0.0
6155.408124262008,0.0
6140.489825560873,0.0
6670.9485660565115,0.0
6394.390009980761,0.0
-6.348235749332843e-14,0.0
10818.6,0.0
2596.464000000001,0.0
8845.28736,0.0
4096.1816064,0.0
7705.501979136003,0.0
5847.3034600751125,0.0
5620.296253539269,0.0
6547.174847310157,0.0
5842.747116044282,0.0
6378.112191806347,0.0
5971.234734227176,0.0
6280.461601987346,0.0
6045.449182489616,0.0
6224.058621307892,0.0
6088.315447806001,0.0
6191.48025966744,0.0
6113.075002652746,0.0
6172.662997983914,0.0
6127.3761215322265,0.0
6161.794147635509,0.0
6135.636447797014,0.0
6155.51629967427,0.0
6140.407612247555,0.0
6151.890214691859,0.0
6143.163436834187,0.0
6149.795788006018,0.0
6144.755201115427,0.0
6148.5860471522765,0.0
6145.674604164271,0.0
12293.561904999426,0.0
13769.05485719986,0.0
10851.091331903077,0.0
6728.581103989111,0.0
4411.556896423189,0.0
0.0,0.0
197.47248607682727,0.0
10668.52091058161,0.0
2710.524107957979,0.0
8758.601677951936,0.0
12920.664402708466,0.0
13919.559456650031,0.0
13919.559456650031,0.0
13919.559456650031,0.0
13919.559456650031,0.0
13919.559456650031,0.0
13919.559456650031,0.0
13919.559456650031,0.0
1.1261671906883078e-13,0.0
351.7486254955424,0.0
10551.271044623389,0.0
2799.6340060862267,0.0
8690.878155374472,0.0
12848.16341018285,0.0
10194.038860502187,0.0
3071.130466018338,0.0
6903.217936417224,0.0
5572.154368322909,0.0
10754.820161467209,0.0
9460.050339023019,0.0
0.0,0.0
10818.6,0.0
2596.4640000000013,0.0
8845.287359999998,0.0
4096.181606400002,0.0
11801.683585536002,0.0
10059.380916429378,0.0
3151.615496309126,0.0
2890.1460987774853,0.0
5511.079401082403,0.0
9669.271972674349,0.0
3469.9533007674945,0.0
0.0,0.0
10818.6,0.0
2596.464000000001,0.0
8845.287360000002,0.0
12941.468966400002,0.0
13924.552551936,0.0
13924.552551936,0.0
13924.552551936,0.0
0.0,0.0
0.0,0.0
0.0,0.0
0.0,0.0
0.0,0.0
0.0,0.0
8847.474084607522,0.0
12941.993780305807,0.0
13924.678507273393,0.0
13924.678507273393,0.0
13924.678507273393,0.0
1.1261671906883096e-13,0.0
0.0,0.0
0.0,0.0
1506.1765505766064,0.0
1506.1765505766064,0.0
0.0,0.0
0.0,0.0
10818.6,0.0
2596.4640000000013,0.0
11441.751360000002,0.0
13564.620326400001,0.0
13564.620326400001,0.0
0.0,0.0
0.0,0.0
0.0,0.0
0.0,0.0
1157.4063110943014,0.0
5343.868456505181,0.0
6757.259973056064,0.0
5683.082420477393,0.0
6499.457360437181,0.0
12378.469766504923,0.0
13789.432743961182,0.0
13789.432743961182,0.0
8387.823085588487,0.0
0.0,0.0
0.0,0.0
0.0,0.0
0.0,0.0
0.0,0.0
2005.5592585949014,0.0
9294.374963467875,0.0
13049.249991232291,0.0
13950.419997895751,0.0
13950.419997895751,0.0
13950.419997895751,0.0
13950.419997895751,0.0
6899.995714290731,0.0
1335.6282404467393,0.0
0.0,0.0
0.0,0.0
0.0,0.0
0.0,0.0
6560.952038658721,0.0
12393.228489278095,0.0
13792.974837426742,0.0
13792.974837426742,0.0
13792.974837426742,0.0
13792.974837426742,0.0
13792.974837426742,0.0
13792.974837426742,0.0
13792.974837426742,0.0
7136.094080439263,0.0
7136.094080439263,0.0
7136.094080439263,0.0
9638.845949043647,0.0
13131.923027770477,0.0
13131.923027770477,0.0
11042.903595666301,0.0
11042.903595666301,0.0
11042.903595666301,0.0
11042.903595666301,0.0
11042.903595666301,0.0
11042.903595666301,0.0
0.0,0.0
0.0,0.0
0.0,0.0
1181.0179829346791,0.0
2651.9072220826943,0.0
3375.4681428515846,0.0
2416.423964001309,0.0
0.0,0.0
3172.3066714055935,0.0
6089.560147535934,0.0
3120.2881493227396,0.0
0.0,0.0
0.0,0.0
0.0,0.0
0.0,0.0
4089.1374061080473,0.0
8400.235038029496,0.0
2158.914914268014,0.0
0.0,0.0
0.0,0.0
10385.943730422205,0.0
13049.249991232295,0.0
13950.41999789575,0.0
13950.41999789575,0.0
4859.35043245766,0.0
0.0,0.0
10818.6,0.0
2596.464000000001,0.0
8845.28736,0.0
7656.365180247457,0.0
4999.762463011933,0.0
4806.17941738668,0.0
7165.903642786121,0.0
5372.513231482548,0.0
6735.489944073265,0.0
5699.627642504319,0.0
9578.681939069098,0.0
3538.8017263074867,0.0
8129.110688006312,0.0
4640.475877115205,0.0
7291.838333392446,0.0
5276.802866621741,0.0
6808.229821367477,0.0
5644.345335760718,0.0
6528.897544821854,0.0
5856.637865935392,0.0
6367.5552218891025,0.0
5979.258031364282,0.0
6274.363896163146,0.0
6050.083438916009,0.0
6220.536586423833,0.0
6090.992194317887,0.0
12280.438126636294,0.0
13765.905150392711,0.0
13765.905150392711,0.0
13765.905150392711,0.0
8717.726395846987,0.0
12910.854335003278,0.0
12910.854335003278,0.0
12910.854335003278,0.0
12910.854335003278,0.0
12910.854335003278,0.0
12910.854335003278,0.0
12910.854335003278,0.0
12910.854335003278,0.0
12910.854335003278,0.0
12910.854335003278,0.0
12910.854335003278,0.0
12910.854335003278,0.0
12910.854335003278,0.0
12910.854335003278,0.0
12910.854335003278,0.0
12910.854335003278,0.0
12910.854335003278,0.0
12910.854335003278,0.0
12910.854335003278,0.0
12910.854335003278,0.0
12910.854335003278,0.0
12910.854335003278,0.0
12910.854335003278,0.0
0.0,0.0
0.0,0.0
0.0,0.0
0.0,0.0
0.0,0.0
0.0,0.0
0.0,0.0
3473.0611060443885,0.0
8586.640462936886,0.0
12879.39371110485,0.0
12879.39371110485,0.0
12058.624365204989,0.0
13712.669847649198,0.0
13543.702400527838,0.0
6009.084673165733,0.0
0.0,0.0
0.0,0.0
0.0,0.0
3836.809569253279,0.0
7902.624727367508,0.0
12715.229934568202,0.0
13870.255184296368,0.0
13870.255184296368,0.0
13870.255184296368,0.0
10479.018290553815,0.0
10479.018290553815,0.0
10479.018290553815,0.0
10479.018290553815,0.0
0.0,0.0
0.0,0.0
182.17735623113109,0.0
10587.097434988927,0.0
13049.249991232293,0.0
13950.419997895751,0.0
13950.419997895751,0.0
13950.419997895751,0.0
13950.419997895751,0.0
13950.419997895751,0.0
12011.433639131774,0.0
12011.433639131774,0.0
12011.433639131774,0.0
0.0,0.0
7493.439728112376,0.0
5123.585806634595,0.0
6924.6747869577075,0.0
12480.521948869848,0.0
13813.925267728764,0.0
13074.924819498858,0.0
11799.896082841624,0.0
11582.732449935624,0.0
11582.732449935624,0.0
9412.37297446722,0.0
1353.3325402201679,0.0
0.0,0.0
10818.6,0.0
2596.4640000000018,0.0
11441.751360000002,0.0
13564.6203264,0.0
13758.503849679111,0.0
0.0,0.0
0.0,0.0
0.0,0.0
0.0,0.0
0.0,0.0
0.0,0.0
0.0,0.0
10348.312466948653,0.0
3554.527078606977,0.0
11671.686498865674,0.0
13619.804759727764,0.0
4469.24476507173,0.0
0.0,0.0
10818.6,0.0
5705.478192243115,0.0
6482.436573895234,0.0
7989.057819285255,0.0
11832.635723637492,0.0
0.0,0.0
10818.6,0.0
2596.4640000000013,0.0
8845.287359999998,0.0
12941.4689664,0.0
13924.552551936,0.0
12280.289363075843,0.0
1057.7030547792742,0.0
0.0,0.0
2565.146088447631,0.0
5212.1407768326235,0.0
6857.373009607206,0.0
5606.996512698525,0.0
6557.2826503491215,0.0
5835.0651857346675,0.0
6383.950458841653,0.0
12350.748110121998,0.0
13782.77954642928,0.0
13782.77954642928,0.0
6601.966189871924,0.0
6601.966189871924,0.0
6601.966189871924,0.0
6601.966189871924,0.0
6601.966189871924,0.0
6601.966189871924,0.0
6601.966189871924,0.0
6601.966189871924,0.0
6601.966189871924,0.0
12403.071885569263,0.0
12864.977663371857,0.0
12864.977663371857,0.0
1212.620499804628,0.0
1212.620499804628,0.0
1212.620499804628,0.0
0.0,0.0
0.0,0.0
4297.159462345077,0.0
7552.758808617739,0.0
5078.5033054505175,0.0
6958.937487857609,0.0
5529.807509228218,0.0
6615.946292986556,0.0
5790.480817330216,0.0
6417.834578829038,0.0
5941.045720089932,0.0
6303.4052527316535,0.0
6028.012007923943,0.0
6237.3108739778045,0.0
6078.243735776869,0.0
6199.13476080958,0.0
6107.257581784719,0.0
6177.084237843614,0.0
6124.015979238854,0.0
7107.781847486186,0.0
5416.685795910499,0.0
6701.91879510802,0.0
5725.141715717904,0.0
6467.492296054394,0.0
5903.305854998661,0.0
6332.087550201018,0.0
6006.213461847226,0.0
6253.877768996109,0.0
6065.6528955629565,0.0
6208.7037993721515,0.0
6099.985112477165,0.0
6182.611314517353,0.0
6119.815400966811,0.0
6167.540295265225,0.0
6131.269375598429,0.0
6158.835274545194,0.0
6137.885191345652,0.0
6153.807254577305,0.0
6141.706486521247,0.0
6150.903070243852,0.0
6143.913666614672,0.0
6149.22561337285,0.0
6145.1885338366355,0.0
6148.256714284157,0.0
7245.485458767276,0.0
5312.0310513368695,0.0
6781.45640098398,0.0
5664.693135252176,0.0
12178.126352460522,0.0
13485.986450323666,0.0
569.2502977540157,0.0
2005.559258594905,0.0
9294.374963467872,0.0
13049.249991232291,0.0
13950.419997895751,0.0
13950.419997895751,0.0
13950.419997895751,0.0
13950.419997895751,0.0
13950.419997895751,0.0
13950.419997895751,0.0
13950.419997895751,0.0
13950.419997895751,0.0
13950.419997895751,0.0
13950.419997895751,0.0
13950.419997895751,0.0
13950.419997895751,0.0
13950.419997895751,0.0
13950.419997895751,0.0
13950.419997895751,0.0
13950.419997895751,0.0
13950.419997895751,0.0
13950.419997895751,0.0
13950.419997895751,0.0
13950.419997895751,0.0
13950.419997895751,0.0
13950.419997895751,0.0
13950.419997895751,0.0
13950.419997895751,0.0
13950.419997895751,0.0
13950.419997895751,0.0
13950.419997895751,0.0
6489.209306237102,0.0
3992.963526523967,0.0
0.0,0.0
0.0,0.0
0.0,0.0
0.0,0.0
4426.291485017719,0.0
7454.618471386532,0.0
12607.708433132768,0.0
13844.450023951864,0.0
13844.450023951864,0.0
1.1261671906883102e-13,0.0
0.0,0.0
0.0,0.0
0.0,0.0
0.0,0.0
0.0,0.0
1636.7556261421432,0.0
9574.66572413197,0.0
3541.854049659702,0.0
8126.790922258627,0.0
4642.238899083445,0.0
7290.498436696582,0.0
5277.821188110597,0.0
6807.455897035948,0.0
5644.93351825268,0.0
6528.450526127964,0.0
5856.977600142748,0.0
6367.297023891513,0.0
5979.45426184245,0.0
6274.214760999738,0.0
6050.196781640198,0.0
6220.450445953449,0.0
6091.057661075379,0.0
6189.396177582712,0.0
6114.6589050371385,0.0
6171.459232171775,0.0
6128.290983549452,0.0
6161.098852502417,0.0
6136.164872098162,0.0
6155.114697205398,0.0
6140.712830123898,0.0
6151.658249105837,0.0
6143.339730679563,0.0
6149.661804683532,0.0
6144.857028440518,0.0
6148.508658385207,0.0
6145.733419627242,0.0
12293.576020710538,0.0
13769.058244970529,0.0
13769.058244970529,0.0
10600.905007214284,0.0
10600.905007214284,0.0
0.0,0.0
6986.578315608327,0.0
5508.800480137671,0.0
6631.91163509537,0.0
12410.25879242289,0.0
13797.062110181494,0.0
13797.062110181494,0.0
13797.062110181494,0.0
13797.062110181494,0.0
0.0,0.0
0.0,0.0
0.0,0.0
0.0,0.0
2374.616064920348,0.0
9013.891790660537,0.0
3968.042239097992,0.0
7802.8878982855285,0.0
10750.676745875848,0.0
13398.762419010201,0.0
10953.60796707326,0.0
9179.34177013656,0.0
2447.5018797211305,0.0
1433.5337691875875,0.0
2411.569256345284,0.0
2650.7107101021606,0.0
8804.059860322359,0.0
4127.514506155007,0.0
7681.688975322194,0.0
4980.516378755133,0.0
7033.407552146098,0.0
11796.105782727758,0.0
13649.665387854664,0.0
13950.41999789575,0.0
13950.419997895751,0.0
13950.419997895751,0.0
3476.3372844761584,0.0
0.0,0.0
10818.6,0.0
2596.4640000000013,0.0
8845.287360000002,0.0
4096.181606399999,0.0
7705.501979136002,0.0
4962.418495856638,0.0
7047.161943148957,0.0
5462.7569232067935,0.0
6666.904738362838,0.0
5751.7523988442435,0.0
6447.268176878377,0.0
5918.676185572435,0.0
6320.406098964951,0.0
6015.091364786638,0.0
6247.130562762155,0.0
6070.780772300763,0.0
6204.806613051421,0.0
6102.94697408092,0.0
6180.3602996985,0.0
6121.526172229141,0.0
6166.240109105854,0.0
6132.257517079552,0.0
6158.084287019541,0.0
6138.45594186515,0.0
6153.373484182485,0.0
6142.036152021313,0.0
6150.652524463803,0.0
6144.1040814075095,0.0
6149.080898130293,0.0
6145.298517420977,0.0
6148.173126760057,0.0
6145.988423662357,0.0
6147.64879801661,0.0
6146.386913507376,0.0
6198.345672736211,0.0
3602.763789951049,0.0
8080.499519637202,0.0
4677.420365075726,0.0
7263.760522542448,0.0
5298.1420028677385,0.0
12090.154080688259,0.0
13720.236979365183,0.0
13720.236979365183,0.0
13720.236979365183,0.0
13720.236979365183,0.0
13720.236979365183,0.0
13720.236979365183,0.0
0.0,0.0
10022.861362971951,0.0
3201.2253641413195,0.0
8385.6687232526,0.0
4445.491770328025,0.0
7440.0262545507,0.0
5164.180046541468,0.0
6893.823164628485,0.0
5579.294394882351,0.0
6578.336259889414,0.0
7068.5336152689,0.0
5446.514452395637,0.0
2535.710308456342,0.0
8891.46016557318,0.0
4061.090274164383,0.0
7732.171391635069,0.0
12674.321133992416,0.0
13860.43707215818,0.0
13860.43707215818,0.0
13860.43707215818,0.0
13860.43707215818,0.0
13860.43707215818,0.0
11132.45207134063,0.0
11132.45207134063,0.0
0.0,0.0
0.0,0.0
9786.033514686842,0.0
13049.249991232295,0.0
13950.41999789575,0.0
13950.41999789575,0.0
13950.41999789575,0.0
13950.41999789575,0.0
13950.41999789575,0.0
13950.41999789575,0.0
13950.41999789575,0.0
13950.41999789575,0.0
0.0,0.0
970.4912576468761,0.0
10081.026644188374,0.0
3157.019750416835,0.0
8419.264989683204,0.0
12839.22359752397,0.0
13900.013663405753,0.0
6105.959145832583,0.0
107.65703929244951,0.0
0.0,0.0
2561.299426603566,0.0
4190.8998656834565,0.0
2941.405854369343,0.0
8583.1315506793,0.0
4295.420021483732,0.0
11849.500805156096,0.0
13662.480193237463,0.0
13662.480193237463,0.0
13662.480193237463,0.0
2636.037893420729,0.0
2636.037893420729,0.0
2636.037893420729,0.0
2636.037893420729,0.0
2636.037893420729,0.0
0.0,0.0
10818.6,0.0
2596.4640000000013,0.0
8845.287359999998,0.0
12582.65834746994,0.0
13838.438003392785,0.0
13950.419997895751,0.0
9698.247328615782,0.0
9698.247328615782,0.0
9698.247328615782,0.0
9698.247328615782,0.0
9698.247328615782,0.0
9698.247328615782,0.0
6174.639856373187,0.0
8242.307761559432,0.0
12796.753862774267,0.0
12796.753862774267,0.0
12796.753862774267,0.0
12796.753862774267,0.0
12796.753862774267,0.0
12796.753862774267,0.0
12796.753862774267,0.0
12796.753862774267,0.0
3389.1090332769672,0.0
3389.1090332769672,0.0
0.0,0.0
6982.529465047911,0.0
12494.4070716115,0.0
12494.4070716115,0.0
12494.4070716115,0.0
12494.4070716115,0.0
12494.4070716115,0.0
0.0,0.0
0.0,0.0
0.0,0.0
0.0,0.0
0.0,0.0
0.0,0.0
858.7272269494138,0.0
9688.184634207442,0.0
13143.764312209783,0.0
13143.764312209783,0.0
13143.764312209783,0.0
13143.764312209783,0.0
13143.764312209783,0.0
13143.764312209783,0.0
290.54134491483325,0.0
-3.5192724709001475e-15,0.0
0.0,0.0
0.0,0.0
8081.9601323722045,0.0
12758.27043176933,0.0
13880.584903624642,0.0
13880.584903624642,0.0
10440.847796344953,0.0
10440.847796344953,0.0
10440.847796344953,0.0
10440.847796344953,0.0
10440.847796344953,0.0
0.0,0.0
0.0,0.0
0.0,0.0
6948.800807663753,0.0
5537.511386175548,0.0
11574.14715808126,0.0
13596.395317939503,0.0
8561.065936464835,0.0
5882.340228420712,0.0
4517.866374691953,0.0
3237.775602648114,0.0
4703.5948246974,0.0
5781.309335337182,0.0
-6.348235749332843e-14,0.0
10818.6,0.0
2596.464,0.0
8845.287360000004,0.0
12941.468966400002,0.0
13924.552551936,0.0
1260.0337173794267,0.0
0.0,0.0
5717.919893018874,0.0
6472.980881305656,0.0
5899.134530207702,0.0
6335.257757042146,0.0
6003.804104647969,0.0
6255.708880467543,0.0
6064.261250844667,0.0
8610.308324334152,0.0
12885.073997840196,0.0
12261.81654127656,0.0
7359.966290618673,0.0
12206.072986551315,0.0
10720.828644904705,0.0
7705.426644546362,0.0
8205.382677963506,0.0
6532.042831842256,0.0
0.0,0.0
2273.935205432925,0.0
9090.409243870978,0.0
3909.8889746580567,0.0
7847.084379259877,0.0
4854.815871762495,0.0
8311.398421215466,0.0
9333.61081428858,0.0
6482.4337188665095,0.0
5403.742134245436,0.0
6711.755977973468,0.0
7771.078733316675,0.0
850.72964785516,0.0
10172.045467630078,0.0
3087.845444601143,0.0
8471.837462103133,0.0
12851.840990904753,0.0
13903.04183781714,0.0
13903.04183781714,0.0
13903.04183781714,0.0
13903.04183781714,0.0
13903.04183781714,0.0
13903.04183781714,0.0
0.0,0.0
0.0,0.0
0.0,0.0
5335.5414173962945,0.0
12099.129940175111,0.0
13722.391185642027,0.0
9878.561769292366,0.0
9878.561769292366,0.0
9878.561769292366,0.0
0.0,0.0
2584.69258297009,0.0
7363.195782164675,0.0
11370.2029911399,0.0
2177.245726733675,0.0
9163.893247682408,0.0
3854.04113176137,0.0
11743.569871622729,0.0
13637.056769189456,0.0
13637.056769189456,0.0
13637.056769189456,0.0
13637.056769189456,0.0
13637.056769189456,0.0
13637.056769189456,0.0
13637.056769189456,0.0
13637.056769189456,0.0
0.0,0.0
0.0,0.0
6400.422627670631,0.0
12354.701430640955,0.0
13783.728343353829,0.0
13783.728343353829,0.0
13783.728343353829,0.0
13073.945581925567,0.0
10458.304367102037,0.0
10458.304367102037,0.0
4477.595193704915,0.0
0.0,0.0
0.0,0.0
8937.802187440404,0.0
4025.870337545295,0.0
7758.938543465578,0.0
4921.806706966163,0.0
7078.026902705717,0.0
9745.89852530599,0.0
13049.249991232295,0.0
13950.41999789575,0.0
12087.44833291476,0.0
8577.806557248923,0.0
6821.278036875736,0.0
0.0,0.0
10818.6,0.0
2596.464000000001,0.0
8845.28736,0.0
12941.468966400002,0.0
13924.552551936,0.0
0.0,0.0
0.0,0.0
0.0,0.0
0.0,0.0
0.0,0.0
0.0,0.0
0.0,0.0
0.0,0.0
4046.567998814471,0.0
5766.327834565742,0.0
6436.190845730038,0.0
5927.094957245172,0.0
6314.007832493669,0.0
6019.954047304812,0.0
6243.4349240483425,0.0
6073.589457723259,0.0
6202.672012130323,0.0
6104.569270780956,0.0
6179.127354206473,0.0
6122.463210803081,0.0
6165.527959789659,0.0
6132.79875055986,0.0
6157.672949574508,0.0
6138.768558323373,0.0
6153.135895674236,0.0
6142.21671928758,0.0
6150.515293341439,0.0
6144.208377060506,0.0
6149.001633434015,0.0
6145.358758590149,0.0
6148.127343471487,0.0
6146.02321896167,0.0
6147.622353589131,0.0
6146.407011272261,0.0
6147.330671433082,0.0
6146.628689710859,0.0
11664.024161294163,0.0
13617.965798710598,0.0
12933.962373421451,0.0
12805.68335877223,0.0
13891.964006105334,0.0
11382.007249640958,0.0
0.0,0.0
10818.6,0.0
2596.464000000001,0.0
8845.287360000002,0.0
12941.4689664,0.0
13924.552551936,0.0
13944.329845158318,0.0
13511.740411079467,0.0
13950.41999789575,0.0
13950.41999789575,0.0
12305.791735311292,0.0
0.0,0.0
0.0,0.0
4040.7822307530814,0.0
7747.605504627659,0.0
12678.025321110641,0.0
13861.326077066551,0.0
13861.326077066551,0.0
1309.6587167127518,0.0
1309.6587167127518,0.0
0.0,0.0
0.0,0.0
0.0,0.0
0.0,0.0
0.0,0.0
5693.433420855717,0.0
6491.590600149658,0.0
5884.99114388626,0.0
6346.006730646442,0.0
7339.112157835533,0.0
5240.874760044993,0.0
5986.5342187098595,0.0
6268.833993780508,0.0
6054.286164726815,0.0
6235.772894249199,0.0
6079.412600370609,0.0
2968.647355242702,0.0
8562.42801001555,0.0
4311.154712388183,0.0
7542.122418584981,0.0
5086.586961875414,0.0
9220.33073233727,0.0
3811.1486434236745,0.0
7922.127030998008,0.0
4797.783456441514,0.0
7172.284573104448,0.0
5367.66372444062,0.0
8242.176791253733,0.0
4554.545638647165,0.0
7357.145314628156,0.0
5227.169560882602,0.0
12073.120694611825,0.0
13716.148966706838,0.0
0.0,0.0
0.0,0.0
0.0,0.0
0.0,0.0
0.0,0.0
0.0,0.0
0.0,0.0
0.0,0.0
0.0,0.0
0.0,0.0
3563.878127979468,0.0
6895.042961584032,0.0
0.0,0.0
0.0,0.0
0.0,0.0
0.0,0.0
0.0,0.0
0.0,0.0
0.0,0.0
0.0,0.0
0.0,0.0
0.0,0.0
6768.770595768997,0.0
6846.022185230233,0.0
6846.022185230233,0.0
6846.022185230233,0.0
6846.022185230233,0.0
6846.022185230233,0.0
6846.022185230233,0.0
6846.022185230233,0.0
0.0,0.0
0.0,0.0
0.0,0.0
9565.147047463546,0.0
13049.249991232291,0.0
13950.419997895751,0.0
13950.419997895751,0.0
13950.419997895751,0.0
13950.419997895751,0.0
13950.419997895751,0.0
13950.419997895751,0.0
13950.419997895751,0.0
13950.419997895751,0.0
13950.419997895751,0.0
13950.419997895751,0.0
13950.419997895751,0.0
13950.419997895751,0.0
13950.419997895751,0.0
13950.419997895751,0.0
13950.419997895751,0.0
0.0,0.0
0.0,0.0
0.0,0.0
0.0,0.0
5152.07870962038,0.0
6903.0201806885125,0.0
5572.30466267673,0.0
6583.648456365688,0.0
5815.027173162077,0.0
6399.179348396822,0.0
5955.223695218416,0.0
6292.629991634004,0.0
6036.201206358157,0.0
6231.087083167801,0.0
6082.973816792472,0.0
6195.539899237722,0.0
6109.989676579331,0.0
6175.007845799708,0.0
6125.5940371922225,0.0
6163.148531733911,0.0
6134.60711588223,0.0
6156.298591929506,0.0
6139.813070133576,0.0
6152.342066698483,0.0
6142.820029309153,0.0
6150.056777725044,0.0
6144.556848928967,0.0
6148.736794813986,0.0
6145.560035941371,0.0
6147.974372684559,0.0
6146.139476759735,0.0
6147.5339976626,0.0
6146.474161776423,0.0
12293.753798826341,0.0
13769.100911718322,0.0
6368.140236126594,0.0
176.4635555781075,0.0
552.1174348775204,0.0
3003.161054529364,0.0
0.0,0.0
0.0,0.0
0.0,0.0
0.0,0.0
4191.7771328555245,0.0
11824.626511885328,0.0
13656.510362852478,0.0
13656.510362852478,0.0
13656.510362852478,0.0
13656.510362852478,0.0
13656.510362852478,0.0
13656.510362852478,0.0
13656.510362852478,0.0
13656.510362852478,0.0
0.0,0.0
0.0,0.0
3874.1027822157052,0.0
11748.384667731769,0.0
13638.212320255625,0.0
2454.387540313701,0.0
2454.387540313701,0.0
0.0,0.0
0.0,0.0
0.0,0.0
6884.710538156318,0.0
5586.219991001199,0.0
6573.07280683909,0.0
5823.064666802293,0.0
6393.070853230258,0.0
5959.866151545005,0.0
6289.101724825796,0.0
9254.55198129545,0.0
3785.1404942154572,0.0
4587.367101051872,0.0
7332.201003200577,0.0
12578.32824076814,0.0
13837.398777784352,0.0
7196.158202526101,0.0
0.0,0.0
10818.6,0.0
2596.4640000000018,0.0
8845.287359999998,0.0
4096.1816064,0.0
7705.501979135998,0.0
4962.418495856642,0.0
7047.161943148952,0.0
5462.756923206796,0.0
6666.904738362835,0.0
5751.752398844246,0.0
6447.268176878373,0.0
5918.676185572436,0.0
6320.40609896495,0.0
6015.091364786638,0.0
6247.130562762155,0.0
6070.780772300763,0.0
6204.806613051421,0.0
6102.946974080919,0.0
6180.360299698501,0.0
6121.52617222914,0.0
6166.240109105855,0.0
6132.257517079552,0.0
6158.084287019542,0.0
6138.455941865148,0.0
6153.37348418249,0.0
6142.036152021308,0.0
6150.652524463806,0.0
6144.104081407507,0.0
6149.080898130295,0.0
6145.298517420975,0.0
6148.173126760058,0.0
6145.988423662357,0.0
6147.648798016608,0.0
6146.386913507377,0.0
6147.345945734392,0.0
6146.617081241862,0.0
6147.171018256185,0.0
6146.750026125299,0.0
12293.82000627007,0.0
13769.116801504817,0.0
13907.114714437217,0.0
13907.114714437217,0.0
13907.114714437217,0.0
6912.399257838901,0.0
6912.399257838901,0.0
6912.399257838901,0.0
6912.399257838901,0.0
6912.399257838901,0.0
7310.214158351334,0.0
12573.051398004322,0.0
12573.051398004322,0.0
12573.051398004322,0.0
12573.051398004322,0.0
12573.051398004322,0.0
12573.051398004322,0.0
12573.051398004322,0.0
6628.353465200105,0.0
6628.353465200105,0.0
6628.353465200105,0.0
6628.353465200105,0.0
6628.353465200105,0.0
6628.353465200105,0.0
6628.353465200105,0.0
6628.353465200105,0.0
6628.353465200105,0.0
6628.353465200105,0.0
6628.353465200105,0.0
6628.353465200105,0.0
6628.353465200105,0.0
12409.404831648026,0.0
11381.553332707195,0.0
11381.553332707195,0.0
0.0,0.0
6376.297561843503,0.0
12348.91141484244,0.0
13498.20948656936,0.0
13498.20948656936,0.0
13498.20948656936,0.0
13498.20948656936,0.0
13498.20948656936,0.0
13498.20948656936,0.0
13498.20948656936,0.0
0.0,0.0
0.0,0.0
0.0,0.0
6850.420396031287,0.0
12462.70089504751,0.0
12462.70089504751,0.0
0.0,0.0
0.0,0.0
0.0,0.0
0.0,0.0
0.0,0.0
364.3869194922924,0.0
364.3869194922924,0.0
0.0,0.0
0.0,0.0
0.0,0.0
10818.6,0.0
13415.064000000002,0.0
9240.647658317292,0.0
9240.647658317292,0.0
5598.806357241702,0.0
11508.429373030054,0.0
11508.429373030054,0.0
9560.595160016424,0.0
3106.323888546153,0.0
0.0,0.0
0.0,0.0
10818.6,0.0
13049.249991232295,0.0
13950.41999789575,0.0
13950.41999789575,0.0
13950.41999789575,0.0
13950.41999789575,0.0
13950.41999789575,0.0
13950.41999789575,0.0
13950.41999789575,0.0
0.0,0.0
0.0,0.0
0.0,0.0
0.0,0.0
6484.0379830607335,0.0
5890.731132873841,0.0
6341.64433901588,0.0
5998.950302347931,0.0
6259.3977702155735,0.0
6061.457694636164,0.0
12273.349846712681,0.0
13764.203963211045,0.0
13764.203963211045,0.0
994.17575456907,0.0
0.0,0.0
5542.14044164197,0.0
12148.713705994072,0.0
12148.713705994072,0.0
12148.713705994072,0.0
12148.713705994072,0.0
12148.713705994072,0.0
12148.713705994072,0.0
12148.713705994072,0.0
12148.713705994072,0.0
12148.713705994072,0.0
12148.713705994072,0.0
0.0,0.0
10818.6,0.0
2596.4640000000013,0.0
8845.28736,0.0
4096.181606400002,0.0
7705.501979135999,0.0
4962.41849585664,0.0
7047.161943148954,0.0
5462.756923206794,0.0
6666.904738362837,0.0
7547.7037334912575,0.0
5082.345162546646,0.0
6956.01767646455,0.0
5532.026565886942,0.0
6614.259809925924,0.0
12406.022354382221,0.0
13796.045365051734,0.0
13796.045365051734,0.0
13796.045365051734,0.0
13796.045365051734,0.0
0.0,0.0
0.0,0.0
0.0,0.0
0.0,0.0
0.0,0.0
700.0507447974069,0.0
4411.314581474179,0.0
4411.314581474179,0.0
0.0,0.0
0.0,0.0
0.0,0.0
5719.249794362753,0.0
6471.970156284308,0.0
5899.902681223925,0.0
6334.673962269817,0.0
6004.247788674939,0.0
6255.371680607046,0.0
6064.517522738645,0.0
6209.5666827186315,0.0
6099.3293211338405,0.0
6183.109715938282,0.0
6119.436615886906,0.0
6167.828171925951,0.0
6131.050589336277,0.0
6159.00155210443,0.0
6137.758820400633,0.0
6153.903296495519,0.0
6141.633494663407,0.0
6150.958544055812,0.0
6143.871506517584,0.0
6149.2576550466365,0.0
6145.1641821645535,0.0
6148.27522155494,0.0
6145.910831618246,0.0
6147.7077679701315,0.0
12294.049864312832,0.0
13769.171967435079,0.0
13769.171967435079,0.0
0.0,0.0
0.0,0.0
4338.294669035714,0.0
7521.496051532858,0.0
5102.263000835029,0.0
10836.131341956281,0.0
5226.630262192299,0.0
6846.361000733853,0.0
5615.365639442273,0.0
8009.955630735802,0.0
12740.989351376596,0.0
13876.437444330382,0.0
715.4641735702689,0.0
0.0,0.0
10818.6,0.0
2596.4640000000018,0.0
8845.287359999998,0.0
4096.181606400001,0.0
7705.501979135998,0.0
4962.418495856642,0.0
7047.161943148953,0.0
5462.756923206796,0.0
6666.904738362837,0.0
5892.952709131547,0.0
6339.955941060024,0.0
3151.4089076046494,0.0
8423.529230220469,0.0
4416.717785032444,0.0
11878.612268407789,0.0
13669.46694441787,0.0
1510.4554693944087,0.0
0.0,0.0
7886.15721448924,0.0
4825.120516988178,0.0
11976.628924077162,0.0
13692.99094177852,0.0
7657.521758218164,0.0
0.0,0.0
0.0,0.0
10492.574991947818,0.0
13049.249991232291,0.0
13950.419997895751,0.0
0.0,0.0
0.0,0.0
0.0,0.0
3148.041238722733,0.0
8426.088658570725,0.0
4414.772619486249,0.0
7463.372809190451,0.0
5146.436665015258,0.0
6907.308134588404,0.0
5569.045817712813,0.0
6586.125178538263,0.0
7892.926021841147,0.0
4819.976223400729,0.0
7155.418070215444,0.0
2816.805423693493,0.0
3210.4770757813462,0.0
8378.637422406178,0.0
4450.8355589713055,0.0
7435.96497518181,0.0
5167.266618861822,0.0
6891.477369665015,0.0
5581.077199054589,0.0
6576.981328718513,0.0
5820.09419017393,0.0
6395.328415467815,0.0
5958.150404244461,0.0
6290.4056927742095,0.0
6037.891673491601,0.0
6229.802328146383,0.0
6083.95023060875,0.0
6194.79782473735,0.0
6110.553653199613,0.0
6174.579223568295,0.0
6125.919790088097,0.0
6162.900959533047,0.0
7724.018670607833,0.0
4948.345810338048,0.0
7057.857184143084,0.0
8162.521981349653,0.0
12777.605275523918,0.0
13885.225266125739,0.0
10353.468742377227,0.0
5097.964378946468,0.0
5097.964378946468,0.0
5097.964378946468,0.0
5527.650555438463,0.0
7425.247364936975,0.0
4588.756324716407,0.0
0.0,0.0
9168.2182470087,0.0
3850.7541322733887,0.0
7892.0268594722265,0.0
4820.659586801108,0.0
7154.898714031157,0.0
5380.876977336321,0.0
6729.133497224397,0.0
5704.458542109458,0.0
6483.211507996813,0.0
5891.359253922422,0.0
6341.166967018959,0.0
5999.313105065591,0.0
6259.122040150153,0.0
6061.667249485885,0.0
6211.73289039073,0.0
6097.683003303045,0.0
6184.360917489686,0.0
6118.48570270784,0.0
6168.550865942044,0.0
6130.501341884046,0.0
6159.418980168125,0.0
6137.4415750722255,0.0
6154.14440294511,0.0
6141.450253761716,0.0
6151.0978071410955,0.0
6143.765666572768,0.0
6149.338093404696,0.0
6145.10304901243,0.0
6148.321682750554,0.0
6145.8755211095795,0.0
6147.734603956718,0.0
6146.321700992894,0.0
6147.3955072454,0.0
6146.579414493496,0.0
6147.199644984943,0.0
6146.728269811443,0.0
6147.086514943303,0.0
6146.814248643089,0.0
6147.021171031252,0.0
6146.863910016248,0.0
6146.983428387653,0.0
6146.892594425384,0.0
6146.961628236708,0.0
6146.9091625401015,0.0
6146.949036469523,0.0
6146.918732283162,0.0
6146.941763464796,0.0
6146.924259766754,0.0
6146.937562577269,0.0
6146.927452441277,0.0
6146.93513614463,0.0
6146.929296530082,0.0
6146.933734637138,0.0
6146.930361675775,0.0
6146.932925126411,0.0
6146.930976903927,0.0
6146.932457553015,0.0
6146.93133225971,0.0
6146.932187482619,0.0
6146.931537513209,0.0
6146.9320314899605,0.0
6146.931656067632,0.0
6146.931941388601,0.0
6146.931724544664,0.0
6146.931889346057,0.0
6146.931764096997,0.0
6146.931859286282,0.0
6146.931786942427,0.0
6146.931841923757,0.0
12293.8636420617,0.0
13769.127274094808,0.0
13769.127274094808,0.0
9602.528913702667,0.0
9602.528913702667,0.0
0.0,0.0
0.0,0.0
2979.009636820175,0.0
6954.871087028752,0.0
2714.8029825062117,0.0
1828.3050144229803,0.0
9429.088189038535,0.0
3652.4929763307136,0.0
8042.705337988657,0.0
4706.143943128623,0.0
7241.930603222246,0.0
5314.7327415510945,0.0
6779.403116421167,0.0
5666.253631519913,0.0
6512.247240044867,0.0
5869.292097565901,0.0
6357.938005849917,0.0
5986.567115554063,0.0
6268.808992178912,0.0
6054.305165944026,0.0
6217.32807388254,0.0
6093.43066384927,0.0
6187.5926954745555,0.0
6116.029551439339,0.0
6170.417540906104,0.0
12299.500209817466,0.0
13770.480050356193,0.0
13681.913086367342,0.0
0.0,0.0
0.0,0.0
10818.6,0.0
2596.464000000001,0.0
8845.28736,0.0
4096.181606400001,0.0
7705.501979135999,0.0
4962.41849585664,0.0
7047.1619431489535,0.0
5462.756923206794,0.0
6666.904738362837,0.0
5751.752398844244,0.0
6447.268176878374,0.0
5918.676185572435,0.0
6320.40609896495,0.0
6015.091364786639,0.0
6247.130562762154,0.0
6070.780772300764,0.0
6204.80661305142,0.0
6102.946974080922,0.0
6180.360299698499,0.0
6121.526172229142,0.0
6166.240109105853,0.0
6132.257517079552,0.0
6158.084287019543,0.0
6138.455941865149,0.0
6153.373484182487,0.0
6142.036152021308,0.0
6150.652524463806,0.0
6144.104081407508,0.0
6149.0808981302935,0.0
6145.298517420976,0.0
6148.173126760058,0.0
6145.988423662356,0.0
6147.648798016608,0.0
6146.386913507376,0.0
6147.345945734394,0.0
6146.6170812418595,0.0
6147.1710182561865,0.0
6146.750026125298,0.0
6147.069980144774,0.0
6146.826815089971,0.0
6147.011620531623,0.0
6146.871168395967,0.0
6146.977912019066,0.0
6146.89678686551,0.0
6146.958441982213,0.0
6146.911584093517,0.0
6146.947196088928,0.0
6146.920130972415,0.0
6146.940700460965,0.0
6146.925067649667,0.0
6146.9369485862535,0.0
6146.927919074447,0.0
6146.934781503421,0.0
6146.929566057401,0.0
6146.933529796376,0.0
6146.9305173547555,0.0
6146.932806810386,0.0
7982.914840246107,0.0
4751.584721412958,0.0
7207.395611726151,0.0
5340.9793350881255,0.0
6759.455705333025,0.0
5681.413663946902,0.0
6500.725615400355,0.0
5878.04853229573,0.0
6351.283115455246,0.0
5991.624832254014,0.0
12256.589959740964,0.0
13760.18159033783,0.0
13760.18159033783,0.0
0.0,0.0
0.0,0.0
1390.594563347443,0.0
11071.687598855504,0.0
11071.687598855504,0.0
0.0,0.0
0.0,0.0
10818.6,0.0
2596.464000000001,0.0
8845.287359999998,0.0
4096.1816063999995,0.0
7705.501979136,0.0
4962.41849585664,0.0
7047.1619431489535,0.0
5462.756923206794,0.0
6666.904738362837,0.0
12418.657137207081,0.0
13799.077712929697,0.0
13799.077712929697,0.0
13799.077712929697,0.0
13799.077712929697,0.0
13799.077712929697,0.0
13799.077712929697,0.0
13799.077712929697,0.0
13799.077712929697,0.0
13799.077712929697,0.0
13799.077712929697,0.0
13799.077712929697,0.0
13799.077712929697,0.0
13799.077712929697,0.0
13799.077712929697,0.0
13799.077712929697,0.0
13799.077712929697,0.0
13799.077712929697,0.0
13799.077712929697,0.0
13799.077712929697,0.0
13799.077712929697,0.0
13799.077712929697,0.0
13799.077712929697,0.0
13799.077712929697,0.0
13799.077712929697,0.0
13799.077712929697,0.0
0.0,0.0
0.0,0.0
0.0,0.0
0.0,0.0
0.0,0.0
0.0,0.0
0.0,0.0
0.0,0.0
0.0,0.0
0.0,0.0
0.0,0.0
0.0,0.0
0.0,0.0
0.0,0.0
0.0,0.0
0.0,0.0
0.0,0.0
0.0,0.0
0.0,0.0
0.0,0.0
3600.3969609983346,0.0
8821.952743996311,0.0
10687.749621113337,0.0
10687.749621113337,0.0
5818.309764832837,0.0
5818.309764832837,0.0
0.0,0.0
0.0,0.0
0.0,0.0
0.0,0.0
0.0,0.0
0.0,0.0
0.0,0.0
0.0,0.0
0.0,0.0
0.0,0.0
52.383998955846565,0.0
5633.20255403705,0.0
6181.848627123112,0.0
6120.395043386434,0.0
6167.0997670263105,0.0
6131.604177060005,0.0
6158.5808254343965,0.0
6138.078572669858,0.0
6153.660284770907,0.0
6141.818183574111,0.0
6150.818180483676,0.0
6143.978182832407,0.0
6149.176581047372,0.0
6145.225798403996,0.0
6148.228393212962,0.0
6145.946421158148,0.0
6147.680719919807,0.0
12294.043372780754,0.0
13769.170409467379,0.0
13769.170409467379,0.0
13769.170409467379,0.0
13769.170409467379,0.0
13769.170409467379,0.0
13769.170409467379,0.0
13769.170409467379,0.0
13769.170409467379,0.0
13769.170409467379,0.0
13769.170409467379,0.0
13769.170409467379,0.0
13769.170409467379,0.0
13769.170409467379,0.0
13769.170409467379,0.0
13769.170409467379,0.0
13769.170409467379,0.0
13769.170409467379,0.0
13769.170409467379,0.0
13769.170409467379,0.0
13769.170409467379,0.0
13769.170409467379,0.0
13769.170409467379,0.0
13769.170409467379,0.0
13769.170409467379,0.0
13769.170409467379,0.0
13769.170409467379,0.0
13769.170409467379,0.0
13769.170409467379,0.0
13769.170409467379,0.0
13769.170409467379,0.0
10721.079774239879,0.0
8547.245419015946,0.0
0.0,0.0
0.0,0.0
0.0,0.0
0.0,0.0
0.0,0.0
0.0,0.0
0.0,0.0
7178.69086477851,0.0
8641.359809627891,0.0
0.0,0.0
0.0,0.0
0.0,0.0
0.0,0.0
0.0,0.0
0.0,0.0
0.0,0.0
0.0,0.0
0.0,0.0
0.0,0.0
0.0,0.0
0.0,0.0
0.0,0.0
0.0,0.0
0.0,0.0
0.0,0.0
0.0,0.0
0.0,0.0
0.0,0.0
0.0,0.0
0.0,0.0
2810.051093953808,0.0
8682.961168595108,0.0
4219.549511867718,0.0
7611.742370980535,0.0
5033.675798054794,0.0
6993.006393478357,0.0
5503.915140956451,0.0
6635.6244928730985,0.0
5775.525385416447,0.0
6450.022899628153,0.0
5916.582596282604,0.0
6321.997226825222,0.0
6013.8821076128315,0.0
6248.049598214248,0.0
6070.082305357172,0.0
6205.337447928551,0.0
6102.543539574302,0.0
6180.66690992353,0.0
6121.293148458117,0.0
6166.417207171831,0.0
6132.122922549408,0.0
6158.186578862451,0.0
6138.378200064538,0.0
6153.432567950951,0.0
6141.991248357278,0.0
6150.686651248469,0.0
6144.078145051164,0.0
6149.100609761114,0.0
6145.283536581554,0.0
6148.1845121980205,0.0
12294.164282927526,0.0
13769.199427902604,0.0
13502.231477381607,0.0
13502.231477381607,0.0
13502.231477381607,0.0
0.0,0.0
5757.460548015661,0.0
12200.39053152376,0.0
9515.543988364961,0.0
9515.543988364961,0.0
9515.543988364961,0.0
13102.330557207591,0.0
11631.620174773383,0.0
1433.4179761859277,0.0
0.0,0.0
0.0,0.0
0.0,0.0
0.0,0.0
0.0,0.0
0.0,0.0
0.0,0.0
0.0,0.0
0.0,0.0
0.0,0.0
0.0,0.0
0.0,0.0
0.0,0.0
0.0,0.0
0.0,0.0
0.0,0.0
0.0,0.0
0.0,0.0
0.0,0.0
0.0,0.0
0.0,0.0
0.0,0.0
0.0,0.0
0.0,0.0
0.0,0.0
0.0,0.0
0.0,0.0
0.0,0.0
0.0,0.0
0.0,0.0
0.0,0.0
0.0,0.0
0.0,0.0
0.0,0.0
0.0,0.0
0.0,0.0
0.0,0.0
0.0,0.0
0.0,0.0
0.0,0.0
0.0,0.0
0.0,0.0
0.0,0.0
0.0,0.0
0.0,0.0
0.0,0.0
0.0,0.0
0.0,0.0
0.0,0.0
0.0,0.0
0.0,0.0
0.0,0.0
0.0,0.0
0.0,0.0
0.0,0.0
0.0,0.0
4200.95756440795,0.0
7698.165915727466,0.0
7623.722573268299,0.0
5024.570844316093,0.0
6816.358746660066,0.0
5638.16735253835,0.0
6533.592812070855,0.0
5853.069462826151,0.0
6370.267208252126,0.0
5977.196921728384,0.0
6275.930339486429,0.0
6048.892941990315,0.0
6221.441364087362,0.0
6090.304563293605,0.0
6189.9685318968595,0.0
6114.223915758387,0.0
6171.789824023627,0.0
6128.039733742043,0.0
6161.289802356047,0.0
6136.019750209403,0.0
6155.2249898408545,0.0
6140.629007720952,0.0
6151.721954132076,0.0
6143.291314859623,0.0
6149.698600706687,0.0
6144.8290634629175,0.0
6148.529911768183,0.0
6145.717267056181,0.0
6147.854877037303,0.0
6146.23029345165,0.0
6147.464976976747,0.0
6146.526617497671,0.0
6147.239770701769,0.0
6146.697774266656,0.0
6147.109691557341,0.0
6146.79663441642,0.0
6147.034557843522,0.0
6146.853736038924,0.0
6146.991160610419,0.0
6146.8867179360805,0.0
6146.9660943685785,0.0
7924.744252353417,0.0
11904.32697588476,0.0
1771.3114983275814,0.0
3716.2419824087096,0.0
11710.49807577809,0.0
13629.119538186742,0.0
13629.119538186742,0.0
13629.119538186742,0.0
13629.119538186742,0.0
0.0,0.0
0.0,0.0
8943.97363968602,0.0
4021.1800338386247,0.0
7762.503174282648,0.0
4919.0975875451895,0.0
7080.085833465656,0.0
5437.734766566101,0.0
6685.921577409763,0.0
5737.29960116858,0.0
6458.25230311188,0.0
5910.328249634972,0.0
6326.7505302774225,0.0
6010.269596989159,0.0
6250.795106288239,0.0
6067.995719220939,0.0
6206.923253392088,0.0
6101.338327422013,0.0
6181.58287115927,0.0
6120.597017918954,0.0
6166.946266381595,0.0
6131.720837549989,0.0
6158.49216346201,0.0
6138.145955768873,0.0
6153.609073615657,0.0
12295.466177667757,0.0
13769.511882640261,0.0
13769.511882640261,0.0
0.0,0.0
0.0,0.0
3965.452137094503,0.0
11770.30851290268,0.0
12757.199593044437,0.0
12757.199593044437,0.0
12757.199593044437,0.0
12757.199593044437,0.0
12757.199593044437,0.0
12757.199593044437,0.0
12757.199593044437,0.0
12757.199593044437,0.0
12757.199593044437,0.0
12757.199593044437,0.0
12757.199593044437,0.0
12757.199593044437,0.0
12757.199593044437,0.0
12757.199593044437,0.0
12757.199593044437,0.0
12757.199593044437,0.0
12757.199593044437,0.0
12757.199593044437,0.0
12757.199593044437,0.0
12722.104302444295,0.0
0.0,0.0
0.0,0.0
5742.898428385034,0.0
6453.997194427376,0.0
5913.5621322351935,0.0
6324.292779501254,0.0
6012.137487579049,0.0
6249.375509439923,0.0
6069.074612825659,0.0
6206.1032942525,0.0
6101.961496368099,0.0
6181.109262760246,0.0
6120.956960302214,0.0
6166.672710170317,0.0
6131.9287402705595,0.0
6158.334157394374,0.0
6138.266040380275,0.0
6153.517809310992,0.0
6141.926464923647,0.0
6150.735886658029,0.0
6144.0407261399005,0.0
6149.129048133677,0.0
6145.261923418406,0.0
6148.200938202012,0.0
6145.96728696647,0.0
6147.664861905481,0.0
12294.039566857315,0.0
13769.169496045755,0.0
13769.169496045755,0.0
13769.169496045755,0.0
13769.169496045755,0.0
8921.355229750021,0.0
8921.355229750021,0.0
8921.355229750021,0.0
8921.355229750021,0.0
8921.355229750021,0.0
8921.355229750021,0.0
8921.355229750021,0.0
8921.355229750021,0.0
8921.355229750021,0.0
8921.355229750021,0.0
8921.355229750021,0.0
10729.712142777098,0.0
12631.09301850941,0.0
12631.09301850941,0.0
12631.09301850941,0.0
12631.09301850941,0.0
12631.09301850941,0.0
12631.09301850941,0.0
12631.09301850941,0.0
0.0,0.0
0.0,0.0
0.0,0.0
0.0,0.0
0.0,0.0
0.0,0.0
0.0,0.0
0.0,0.0
0.0,0.0
3971.391494304391,0.0
7800.342464328663,0.0
4890.339727110215,0.0
7101.941807396237,0.0
5421.124226378861,0.0
6698.545587952067,0.0
5727.70535315643,0.0
6465.543931601113,0.0
5904.786611983154,0.0
6330.962174892806,0.0
6007.068747081467,0.0
6253.227752218087,0.0
6066.146908314254,0.0
6208.328349681167,0.0
6100.2704542423135,0.0
6182.394454775843,0.0
12302.374669146204,0.0
13771.169920595086,0.0
13771.169920595086,0.0
13771.169920595086,0.0
13771.169920595086,0.0
13771.169920595086,0.0
13771.169920595086,0.0
13771.169920595086,0.0
13771.169920595086,0.0
2130.37469264187,0.0
2130.37469264187,0.0
2130.37469264187,0.0
0.0,0.0
0.0,0.0
0.0,0.0
0.0,0.0
0.0,0.0
0.0,0.0
0.0,0.0
0.0,0.0
0.0,0.0
0.0,0.0
0.0,0.0
0.0,0.0
0.0,0.0
0.0,0.0
0.0,0.0
0.0,0.0
0.0,0.0
0.0,0.0
0.0,0.0
0.0,0.0
0.0,0.0
0.0,0.0
0.0,0.0
0.0,0.0
0.0,0.0
0.0,0.0
0.0,0.0
0.0,0.0
0.0,0.0
0.0,0.0
0.0,0.0
0.0,0.0
0.0,0.0
0.0,0.0
0.0,0.0
0.0,0.0
0.0,0.0
0.0,0.0
0.0,0.0
0.0,0.0
0.0,0.0
0.0,0.0
0.0,0.0
0.0,0.0
0.0,0.0
0.0,0.0
0.0,0.0
0.0,0.0
2779.179828463386,0.0
2779.179828463386,0.0
2779.179828463386,0.0
2779.179828463386,0.0
4479.2476538612345,0.0
0.0,0.0
0.0,0.0
0.0,0.0
0.0,0.0
0.0,0.0
0.0,0.0
5910.818202070429,0.0
6326.378166426476,0.0
6018.888592013093,0.0
6244.244670070049,0.0
6072.974050746761,0.0
6203.139721432463,0.0
6104.213811711328,0.0
6179.397503099391,0.0
6122.257897644464,0.0
6165.683997790208,0.0
6132.680161679441,0.0
6157.763077123626,0.0
6138.700061386045,0.0
6153.187953346606,0.0
6142.177155456581,0.0
6150.545361852997,0.0
6144.185524991722,0.0
6149.019001006292,0.0
6145.345559235218,0.0
6148.137374981235,0.0
6146.015595014262,0.0
6147.6281477891625,0.0
6146.402607680238,0.0
6147.3340181630165,0.0
6146.626146196107,0.0
6147.164128890959,0.0
6146.755262042872,0.0
6147.066000847417,0.0
6146.829839355963,0.0
6147.009322089469,0.0
6146.872915212005,0.0
6146.9765844388785,0.0
6146.897795826454,0.0
6146.957675171895,0.0
6146.912166869361,0.0
6146.946753179286,0.0
6146.920467583743,0.0
6146.940444636356,0.0
6146.92526207637,0.0
6146.936800821959,0.0
6146.928031375311,0.0
6146.9346961547635,0.0
6146.929630922381,0.0
6146.933480498991,0.0
6146.930554820768,0.0
12293.863333156985,0.0
13769.127199957677,0.0
13769.127199957677,0.0
13769.127199957677,0.0
13769.127199957677,0.0
13769.127199957677,0.0
13769.127199957677,0.0
13769.127199957677,0.0
13769.127199957677,0.0
13769.127199957677,0.0
13769.127199957677,0.0
13769.127199957677,0.0
13769.127199957677,0.0
13769.127199957677,0.0
13769.127199957677,0.0
13769.127199957677,0.0
13769.127199957677,0.0
13769.127199957677,0.0
13769.127199957677,0.0
13769.127199957677,0.0
13769.127199957677,0.0
13769.127199957677,0.0
13769.127199957677,0.0
13769.127199957677,0.0
13769.127199957677,0.0
10970.883789702684,0.0
0.0,0.0
0.0,0.0
10818.6,0.0
2816.3384551206946,0.0
8678.182774108272,0.0
4223.181091677713,0.0
7608.9823703249385,0.0
5035.773398553046,0.0
6991.412217099686,0.0
5505.126715004239,0.0
6634.703696596781,0.0
5776.225190586446,0.0
6428.668855154301,0.0
5932.811670082731,0.0
6309.6631307371235,0.0
6023.256020639785,0.0
6240.925424313764,0.0
6075.49667752154,0.0
6201.222525083631,0.0
6105.670880936441,0.0
6178.290130488306,0.0
6123.099500828888,0.0
8852.736279931907,0.0
4090.520427251749,0.0
7310.243327452792,0.0
5262.815071135879,0.0
6818.860545936733,0.0
12455.126531024815,0.0
13807.830367445955,0.0
13807.830367445955,0.0
7118.955839401656,0.0
0.0,0.0
0.0,0.0
0.0,0.0
0.0,0.0
0.0,0.0
0.0,0.0
5070.527829259197,0.0
12035.526679022205,0.0
12800.1641882587,0.0
12800.1641882587,0.0
12800.1641882587,0.0
12800.1641882587,0.0
12800.1641882587,0.0
12800.1641882587,0.0
12800.1641882587,0.0
12800.1641882587,0.0
12800.1641882587,0.0
12800.1641882587,0.0
12800.1641882587,0.0
12800.1641882587,0.0
12800.1641882587,0.0
12800.1641882587,0.0
12800.1641882587,0.0
12800.1641882587,0.0
12800.1641882587,0.0
12800.1641882587,0.0
12800.1641882587,0.0
12800.1641882587,0.0
12800.1641882587,0.0
12800.1641882587,0.0
12800.1641882587,0.0
12800.1641882587,0.0
12800.1641882587,0.0
12800.1641882587,0.0
5473.294078279975,0.0
957.3086085413389,0.0
0.0,0.0
0.0,0.0
215.17557445701055,0.0
627.7971971728978,0.0
18.80267555134837,0.0
5615.194995491137,0.0
6551.051803426736,0.0
5839.800629395682,0.0
6380.351521659282,0.0
5969.532843538946,0.0
12251.287882449347,0.0
13758.909091787848,0.0
6007.808997107291,0.0
4282.249454912175,0.0
4282.249454912175,0.0
4282.249454912175,0.0
4282.249454912175,0.0
4282.249454912175,0.0
4282.249454912175,0.0
4282.249454912175,0.0
4282.249454912175,0.0
0.0,0.0
0.0,0.0
0.0,0.0
0.0,0.0
0.0,0.0
0.0,0.0
0.0,0.0
0.0,0.0
0.0,0.0
0.0,0.0
0.0,0.0
0.0,0.0
1982.4246298226853,0.0
9311.957281334762,0.0
3741.512466185583,0.0
7975.050525698956,0.0
4757.561600468793,0.0
7202.853183643718,0.0
5344.431580430775,0.0
6756.831998872612,0.0
5683.407680856816,0.0
6499.21016254882,0.0
5879.200276462898,0.0
6350.407789888197,0.0
5992.290079684969,0.0
6264.459539439424,0.0
6057.610750026037,0.0
6214.815829980212,0.0
6095.339969215041,0.0
6186.14162339657,0.0
6117.132366218606,0.0
6169.579401673859,0.0
6129.719654727866,0.0
6160.013062406821,0.0
6136.990072570817,0.0
6154.48754484618,0.0
6141.189465916904,0.0
6151.296005903154,0.0
6143.615035513603,0.0
6149.452573009661,0.0
6145.0160445126585,0.0
6148.387806170379,0.0
6145.825267310513,0.0
6147.77279684401,0.0
6146.292674398554,0.0
6147.417567457101,0.0
6146.5626487326035,0.0
6147.212386963221,0.0
6146.718585907953,0.0
6147.093874709956,0.0
6146.808655220433,0.0
6147.0254220324705,0.0
6146.860679255323,0.0
12293.846563021278,0.0
13769.123175125105,0.0
13769.123175125105,0.0
1308.3464219007546,0.0
1308.3464219007546,0.0
1308.3464219007546,0.0
1308.3464219007546,0.0
1308.3464219007546,0.0
1308.3464219007546,0.0
1308.3464219007546,0.0
1308.3464219007546,0.0
1308.3464219007546,0.0
1308.3464219007546,0.0
1308.3464219007546,0.0
1308.3464219007546,0.0
1308.3464219007546,0.0
3773.2168680294612,0.0
11724.172048327073,0.0
11724.172048327073,0.0
11724.172048327073,0.0
11724.172048327073,0.0
11724.172048327073,0.0
11724.172048327073,0.0
11724.172048327073,0.0
11724.172048327073,0.0
11724.172048327073,0.0
11724.172048327073,0.0
11724.172048327073,0.0
11724.172048327073,0.0
11724.172048327073,0.0
11724.172048327073,0.0
11724.172048327073,0.0
11724.172048327073,0.0
11724.172048327073,0.0
11724.172048327073,0.0
11724.172048327073,0.0
11724.172048327073,0.0
11724.172048327073,0.0
11724.172048327073,0.0
11724.172048327073,0.0
11724.172048327073,0.0
11724.172048327073,0.0
10313.73003602189,0.0
4714.184492883737,0.0
4714.184492883737,0.0
1622.1477745874138,0.0
1622.1477745874138,0.0
4720.696706068886,0.0
11951.56720945653,0.0
11951.56720945653,0.0
0.0,0.0
0.0,0.0
0.0,0.0
0.0,0.0
0.0,0.0
0.0,0.0
0.0,0.0
0.0,0.0
0.0,0.0
0.0,0.0
0.0,0.0
0.0,0.0
0.0,0.0
0.0,0.0
0.0,0.0
2848.4120589005142,0.0
6436.591038889181,0.0
5926.790810444223,0.0
6314.23898406239,0.0
6019.7783721125825,0.0
6243.568437194438,0.0
6073.4879877322255,0.0
6202.749129323509,0.0
6104.510661714134,0.0
12283.682558811393,0.0
13766.683814114736,0.0
7991.805171789999,0.0
12736.633241229601,0.0
12736.633241229601,0.0
12736.633241229601,0.0
12736.633241229601,0.0
6187.720031670713,0.0
6187.720031670713,0.0
6187.720031670713,0.0
6187.720031670713,0.0
6187.720031670713,0.0
0.0,0.0
626.8441302425107,0.0
5386.060661805793,0.0
6725.193897027599,0.0
5707.452638259025,0.0
6480.935994923141,0.0
5893.088643858413,0.0
6339.852630667606,0.0
6000.31200069262,0.0
6258.36287947361,0.0
6062.2442116000575,0.0
6211.2943991839575,0.0
6098.0162566201925,0.0
6184.107644968653,0.0
6118.678189823824,0.0
6168.404575733894,0.0
6130.612522442241,0.0
6159.334482943897,0.0
6137.50579296264,0.0
6154.095597348395,0.0
6141.48734601522,0.0
6151.069617028433,0.0
6143.7870910583915,0.0
6149.321810795622,0.0
6145.115423795327,0.0
6148.312277915551,0.0
6145.882668784181,0.0
6147.729171724022,0.0
6146.325829489743,0.0
6147.392369587796,0.0
6146.581799113276,0.0
6147.197832673911,0.0
6146.729647167826,0.0
6147.0854681524515,0.0
6146.815044204136,0.0
6147.020566404857,0.0
6146.864369532308,0.0
6146.983079155448,0.0
6146.89285984186,0.0
6146.961426520187,0.0
6146.9093158446585,0.0
6146.948919958059,0.0
6146.918820831876,0.0
6146.941696167774,0.0
6146.924310912492,0.0
6146.937523706507,0.0
6146.927481983055,0.0
6814.159708149141,0.0
9278.254757810922,0.0
3767.1263840636984,0.0
3698.9456773052493,0.0
8007.401285248012,0.0
6324.8157881798425,0.0
6011.740000983319,0.0
6249.677599252678,0.0
6068.845024567966,0.0
6206.2777813283465,0.0
6101.8288861904575,0.0
6181.210046495253,0.0
6120.880364663608,0.0
6166.730922855658,0.0
6131.884498629699,0.0
8561.542342959567,0.0
12873.370162310295,0.0
13908.208838954472,0.0
13908.208838954472,0.0
10825.862371374547,0.0
8440.36670285693,0.0
0.0,0.0
