Price
35.92489208633093
35.92489208633093
35.92489208633093
35.92489208633093
35.92489208633093
35.92489208633093
50.83529976019183
50.83529976019184
35.92489208633093
35.92489208633093
35.92489208633093
35.92489208633092
35.92489208633093
35.92489208633093
35.92489208633093
35.92489208633093
35.92489208633093
35.92489208633093
35.92489208633093
35.92489208633093
35.92489208633093
35.92489208633093
35.92489208633093
35.92489208633093
35.92489208633093
35.92489208633093
35.92489208633093
35.92489208633093
35.92489208633093
35.92489208633093
35.92489208633093
35.92489208633093
35.92489208633093
35.92489208633093
35.92489208633093
35.92489208633093
35.924892086330935
35.92489208633093
35.92489208633093
35.92489208633093
35.92489208633093
35.92489208633093
35.92489208633093
35.92489208633093
35.92489208633093
35.92489208633093
35.92489208633093
35.92489208633093
35.92489208633093
35.92489208633093
35.92489208633093
35.92489208633093
35.92489208633093
50.83529976019184
50.83529976019184
50.83529976019184
50.83529976019184
50.83529976019184
50.83529976019184
50.83529976019183
50.83529976019183
50.83529976019184
50.83529976019184
50.83529976019184
50.83529976019184
50.83529976019184
50.83529976019184
50.83529976019184
35.92489208633093
35.924892086330935
35.92489208633093
35.92489208633093
35.92489208633093
35.92489208633093
35.92489208633093
35.92489208633093
50.83529976019184
50.835299760191845
50.83529976019184
50.83529976019184
50.83529976019184
50.83529976019184
50.83529976019184
50.83529976019184
50.83529976019184
50.83529976019184
50.83529976019184
50.83529976019184
50.83529976019184
50.83529976019184
50.83529976019184
50.83529976019184
35.92489208633093
35.92489208633093
35.92489208633093
35.92489208633093
35.92489208633093
35.92489208633093
35.92489208633093
35.924892086330935
50.83529976019184
50.83529976019184
50.83529976019183
50.83529976019184
50.83529976019184
50.83529976019183
50.83529976019184
50.83529976019184
50.83529976019184
50.83529976019183
50.83529976019184
50.83529976019184
50.83529976019184
50.83529976019184
50.83529976019184
35.92489208633093
35.92489208633093
35.92489208633093
35.92489208633093
35.92489208633093
35.92489208633093
35.92489208633093
35.92489208633093
35.92489208633093
35.92489208633093
35.92489208633093
35.92489208633093
35.92489208633093
35.92489208633093
35.92489208633093
35.92489208633092
35.92489208633092
35.92489208633092
35.92489208633092
35.92489208633092
35.92489208633093
35.92489208633093
35.92489208633093
35.92489208633093
35.924892086330935
35.92489208633093
35.92489208633093
35.92489208633093
35.92489208633093
50.83529976019184
35.92489208633093
35.92489208633093
35.92489208633093
35.92489208633093
35.92489208633093
35.92489208633093
35.924892086330935
35.92489208633093
35.92489208633092
35.92489208633093
35.92489208633093
35.92489208633093
35.92489208633093
35.92489208633093
35.92489208633093
35.92489208633093
35.92489208633093
35.92489208633093
35.92489208633093
35.92489208633093
35.92489208633093
35.92489208633093
35.92489208633093
