Price
74.11999999999999
-314.5016531412514
-327.7991333333332
-327.79913333333326
-327.79913333333326
-327.79913333333326
-327.79913333333326
-327.79913333333326
74.12
74.12
74.12
74.12
74.12
74.12
74.12
74.12
74.12
74.12
74.12
74.12
74.12
74.12
74.12
74.12
74.11999999999999
74.12000000000002
74.12
74.12
74.12000000000002
74.12
74.12
74.12000000000002
74.12
74.12
74.12
74.12
74.12
74.12
74.12000000000002
74.12
74.12
52.38
-3.670799999999999
74.12
74.12
74.12
74.12
74.12
74.11999999999999
74.12
74.12
74.12
74.12
74.12
74.11999999999999
74.12
74.12000000000002
74.12
74.12
74.12
74.12
74.12
74.12
74.11999999999999
74.12
74.12
74.12
74.12000000000002
74.11999999999999
74.12
74.12
74.12
74.12
74.12
74.11999999999999
74.12
74.12
74.12
74.11999999999999
74.12
74.12
74.12
74.12
74.12
74.12
74.12000000000002
74.12
74.12
-317.2351398075467
-327.79913333333326
-327.7991333333332
-327.7991333333332
-327.79913333333326
-327.79913333333326
-327.79913333333326
-327.79913333333326
-327.79913333333326
-327.79913333333326
-327.79913333333326
-327.79913333333326
-327.79913333333326
-327.79913333333326
-327.7991333333332
-327.7991333333332
-327.79913333333326
-327.79913333333326
-327.79913333333326
-327.7991333333332
-327.79913333333326
-327.79913333333326
74.12
74.12
74.12
74.12
74.12
74.12
74.11999999999999
74.11999999999999
74.12
74.12
74.12
74.12
74.12
74.12
74.12
74.12
74.12
74.12
74.12
74.12
74.12
74.11999999999999
74.12
74.12
74.12
74.12
74.11999999999999
-320.73030200712526
-327.7991333333332
-327.7991333333332
-327.79913333333326
-312.7428494623655
-312.6387804282494
-327.79913333333326
-327.79913333333326
-327.79913333333326
-327.79913333333326
52.38
52.38
74.12
74.11999999999999
74.12
74.12
74.11999999999999
74.12
74.12000000000002
74.12000000000002
-3.670800000000001
74.12
74.12
74.12
74.12
74.12
74.12
74.12
74.11999999999999
74.12
74.12
74.12
74.12
74.12
74.12
74.12
74.12000000000002
74.12
74.12
74.12
74.12
74.12
74.12
-317.1052279190745
-327.79913333333326
-327.7991333333332
-327.79913333333326
-327.7991333333332
-327.79913333333326
-327.7991333333332
-327.7991333333332
-327.79913333333326
-327.79913333333326
-327.79913333333326
-327.79913333333326
-327.7991333333332
-327.7991333333332
-327.79913333333326
-327.79913333333326
-327.7991333333332
-327.79913333333326
-327.79913333333326
52.38
74.12
74.11999999999999
74.12
74.12
74.12
74.12
74.12
74.12
74.12
74.12
74.12
74.12
74.12
74.11999999999999
74.12
74.12
74.12
74.11999999999999
74.12
74.12
74.12
74.12
74.12
74.12
74.11999999999999
74.12
74.11999999999999
74.11999999999999
74.12
74.12
74.12
74.12
74.11999999999999
74.12
74.12
74.12
74.11999999999999
74.12
74.12
74.12
74.12
74.12
74.12
176.4763157894737
176.4763157894737
74.12
74.12
74.12
74.12
74.12
74.12
74.11999999999999
74.12
74.12
74.12
74.12
74.11999999999999
74.12
74.12
74.12
74.12
74.12
74.12
74.12
74.12
74.11999999999999
74.11999999999999
227.10702191733094
74.11999999999999
74.12
74.12
15071.18775432722
15071.18775432722
15071.187754327222
11394.100693288685
15071.18775432722
15071.18775432722
74.12
74.12
74.12
74.12
74.12
74.11999999999999
74.12
74.12
74.12
74.12
74.11999999999999
74.12
74.12
74.12
176.4763157894737
176.47631578947366
74.12
74.12
74.12
74.11999999999999
74.11999999999999
74.12
74.11999999999999
74.12
74.12
74.12
74.12
74.12
-315.6377586943868
-327.79913333333326
-327.7991333333332
-327.7991333333332
-327.79913333333326
-327.79913333333326
-327.79913333333326
-327.79913333333326
-327.79913333333326
74.12
74.11999999999999
74.12000000000002
74.11999999999999
74.12
74.11999999999999
74.12
74.11999999999999
-319.67623041451884
-327.79913333333326
-327.79913333333326
-327.7991333333332
-327.79913333333326
-208.32073756885967
-208.32073756885967
-208.32073756885967
-327.79913333333326
-327.79913333333326
74.12
74.12
74.12
74.12
74.12
-316.8919302550045
-327.79913333333326
-327.7991333333332
-327.7991333333332
-327.79913333333326
-327.7991333333332
-327.79913333333326
-327.79913333333326
-327.79913333333326
-327.79913333333326
-327.79913333333326
-327.79913333333326
-327.79913333333326
-327.7991333333332
-250.00833333333318
-250.0083333333332
-250.00833333333318
-327.79913333333326
74.12
74.12
74.12
74.11999999999999
74.11999999999999
74.12
74.12
74.12
74.12
74.11999999999999
74.11999999999999
-3.670799999999997
74.12
74.12
74.12000000000002
74.12
74.11999999999999
74.12
74.12
52.38
74.12
52.38
-327.79913333333326
-327.7991333333332
-327.79913333333326
74.12
74.12
74.12
74.12
74.12
-3.6707999999999985
-3.670799999999999
74.12
-327.79913333333326
-327.79913333333326
-327.79913333333326
-327.7991333333332
-327.7991333333332
-327.79913333333326
-327.79913333333326
-327.79913333333326
-327.79913333333326
-327.79913333333326
-327.79913333333326
-312.7428494623655
-303.8415744378494
-309.12934133333323
-327.7991333333332
-327.79913333333326
74.12
74.12
74.12
74.12
74.12
74.12
74.12
74.12
74.12
74.12
-3.670800000000002
74.12
-327.7991333333332
-327.79913333333326
-327.7991333333332
-327.79913333333326
-327.79913333333326
-327.7991333333332
-327.79913333333326
74.12
74.12
74.12
-3.6707999999999994
74.12
74.12
-320.73030200712526
-327.79913333333326
-327.79913333333326
-327.79913333333326
-327.79913333333326
-327.79913333333326
74.12
74.12
74.12000000000002
74.12
74.12
74.12
74.12
74.12
74.12000000000002
74.12
74.12
74.12
74.12
74.12
74.12
74.12
74.12
74.12
74.12
74.12
74.12
74.12
74.12
74.12
74.11999999999999
74.11999999999999
74.11999999999999
74.12
74.12
74.12
74.12
74.12
74.11999999999999
74.11999999999999
74.11999999999999
74.12
74.12
74.12
-309.12934133333323
-327.79913333333326
-327.79913333333326
74.11999999999999
74.12
74.12
74.12
74.12
74.12000000000002
74.12
74.12
74.12
-320.73030200712526
-327.79913333333326
-327.79913333333326
-327.79913333333326
-321.11668649763567
-318.3719860589327
-309.6539784764768
-317.0183827552906
-327.79913333333326
-327.79913333333326
-327.7991333333332
-327.7991333333332
-327.7991333333332
-327.79913333333326
-327.79913333333326
-327.7991333333332
-327.79913333333326
-327.79913333333326
-327.79913333333326
-327.79913333333326
-327.7991333333332
-327.79913333333326
-316.76155230293324
-323.31838325333325
-327.7991333333332
-327.79913333333326
-327.79913333333326
74.12
74.12
74.12
74.12000000000002
74.12
74.12
74.12000000000002
74.12
74.12
74.12000000000002
-3.6708000000000007
74.12
74.12
74.12
74.12
74.12
74.12
74.12
74.12
74.12
74.12
74.12
74.11999999999999
74.12000000000002
74.12
74.12
74.12
74.12
74.11999999999999
74.12
74.12
74.12
74.12
74.12
74.12
74.12
74.12
74.12
74.12
74.12
74.12
74.12
74.12
74.12
74.11999999999999
-3.670799999999995
-3.670799999999995
74.12
74.12
74.12
74.12
74.12
74.12
74.12
74.12
74.12
74.12
74.12
74.12
74.12
74.12
74.12
74.12
74.11999999999999
74.12
74.12
74.12
74.12
74.12
-327.79913333333326
-327.79913333333326
-327.7991333333332
-327.7991333333332
-327.79913333333326
-327.79913333333326
-327.79913333333326
74.12
74.12
74.12000000000002
74.12
74.12
52.38
-327.79913333333326
-327.79913333333326
74.12
74.12
74.12
74.12
74.12
74.12
74.12
74.12
74.12
74.12
74.12
74.12
74.12
74.11999999999999
74.12
74.12
74.12
74.11999999999999
74.12
74.12
74.12
-327.79913333333326
-327.7991333333332
-327.79913333333326
-327.7991333333332
-327.79913333333326
-327.79913333333326
-327.7991333333332
-327.79913333333326
-327.79913333333326
-327.79913333333326
-327.79913333333326
-327.79913333333326
-327.79913333333326
-327.79913333333326
-327.79913333333326
-327.79913333333326
-327.79913333333326
-327.79913333333326
-327.79913333333326
-327.79913333333326
-327.79913333333326
-327.7991333333332
-327.79913333333326
-327.7991333333332
-327.79913333333326
-327.7991333333332
-327.79913333333326
-327.79913333333326
-327.79913333333326
-327.79913333333326
-327.7991333333332
-327.79913333333326
-327.79913333333326
-327.79913333333326
-327.79913333333326
-327.7991333333332
-327.7991333333332
-327.79913333333326
-327.7991333333332
-327.7991333333332
-327.7991333333332
-327.7991333333332
-327.79913333333326
-327.79913333333326
-327.79913333333326
-327.7991333333332
-327.7991333333332
-327.7991333333332
-327.7991333333332
-327.79913333333326
-327.79913333333326
-327.79913333333326
-327.79913333333326
-327.79913333333326
-327.79913333333326
-327.79913333333326
-327.79913333333326
-327.79913333333326
-327.7991333333332
-327.7991333333332
-327.7991333333332
-327.79913333333326
-327.79913333333326
-327.7991333333332
-327.79913333333326
-327.79913333333326
-327.79913333333326
-327.7991333333332
-327.79913333333326
-327.79913333333326
-327.7991333333332
-327.7991333333332
-327.79913333333326
-327.79913333333326
-327.7991333333332
-327.79913333333326
-327.79913333333326
-327.79913333333326
-327.79913333333326
-327.79913333333326
-327.79913333333326
-327.7991333333332
-327.7991333333332
-327.7991333333332
-327.79913333333326
-327.79913333333326
-327.79913333333326
-327.7991333333332
-327.79913333333326
-327.7991333333332
-303.6929170737423
74.12
74.12
74.12
74.12
74.12
-3.6707999999999976
-3.6707999999999976
74.12
74.12
74.12
74.12
74.12
74.12
74.12
74.12
74.12
74.12
74.12
-3.6707999999999985
-3.6707999999999985
74.12
-317.19974548141903
-327.7991333333332
-327.79913333333326
-327.79913333333326
-327.79913333333326
-327.79913333333326
-327.7991333333332
-327.79913333333326
-327.79913333333326
-327.79913333333326
-327.79913333333326
-327.79913333333326
-327.79913333333326
-327.79913333333326
-327.7991333333332
-327.79913333333326
-327.79913333333326
-327.7991333333332
-327.79913333333326
-327.7991333333332
-327.79913333333326
-327.79913333333326
-327.79913333333326
-327.7991333333332
-327.79913333333326
-327.7991333333332
-327.79913333333326
-327.79913333333326
74.12
74.12
74.12
-301.24029991137604
-327.79913333333326
-327.79913333333326
-327.79913333333326
74.12
74.12
74.12
74.12
-323.3183832533333
-327.79913333333326
-312.74284946236554
-306.90511720520163
-317.19129598426014
-327.79913333333326
-327.7991333333332
-327.7991333333332
-327.79913333333326
-327.79913333333326
-327.79913333333326
-327.79913333333326
-327.79913333333326
-327.79913333333326
-327.79913333333326
-327.79913333333326
-327.79913333333326
-327.79913333333326
-327.79913333333326
-327.7991333333332
-327.7991333333332
-327.79913333333326
-327.79913333333326
-327.79913333333326
-327.79913333333326
-327.79913333333326
-327.79913333333326
-327.7991333333332
-327.7991333333332
-327.79913333333326
-327.79913333333326
-327.79913333333326
-327.79913333333326
-327.79913333333326
-327.7991333333332
-327.79913333333326
-327.7991333333332
-327.79913333333326
-327.79913333333326
-327.7991333333332
-327.7991333333332
-327.79913333333326
-327.79913333333326
-327.79913333333326
-327.79913333333326
-327.79913333333326
-327.79913333333326
-327.79913333333326
-327.7991333333332
-327.79913333333326
-327.79913333333326
-327.7991333333332
-327.79913333333326
-327.79913333333326
-327.79913333333326
-327.79913333333326
-327.7991333333332
-327.79913333333326
-327.79913333333326
-327.79913333333326
-327.79913333333326
-327.79913333333326
-327.79913333333326
-321.24097215949763
-327.79913333333326
-327.79913333333326
-327.7991333333332
-327.7991333333332
-327.79913333333326
-240.58118605893256
-318.3719860589326
74.12
74.11999999999999
74.12000000000002
74.12
74.12
74.12
-250.00833333333327
-327.7991333333332
74.12
74.12
74.12
74.12
74.12
74.12
74.12
74.12
74.12
74.12
-309.1293413333333
-327.79913333333326
-327.79913333333326
74.11999999999999
74.12
74.12
74.12
74.12000000000002
74.12
74.12
74.12
-319.7949961499981
-327.79913333333326
-327.79913333333326
-327.79913333333326
-327.79913333333326
-213.01781697604414
-290.80861697604416
74.12
74.12
74.11999999999999
74.12
74.12
74.11999999999999
-323.31838325333325
-327.7991333333332
-327.79913333333326
52.37999999999999
74.12
74.12
74.12
74.12
74.12
74.12
74.12
74.12
74.12
74.12
74.12
74.12
74.12
74.12
74.12
74.12
52.38
74.12
74.12
74.12
-309.1293413333333
-327.79913333333326
-327.79913333333326
74.12
74.12
74.12
52.38
-317.19115925379344
-327.7991333333332
-327.79913333333326
-327.7991333333332
-327.7991333333332
-327.79913333333326
-327.7991333333332
-327.79913333333326
-327.7991333333332
-327.79913333333326
-327.79913333333326
-327.7991333333332
-327.79913333333326
-327.7991333333332
-327.79913333333326
-327.7991333333332
-327.79913333333326
-327.79913333333326
-327.79913333333326
-327.7991333333332
-327.7991333333332
-327.79913333333326
-327.79913333333326
-327.79913333333326
-327.7991333333332
-327.79913333333326
-327.79913333333326
-327.79913333333326
-327.7991333333332
-327.79913333333326
-327.79913333333326
-327.79913333333326
-327.7991333333332
-327.79913333333326
-327.79913333333326
-327.79913333333326
-327.79913333333326
-327.79913333333326
-327.79913333333326
-327.7991333333332
-327.7991333333332
-327.79913333333326
-327.79913333333326
74.12
74.12
74.12
74.12
74.12
74.12
74.12000000000002
74.12
74.12
74.12
-250.00833333333324
-250.0083333333332
-327.79913333333326
74.12
74.12
74.12
74.12
74.12
74.11999999999999
74.11999999999999
74.12
74.12
-3.670799999999997
-3.670799999999997
74.12
74.12
74.12
74.12
-266.3607782288793
-271.5247081958939
-278.31935288933397
-250.0083333333335
-250.00833333333347
-317.157976412931
-327.79913333333326
-327.79913333333326
-327.7991333333332
-327.7991333333332
-327.79913333333326
-327.79913333333326
-327.7991333333332
-327.79913333333326
-327.79913333333326
-327.79913333333326
-327.7991333333332
-327.7991333333332
-327.79913333333326
-327.7991333333332
-327.7991333333332
-327.7991333333332
-327.79913333333326
-327.79913333333326
-327.7991333333332
-327.79913333333326
-312.7428494623655
-300.60068505029477
-300.60068505029477
-327.7991333333332
-327.79913333333326
-327.7991333333332
-327.79913333333326
-327.79913333333326
-327.79913333333326
-327.79913333333326
-327.79913333333326
-327.79913333333326
-327.79913333333326
-327.79913333333326
-327.7991333333332
-327.79913333333326
-327.79913333333326
-327.7991333333332
-327.79913333333326
-327.79913333333326
-327.79913333333326
-327.79913333333326
-327.79913333333326
-327.79913333333326
-327.79913333333326
-327.79913333333326
-327.79913333333326
-327.7991333333332
-327.79913333333326
-327.79913333333326
-327.79913333333326
-327.79913333333326
-327.79913333333326
-327.79913333333326
-327.79913333333326
-327.79913333333326
-327.79913333333326
-327.79913333333326
-327.79913333333326
-327.79913333333326
-327.79913333333326
-327.7991333333332
-327.7991333333332
-327.7991333333332
-327.79913333333326
-327.79913333333326
-327.79913333333326
-327.7991333333332
-327.79913333333326
-327.79913333333326
-327.7991333333332
-327.79913333333326
-327.79913333333326
-327.7991333333332
-327.79913333333326
-327.79913333333326
-327.79913333333326
-327.79913333333326
-327.79913333333326
-327.79913333333326
-327.79913333333326
-327.79913333333326
-327.79913333333326
-327.79913333333326
-327.79913333333326
-327.79913333333326
-327.79913333333326
-327.79913333333326
-327.79913333333326
-327.79913333333326
-327.79913333333326
-327.79913333333326
-327.79913333333326
-327.79913333333326
-324.2647176702293
-327.7991333333332
-327.79913333333326
-327.7991333333332
-327.79913333333326
-327.79913333333326
74.12
74.12
52.379999999999995
-317.19054317947115
-327.7991333333332
-327.79913333333326
-327.7991333333332
-327.7991333333332
-327.79913333333326
-327.7991333333332
-327.79913333333326
-327.79913333333326
-327.79913333333326
-327.79913333333326
-327.79913333333326
-327.79913333333326
-327.79913333333326
-327.79913333333326
-327.7991333333332
-327.79913333333326
-327.7991333333332
-327.79913333333326
-327.79913333333326
-327.79913333333326
-327.79913333333326
-327.79913333333326
-327.79913333333326
-327.79913333333326
-327.79913333333326
-327.79913333333326
-327.79913333333326
-327.7991333333332
-327.79913333333326
-327.79913333333326
-327.79913333333326
-327.79913333333326
-327.79913333333326
-273.10399792165555
74.11999999999999
74.12
74.12
74.12
74.12
-327.79913333333326
-327.7991333333332
-327.79913333333326
-327.79913333333326
52.38
74.12
74.12
52.38
-316.29397326187774
-327.79913333333326
-327.79913333333326
-327.79913333333326
-327.79913333333326
-327.79913333333326
-327.79913333333326
-327.7991333333332
-327.79913333333326
-325.55875829333326
-327.79913333333326
-327.7991333333332
-327.79913333333326
74.12
74.11999999999999
74.11999999999999
74.12
-250.00833333333324
-327.79913333333326
-3.6707999999999963
74.12
74.12
74.12
74.11999999999999
74.12
74.12
74.12
74.11999999999999
74.12
-327.79913333333326
-327.79913333333326
-327.79913333333326
-327.6700877310292
-312.6387804282494
-312.6387804282494
-327.79913333333326
74.12
74.11999999999999
74.12
74.12
74.12
-327.7991333333332
-327.79913333333326
-327.79913333333326
-323.3183832533332
-323.3183832533332
-327.79913333333326
-327.7991333333332
-327.7991333333332
74.12
74.12
74.12
-317.1929249973023
-327.7991333333332
-327.7991333333332
-327.79913333333326
-327.79913333333326
-327.79913333333326
-327.79913333333326
-327.79913333333326
-327.7991333333332
-327.79913333333326
-327.79913333333326
-327.79913333333326
-327.79913333333326
-327.7991333333332
-327.79913333333326
-327.79913333333326
-327.79913333333326
-327.79913333333326
-327.7991333333332
-327.79913333333326
-327.79913333333326
-327.79913333333326
-327.79913333333326
-327.79913333333326
-327.79913333333326
-327.79913333333326
-327.79913333333326
-327.79913333333326
-327.79913333333326
-327.79913333333326
-327.7991333333332
-327.79913333333326
-327.79913333333326
-327.79913333333326
74.12
74.12
-327.79913333333326
-327.79913333333326
-327.79913333333326
-327.79913333333326
-327.79913333333326
-250.00833333333338
-327.7991333333334
-3.670799999999998
74.12
74.12
74.12
74.11999999999999
-320.7303020071252
-327.79913333333326
-327.79913333333326
-327.7991333333332
-312.7428494623655
-312.6387804282494
-327.79913333333326
-327.79913333333326
-327.79913333333326
-327.79913333333326
74.12
74.12
-327.79913333333326
-327.79913333333326
-327.79913333333326
-327.79913333333326
-327.79913333333326
-327.7991333333332
-327.79913333333326
-327.79913333333326
-327.79913333333326
-327.79913333333326
-327.79913333333326
-327.7991333333332
-327.7991333333332
-327.79913333333326
-327.79913333333326
-327.79913333333326
-327.7991333333332
-327.7991333333332
-327.79913333333326
-327.79913333333326
-327.79913333333326
-327.7991333333332
74.12
74.12
-323.31838325333325
-327.79913333333326
-327.7991333333332
-327.7991333333332
74.11999999999999
74.12
-3.6707999999999967
-3.6707999999999963
-3.670799999999992
74.12
74.12
74.12
74.11999999999993
-309.12934133333323
-327.79913333333326
-327.7991333333332
74.12
74.12
74.12
74.12
74.12
74.12
74.11999999999999
74.12000000000002
52.38
-309.12934133333323
-327.7991333333332
-327.79913333333326
74.12
74.12
74.12
74.12
74.12
74.12
74.12
74.12
-314.5016531412514
-327.79913333333326
-327.79913333333326
-327.7991333333332
-327.7991333333332
-318.46423733333324
-327.7991333333332
-327.79913333333326
52.38
74.12
74.12
74.12
-317.8732629876394
-327.7991333333332
-327.79913333333326
-327.79913333333326
-327.7991333333332
-327.7991333333332
-327.79913333333326
-327.79913333333326
-327.79913333333326
-327.79913333333326
-312.7428494623655
-312.7428494623654
-327.79913333333326
-327.79913333333326
-327.7991333333332
-327.79913333333326
-324.2647176702292
-327.7991333333332
-327.79913333333326
-327.7991333333332
-327.79913333333326
-327.7991333333332
74.12
74.12
74.12
-3.6707999999999976
-3.6707999999999985
74.12
74.12
74.12
74.12
74.12
74.12
74.12
74.12
74.12
74.12
-250.00833333333324
-327.7991333333332
-3.6707999999999976
74.12
74.12
74.12
74.12
74.12
74.12
74.12
74.12
-313.0844076767572
-327.7991333333332
-327.79913333333326
-327.7991333333332
-327.7991333333332
52.38000000000001
-20.193199999999994
-25.410800000000002
52.38
74.12
74.12
74.12
-323.3183832533332
-327.7991333333332
-327.7991333333332
-327.7991333333332
74.12
74.12
74.12
74.12
74.12
74.12
74.12
74.11999999999999
74.12
-309.1293413333333
-327.7991333333332
-327.79913333333326
74.12
74.12
74.12
74.12
-3.6707999999999976
-3.6707999999999976
-3.670799999999997
74.12
52.38
-327.7991333333332
-327.7991333333332
-327.79913333333326
74.12
74.12
74.11999999999999
74.11999999999998
-3.6707999999999976
-3.670799999999997
74.11999999999999
74.12
74.12
-315.6377586943868
-327.79913333333326
-327.79913333333326
-327.7991333333332
-327.7991333333332
-327.79913333333326
-327.79913333333326
-327.79913333333326
-327.79913333333326
74.12000000000002
74.12000000000002
74.12
-327.7991333333332
-327.79913333333326
-327.79913333333326
74.12000000000002
74.12
74.12
74.12
74.12
74.12
74.12
74.12
74.11999999999999
-323.31838325333325
-327.79913333333326
-327.79913333333326
-327.79913333333326
74.12
74.12
74.12
74.12
74.12
74.12
74.12
-317.19125102467484
-327.79913333333326
-327.79913333333326
-327.7991333333332
-327.79913333333326
-327.79913333333326
-327.7991333333332
-327.79913333333326
-327.79913333333326
-327.79913333333326
-327.7991333333332
-327.79913333333326
-327.79913333333326
-327.7991333333332
-327.79913333333326
-327.79913333333326
-327.7991333333332
-327.7991333333332
-327.79913333333326
-327.7991333333332
-327.79913333333326
-327.79913333333326
-327.79913333333326
-327.79913333333326
-327.79913333333326
-327.79913333333326
-327.79913333333326
-327.79913333333326
-327.79913333333326
-327.79913333333326
-327.79913333333326
-327.79913333333326
-327.79913333333326
-327.79913333333326
-327.7991333333332
-327.7991333333332
-327.79913333333326
-327.7991333333332
-327.79913333333326
-327.79913333333326
-327.7991333333332
-327.7991333333332
-327.79913333333326
-327.79913333333326
-327.79913333333326
-327.79913333333326
-250.00833333333324
-250.00833333333324
-327.79913333333326
-327.79913333333326
-327.79913333333326
-327.79913333333326
-327.79913333333326
74.12
74.11999999999999
52.379999999999995
52.38
74.12
74.12
74.12
52.38
-3.670799999999998
-3.670799999999998
-3.6707999999999985
74.12
74.12
74.12
74.12
74.12
74.12
74.12
74.12
74.12
-3.670799999999997
-3.6707999999999976
74.11999999999999
74.11999999999999
74.12
74.12
74.12
74.12
74.12
74.12
74.12
-327.79913333333326
-327.79913333333326
-327.79913333333326
-327.79913333333326
-327.7991333333332
-327.7991333333332
-327.79913333333326
-327.79913333333326
-327.79913333333326
-327.7991333333332
-322.5225756135123
-327.79913333333326
-327.79913333333326
-327.79913333333326
-327.7991333333332
-327.79913333333326
-327.79913333333326
-327.7991333333332
-327.79913333333326
-327.79913333333326
-327.79913333333326
-327.79913333333326
-327.79913333333326
-327.79913333333326
-327.79913333333326
-327.79913333333326
-327.7991333333332
-327.79913333333326
-327.7991333333332
-259.9563347157331
-258.03091509333314
-256.47815733333323
-255.22593333333324
-327.79913333333326
52.38
52.38
-323.31838325333325
-327.79913333333326
-327.79913333333326
-327.7991333333332
74.12
74.12
74.12
74.12
74.12
74.12
74.12
74.12
74.12000000000002
74.12
74.12
74.12000000000002
74.12
74.12
74.12000000000002
74.12
74.12
74.12
74.12
74.12
74.12
-309.1293413333332
-327.79913333333326
-327.7991333333332
74.12
74.12
74.12
74.12
74.12
74.12
74.12
74.11999999999999
-327.7991333333332
-327.7991333333332
-327.79913333333326
-327.79913333333326
-327.79913333333326
-327.7991333333332
-327.79913333333326
-327.79913333333326
-312.7428494623655
-300.60068505029477
-290.80861697604416
-290.8086169760441
-327.79913333333326
-327.79913333333326
-327.7991333333332
-327.79913333333326
-327.7991333333332
-327.7991333333332
-327.79913333333326
-327.79913333333326
-327.79913333333326
-327.79913333333326
-327.7991333333332
-324.26471767022923
-327.79913333333326
-327.79913333333326
-327.7991333333332
-327.7991333333332
-327.7991333333332
74.12000000000002
74.12000000000002
74.12
74.12
74.12
74.12
74.12
74.12
-309.8526259157332
-327.7991333333332
-327.79913333333326
-16.227824000000005
57.5976
52.38
-16.227824000000002
-20.193199999999997
74.12
74.12
74.12
-320.7303020071252
-327.7991333333332
-327.79913333333326
-327.7991333333332
-327.79913333333326
-250.00833333333338
-250.0083333333334
-327.7991333333334
-3.6707999999999976
74.12
74.12
74.12
-314.50165314125144
-327.79913333333326
-327.79913333333326
-327.7991333333332
-327.79913333333326
-316.76155230293324
-323.3183832533332
-327.79913333333326
-327.79913333333326
-327.79913333333326
74.11999999999999
74.11999999999999
-316.5863790958621
-327.79913333333326
-327.79913333333326
-327.79913333333326
-327.79913333333326
-327.7991333333332
-327.7991333333332
-327.79913333333326
-327.79913333333326
-327.79913333333326
-282.1896858070152
74.12
-327.79913333333326
-327.79913333333326
-327.79913333333326
-327.79913333333326
-327.79913333333326
-327.79913333333326
-327.79913333333326
-327.79913333333326
-327.79913333333326
-327.79913333333326
-327.7991333333332
-317.58032973988827
-327.7991333333332
-327.79913333333326
-327.79913333333326
-327.79913333333326
-327.79913333333326
-290.8086169760441
-290.80861697604416
-305.53912015760403
-323.07515810211066
-327.5410421287252
-312.53471139413324
-312.53471139413324
-327.7991333333332
-327.79913333333326
-327.7991333333332
-327.7991333333332
-3.6708000000007197
74.12000000000002
74.12000000000002
74.12
74.12
74.12
52.38
74.12
-312.5347113941332
-327.79913333333326
-327.7991333333332
-327.79913333333326
-327.79913333333326
52.38
74.12
74.12
74.12
-3.6707999999999976
74.12
74.12
-327.79913333333326
-327.79913333333326
-327.79913333333326
-327.79913333333326
-327.7991333333332
74.12
74.12
74.12
74.12
74.12
74.12
74.11999999999999
74.12
-309.1293413333333
-327.7991333333332
-327.79913333333326
74.12
74.12
74.12
74.12
74.12
74.12
74.12
74.12
52.38
-309.12934133333323
-327.7991333333332
-327.79913333333326
74.12
74.12000000000002
74.12
74.12
74.12
74.11999999999999
74.12
74.12
-327.79913333333326
-327.7991333333332
-327.79913333333326
-327.79913333333326
-327.79913333333326
-327.79913333333326
-327.79913333333326
-327.79913333333326
-327.79913333333326
-327.79913333333326
-327.79913333333326
-327.7991333333332
-327.79913333333326
-327.79913333333326
-327.79913333333326
-327.79913333333326
-327.79913333333326
-327.79913333333326
-327.7991333333332
-327.79913333333326
-327.79913333333326
-327.79913333333326
-327.79913333333326
-327.7991333333332
-327.7991333333332
-327.79913333333326
-327.79913333333326
-327.7991333333332
-327.79913333333326
74.12
74.12
74.12
74.12
74.12
74.12
74.12
74.12
-323.31838325333325
-327.7991333333332
-327.79913333333326
-327.79913333333326
74.12
74.12
74.12
74.12
74.12
74.12
74.12
-316.67300279606053
-327.79913333333326
-327.79913333333326
-327.79913333333326
-327.79913333333326
-327.7991333333332
-327.7991333333332
-327.79913333333326
-327.7991333333332
-327.79913333333326
-327.79913333333326
-323.5172798063244
-327.79913333333326
-327.79913333333326
-327.7991333333332
-327.7991333333332
-327.79913333333326
-320.16692236373325
-327.79913333333326
-327.7991333333332
-327.7991333333332
-327.79913333333326
74.12
74.12
74.12
-3.670799999999997
-3.670799999999997
-3.670799999999997
74.12
74.12000000000002
74.12
74.12
74.12
74.12
74.12
74.12
74.12
74.12
-3.6708000000000003
74.12
74.12
74.12
74.11999999999999
74.12
74.12
74.12
74.12
74.12
-309.12934133333323
-327.79913333333326
-327.79913333333326
-327.7991333333332
-327.79913333333326
-327.7991333333332
-327.79913333333326
-327.7991333333332
-327.79913333333326
-303.75702952541513
-303.7570295254152
-320.7303020071253
-327.79913333333326
-327.79913333333326
-327.7991333333332
-327.7991333333332
-327.79913333333326
74.12000000000002
74.12
74.12
-323.3183832533333
-327.7991333333332
-312.7428494623655
-312.7428494623655
-327.79913333333326
-327.79913333333326
-327.7991333333332
-327.79913333333326
-327.79913333333326
74.12
74.12
74.12000000000002
74.12
74.12
74.11999999999999
74.12
74.12
-250.00833333333324
-327.7991333333332
74.12
74.12
74.12
74.12
-318.3719860589326
-327.79913333333326
-327.7991333333332
-327.7991333333332
-327.79913333333326
-327.79913333333326
-327.79913333333326
-327.7991333333332
-327.79913333333326
-327.79913333333326
74.12
74.12
-309.12934133333323
-327.79913333333326
-327.79913333333326
74.12
74.12
-327.79913333333326
-327.79913333333326
-327.79913333333326
-327.7991333333332
74.12
74.11999999999999
74.11999999999999
74.12
74.12
74.12
74.12
74.12000000000002
-312.5347113941332
-327.79913333333326
-327.79913333333326
-327.79913333333326
-327.7991333333332
74.12
-3.6707999999999976
-3.670799999999997
74.12
74.12
74.12
74.12
74.12
74.12
-3.6707999999999976
74.11999999999999
74.12
74.11999999999999
74.12
74.12
74.11999999999999
74.12
74.12
74.12
-294.9402994133332
-309.1293413333333
-327.7991333333332
-327.7991333333332
74.12
74.12
-124.42959695699538
-317.1961768300676
-327.79913333333326
-327.79913333333326
-327.79913333333326
-327.79913333333326
-327.7991333333332
-327.79913333333326
-327.79913333333326
-327.79913333333326
-327.79913333333326
-327.7991333333332
-327.79913333333326
-327.79913333333326
-327.79913333333326
-327.79913333333326
-327.7991333333332
-327.79913333333326
-327.7991333333332
-327.79913333333326
-327.79913333333326
-327.79913333333326
-327.79913333333326
-327.79913333333326
-327.79913333333326
-327.79913333333326
-327.79913333333326
-327.79913333333326
-327.7991333333332
-324.2647176702293
-327.79913333333326
-327.79913333333326
-327.7991333333332
-327.7991333333332
-327.79913333333326
74.12000000000002
52.38
-3.6707999999999976
52.38
74.12
74.12
74.12
-314.5016531412514
-327.79913333333326
-327.79913333333326
-327.7991333333332
-327.7991333333332
-318.46423733333324
-312.7428494623655
-300.6006850502947
-290.8086169760441
-282.9117878839066
-282.9117878839066
-301.0625058365988
-327.79913333333326
-327.79913333333326
-327.79913333333326
-327.79913333333326
-327.7991333333332
-327.7991333333332
-327.79913333333326
-327.7991333333332
-327.79913333333326
-327.79913333333326
-327.7991333333332
-327.79913333333326
-327.79913333333326
-327.79913333333326
-327.79913333333326
-327.79913333333326
-327.79913333333326
-327.79913333333326
-327.7991333333332
-327.7991333333332
-327.7991333333332
-327.7991333333332
-327.7991333333332
-327.79913333333326
-327.79913333333326
-327.79913333333326
-327.79913333333326
-327.7991333333332
-327.7991333333332
74.12
74.12
74.12
74.12
74.12
74.12
74.11999999999999
-323.31838325333325
-327.7991333333332
-327.7991333333332
-327.7991333333332
74.12000000000002
74.11999999999999
74.12
74.12
74.12
74.12
74.12
74.12
52.38
-327.7991333333332
-327.79913333333326
-327.7991333333332
74.12000000000002
74.12
74.12
74.12
74.12
74.12
74.12
74.12
52.38
-309.12934133333323
-327.79913333333326
-327.79913333333326
74.12
74.12
74.12
74.12
74.11999999999999
74.12
74.12
74.12
74.12
74.12
-3.670799999999997
74.12
74.12
74.12
74.12
74.12
74.12
74.12
74.12
74.12
74.12
-3.6707999999999976
-3.670799999999997
74.12
74.12
74.12
74.12
74.12
-3.6707999999999976
74.12
74.12
74.12
52.38000000000001
-3.6707999999999976
-3.670799999999997
-3.6707999999999976
74.12
74.12
74.12
74.12
74.12
74.12
74.12
74.12
-224.2104905617449
-224.2104905617449
-224.2104905617449
-293.854603370717
74.12
74.12
74.12
74.12
74.12
74.12
74.12
74.12000000000002
74.12
-3.670799999999993
-3.6707999999999927
-3.67079999999999
74.12
74.11999999999999
74.12
74.12
74.12
74.12
74.12
74.12
74.12
74.12
-3.6707999999999994
74.12
74.12
74.12
74.12
74.12
74.12
74.12
74.12
74.12
74.12000000000002
-3.6707999999999976
-3.670799999999998
-3.6708000000000007
74.12
74.12
74.11999999999999
74.12
74.12
52.379999999999995
74.12
74.12
52.38
-250.00833333333324
-327.7991333333332
74.12
74.11999999999999
74.11999999999999
74.12
74.12
74.12
74.12
74.12
74.12
74.12
74.12
74.12
74.12000000000002
74.12000000000002
74.12
74.12
74.12
74.12
74.12
74.12
74.11999999999999
52.38
-313.26600894110635
-327.7991333333332
-327.7991333333332
-327.79913333333326
-300.6006850502947
52.38
-25.410800000000005
52.38
74.12
74.12
74.12
-327.7991333333332
-327.7991333333332
-327.79913333333326
-327.79913333333326
-327.79913333333326
-327.7991333333332
-327.79913333333326
-327.79913333333326
-327.79913333333326
-327.79913333333326
74.12
74.12
74.11999999999999
-309.1293413333332
-327.7991333333332
-327.7991333333332
74.12
74.12
74.12000000000002
74.12
74.12
74.12
74.12
74.12
74.11999999999999
-3.6708
-3.6707999999999976
74.11999999999999
74.12
74.12
74.12
74.11999999999999
74.11999999999999
74.12000000000002
74.12
74.12
74.11999999999999
-3.6708000000000043
-3.670800000000007
74.12
74.12
74.11999999999999
74.12
74.12
74.12
74.12
74.12
74.12000000000002
74.12
-3.6707999999999976
-3.670799999999998
-3.6707999999999976
74.12
74.12
74.12
74.12
74.12
74.12
74.12
74.12
74.12
74.12
-3.670800000000003
-3.670800000000003
74.12000000000002
74.12
74.12
74.12
74.12
74.12
74.12
74.12
-323.31838325333325
-327.79913333333326
-327.7991333333332
-327.7991333333332
74.11999999999999
74.12
74.12
74.12
74.12
74.12
74.12
74.12
-327.7991333333332
-327.7991333333332
-327.79913333333326
-327.79913333333326
-327.7991333333332
74.12
74.11999999999999
74.12
74.12
74.12
74.12
74.12
-327.7991333333332
-327.79913333333326
-327.79913333333326
-327.79913333333326
-327.79913333333326
-322.4952252358961
74.12
74.12
74.12
-301.06575766936413
-317.1891548281107
-327.7991333333332
-327.79913333333326
-327.79913333333326
-327.79913333333326
-327.7991333333332
-327.79913333333326
-327.7991333333332
-327.79913333333326
-327.79913333333326
-327.79913333333326
-327.79913333333326
-327.7991333333332
-327.79913333333326
-327.79913333333326
-327.79913333333326
-327.79913333333326
-327.79913333333326
-327.79913333333326
-327.7991333333332
-327.79913333333326
-327.79913333333326
-327.79913333333326
-327.7991333333332
-327.7991333333332
-327.79913333333326
-327.79913333333326
-327.79913333333326
-327.79913333333326
-327.7991333333332
-327.79913333333326
-327.7991333333332
-250.0083333333333
-250.0083333333333
-250.00833333333333
-250.0083333333333
-250.00833333333333
-250.0083333333333
-327.79913333333326
-327.79913333333326
-327.7991333333332
-327.79913333333326
-327.79913333333326
74.12
74.12
74.12
74.12
74.11999999999999
74.12
74.12
-323.31838325333325
-327.7991333333332
-327.7991333333332
-327.7991333333332
74.12
74.12
74.12
74.12
-3.6707999999999936
-3.670799999999993
-3.6707999999999936
74.12
-323.3183832533332
-327.79913333333326
-327.7991333333332
-327.79913333333326
74.12
74.12
74.12
74.11999999999999
74.12
74.12
74.12
74.11999999999999
74.12
74.12
-3.670799999999997
74.12
74.12
74.12
74.12000000000002
74.12
74.12
74.12
74.12
74.12
-312.53471139413324
-327.79913333333326
-327.79913333333326
-327.7991333333332
-327.79913333333326
74.12
74.11999999999999
74.12
74.12
74.12
74.12
74.11999999999999
74.11999999999999
-309.1293413333333
-327.79913333333326
-327.79913333333326
74.12
74.12
74.12
74.12
74.12
74.12
74.12
74.12
-305.7239712725333
-327.79913333333326
-327.79913333333326
-327.7991333333332
-327.79913333333326
74.12
74.12
74.12
74.12
74.12
74.12
74.12
-305.7239712725333
-323.31838325333325
-327.79913333333326
-327.79913333333326
-302.8971766529364
74.11999999999999
74.11999999999999
74.12
74.12
74.12
74.12
74.12
-312.53471139413324
-327.79913333333326
-327.79913333333326
-327.7991333333332
-327.79913333333326
74.12
74.12
74.12
74.12
74.12
74.12
74.11999999999999
-327.79913333333326
-327.79913333333326
-327.79913333333326
-327.79913333333326
-327.79913333333326
-327.7991333333333
74.11999999999999
74.12
74.12
74.12
74.12
74.12
74.12
-309.12934133333323
-327.79913333333326
-327.79913333333326
74.11999999999999
74.12
74.12
74.12
74.12
74.12
74.12
74.12
-320.7303020071253
-327.79913333333326
-327.79913333333326
-327.79913333333326
-327.79913333333326
-327.79913333333326
74.12
74.12
74.12
74.12
74.12
74.11999999999999
-327.79913333333326
-327.79913333333326
-327.79913333333326
-327.7991333333332
-327.79913333333326
74.12
74.12
74.12
74.12
74.11999999999999
74.12
74.12000000000002
74.12
-309.1293413333333
-327.7991333333332
-327.79913333333326
74.12
74.12
74.12
74.12
74.12
74.12000000000002
74.12
74.12
-312.5347113941333
-327.79913333333326
-327.7991333333332
-327.79913333333326
-327.79913333333326
74.12
74.12
74.12
74.12
74.12000000000002
74.12
74.12
-312.53471139413324
-327.7991333333332
-327.7991333333332
-327.79913333333326
-327.7991333333332
74.12
74.12
74.12
74.12
74.12
74.12
74.12
74.12000000000002
-309.1293413333333
-327.79913333333326
-327.7991333333332
74.12
74.12
74.12
74.12
74.12
74.11999999999999
74.12
74.11999999999999
-312.53471139413324
-327.79913333333326
-327.79913333333326
-327.7991333333332
-327.79913333333326
74.12
74.12000000000002
74.12
74.12
74.11999999999999
74.12
74.11999999999999
-327.79913333333326
-327.79913333333326
-327.79913333333326
-327.79913333333326
-327.79913333333326
-327.79913333333326
-327.79913333333326
-327.79913333333326
-327.7991333333332
-327.79913333333326
-327.79913333333326
-327.79913333333326
-327.7991333333332
-327.79913333333326
-327.79913333333326
-327.7991333333332
-327.7991333333332
-327.7991333333332
74.12
74.12
74.12
74.12
74.12
74.12
-323.31838325333325
-327.7991333333332
-327.79913333333326
-327.7991333333332
74.11999999999999
74.12
74.12
74.11999999999999
74.11999999999999
74.12
74.12
74.12
-323.3183832533332
-327.79913333333326
-327.79913333333326
-327.7991333333332
-327.79913333333326
74.12
74.12
74.12
74.11999999999999
74.12
74.12
74.12
-323.31838325333325
-327.7991333333332
-327.7991333333332
-327.7991333333332
74.12
74.12
74.12
74.12
74.12
74.12
74.12
74.12
-305.7239712725333
-323.31838325333325
-327.79913333333326
-327.7991333333332
-327.7991333333332
74.12
74.12
74.12
74.12
74.12
74.12
74.12
-327.79913333333326
-327.79913333333326
-327.79913333333326
-327.79913333333326
-327.7991333333332
-312.7428494623655
-308.24993949389034
-320.7303020071253
-327.79913333333326
-327.79913333333326
-327.7991333333332
-322.53316774660664
-325.520778170672
-327.79913333333326
-327.7991333333332
-327.79913333333326
-327.79913333333326
74.12
74.12
74.12
74.12
74.12
74.11999999999999
74.12
-314.5016531412513
-327.79913333333326
-327.79913333333326
-327.79913333333326
-327.7991333333332
-312.74284946236554
-300.6006850502947
-327.79913333333326
-214.4722654873396
74.12
74.12
74.11999999999999
-312.5347113941333
-327.7991333333332
-327.79913333333326
-327.7991333333332
-327.79913333333343
74.12
74.12
74.12
74.12
74.11999999999999
74.12
74.11999999999999
74.12
-3.670799999999998
-3.6707999999999976
74.12
74.12
74.12
74.12
52.38
52.38
-250.00833333333335
-250.00833333333338
-317.18665769238805
-327.7991333333332
-327.79913333333326
-327.79913333333326
-327.79913333333326
-327.7991333333332
-327.7991333333332
-327.79913333333326
-327.7991333333332
-327.79913333333326
-327.79913333333326
-327.79913333333326
-327.7991333333332
-327.79913333333326
-327.79913333333326
-327.79913333333326
-327.79913333333326
-327.7991333333332
-327.79913333333326
-327.79913333333326
-327.7991333333332
-327.7991333333332
-327.79913333333326
-319.2354262793155
-319.23542627931545
-327.7991333333332
-327.79913333333326
-327.79913333333326
-327.7991333333332
-327.7991333333332
-313.41119486034216
-314.5016531412513
-327.7991333333332
-327.79913333333326
-327.7991333333332
-327.79913333333326
-324.26471767022923
-327.79913333333326
-327.79913333333326
-327.79913333333326
-327.79913333333326
-327.79913333333326
74.12
74.12
74.12
74.12
74.12
74.12
74.12
-323.3183832533332
-327.79913333333326
-327.7991333333332
-327.79913333333326
74.12
74.12
74.12
74.11999999999999
-3.6707999999999976
-3.6707999999999976
74.12
74.12
-312.5347113941333
-327.79913333333326
-327.79913333333326
-327.79913333333326
-327.7991333333332
74.12
74.11999999999999
74.12000000000002
52.38
52.379999999999995
74.12
74.12
-327.7991333333332
-327.7991333333332
-327.79913333333326
-327.79913333333326
74.12
74.12
74.12
74.12000000000002
74.12000000000002
74.12
74.12
74.12
-300.11646190574925
-312.53471139413324
-327.79913333333326
-327.7991333333332
74.12
74.12
74.12
-317.3227117726457
-327.79913333333326
-327.79913333333326
-327.79913333333326
-327.7991333333332
-327.79913333333326
-327.79913333333326
-327.79913333333326
-327.79913333333326
-327.79913333333326
-327.7991333333332
-327.79913333333326
-327.79913333333326
-327.7991333333332
-327.79913333333326
-327.79913333333326
-323.51727980632444
-327.79913333333326
-327.7991333333332
-327.7991333333332
-327.79913333333326
-327.79913333333326
-327.79913333333326
-327.79913333333326
74.12
74.12
74.12
74.12
74.12
-317.0914217194558
-327.79913333333326
-327.7991333333332
-327.79913333333326
-327.79913333333326
-327.7991333333332
-327.79913333333326
-327.79913333333326
-327.79913333333326
-327.7991333333332
-327.79913333333326
-327.79913333333326
-327.7991333333332
-327.79913333333326
-327.79913333333326
-327.79913333333326
-327.79913333333326
-322.4452775263944
-327.79913333333326
-327.79913333333326
-327.79913333333326
-327.7991333333332
-327.7991333333332
-327.79913333333326
-327.79913333333326
-327.79913333333326
-327.79913333333326
-327.79913333333326
-327.79913333333326
-327.7991333333332
-327.79913333333326
-327.79913333333326
-327.79913333333326
-327.79913333333326
-312.7428494623655
-312.7428494623655
-327.79913333333326
-327.7991333333332
-327.79913333333326
-327.7991333333332
-327.7991333333332
-327.7991333333332
-327.79913333333326
-327.79913333333326
-327.79913333333326
-327.79913333333326
-313.41119486034216
-314.5016531412514
-327.79913333333326
-327.7991333333332
-327.79913333333326
-327.79913333333326
-327.79913333333326
-327.7991333333332
-327.7991333333332
-327.79913333333326
-327.7991333333332
-327.7991333333332
-327.79913333333326
-327.79913333333326
-327.79913333333326
-327.79913333333326
-327.7991333333332
-327.79913333333326
-327.79913333333326
-327.7991333333332
-327.79913333333326
-327.7991333333332
-327.79913333333326
-327.79913333333326
74.12
74.12
-327.79913333333326
-327.79913333333326
-327.79913333333326
-327.7991333333332
-327.79913333333326
-327.7991333333332
-327.7991333333332
-327.79913333333326
-327.79913333333326
-327.79913333333326
-316.67300279606053
-316.67300279606053
-327.79913333333326
-327.79913333333326
-327.79913333333326
-327.79913333333326
-327.79913333333326
-327.79913333333326
-327.79913333333326
-327.79913333333326
-327.79913333333326
-327.79913333333326
-312.7428494623655
-312.63878042824933
-327.79913333333326
-327.79913333333326
-327.79913333333326
-327.79913333333326
74.12
74.12
-323.3183832533333
-327.7991333333332
-327.79913333333326
-327.7991333333332
74.11999999999999
74.12
74.12000000000002
-3.670799999999998
-3.6707999999999976
74.12
74.12
74.12
74.12
74.12
74.12000000000002
74.11999999999999
74.12
74.12
74.12
52.379999999999995
52.38
74.12
74.12
74.12
74.12
74.12
74.12
74.12
74.12
74.11999999999999
-312.53471139413324
-327.7991333333332
-327.7991333333332
-327.79913333333326
-250.00833333333333
-250.00833333333333
-317.41881567286316
-327.7991333333332
-327.7991333333332
-327.79913333333326
-327.7991333333332
-327.79913333333326
-327.79913333333326
-327.79913333333326
-327.79913333333326
-327.79913333333326
-327.7991333333332
-327.79913333333326
-327.79913333333326
-327.79913333333326
-327.79913333333326
-327.7991333333332
74.12000000000002
74.12
74.12000000000002
-3.6707999999999985
-3.670800000000001
74.12
74.12000000000002
74.11999999999999
74.12
52.38000000000001
-312.53471139413324
-327.79913333333326
-327.7991333333332
-321.1503932372923
-327.7991333333332
-327.7991333333332
-327.79913333333326
-327.7991333333332
-327.79913333333326
-327.79913333333326
52.38
52.38
52.38
74.12
74.12
74.12
-312.5347113941332
-327.79913333333326
-327.79913333333326
-327.79913333333326
-327.7991333333332
74.12
74.12
74.12
74.12
74.11999999999999
74.12
74.12
-309.1293413333332
-327.7991333333332
-327.79913333333326
-327.79913333333326
74.12
74.12
74.11999999999999
74.12000000000002
74.12
74.12
74.12
74.12
52.38
-327.7991333333332
-327.79913333333326
52.38000000000001
74.12
74.12
74.11999999999999
74.12
74.12
74.11999999999999
74.11999999999999
74.12
-327.79913333333326
-327.79913333333326
-327.7991333333332
-327.7991333333332
-327.7991333333332
-327.7991333333332
-327.79913333333326
-327.79913333333326
-327.7991333333334
74.12
74.12
74.12
-320.73030200712526
-327.79913333333326
-327.7991333333332
-327.7991333333332
-312.7428494623655
-300.78000442950554
-301.072578153481
-317.18915482811076
-327.79913333333326
-327.79913333333326
-327.7991333333332
-327.79913333333326
-327.7991333333332
-327.7991333333332
-327.79913333333326
-327.7991333333332
-327.79913333333326
-327.7991333333332
-327.79913333333326
-327.79913333333326
-327.79913333333326
-327.7991333333332
-327.79913333333326
-327.7991333333332
-327.7991333333332
-327.79913333333326
-327.79913333333326
-327.79913333333326
-327.79913333333326
-327.79913333333326
-327.79913333333326
-327.7991333333332
-327.79913333333326
-327.79913333333326
74.12
74.12
-323.31838325333325
-327.79913333333326
-327.79913333333326
-327.79913333333326
74.12
74.12
74.12000000000002
52.38000000000001
52.379999999999995
52.38
74.12
74.12
74.11999999999999
-310.08103157333323
-327.7991333333332
-327.79913333333326
52.38
-20.1932
-20.1932
-25.410800000000005
74.12
74.12
74.11999999999999
74.12
74.12
-250.0083333333332
-250.00833333333324
-327.7991333333332
74.12
74.12000000000002
74.11999999999999
74.12
74.11999999999999
74.12
74.12
74.12
-323.31838325333325
-327.79913333333326
-327.79913333333326
-327.79913333333326
74.12
74.11999999999999
74.11999999999999
74.12
74.12
74.12
74.12
74.12
-323.3183832533333
-327.79913333333326
-327.7991333333332
-327.79913333333326
74.12
74.12000000000002
74.12
74.12
74.11999999999999
74.12
74.12
74.12000000000002
74.12
74.12
74.12
74.12
74.12
74.12
74.12000000000002
74.12
74.12
74.11999999999999
74.12
74.11999999999999
74.11999999999999
-3.670799999999985
-3.6707999999999856
-3.670799999999997
74.12000000000002
74.12
74.12
74.12
74.12
74.12
74.12
74.12
74.11999999999999
-319.2354262793154
-327.79913333333326
-327.79913333333326
-327.7991333333332
-327.79913333333326
-327.79913333333326
-312.7428494623655
-312.7428494623655
-316.57721717144045
-308.82089213053
-317.187588275815
-327.79913333333326
-327.79913333333326
-327.7991333333332
-327.79913333333326
-327.79913333333326
-327.7991333333332
-327.79913333333326
-327.79913333333326
-327.79913333333326
-327.79913333333326
-327.79913333333326
-327.7991333333332
-327.79913333333326
-327.79913333333326
-327.7991333333332
-327.79913333333326
-327.79913333333326
-327.7991333333332
-327.79913333333326
-327.7991333333332
-327.79913333333326
-327.79913333333326
-327.79913333333326
-327.79913333333326
-327.79913333333326
-327.7991333333332
-327.79913333333326
-327.79913333333326
-327.79913333333326
-327.7991333333332
74.12
74.11999999999999
74.12
74.12
74.11999999999999
74.12
-250.00833333333324
-309.1293413333333
-327.7991333333332
-327.7991333333332
74.12
74.11999999999999
74.11999999999999
74.12000000000002
74.12
74.12
74.12
74.12
74.12
74.12
-3.6707999999999976
74.12
74.12000000000002
74.12
74.12
74.12
74.12
74.12
74.12
74.12
74.12
-3.6707999999999976
-3.670799999999998
74.12000000000002
74.12000000000002
74.12
74.11999999999999
74.12
74.12
74.12
74.12
74.12
74.12
74.12
74.12
74.12
74.12
74.12
74.12
74.12
-317.1912967798032
-327.79913333333326
-327.7991333333332
-327.7991333333332
-327.79913333333326
-327.7991333333332
-327.79913333333326
-327.79913333333326
-327.79913333333326
-327.79913333333326
-327.79913333333326
-327.79913333333326
-327.79913333333326
-327.79913333333326
-327.79913333333326
-327.7991333333332
-327.7991333333332
-327.79913333333326
-327.7991333333332
-327.79913333333326
-327.7991333333332
-327.79913333333326
-327.79913333333326
-327.7991333333332
-327.79913333333326
-327.79913333333326
-327.79913333333326
-327.79913333333326
-327.79913333333326
-327.79913333333326
-327.79913333333326
-327.79913333333326
-327.79913333333326
-327.79913333333326
-327.79913333333326
-327.79913333333326
-327.79913333333326
-327.79913333333326
-327.7991333333332
-327.79913333333326
-327.79913333333326
-327.79913333333326
-327.79913333333326
-327.79913333333326
-327.7991333333332
-327.79913333333326
-327.79913333333326
-327.79913333333326
-327.7991333333332
-327.79913333333326
-327.79913333333326
-327.7991333333332
-327.79913333333326
-327.7991333333332
-327.7991333333332
-327.79913333333326
-327.79913333333326
-327.79913333333326
-327.79913333333326
-327.79913333333326
-327.79913333333326
-327.79913333333326
-327.79913333333326
-327.79913333333326
-327.79913333333326
-327.7991333333332
-327.79913333333326
-3.6708000000000003
74.12
74.12
74.12
74.12
74.12
74.12
74.12
74.12
-314.5016531412513
-327.79913333333326
-327.79913333333326
-327.79913333333326
-327.79913333333326
-327.79913333333326
-327.79913333333326
-327.79913333333326
-327.79913333333326
-327.7991333333332
-327.79913333333326
-327.7991333333332
-327.79913333333326
-327.79913333333326
-327.79913333333326
-327.7991333333332
-322.4635650232467
-327.79913333333326
-327.79913333333326
-327.79913333333326
-327.79913333333326
-327.79913333333326
-327.79913333333326
-327.79913333333326
-327.79913333333326
-327.79913333333326
-327.79913333333326
-327.79913333333326
-288.8095044358152
-301.06250583659886
-317.18487610078796
-327.79913333333326
-327.79913333333326
-327.79913333333326
-327.79913333333326
-327.7991333333332
-327.79913333333326
-327.79913333333326
-327.7991333333332
-327.7991333333332
-327.7991333333332
-327.79913333333326
-327.7991333333332
-327.79913333333326
-327.79913333333326
-327.7991333333332
-327.79913333333326
-327.79913333333326
-327.79913333333326
-327.79913333333326
-327.79913333333326
-327.79913333333326
-327.79913333333326
-327.79913333333326
-327.79913333333326
-327.79913333333326
-327.79913333333326
-327.79913333333326
-250.00833333333347
-250.0083333333335
-316.29397326187774
-327.79913333333326
-327.79913333333326
-327.7991333333332
-327.79913333333326
-327.7991333333332
-327.79913333333326
-327.79913333333326
-327.79913333333326
-327.79913333333326
-250.00833333333318
-250.00833333333316
-323.31838325333314
-327.79913333333326
-327.79913333333326
-327.79913333333326
-325.55875829333326
-327.79913333333326
-327.79913333333326
-327.79913333333326
74.12
74.12
74.12
74.12
74.12
-309.12934133333323
-327.79913333333326
-327.79913333333326
74.12
74.12
74.12
74.12
74.11999999999999
74.11999999999999
74.12
74.12
74.12
74.12
-3.6707999999999976
74.12
74.12000000000002
74.12
74.12000000000002
74.12
74.11999999999999
52.38
74.12
74.12
-317.32271177264573
-327.79913333333326
-327.79913333333326
-327.79913333333326
-327.7991333333332
-327.7991333333332
-327.79913333333326
-327.79913333333326
-327.79913333333326
-327.79913333333326
-327.79913333333326
-327.7991333333332
-327.79913333333326
-327.79913333333326
-327.79913333333326
-327.79913333333326
-327.7991333333332
-327.79913333333326
74.12
74.12
74.12
74.12
74.12
74.12
74.11999999999999
-327.79913333333326
-327.79913333333326
-327.7991333333332
-314.4621034874211
-317.2672021598801
-327.79913333333326
-327.79913333333326
-327.79913333333326
-327.7991333333332
-327.79913333333326
-327.7991333333332
-327.79913333333326
-327.79913333333326
-327.79913333333326
-327.79913333333326
-327.79913333333326
-327.79913333333326
-327.79913333333326
-327.79913333333326
-327.79913333333326
-327.79913333333326
-327.79913333333326
-315.77808142937425
-320.73030200712526
-327.79913333333326
-327.7991333333332
-327.7991333333332
-327.79913333333326
-327.7991333333332
52.38
74.12
74.11999999999999
74.12
74.12
74.12
74.11999999999999
74.12
-3.6707999999999976
74.12
74.12
74.12
74.12
74.12
74.12
74.12
74.12
74.12
74.12
74.12
74.12000000000002
74.12
74.12
74.12
74.12
74.12
-317.58520054166047
-327.79913333333326
-327.79913333333326
-327.7991333333332
-327.7991333333332
-327.79913333333326
-327.7991333333332
-327.7991333333332
-327.7991333333332
-327.79913333333326
-327.7991333333332
-327.79913333333326
-327.79913333333326
-327.7991333333332
74.12
74.12
74.12
74.12
74.12
-3.6707999999999976
74.12
-316.89193025500447
-327.79913333333326
-327.79913333333326
-327.79913333333326
-327.79913333333326
-327.79913333333326
-327.79913333333326
-327.79913333333326
-327.79913333333326
-327.79913333333326
-327.79913333333326
-327.7991333333332
-327.79913333333326
-327.79913333333326
-327.79913333333326
74.12
74.12
74.12
74.12
74.12
-327.79913333333326
-327.7991333333332
-327.79913333333326
52.38
52.38
-300.38541967902705
-316.29397326187774
-327.79913333333326
-327.7991333333332
-327.79913333333326
-327.7991333333332
-327.79913333333326
-327.7991333333332
-327.79913333333326
-327.79913333333326
-324.2647176702292
-327.7991333333332
-327.79913333333326
-327.7991333333332
-327.79913333333326
-327.79913333333326
74.12
74.12
74.12
74.12
-250.0083333333332
-327.79913333333326
74.12
74.11999999999999
-301.06952783855576
-317.19411557704706
-327.7991333333332
-327.79913333333326
-327.79913333333326
-327.79913333333326
-327.7991333333332
-327.79913333333326
-327.79913333333326
-327.79913333333326
-327.7991333333332
-327.7991333333332
-327.79913333333326
-327.79913333333326
-327.79913333333326
-327.79913333333326
-327.79913333333326
-327.7991333333332
-327.79913333333326
-327.79913333333326
-327.79913333333326
-327.79913333333326
-327.79913333333326
-327.79913333333326
-327.79913333333326
-327.79913333333326
-327.79913333333326
-327.79913333333326
-327.79913333333326
-327.7991333333332
-327.7991333333332
-327.79913333333326
-327.7991333333333
74.12
74.12
74.12
74.12
74.11999999999999
-312.53471139413324
-327.7991333333332
-327.79913333333326
-312.7428494623655
-312.63878042824933
-327.79913333333326
-327.79913333333326
-327.7991333333332
-327.79913333333326
74.12
74.11999999999999
74.12
74.12
-288.81313358499125
-301.06728103288316
-317.1911592537936
-327.7991333333332
-327.79913333333326
-327.79913333333326
-327.79913333333326
-327.7991333333332
-327.7991333333332
-327.79913333333326
-327.79913333333326
-327.79913333333326
-327.7991333333332
-327.79913333333326
-327.79913333333326
-327.7991333333332
-327.79913333333326
-327.79913333333326
-327.79913333333326
-327.79913333333326
-327.79913333333326
-327.7991333333332
-327.79913333333326
-327.79913333333326
-327.79913333333326
-327.79913333333326
-327.79913333333326
-327.7991333333332
-327.79913333333326
-327.7991333333332
-327.7991333333332
-327.7991333333332
-327.79913333333326
-327.79913333333326
-327.7991333333332
-327.7991333333332
-327.79913333333326
-327.79913333333326
-327.79913333333326
-327.7991333333332
-327.7991333333332
-327.79913333333326
-327.79913333333326
-323.3966280686438
-327.79913333333326
-327.79913333333326
-327.79913333333326
-327.79913333333326
-327.79913333333326
-327.79913333333326
-327.7991333333332
52.38
-25.410800000000002
-3.6707999999999963
74.12
74.12
74.12
74.12
74.12
74.11999999999999
74.12
74.12
74.12
74.12
-3.670799999999997
74.12
74.12
74.12
74.12
74.12
74.11999999999999
74.12
-327.79913333333326
-327.79913333333326
-327.79913333333326
-327.7991333333332
-327.79913333333326
-327.79913333333326
-327.7991333333332
-327.79913333333326
-327.79913333333326
-327.79913333333326
-327.79913333333326
-327.79913333333326
-327.79913333333326
-327.7991333333332
-327.7991333333332
-327.7991333333332
-327.7991333333332
-327.7991333333332
-314.69240660196965
-317.8732629876395
-327.79913333333326
-327.79913333333326
-327.79913333333326
-327.79913333333326
-327.79913333333326
-327.79913333333326
-327.79913333333326
-327.7991333333332
-327.79913333333326
-327.7991333333332
-327.79913333333326
74.12
74.12
74.12
74.12
-317.19135742367337
-327.79913333333326
-327.79913333333326
-327.79913333333326
-327.79913333333326
-327.79913333333326
-327.7991333333332
-327.7991333333332
-327.7991333333332
-327.7991333333332
-327.7991333333332
-327.7991333333332
-327.7991333333332
-327.7991333333332
-327.7991333333332
-327.79913333333326
-327.79913333333326
-327.7991333333332
-327.79913333333326
-327.7991333333332
-327.7991333333332
-327.7991333333332
-327.7991333333332
-327.7991333333332
-327.7991333333332
-327.79913333333326
-327.79913333333326
-327.79913333333326
-327.79913333333326
-327.79913333333326
-327.79913333333326
-327.79913333333326
-327.79913333333326
-327.79913333333326
-327.79913333333326
-327.79913333333326
-327.79913333333326
-327.79913333333326
-327.79913333333326
-327.79913333333326
-327.79913333333326
-327.7991333333332
-327.7991333333332
-327.79913333333326
-327.79913333333326
-327.7991333333332
74.12
74.12
74.12
74.12
74.12
74.12
74.12
74.12
74.12
74.12
74.12
74.12
74.12
74.12
74.11999999999999
74.12
74.12
74.12
74.12
74.12
74.12
74.12
74.11999999999999
74.12
-312.53471139413324
-327.79913333333326
-327.79913333333326
-327.79913333333326
-327.7991333333332
74.12
74.11999999999999
-3.6707999999999976
74.12
74.12
74.12
74.11999999999999
74.12
74.12
74.12
74.12
74.11999999999999
74.12
74.11999999999999
74.12
74.12
74.11999999999999
74.12
74.12000000000002
74.11999999999999
74.12
74.12
74.12
74.12
74.12
74.12
74.12
74.12
74.12
74.12
74.12
74.11999999999999
74.12
74.12
-323.31838325333325
-327.79913333333326
-312.7428494623654
-310.9360953978494
-327.7991333333332
-327.79913333333326
74.12
74.12
-3.6707999999999976
-3.6707999999999976
74.12
74.12
-3.670799999999997
-3.670799999999997
74.12
74.12
74.12000000000002
74.12
74.12
74.11999999999999
74.12
74.12
74.12
74.12
74.12
74.11999999999999
74.12
74.12
74.12
74.12
74.12000000000002
74.12
74.12
74.12
74.12
74.12
74.12
74.11999999999999
74.12
74.12
74.12
74.12
74.12
74.12
74.12
74.12
74.12
74.12000000000002
74.12
74.12
74.12
74.12
74.12
74.12
74.12
74.12
74.12
74.12
74.12
74.12
74.12
74.12
74.12
74.12
74.12
74.12
74.12
74.12
74.12
74.12
74.12
74.12
74.12
74.12
74.12
74.12
74.11999999999999
74.12
74.12
74.12
74.12
74.12
74.12000000000002
74.12
74.12
74.12
74.12
74.12
74.12
74.11999999999999
74.12
74.12
74.12
74.11999999999999
74.12
74.11999999999999
74.12
74.12
74.12
74.12
74.12
74.12
74.12000000000002
74.12
74.12
74.12
74.12
74.12
74.12
74.12
74.12
74.12
74.12
74.12
74.12
74.12
74.12
74.12
74.12
74.12
74.12
74.12
74.12
74.11999999999999
-312.53471139413324
-327.79913333333326
-327.79913333333326
-322.21755219744244
-327.79913333333326
-327.79913333333326
-327.79913333333326
-327.79913333333326
-327.79913333333326
-327.79913333333326
-312.7428494623654
-300.60068505029477
74.12
74.12
74.12
74.12
74.12
74.11999999999999
74.12
74.11999999999999
74.12
74.12
74.12
74.12
74.12
74.12
74.12
74.11999999999999
74.12
74.12
74.12
74.12
74.12
74.12
74.12
74.11999999999999
74.12
74.11999999999999
74.11999999999999
74.12000000000002
74.12
74.12
74.12
-317.4188156728631
-327.7991333333332
-327.79913333333326
-327.79913333333326
-327.7991333333332
-327.79913333333326
-327.79913333333326
-327.7991333333332
-327.79913333333326
-327.79913333333326
-327.79913333333326
-327.79913333333326
-327.79913333333326
-327.79913333333326
-327.79913333333326
-327.7991333333332
74.12
74.12
74.12
74.12
74.12
74.12
74.12
74.12
74.11999999999999
74.12
74.12
74.12
74.12
74.11999999999999
74.12
74.12
74.12
74.12
74.11999999999999
74.12
74.12
74.12
74.12
74.12
74.12
74.12
74.12
74.12000000000002
74.12
74.12
74.12
74.12
74.12
74.11999999999999
-288.94462793264563
-301.24029991137587
-317.418815672863
-327.79913333333326
-327.79913333333326
-327.79913333333326
-327.7991333333332
-327.79913333333326
-327.79913333333326
-327.79913333333326
-327.7991333333332
-327.79913333333326
-327.79913333333326
-327.79913333333326
-327.79913333333326
-327.7991333333332
-327.79913333333326
-327.7991333333332
74.11999999999999
74.12
74.12
74.12000000000002
74.12
74.12
74.12000000000002
74.12
74.12
74.12
74.11999999999999
74.12
74.12
74.12
74.12
74.12
74.12
74.12
74.12
74.12
74.12
74.12000000000002
74.12
74.12
74.12
74.12
74.12
74.12
74.12
74.12
74.12
74.12000000000002
74.12
74.12
-323.3183832533333
-327.7991333333332
-312.7428494623655
-312.74284946236554
-327.79913333333326
74.12
74.12
74.12
74.12
74.12
74.12000000000002
-3.670799999999997
-3.6707999999999976
74.12000000000002
74.11999999999999
74.12
74.12
74.12
74.12
74.12
74.12
74.12
74.12
-3.670799999999997
-3.6707999999999976
-3.6707999999999976
74.12
74.11999999999999
74.12
74.12
74.12
74.12
74.11999999999999
74.12
74.12
74.12
-327.79913333333326
-327.79913333333326
-318.46423733333324
-327.7991333333332
-327.79913333333326
74.12
74.12
74.11999999999999
74.12
74.12
-312.53471139413324
-327.79913333333326
-327.7991333333332
-327.79913333333326
-327.79913333333326
-327.79913333333326
-327.79913333333326
-327.79913333333326
-327.79913333333326
-327.79913333333326
-327.79913333333326
74.12
74.12
74.12
74.12
74.12
74.12
74.12
74.11999999999999
74.12
74.11999999999999
74.12
74.12
74.12
74.12
74.12
-312.5347113941333
-327.79913333333326
-327.79913333333326
-327.79913333333326
-250.00833333333327
-250.00833333333327
-301.9647094047888
-318.3719860589326
-327.79913333333326
-327.79913333333326
-327.7991333333332
-327.7991333333332
-327.7991333333332
-327.79913333333326
-327.79913333333326
-327.79913333333326
-327.7991333333332
52.38315747974666
74.11999999999999
74.12
74.12
74.12
-3.6707999999999976
74.12
-3.670799999999999
74.12
74.12
-3.6707999999999945
-3.670799999999993
74.12
74.12
74.12000000000002
74.12
74.12
74.12
74.12
74.11999999999999
74.12
74.12
74.12
74.12000000000002
74.12
74.11999999999999
74.12
74.12
74.12
74.12
74.12
-317.1910585418863
-327.79913333333326
-327.79913333333326
-327.7991333333332
-327.7991333333332
-327.7991333333332
-327.7991333333332
-327.79913333333326
-327.79913333333326
-327.79913333333326
-327.79913333333326
-327.7991333333332
-327.79913333333326
-327.7991333333332
-327.7991333333332
-327.7991333333332
-327.79913333333326
-327.79913333333326
-327.79913333333326
-327.79913333333326
-327.79913333333326
-327.79913333333326
-327.7991333333332
-327.79913333333326
-327.79913333333326
-327.7991333333332
-327.79913333333326
-327.79913333333326
-327.79913333333326
-327.79913333333326
-327.79913333333326
-327.79913333333326
-327.79913333333326
-327.79913333333326
-327.79913333333326
-327.79913333333326
-327.79913333333326
-327.79913333333326
-327.79913333333326
-327.79913333333326
-327.79913333333326
74.12
74.12
74.12
74.11999999999999
74.12
74.12
74.12
-3.6707999999999976
74.12
74.12
74.12
74.12
74.12
74.12000000000002
-20.19320000000001
-20.19320000000001
52.379999999999995
52.37999999999999
-299.8866966077339
-315.6377586943867
-327.7991333333332
-327.79913333333326
-327.79913333333326
-327.79913333333326
-327.79913333333326
-327.79913333333326
-327.79913333333326
-327.79913333333326
74.11999999999999
74.12000000000002
74.12
74.12
74.12
74.12
74.12
74.12
74.11999999999999
74.12
74.12
74.12
74.12000000000002
74.12
74.12
74.12
74.12
74.12
74.12
74.12
74.12
74.11999999999999
74.12
74.12
74.12
74.12000000000002
74.12
74.12
74.11999999999999
74.12
74.12
74.12
74.12
74.12
74.12
74.12000000000002
74.12
74.12
74.12
74.12
74.11999999999999
74.12
74.12
74.12
74.12
