PumpedStor,BatteryStor
0.0,0.0
0.0,0.0
6246.237836531652,0.0
6071.459244235945,0.0
6204.290974380682,0.0
369.3417958792095,0.0
0.0,0.0
0.0,0.0
856.2666293819034,0.0
0.0,0.0
0.0,0.0
0.0,0.0
0.0,0.0
0.0,0.0
0.0,0.0
0.0,0.0
0.0,0.0
0.0,0.0
0.0,0.0
0.0,0.0
0.0,0.0
0.0,0.0
0.0,0.0
0.0,0.0
0.0,0.0
0.0,0.0
0.0,0.0
0.0,0.0
0.0,0.0
0.0,0.0
0.0,0.0
0.0,0.0
0.0,0.0
0.0,0.0
0.0,0.0
0.0,0.0
0.0,0.0
0.0,0.0
0.0,0.0
0.0,0.0
0.0,0.0
0.0,0.0
0.0,0.0
0.0,0.0
0.0,0.0
0.0,0.0
0.0,0.0
0.0,0.0
0.0,0.0
0.0,0.0
0.0,0.0
0.0,0.0
0.0,0.0
0.0,0.0
0.0,0.0
0.0,0.0
2629.7567053883795,0.0
0.0,0.0
0.0,0.0
0.0,0.0
0.0,0.0
0.0,0.0
0.0,0.0
0.0,0.0
0.0,0.0
0.0,0.0
0.0,0.0
0.0,0.0
0.0,0.0
3054.5297559035807,0.0
0.0,0.0
0.0,0.0
0.0,0.0
0.0,0.0
0.0,0.0
2637.6658885448896,0.0
0.0,0.0
0.0,0.0
0.0,0.0
0.0,0.0
0.0,0.0
0.0,0.0
0.0,0.0
0.0,0.0
0.0,0.0
0.0,0.0
2569.1580206561566,0.0
3106.3009574035004,0.0
0.0,0.0
3822.6753544000694,0.0
7913.366730655948,0.0
4804.441284701479,0.0
7167.224623626876,0.0
5371.509286043575,0.0
6736.252942606883,0.0
5699.047763618769,0.0
6487.323699649736,0.0
5888.233988266203,0.0
6343.5421689176865,0.0
5997.507951622558,0.0
6260.493956766856,0.0
6060.62459285719,0.0
6212.5253094285345,0.0
6097.080764834313,0.0
6184.8186187259225,0.0
6118.137849768298,0.0
6168.815234176095,0.0
6130.300422026169,0.0
0.0,0.0
0.0,0.0
0.0,0.0
0.0,0.0
0.0,0.0
0.0,0.0
0.0,0.0
0.0,0.0
0.0,0.0
0.0,0.0
0.0,0.0
0.0,0.0
0.0,0.0
0.0,0.0
0.0,0.0
0.0,0.0
0.0,0.0
0.0,0.0
0.0,0.0
0.0,0.0
0.0,0.0
0.0,0.0
0.0,0.0
0.0,0.0
0.0,0.0
0.0,0.0
0.0,0.0
13769.855328725382,0.0
-1.5857581978855425e-12,0.0
0.0,0.0
6550.055663892744,0.0
5840.5576954415155,0.0
2453.539081878295,0.0
6368.880631259854,0.0
6824.809095413708,0.0
5631.745087485581,0.0
0.0,0.0
0.0,0.0
0.0,0.0
0.0,0.0
0.0,0.0
0.0,0.0
0.0,0.0
0.0,0.0
0.0,0.0
0.0,0.0
0.0,0.0
0.0,0.0
2587.833283757203,0.0
0.0,0.0
0.0,0.0
0.0,0.0
0.0,0.0
0.0,0.0
0.0,0.0
0.0,0.0
0.0,0.0
0.0,0.0
0.0,0.0
0.0,0.0
0.0,0.0
0.0,0.0
0.0,0.0
0.0,0.0
0.0,0.0
0.0,0.0
0.0,0.0
13588.384784912367,0.0
0.0,0.0
0.0,0.0
0.0,0.0
0.0,0.0
0.0,0.0
6737.176324394493,0.0
5698.345993460186,0.0
6487.857044970261,0.0
5887.828645822601,0.0
6343.850229174823,0.0
5997.273825827136,0.0
6260.671892371377,0.0
6060.489361797754,0.0
6212.628085033707,0.0
6097.002655374384,0.0
6184.87798191547,0.0
6118.092733744244,0.0
6168.849522354377,0.0
6130.274363010675,0.0
6159.591484111888,0.0
0.0,0.0
0.0,0.0
0.0,0.0
0.0,0.0
0.0,0.0
0.0,0.0
0.0,0.0
0.0,0.0
0.0,0.0
0.0,0.0
0.0,0.0
0.0,0.0
0.0,0.0
0.0,0.0
0.0,0.0
0.0,0.0
0.0,0.0
0.0,0.0
0.0,0.0
0.0,0.0
0.0,0.0
0.0,0.0
0.0,0.0
0.0,0.0
0.0,0.0
0.0,0.0
0.0,0.0
0.0,0.0
0.0,0.0
0.0,0.0
0.0,0.0
0.0,0.0
0.0,0.0
0.0,0.0
0.0,0.0
0.0,0.0
0.0,0.0
0.0,0.0
0.0,0.0
0.0,0.0
0.0,0.0
0.0,0.0
0.0,0.0
0.0,0.0
0.0,0.0
0.0,0.0
0.0,0.0
10771.324437941053,0.0
2931.451017706886,0.0
0.0,0.0
0.0,0.0
0.0,0.0
0.0,0.0
0.0,0.0
0.0,0.0
0.0,0.0
0.0,0.0
0.0,0.0
0.0,0.0
0.0,0.0
0.0,0.0
0.0,0.0
0.0,0.0
0.0,0.0
0.0,0.0
0.0,0.0
0.0,0.0
0.0,0.0
0.0,0.0
0.0,0.0
0.0,0.0
1362.4285445697699,0.0
0.0,0.0
0.0,0.0
0.0,0.0
557.9343477378449,0.0
5280.39885761939,0.0
2724.0508100365014,0.0
0.0,0.0
4891.909982832357,0.0
2395.5052786180663,0.0
0.0,0.0
0.0,0.0
0.0,0.0
0.0,0.0
0.0,0.0
0.0,0.0
0.0,0.0
0.0,0.0
0.0,0.0
0.0,0.0
0.0,0.0
0.0,0.0
0.0,0.0
0.0,0.0
2644.263392068284,0.0
3047.296817564921,0.0
0.0,0.0
0.0,0.0
0.0,0.0
0.0,0.0
0.0,0.0
0.0,0.0
0.0,0.0
0.0,0.0
0.0,0.0
0.0,0.0
0.0,0.0
0.0,0.0
0.0,0.0
5048.039348480045,0.0
6982.090095155166,0.0
5512.211527682074,0.0
6629.319238961623,0.0
5780.317378389166,0.0
1922.0940018528709,0.0
0.0,0.0
0.0,0.0
0.0,0.0
0.0,0.0
0.0,0.0
0.0,0.0
0.0,0.0
0.0,0.0
0.0,0.0
14016.329670239747,0.0
0.0,0.0
5082.979199249836,0.0
6955.535808570125,0.0
0.0,0.0
0.0,0.0
1271.2555548908415,0.0
7359.428675340427,0.0
5103.045594212767,0.0
0.0,0.0
0.0,0.0
7942.116089649538,0.0
0.0,0.0
0.0,0.0
5472.947910350464,0.0
5.630835953441359e-14,0.0
0.0,0.0
1971.0243294402228,0.0
9320.621509625433,0.0
3734.9276526846734,0.0
7980.054983959648,0.0
4753.758212190668,0.0
7205.743758735091,0.0
5342.2347433613295,0.0
6758.50159504539,0.0
5682.138787765504,0.0
6500.174521298218,0.0
5878.4673638133545,0.0
3040.2397471621143,0.0
0.0,0.0
5324.996797358822,0.0
8625.896490648249,0.0
0.0,0.0
0.0,0.0
0.0,0.0
0.0,0.0
0.0,0.0
13416.96504825892,0.0
0.0,0.0
0.0,0.0
0.0,0.0
0.0,0.0
0.0,0.0
0.0,0.0
0.0,0.0
0.0,0.0
2444.895532559557,0.0
0.0,0.0
-3.9643954947138566e-13,0.0
0.0,0.0
0.0,0.0
0.0,0.0
0.0,0.0
0.0,0.0
0.0,0.0
0.0,0.0
0.0,0.0
0.0,0.0
0.0,0.0
0.0,0.0
0.0,0.0
14038.21536,0.0
0.0,0.0
0.0,0.0
0.0,0.0
0.0,0.0
2430.1031137522014,0.0
0.0,0.0
10818.6,0.0
2596.464000000001,0.0
8845.28736,0.0
4096.181606400001,0.0
7705.501979135998,0.0
4962.418495856643,0.0
7047.161943148951,0.0
5462.756923206797,0.0
6666.904738362836,0.0
4297.118228058693,0.0
4444.546874566633,0.0
8270.509688872711,0.0
4533.0126364567395,0.0
0.0,0.0
0.0,0.0
0.0,0.0
3942.8738411230197,0.0
0.0,0.0
0.0,0.0
0.0,0.0
0.0,0.0
0.0,0.0
0.0,0.0
0.0,0.0
9840.870225865488,0.0
0.0,0.0
138.67538682051344,0.0
1.759636235450778e-15,0.0
10818.6,0.0
2596.464000000001,0.0
8845.28736,0.0
0.0,0.0
0.0,0.0
0.0,0.0
0.0,0.0
4694.717681782496,0.0
3317.205941121629,0.0
0.0,0.0
0.0,0.0
11620.203678487564,0.0
0.0,0.0
905.2459835027604,0.0
10130.613052537901,0.0
2651.458406104095,0.0
0.0,0.0
0.0,0.0
0.0,0.0
0.0,0.0
0.0,0.0
0.0,0.0
0.0,0.0
0.0,0.0
0.0,0.0
0.0,0.0
0.0,0.0
0.0,0.0
0.0,0.0
0.0,0.0
0.0,0.0
0.0,0.0
0.0,0.0
0.0,0.0
0.0,0.0
0.0,0.0
0.0,0.0
0.0,0.0
0.0,0.0
0.0,0.0
0.0,0.0
0.0,0.0
0.0,0.0
0.0,0.0
0.0,0.0
0.0,0.0
0.0,0.0
0.0,0.0
0.0,0.0
0.0,0.0
0.0,0.0
0.0,0.0
0.0,0.0
3004.256781143664,0.0
0.0,0.0
10924.356248987644,0.0
0.0,0.0
0.0,0.0
0.0,0.0
7896.588969814632,0.0
5669.4308201663025,0.0
0.0,0.0
0.0,0.0
0.0,0.0
0.0,0.0
0.0,0.0
0.0,0.0
0.0,0.0
0.0,0.0
4097.485343678786,0.0
7704.511138804123,0.0
3842.227763963104,0.0
8167.533404319024,0.0
2731.6777205160693,0.0
9193.62818653614,0.0
3831.442578232534,0.0
4984.965807274651,0.0
7030.025986471267,0.0
5475.780250281838,0.0
6657.007009785803,0.0
5759.274672562789,0.0
6441.551248852279,0.0
5923.0210508722685,0.0
6317.104001337076,0.0
6017.600958983822,0.0
6245.2232711722945,0.0
6072.230313909056,0.0
6203.704961429117,0.0
6103.784229313872,0.0
2325.1847207420083,0.0
9976.549035831142,0.0
3236.422732768333,0.0
0.0,0.0
0.0,0.0
0.0,0.0
0.0,0.0
0.0,0.0
673.0118920710286,0.0
10806.644867753592,0.0
0.0,0.0
0.0,0.0
0.0,0.0
0.0,0.0
0.0,0.0
0.0,0.0
0.0,0.0
0.0,0.0
0.0,0.0
0.0,0.0
0.0,0.0
0.0,0.0
0.0,0.0
0.0,0.0
0.0,0.0
0.0,0.0
0.0,0.0
0.0,0.0
0.0,0.0
0.0,0.0
0.0,0.0
3685.271877816129,0.0
0.0,0.0
734.7093771763933,0.0
0.0,0.0
0.0,0.0
0.0,0.0
0.0,0.0
0.0,0.0
0.0,0.0
0.0,0.0
0.0,0.0
0.0,0.0
0.0,0.0
0.0,0.0
0.0,0.0
0.0,0.0
0.0,0.0
0.0,0.0
0.0,0.0
0.0,0.0
0.0,0.0
0.0,0.0
0.0,0.0
0.0,0.0
6173.759635284042,0.0
0.0,0.0
0.0,0.0
0.0,0.0
0.0,0.0
0.0,0.0
0.0,0.0
0.0,0.0
0.0,0.0
0.0,0.0
0.0,0.0
0.0,0.0
1185.278858584809,0.0
0.0,0.0
0.0,0.0
0.0,0.0
0.0,0.0
0.0,0.0
0.0,0.0
744.1071862560715,0.0
0.0,0.0
10818.6,0.0
2596.464000000001,0.0
8845.28736,0.0
4096.1816064,0.0
0.0,0.0
0.0,0.0
0.0,0.0
0.0,0.0
0.0,0.0
0.0,0.0
13858.900913998234,0.0
1.5857581978855425e-12,0.0
0.0,0.0
0.0,0.0
0.0,0.0
0.0,0.0
0.0,0.0
0.0,0.0
0.0,0.0
0.0,0.0
0.0,0.0
0.0,0.0
0.0,0.0
0.0,0.0
0.0,0.0
0.0,0.0
0.0,0.0
13415.064000000002,0.0
0.0,0.0
0.0,0.0
0.0,0.0
0.0,0.0
0.0,0.0
0.0,0.0
0.0,0.0
0.0,0.0
10818.6,0.0
2596.464000000001,0.0
8845.287360000002,0.0
4096.1816063999995,0.0
7705.501979136001,0.0
4962.41849585664,0.0
7047.161943148954,0.0
5462.756923206794,0.0
6666.904738362838,0.0
5751.7523988442435,0.0
6447.268176878374,0.0
5918.676185572436,0.0
6320.40609896495,0.0
6015.091364786638,0.0
6247.130562762156,0.0
6070.780772300763,0.0
6204.806613051421,0.0
6102.946974080919,0.0
6180.360299698502,0.0
6121.526172229139,0.0
6166.240109105855,0.0
6132.257517079553,0.0
6158.084287019541,0.0
6138.455941865149,0.0
6153.373484182489,0.0
6142.036152021309,0.0
6150.652524463806,0.0
6144.104081407508,0.0
6149.0808981302935,0.0
6145.298517420976,0.0
6148.173126760059,0.0
6145.988423662355,0.0
6147.64879801661,0.0
6146.3869135073755,0.0
6147.345945734395,0.0
6146.6170812418595,0.0
6147.171018256187,0.0
6146.750026125297,0.0
6147.069980144774,0.0
6146.826815089972,0.0
6147.011620531622,0.0
6146.871168395968,0.0
6146.977912019064,0.0
6146.896786865512,0.0
6146.958441982211,0.0
6146.91158409352,0.0
6146.947196088925,0.0
6146.9201309724185,0.0
6146.940700460962,0.0
6146.925067649669,0.0
6146.936948586253,0.0
6146.927919074448,0.0
6146.93478150342,0.0
6146.929566057402,0.0
6146.933529796375,0.0
6146.930517354758,0.0
6146.932806810385,0.0
6146.931066824109,0.0
6146.932389213677,0.0
6146.931384197605,0.0
6146.93214800982,0.0
6146.931567512536,0.0
6146.932008690473,0.0
6146.931673395241,0.0
6146.9319282196175,0.0
6146.931734553092,0.0
6146.931881739651,0.0
6146.931769877866,0.0
6146.931854892821,0.0
6146.931790281455,0.0
6146.931839386095,0.0
6146.931802066569,0.0
6146.931830429408,0.0
6146.93180887365,0.0
6146.931825256027,0.0
6146.931812805421,0.0
6146.93182226788,0.0
6146.931815076411,0.0
6146.931820541929,0.0
6146.931816388134,0.0
6146.931819545019,0.0
6146.931817145785,0.0
6146.931818969202,0.0
6146.931817583407,0.0
6146.931818636611,0.0
6146.931817836176,0.0
6146.931818444506,0.0
0.0,0.0
0.0,0.0
0.0,0.0
0.0,0.0
0.0,0.0
7015.150873723601,0.0
0.0,0.0
0.0,0.0
0.0,0.0
0.0,0.0
0.0,0.0
0.0,0.0
0.0,0.0
0.0,0.0
13028.153431984434,0.0
0.0,0.0
1.1261671906882719e-13,0.0
0.0,0.0
0.0,0.0
0.0,0.0
0.0,0.0
0.0,0.0
0.0,0.0
1529.292451175056,0.0
-2.2637395450290525e-13,0.0
529.6809364826202,0.0
10416.042488273208,0.0
2902.4077089123643,0.0
8612.770141226603,0.0
4272.894692667782,0.0
7571.200033572485,0.0
5064.487974484912,0.0
6969.589139391467,0.0
5521.712254062485,0.0
6622.098686912513,0.0
5785.80499794649,0.0
6421.388201560669,0.0
5938.344966813892,0.0
6305.457825221442,0.0
6026.452052831703,0.0
6238.496439847907,0.0
6077.342705715591,0.0
6199.81954365615,0.0
6106.737146821326,0.0
6177.479768415792,0.0
6123.715376003999,0.0
6164.576314236961,0.0
6133.52200117991,0.0
6157.123279103269,0.0
712.7955756080976,0.0
0.0,0.0
0.0,0.0
0.0,0.0
0.0,0.0
14082.026446365126,0.0
-1.2782893912169547e-27,0.0
0.0,0.0
0.0,0.0
0.0,0.0
0.0,0.0
13198.458133716413,0.0
0.0,0.0
839.7572262835886,0.0
0.0,0.0
1617.0062715547294,0.0
2297.2687487828453,0.0
11103.881214299034,0.0
2379.650277132735,0.0
7263.0237670385595,0.0
5298.701937050694,0.0
6791.586527841472,0.0
5656.994238840481,0.0
6519.284378481236,0.0
5863.943872354261,0.0
6362.002657010763,0.0
5983.477980671821,0.0
6271.156734689417,0.0
6052.520881636044,0.0
6218.684129956608,0.0
6092.400061232979,0.0
6188.375953462938,0.0
6115.434275368168,0.0
6170.869950720192,0.0
6128.7388374526545,0.0
6160.758483535984,0.0
6136.42355251265,0.0
6154.918100090386,0.0
6140.862243931307,0.0
6151.544694612207,0.0
6143.426032094723,0.0
6149.596215608011,0.0
6144.906876137912,0.0
6148.470774135188,0.0
6145.762211657258,0.0
6147.820719140484,0.0
6146.256253453233,0.0
6147.445247375544,0.0
6146.541611994588,0.0
6147.228374884115,0.0
6146.706435088073,0.0
6147.103109333065,0.0
6146.80163690687,0.0
6147.030755950779,0.0
6146.856625477409,0.0
6146.988964637169,0.0
6146.888386875751,0.0
6146.96482597443,0.0
6146.906732259434,0.0
6146.95088348283,0.0
6146.917328553048,0.0
6146.942830299686,0.0
6146.923448972239,0.0
6146.938178781099,0.0
6146.926984126366,0.0
6146.935492063962,0.0
6146.929026031389,0.0
6146.933940216145,0.0
6146.93020543573,0.0
6146.933043868846,0.0
6146.9308866596775,0.0
6146.932526138646,0.0
6146.93128013463,0.0
6146.932227097682,0.0
6146.931507405762,0.0
6146.932054371621,0.0
3137.975201127583,0.0
9155.888392155035,0.0
3860.1248219621743,0.0
7884.905135308747,0.0
4826.0720971653545,0.0
0.0,0.0
0.0,0.0
2165.1019423636917,0.0
0.0,0.0
8759.656920179683,0.0
4857.786428342909,0.0
-5.649600817487317e-27,0.0
0.0,0.0
0.0,0.0
0.0,0.0
0.0,0.0
0.0,0.0
0.0,0.0
0.0,0.0
0.0,0.0
0.0,0.0
0.0,0.0
0.0,0.0
0.0,0.0
12266.251058030528,0.0
0.0,0.0
0.0,0.0
0.0,0.0
0.0,0.0
0.0,0.0
13986.01078799607,0.0
0.0,0.0
0.0,0.0
0.0,0.0
-1.5857581978855422e-12,0.0
0.0,0.0
0.0,0.0
0.0,0.0
0.0,0.0
877.2696161669589,0.0
10151.875091713111,0.0
0.0,0.0
0.0,0.0
1512.7551953579043,0.0
0.0,0.0
0.0,0.0
0.0,0.0
0.0,0.0
0.0,0.0
2233.3942667672313,0.0
11484.658136583314,0.0
0.0,0.0
0.0,0.0
0.0,0.0
0.0,0.0
0.0,0.0
0.0,0.0
0.0,0.0
0.0,0.0
0.0,0.0
0.0,0.0
0.0,0.0
0.0,0.0
0.0,0.0
0.0,0.0
0.0,0.0
0.0,0.0
0.0,0.0
0.0,0.0
14038.21536,0.0
1.5857581978855425e-12,0.0
0.0,0.0
0.0,0.0
0.0,0.0
0.0,0.0
0.0,0.0
0.0,0.0
0.0,0.0
0.0,0.0
13915.400762425797,0.0
0.0,0.0
0.0,0.0
0.0,0.0
4063.6279136938633,0.0
7730.242785592665,0.0
4943.615482949573,0.0
7061.452232958326,0.0
5451.896302951674,0.0
6675.158809756729,0.0
5745.479304584887,0.0
6452.035728515487,0.0
5915.05284632823,0.0
6323.159836790547,0.0
6012.998524039184,0.0
6248.72112173022,0.0
6069.571947485033,0.0
6205.725319911377,0.0
6102.248756867353,0.0
6180.890944780813,0.0
6121.122881966583,0.0
6166.546609705399,0.0
6132.024576623899,0.0
6158.261321765836,0.0
6138.321395457964,0.0
6153.475739451947,0.0
6141.9584380165215,0.0
6150.711587107445,0.0
6144.059193798343,0.0
6149.11501271326,0.0
6145.272590337923,0.0
6148.192831343178,0.0
6145.973448179186,0.0
6147.660179383818,0.0
6146.378263668298,0.0
6147.352519612094,0.0
6146.612085094808,0.0
6147.174815327946,0.0
6146.747140350761,0.0
6147.072173333422,0.0
6146.8251482666,0.0
6147.012887317384,0.0
6146.870205638788,0.0
6146.978643714521,0.0
0.0,0.0
0.0,0.0
0.0,0.0
0.0,0.0
0.0,0.0
0.0,0.0
13769.125222892751,0.0
0.0,0.0
0.0,0.0
0.0,0.0
0.0,0.0
0.0,0.0
0.0,0.0
0.0,0.0
0.0,0.0
13415.064000000002,0.0
-1.5857581978855429e-12,0.0
0.0,0.0
0.0,0.0
0.0,0.0
0.0,0.0
0.0,0.0
0.0,0.0
0.0,0.0
0.0,0.0
0.0,0.0
1730.0061252974342,0.0
0.0,0.0
7814.2294971131405,0.0
-1.6983749169543809e-12,0.0
0.0,0.0
2676.531690326438,0.0
0.0,0.0
2415.2233605601323,0.0
11459.933598582347,0.0
0.0,0.0
1610.948963754827,0.0
9594.278787546333,0.0
3526.948121464788,0.0
8138.119427686763,0.0
4633.629234958061,0.0
7297.041781431873,0.0
5272.8482461117765,0.0
6811.2353329550515,0.0
5642.061146954163,0.0
6530.633528314837,0.0
5855.318518480724,0.0
6368.55792595465,0.0
5978.495976274466,0.0
6274.943058031407,0.0
6049.64327589613,0.0
6220.871110318942,0.0
6090.7379561576045,0.0
6189.639153320221,0.0
6114.474243476633,0.0
2244.138661044585,0.0
766.7966768058412,0.0
9513.590655891243,0.0
4296.647307323405,0.0
0.0,0.0
10818.6,0.0
2596.464000000001,0.0
8845.28736,0.0
4096.1816063999995,0.0
7705.501979135998,0.0
4962.418495856642,0.0
7047.161943148953,0.0
5462.756923206795,0.0
6666.904738362836,0.0
5751.752398844245,0.0
6447.268176878375,0.0
5918.676185572436,0.0
6320.40609896495,0.0
6015.091364786639,0.0
6247.130562762156,0.0
6070.780772300762,0.0
6204.806613051423,0.0
6102.946974080922,0.0
6180.3602996985,0.0
6121.526172229141,0.0
6166.240109105854,0.0
6132.257517079553,0.0
6158.08428701954,0.0
6138.45594186515,0.0
6153.373484182486,0.0
6142.036152021311,0.0
6150.652524463804,0.0
6144.104081407509,0.0
6149.0808981302935,0.0
6145.298517420976,0.0
6148.173126760057,0.0
6145.988423662357,0.0
6147.6487980166075,0.0
6146.386913507377,0.0
6147.345945734393,0.0
6146.617081241861,0.0
6147.171018256186,0.0
6146.750026125299,0.0
6147.069980144773,0.0
6146.826815089973,0.0
6147.011620531622,0.0
6146.871168395968,0.0
6146.977912019064,0.0
6146.896786865511,0.0
6146.958441982211,0.0
6146.911584093521,0.0
6146.947196088925,0.0
6146.920130972417,0.0
6146.940700460964,0.0
6146.925067649668,0.0
6146.936948586253,0.0
6146.927919074448,0.0
6146.934781503419,0.0
6146.929566057401,0.0
6146.933529796376,0.0
6146.9305173547555,0.0
6146.932806810386,0.0
6146.931066824107,0.0
6146.932389213679,0.0
6146.931384197603,0.0
6146.932148009822,0.0
6146.931567512535,0.0
6146.932008690473,0.0
6146.93167339524,0.0
6146.931928219616,0.0
6146.931734553092,0.0
6146.9318817396515,0.0
6146.931769877865,0.0
6146.931854892822,0.0
382.1269589277911,0.0
11911.73667073976,0.0
1765.6801302377855,0.0
9476.683101019284,0.0
0.0,0.0
0.0,0.0
0.0,0.0
14088.207379336747,0.0
-1.5857581978855422e-12,0.0
0.0,0.0
0.0,0.0
3657.099400619667,0.0
8039.204455529054,0.0
4708.804613797918,0.0
7239.90849351358,0.0
5316.269544929678,0.0
6778.235145853444,0.0
5667.141289151383,0.0
6511.57262024495,0.0
5869.804808613838,0.0
6357.548345453483,0.0
5986.863257455351,0.0
6268.583924333935,0.0
6054.476217506211,0.0
6217.198074695281,0.0
6093.529463231586,0.0
6187.517607943994,0.0
6116.086617962565,0.0
6170.374170348451,0.0
6129.115630535177,0.0
6160.472120793266,0.0
6136.641188197119,0.0
6154.75269697019,0.0
6140.987950302656,0.0
6151.449157769983,0.0
6143.498640094814,0.0
6149.541033527942,0.0
6144.948814518764,0.0
6148.43890096574,0.0
6145.786435266039,0.0
6147.80230919781,0.0
6146.270245009664,0.0
0.0,0.0
0.0,0.0
0.0,0.0
0.0,0.0
0.0,0.0
0.0,0.0
2510.7799219576054,0.0
11612.417574143463,0.0
0.0,0.0
10818.6,0.0
0.0,0.0
0.0,0.0
0.0,0.0
13564.6203264,0.0
0.0,0.0
0.0,0.0
0.0,0.0
9379.027005346552,0.0
3690.5394759366213,0.0
8013.78999828817,0.0
4728.119601300988,0.0
7225.229103011249,0.0
5327.425881711451,0.0
6769.756329899298,0.0
4600.919065273216,0.0
7579.341380153153,0.0
5058.300551083604,0.0
0.0,0.0
0.0,0.0
0.0,0.0
13816.783195075763,0.0
0.0,0.0
0.0,0.0
0.0,0.0
0.0,0.0
0.0,0.0
0.0,0.0
0.0,0.0
8969.133241402984,0.0
4822.918729883886,0.0
0.0,0.0
0.0,0.0
0.0,0.0
0.0,0.0
0.0,0.0
0.0,0.0
10818.6,0.0
2596.4640000000018,0.0
1010.0847056248837,0.0
3490.682097432065,0.0
0.0,0.0
0.0,0.0
0.0,0.0
0.0,0.0
0.0,0.0
14002.09152720887,0.0
0.0,0.0
0.0,0.0
10818.6,0.0
2596.4639999999995,0.0
6289.416085191541,0.0
6652.052881208459,0.0
4665.604840614407,0.0
0.0,0.0
0.0,0.0
0.0,0.0
0.0,0.0
13833.973842497264,0.0
0.0,0.0
6740.191821781734,0.0
5696.054215445883,0.0
6489.598796261131,0.0
5886.50491484154,0.0
6344.856264720431,0.0
5996.509238812471,0.0
6261.252978502523,0.0
6060.047736338084,0.0
6212.963720383056,0.0
6096.747572508878,0.0
6185.071844893253,0.0
6117.945397881128,0.0
6168.961497610345,0.0
6130.189261816137,0.0
6159.656161019736,0.0
6137.261317625001,0.0
6154.2813986050005,0.0
6141.346137060199,0.0
6151.176935834248,0.0
6143.7055287659705,0.0
6149.383798137863,0.0
6145.068313415224,0.0
6148.348081804432,0.0
6145.855457828632,0.0
6147.7498520502395,0.0
6146.310112441819,0.0
6147.404314544219,0.0
6146.572720946394,0.0
6147.2047320807405,0.0
6146.724403618637,0.0
6147.089453249836,0.0
0.0,0.0
0.0,0.0
5844.143198633565,0.0
7924.977173460972,0.0
0.0,0.0
10818.6,0.0
2596.4640000000018,0.0
8049.805846033649,0.0
0.0,0.0
999.9045514256513,0.0
0.0,0.0
0.0,0.0
0.0,0.0
0.0,0.0
14146.406548472109,0.0
0.0,0.0
0.0,0.0
1327.7096045041835,0.0
9809.540700576821,0.0
1978.393577080597,0.0
7778.826362198655,0.0
5355.152085593551,0.0
6748.6844149489025,0.0
5689.599844638834,0.0
0.0,0.0
0.0,0.0
484.6223855938384,0.0
13304.525051607252,0.0
0.0,0.0
10818.6,0.0
2596.4640000000018,0.0
8845.28736,0.0
4096.1816064,0.0
7705.501979135998,0.0
4962.418495856642,0.0
7047.161943148953,0.0
5462.756923206796,0.0
6666.904738362836,0.0
5751.752398844245,0.0
6447.268176878374,0.0
5918.676185572435,0.0
6320.406098964951,0.0
6015.091364786639,0.0
6247.130562762154,0.0
6070.780772300763,0.0
6204.806613051422,0.0
6102.94697408092,0.0
6007.726978779859,0.0
0.0,0.0
0.0,0.0
829.4588376276744,0.0
12948.148749177639,0.0
0.0,0.0
0.0,0.0
0.0,0.0
0.0,0.0
0.0,0.0
11497.447385535252,0.0
0.0,0.0
0.0,0.0
0.0,0.0
0.0,0.0
0.0,0.0
9838.075127070051,0.0
3804.87374028251,0.0
-4.2459372923859093e-13,0.0
0.0,0.0
0.0,0.0
13717.851396398106,0.0
0.0,0.0
0.0,0.0
1.5857581978855427e-12,0.0
0.0,0.0
0.0,0.0
0.0,0.0
0.0,0.0
0.0,0.0
0.0,0.0
0.0,0.0
0.0,0.0
0.0,0.0
0.0,0.0
0.0,0.0
0.0,0.0
0.0,0.0
0.0,0.0
13665.932838225697,0.0
0.0,0.0
0.0,0.0
2501.415108097776,0.0
8917.524517845693,0.0
4041.281366437275,0.0
5397.471323232414,0.0
7280.462955529427,0.0
0.0,0.0
0.0,0.0
0.0,0.0
0.0,0.0
0.0,0.0
13719.505813658745,0.0
0.0,0.0
322.8730329369617,0.0
10573.216494967908,0.0
2782.95546382439,0.0
8703.553847493464,0.0
4203.8990759049675,0.0
7623.636702312226,0.0
5024.6361062427095,0.0
6999.876559255542,0.0
3006.880160467036,0.0
5559.577401235879,0.0
7450.5601239940615,0.0
0.0,0.0
10818.6,0.0
2596.464000000001,0.0
6666.982727993351,0.0
6274.486238406651,0.0
6049.990458810945,0.0
6220.6072513036825,0.0
4721.086145217761,0.0
0.0,0.0
0.0,0.0
6732.977307727932,0.0
0.0,0.0
0.0,0.0
0.0,0.0
0.0,0.0
0.0,0.0
0.0,0.0
0.0,0.0
0.0,0.0
0.0,0.0
0.0,0.0
0.0,0.0
0.0,0.0
13320.956110438854,0.0
0.0,0.0
0.0,0.0
0.0,0.0
0.0,0.0
0.0,0.0
0.0,0.0
5251.66155505039,0.0
0.0,0.0
0.0,0.0
0.0,0.0
0.0,0.0
7643.276219197542,0.0
0.0,0.0
6336.1155015190525,0.0
6003.152218845522,0.0
0.0,0.0
0.0,0.0
2778.444424850083,0.0
0.0,0.0
0.0,0.0
0.0,0.0
0.0,0.0
10590.811123641566,0.0
2867.0633428266906,0.0
0.0,0.0
997.8449183254558,0.0
0.0,0.0
0.0,0.0
0.0,0.0
0.0,0.0
0.0,0.0
0.0,0.0
0.0,0.0
0.0,0.0
13994.533700855385,0.0
0.0,0.0
-1.5857581978855427e-12,0.0
0.0,0.0
0.0,0.0
0.0,0.0
0.0,0.0
0.0,0.0
8214.411329038063,0.0
5591.371178028412,0.0
0.0,0.0
0.0,0.0
0.0,0.0
11539.109760466004,0.0
0.0,0.0
0.0,0.0
0.0,0.0
0.0,0.0
0.0,0.0
0.0,0.0
5894.255406993107,0.0
8143.959953006891,0.0
0.0,0.0
0.0,0.0
0.0,0.0
10925.802219026265,0.0
0.0,0.0
0.0,0.0
10216.761433600439,0.0
3053.8613104636675,0.0
8497.665404047613,0.0
4360.374292923815,0.0
7504.715537377901,0.0
5115.016191592796,0.0
0.0,0.0
0.0,0.0
187.86476172498303,0.0
13626.435649471852,0.0
0.0,0.0
0.0,0.0
0.0,0.0
0.0,0.0
5040.526756362924,0.0
0.0,0.0
0.0,0.0
0.0,0.0
4660.147251129938,0.0
4337.541352507137,0.0
0.0,0.0
0.0,0.0
0.0,0.0
0.0,0.0
0.0,0.0
0.0,0.0
0.0,0.0
0.0,0.0
0.0,0.0
0.0,0.0
0.0,0.0
913.6958830380852,0.0
0.0,0.0
13166.111358950056,0.0
0.0,0.0
9154.09371466673,0.0
3861.4887768532876,0.0
7883.868529591503,0.0
4826.859917510458,0.0
7150.186462692052,0.0
5384.4582883540415,0.0
6726.41170085093,0.0
5706.527107353294,0.0
6481.639398411497,0.0
5892.554057207263,0.0
6340.258916522481,0.0
6000.003223442915,0.0
6258.597550183385,0.0
6062.0658618606285,0.0
6211.429944985924,0.0
6097.913241810698,0.0
6184.185936223869,0.0
6118.618688469859,0.0
6168.449796762908,0.0
6130.57815446019,0.0
6159.360602610257,0.0
6137.485942016206,0.0
6154.110684067686,0.0
6141.47588010856,0.0
6151.078331117495,0.0
6143.780468350706,0.0
6149.326844053465,0.0
6145.111598519368,0.0
6148.31518512528,0.0
6145.880459304786,0.0
6147.730850928363,0.0
6146.324553294444,0.0
6147.393339496222,0.0
6146.581061982871,0.0
6147.198392893017,0.0
6146.729221401307,0.0
6147.085791735008,0.0
6146.814798281394,0.0
6147.02075330614,0.0
6146.864227487334,0.0
6146.983187109627,0.0
6146.892777796685,0.0
6146.961488874521,0.0
4448.775613976159,0.0
0.0,0.0
6437.636250039502,0.0
7429.304508322599,0.0
-7.365707394083519e-13,0.0
10818.6,0.0
2596.464000000001,0.0
0.0,0.0
0.0,0.0
0.0,0.0
0.0,0.0
0.0,0.0
0.0,0.0
0.0,0.0
13924.552551936,0.0
0.0,0.0
0.0,0.0
0.0,0.0
0.0,0.0
0.0,0.0
13625.509132694091,0.0
0.0,0.0
0.0,0.0
0.0,0.0
0.0,0.0
0.0,0.0
0.0,0.0
0.0,0.0
0.0,0.0
0.0,0.0
0.0,0.0
1700.8213575857308,0.0
0.0,0.0
1.9821977473569283e-13,0.0
0.0,0.0
0.0,0.0
0.0,0.0
0.0,0.0
0.0,0.0
0.0,0.0
0.0,0.0
10818.6,0.0
2596.4639999999995,0.0
8845.287360000002,0.0
4096.181606399998,0.0
7705.501979136,0.0
4962.418495856642,0.0
7047.161943148953,0.0
5462.756923206796,0.0
6242.078950097378,0.0
6176.5781871097015,0.0
6124.400577796628,0.0
6164.055560874564,0.0
6133.917773735333,0.0
6156.822491961148,0.0
6139.414906109527,0.0
6152.644671356759,0.0
6142.590049768862,0.0
6150.231562175667,0.0
6144.424012746494,0.0
6148.837750312665,0.0
6145.483309762375,0.0
6148.032684580595,0.0
6146.095159718749,0.0
6147.567678613751,0.0
6146.44856425355,0.0
6147.299091167302,0.0
6146.65269071285,0.0
0.0,0.0
809.7672864920838,0.0
1554.7059143360996,0.0
3115.727608919096,0.0
1830.3694869176352,0.0
0.0,0.0
6818.455275972367,0.0
6772.0656554618,0.0
0.0,0.0
0.0,0.0
0.0,0.0
0.0,0.0
316.28492933793075,0.0
8429.658726480133,0.0
0.0,0.0
1793.9914496806873,0.0
3638.3292753851706,0.0
0.0,0.0
0.0,0.0
0.0,0.0
0.0,0.0
0.0,0.0
0.0,0.0
0.0,0.0
0.0,0.0
0.0,0.0
0.0,0.0
0.0,0.0
0.0,0.0
0.0,0.0
0.0,0.0
0.0,0.0
0.0,0.0
0.0,0.0
0.0,0.0
0.0,0.0
0.0,0.0
0.0,0.0
0.0,0.0
0.0,0.0
0.0,0.0
0.0,0.0
11903.102642157059,0.0
1737.213923070063,0.0
0.0,0.0
10818.6,0.0
2596.4640000000013,0.0
8845.28736,0.0
4096.181606400001,0.0
7705.501979136,0.0
4962.418495856641,0.0
4060.3253936702563,0.0
1138.5626880772086,0.0
3214.377612480942,0.0
10061.463293523891,0.0
3256.527408813841,0.0
3.6828536970417883e-13,0.0
10818.6,0.0
2596.464000000001,0.0
8845.28736,0.0
4096.1816064,0.0
7705.501979136,0.0
4962.418495856641,0.0
7047.161943148954,0.0
5462.756923206794,0.0
6666.904738362838,0.0
5658.307208414601,0.0
6540.713367308021,0.0
5847.657840845905,0.0
6374.380040957112,0.0
2793.8835644404808,0.0
0.0,0.0
0.0,0.0
0.0,0.0
0.0,0.0
0.0,0.0
7283.572898507089,0.0
0.0,0.0
0.0,0.0
0.0,0.0
6676.300328019633,0.0
0.0,0.0
0.0,0.0
0.0,0.0
0.0,0.0
8931.105309718101,0.0
0.0,0.0
0.0,0.0
0.0,0.0
0.0,0.0
13185.993408427847,0.0
1.1261671906883075e-13,0.0
0.0,0.0
9942.567510885763,0.0
3262.24869172682,0.0
0.0,0.0
0.0,0.0
6181.777190697563,0.0
2896.1019651838146,0.0
0.0,0.0
0.0,0.0
0.0,0.0
0.0,0.0
13009.188949737432,0.0
0.0,0.0
7844.095033841797,0.0
4857.087774280235,0.0
7127.213291547022,0.0
2075.6573011908945,0.0
10039.402994430928,0.0
3188.6537242324957,0.0
466.07240660693833,0.0
0.0,0.0
0.0,0.0
0.0,0.0
14062.342902241568,0.0
0.0,0.0
7551.379444320716,0.0
5079.551622316256,0.0
6958.140767039647,0.0
5530.413017049869,0.0
6615.486107042099,0.0
5790.830558648005,0.0
6417.568775427517,0.0
0.0,0.0
0.0,0.0
0.0,0.0
14120.347168628852,0.0
0.0,0.0
10818.6,0.0
2596.4640000000013,0.0
8845.287359999998,0.0
4096.181606400001,0.0
7705.501979136,0.0
4962.41849585664,0.0
7047.1619431489535,0.0
5462.756923206795,0.0
6666.904738362837,0.0
0.0,0.0
12199.02057572262,0.0
1047.3251789056246,0.0
10022.632864031726,0.0
3201.3990233358886,0.0
8385.536742264725,0.0
0.0,0.0
11308.033253890022,0.0
2363.0968496805995,0.0
0.0,0.0
4770.48716386984,0.0
3538.720312029728,0.0
3643.135651545644,0.0
9315.69847853378,0.0
3471.054220450215,0.0
244.16931025709016,0.0
0.0,0.0
0.0,0.0
0.0,0.0
14211.53755330467,0.0
0.0,0.0
0.0,0.0
0.0,0.0
0.0,0.0
0.0,0.0
0.0,0.0
0.0,0.0
9204.259596179365,0.0
3823.362706903683,0.0
0.0,0.0
0.0,0.0
0.0,0.0
8940.091364348067,0.0
4930.752469794518,0.0
0.0,0.0
0.0,0.0
2536.411084727842,0.0
2115.6566720628734,0.0
0.0,0.0
10818.6,0.0
2596.464000000001,0.0
0.0,0.0
0.0,0.0
0.0,0.0
0.0,0.0
0.0,0.0
13924.552551936,0.0
0.0,0.0
0.0,0.0
0.0,0.0
0.0,0.0
0.0,0.0
0.0,0.0
0.0,0.0
0.0,0.0
0.0,0.0
0.0,0.0
0.0,0.0
0.0,0.0
3565.7147792706155,0.0
0.0,0.0
10249.545120723305,0.0
0.0,0.0
0.0,0.0
0.0,0.0
0.0,0.0
0.0,0.0
0.0,0.0
0.0,0.0
0.0,0.0
0.0,0.0
9423.096839881851,0.0
0.0,0.0
4182.950172351049,0.0
0.0,0.0
10818.6,0.0
2596.464000000001,0.0
8845.287359999998,0.0
4096.181606400001,0.0
7705.501979136,0.0
4962.41849585664,0.0
7047.1619431489535,0.0
5462.756923206796,0.0
6666.904738362836,0.0
5751.752398844244,0.0
6447.268176878375,0.0
5918.676185572435,0.0
6320.406098964951,0.0
6015.091364786638,0.0
6247.130562762155,0.0
6070.780772300763,0.0
6204.806613051421,0.0
6102.94697408092,0.0
6180.360299698501,0.0
6121.52617222914,0.0
6166.240109105854,0.0
6132.257517079552,0.0
6158.084287019541,0.0
6138.45594186515,0.0
6153.373484182484,0.0
0.0,0.0
0.0,0.0
0.0,0.0
0.0,0.0
0.0,0.0
0.0,0.0
0.0,0.0
0.0,0.0
0.0,0.0
14123.122867765542,0.0
0.0,0.0
0.0,0.0
0.0,0.0
0.0,0.0
0.0,0.0
0.0,0.0
6469.764562083971,0.0
7445.945947093675,0.0
226.74328846621162,0.0
-2.6537108077410977e-14,0.0
0.0,0.0
0.0,0.0
0.0,0.0
6064.030371203148,0.0
6209.936917885608,0.0
6099.047942406939,0.0
6183.323563770728,0.0
6119.274091534248,0.0
6167.951690433971,0.0
6130.956715270182,0.0
6159.072896394663,0.0
6137.704598740056,0.0
431.73371169719553,0.0
11863.812969492617,0.0
1802.1021431856122,0.0
9449.002371178936,0.0
3637.35819790401,0.0
8054.207769592951,0.0
2684.302116951246,0.0
9261.674385875003,0.0
3779.7274667349984,0.0
3769.015158590981,0.0
0.0,0.0
0.0,0.0
0.0,0.0
13203.23037324925,0.0
0.0,0.0
0.0,0.0
0.0,0.0
0.0,0.0
0.0,0.0
0.0,0.0
12241.156346262009,0.0
0.0,0.0
0.0,0.0
0.0,0.0
0.0,0.0
0.0,0.0
0.0,0.0
0.0,0.0
0.0,0.0
0.0,0.0
0.0,0.0
0.0,0.0
0.0,0.0
0.0,0.0
0.0,0.0
1096.4588613435565,0.0
0.0,0.0
0.0,0.0
0.0,0.0
0.0,0.0
10818.6,0.0
2596.464000000001,0.0
8845.287359999998,0.0
4096.1816064,0.0
7705.501979136,0.0
4962.41849585664,0.0
0.0,0.0
2125.714182163171,0.0
11695.266345762207,0.0
390.1316041725192,0.0
500.8284416366471,0.0
10437.970384356151,0.0
2885.7425078893275,0.0
0.0,0.0
0.0,0.0
0.0,0.0
13911.889095974637,0.0
1.1261671906883076e-13,0.0
0.0,0.0
6159.4951501056,0.0
5193.026285296599,0.0
7125.322405621612,0.0
5.608550779640076e-27,0.0
10818.6,0.0
2596.4640000000013,0.0
0.0,0.0
0.0,0.0
0.0,0.0
0.0,0.0
0.0,0.0
0.0,0.0
4573.899787951724,0.0
0.0,0.0
9350.652763984277,0.0
0.0,0.0
0.0,0.0
0.0,0.0
0.0,0.0
12597.050701258315,0.0
0.0,0.0
0.0,0.0
0.0,0.0
10707.261426152983,0.0
2681.0813161237334,0.0
8780.978199745965,0.0
4145.056568193069,0.0
7668.357008173267,0.0
4990.648673788318,0.0
1606.6271221260522,0.0
0.0,0.0
0.0,0.0
8676.267859524569,0.0
5366.529151918468,0.0
7.928790989427711e-13,0.0
0.0,0.0
0.0,0.0
3927.155868423558,0.0
9883.624606730691,0.0
0.0,0.0
10818.6,0.0
0.0,0.0
0.0,0.0
122.54049731899272,0.0
0.0,0.0
0.0,0.0
0.0,0.0
0.0,0.0
0.0,0.0
0.0,0.0
13442.079829081009,0.0
0.0,0.0
7349.2156628702705,0.0
5233.196096218592,0.0
0.0,0.0
0.0,0.0
204.7848809003368,0.0
0.0,0.0
0.0,0.0
0.0,0.0
912.3198706492797,0.0
0.0,0.0
0.0,0.0
0.0,0.0
0.0,0.0
0.0,0.0
0.0,0.0
0.0,0.0
0.0,0.0
13243.264035780649,0.0
0.0,0.0
0.0,0.0
0.0,0.0
0.0,0.0
0.0,0.0
0.0,0.0
2380.9081729260806,0.0
0.0,0.0
0.0,0.0
6064.116955244726,0.0
7863.012733276879,0.0
0.0,0.0
0.0,0.0
10311.699949222819,0.0
2981.7080385906593,0.0
8552.501890671101,0.0
4318.6985630899635,0.0
7536.389092051627,0.0
5090.944290040764,0.0
6949.48233956902,0.0
5536.993421927546,0.0
6610.484999335066,0.0
5794.63140050535,0.0
6414.680135615936,0.0
5943.443096931888,0.0
6301.583246331766,0.0
6029.396732787858,0.0
6236.258483081227,0.0
6079.043552858269,0.0
6198.526899827714,0.0
6107.719556130937,0.0
6176.733137340488,0.0
6124.282815621232,0.0
6164.145060127867,0.0
6133.849754302822,0.0
6156.874186729856,0.0
6139.375618085311,0.0
6152.6745302551635,0.0
6142.567357006077,0.0
6088.520158152829,0.0
6206.139555929263,0.0
6101.93393749376,0.0
6181.130207504742,0.0
0.0,0.0
0.0,0.0
0.0,0.0
2664.568197529424,0.0
0.0,0.0
0.0,0.0
0.0,0.0
0.0,0.0
0.0,0.0
13568.58313234543,0.0
0.0,0.0
3619.4825695473733,0.0
8067.793247143997,0.0
4687.077132170562,0.0
6639.311021038266,0.0
5920.830110053824,0.0
6318.769116359095,0.0
5374.761124241694,0.0
5358.513957635737,0.0
7113.148295708521,0.0
5412.607295261524,0.0
0.0,0.0
0.0,0.0
10818.6,0.0
2596.4639999999995,0.0
8845.287360000002,0.0
4096.1816063999995,0.0
7705.501979136,0.0
4962.41849585664,0.0
7047.161943148957,0.0
5462.756923206792,0.0
6666.9047383628385,0.0
5751.752398844243,0.0
6447.268176878376,0.0
5918.676185572434,0.0
6320.406098964951,0.0
6015.091364786639,0.0
6247.130562762154,0.0
6070.780772300764,0.0
6204.806613051419,0.0
6102.946974080923,0.0
6180.360299698499,0.0
6121.526172229142,0.0
6166.240109105853,0.0
6132.257517079552,0.0
6158.084287019541,0.0
6138.455941865149,0.0
6153.373484182487,0.0
0.0,0.0
0.0,0.0
0.0,0.0
417.8811606912827,0.0
6562.88869726207,0.0
2026.2370314004877,0.0
5116.115978411702,0.0
1.4354223302165822e-27,0.0
0.0,0.0
0.0,0.0
0.0,0.0
0.0,0.0
0.0,0.0
0.0,0.0
0.0,0.0
0.0,0.0
0.0,0.0
0.0,0.0
0.0,0.0
0.0,0.0
14048.881302155965,0.0
1.1261671906883065e-13,0.0
0.0,0.0
0.0,0.0
0.0,0.0
0.0,0.0
8489.893407266007,0.0
0.0,0.0
0.0,0.0
5548.321952733994,0.0
0.0,0.0
0.0,0.0
0.0,0.0
0.0,0.0
0.0,0.0
0.0,0.0
0.0,0.0
0.0,0.0
13801.214423549045,0.0
0.0,0.0
0.0,0.0
0.0,0.0
0.0,0.0
0.0,0.0
0.0,0.0
0.0,0.0
0.0,0.0
0.0,0.0
0.0,0.0
1220.1474582081503,0.0
0.0,0.0
0.0,0.0
0.0,0.0
0.0,0.0
0.0,0.0
0.0,0.0
0.0,0.0
0.0,0.0
0.0,0.0
0.0,0.0
0.0,0.0
3170.5283386172823,0.0
0.0,0.0
0.0,0.0
0.0,0.0
0.0,0.0
0.0,0.0
291.94376067476225,0.0
0.0,0.0
0.0,0.0
0.0,0.0
0.0,0.0
0.0,0.0
0.0,0.0
0.0,0.0
0.0,0.0
0.0,0.0
2862.6191624809558,0.0
10749.761476758085,0.0
0.0,0.0
0.0,0.0
0.0,0.0
0.0,0.0
0.0,0.0
0.0,0.0
0.0,0.0
0.0,0.0
0.0,0.0
0.0,0.0
0.0,0.0
0.0,0.0
0.0,0.0
11616.212611696239,0.0
0.0,0.0
0.0,0.0
0.0,0.0
0.0,0.0
0.0,0.0
0.0,0.0
0.0,0.0
0.0,0.0
0.0,0.0
0.0,0.0
0.0,0.0
0.0,0.0
0.0,0.0
0.0,0.0
1964.4700455701159,0.0
0.0,0.0
0.0,0.0
0.0,0.0
0.0,0.0
0.0,0.0
0.0,0.0
12730.86437400776,0.0
0.0,0.0
0.0,0.0
0.0,0.0
0.0,0.0
0.0,0.0
0.0,0.0
0.0,0.0
0.0,0.0
0.0,0.0
0.0,0.0
13051.877264089095,0.0
-1.1261671906883018e-13,0.0
0.0,0.0
0.0,0.0
0.0,0.0
0.0,0.0
0.0,0.0
0.0,0.0
0.0,0.0
0.0,0.0
0.0,0.0
0.0,0.0
0.0,0.0
0.0,0.0
0.0,0.0
0.0,0.0
0.0,0.0
0.0,0.0
0.0,0.0
0.0,0.0
0.0,0.0
0.0,0.0
0.0,0.0
11799.58609332113,0.0
0.0,0.0
0.0,0.0
0.0,0.0
0.0,0.0
0.0,0.0
0.0,0.0
0.0,0.0
7095.178944652721,0.0
0.0,0.0
0.0,0.0
0.0,0.0
612.6900745887747,0.0
0.0,0.0
0.0,0.0
0.0,0.0
14058.72911015418,0.0
0.0,0.0
0.0,0.0
10818.6,0.0
2596.464000000001,0.0
8845.28736,0.0
4096.181606400001,0.0
7705.501979135999,0.0
4962.418495856641,0.0
0.0,0.0
0.0,0.0
0.0,0.0
14135.635326702091,0.0
0.0,0.0
0.0,0.0
0.0,0.0
0.0,0.0
0.0,0.0
0.0,0.0
0.0,0.0
1547.2410063041802,0.0
0.0,0.0
0.0,0.0
0.0,0.0
0.0,0.0
0.0,0.0
0.0,0.0
0.0,0.0
0.0,0.0
0.0,0.0
0.0,0.0
0.0,0.0
0.0,0.0
0.0,0.0
0.0,0.0
0.0,0.0
0.0,0.0
0.0,0.0
6464.947068015264,0.0
0.0,0.0
0.0,0.0
0.0,0.0
0.0,0.0
0.0,0.0
0.0,0.0
0.0,0.0
12843.10713670031,0.0
0.0,0.0
0.0,0.0
0.0,0.0
0.0,0.0
0.0,0.0
0.0,0.0
0.0,0.0
0.0,0.0
0.0,0.0
0.0,0.0
0.0,0.0
0.0,0.0
0.0,0.0
0.0,0.0
0.0,0.0
13616.255321821029,0.0
1.1261671906883072e-13,0.0
0.0,0.0
0.0,0.0
0.0,0.0
0.0,0.0
0.0,0.0
0.0,0.0
0.0,0.0
0.0,0.0
910.6313478975757,0.0
0.0,0.0
0.0,0.0
5760.638818758565,0.0
0.0,0.0
0.0,0.0
0.0,0.0
0.0,0.0
13786.037635070024,0.0
0.0,0.0
0.0,0.0
0.0,0.0
0.0,0.0
0.0,0.0
0.0,0.0
10818.599999999999,0.0
0.0,0.0
0.0,0.0
0.0,0.0
0.0,0.0
6502.48133268827,0.0
0.0,0.0
0.0,0.0
0.0,0.0
0.0,0.0
7571.627545647731,0.0
0.0,0.0
10818.6,0.0
2596.464000000001,0.0
0.0,0.0
0.0,0.0
0.0,0.0
13473.47963729682,0.0
687.0129751678228,0.0
-2.8140385324824325e-27,0.0
0.0,0.0
2028.6814654687164,0.0
5013.8593146132835,0.0
7008.066920893904,0.0
5492.469140120633,0.0
6644.32345350832,0.0
5768.914175333677,0.0
6434.2252267464055,0.0
5928.588827672732,0.0
6312.872490968725,0.0
6020.816906863769,0.0
6242.7791507835345,0.0
6074.087845404513,0.0
6202.29323749257,0.0
6104.857139505647,0.0
6178.908573975709,0.0
6122.629483778461,0.0
6165.40159232837,0.0
6132.89478983044,0.0
6157.599959728867,0.0
6138.824030606061,0.0
6153.093736739394,0.0
6142.2487600780605,0.0
6150.490942340674,0.0
6144.226883821088,0.0
6148.987568295973,0.0
6145.369448095059,0.0
6148.119219447755,0.0
6146.0293932197055,0.0
6147.617661153024,0.0
6146.410577523703,0.0
3273.2682304613054,0.0
0.0,0.0
6220.590489449312,0.0
0.0,0.0
0.0,0.0
0.0,0.0
6564.773566696977,0.0
6599.799380302771,0.0
0.0,0.0
10818.6,0.0
0.0,0.0
0.0,0.0
0.0,0.0
2473.058334963375,0.0
6910.04908205365,0.0
4691.001461318976,0.0
5.6308359534419185e-14,0.0
0.0,0.0
0.0,0.0
0.0,0.0
0.0,0.0
7640.658456984857,0.0
0.0,0.0
0.0,0.0
0.0,0.0
0.0,0.0
13703.737895387032,0.0
0.0,0.0
0.0,0.0
0.0,0.0
0.0,0.0
6194.534953705815,0.0
0.0,0.0
0.0,0.0
0.0,0.0
0.0,0.0
13400.403130472298,0.0
754.5377727577804,0.0
0.0,0.0
0.0,0.0
0.0,0.0
0.0,0.0
0.0,0.0
-2.8160291325606615e-27,0.0
0.0,0.0
0.0,0.0
0.0,0.0
0.0,0.0
0.0,0.0
0.0,0.0
0.0,0.0
3988.515405510222,0.0
7.928790989427712e-13,0.0
0.0,0.0
0.0,0.0
0.0,0.0
0.0,0.0
710.2539106776518,0.0
0.0,0.0
0.0,0.0
0.0,0.0
0.0,0.0
14180.309588353482,0.0
-1.5857581978855425e-12,0.0
0.0,0.0
0.0,0.0
0.0,0.0
0.0,0.0
0.0,0.0
0.0,0.0
0.0,0.0
0.0,0.0
0.0,0.0
0.0,0.0
13833.150128655365,0.0
1.126167190688314e-13,0.0
0.0,0.0
0.0,0.0
0.0,0.0
0.0,0.0
0.0,0.0
0.0,0.0
10818.6,0.0
0.0,0.0
0.0,0.0
0.0,0.0
0.0,0.0
0.0,0.0
0.0,0.0
0.0,0.0
0.0,0.0
13564.6203264,0.0
0.0,0.0
0.0,0.0
0.0,0.0
0.0,0.0
0.0,0.0
12408.851311276914,0.0
0.0,0.0
1778.9203751230862,0.0
0.0,0.0
0.0,0.0
0.0,0.0
0.0,0.0
0.0,0.0
6952.795750114418,0.0
5534.475229913042,0.0
0.0,0.0
0.0,0.0
0.0,0.0
7962.0315502747535,0.0
3671.3211375167893,0.0
0.0,0.0
985.7940023461597,0.0
1176.7914821976256,0.0
1.9821977473569278e-13,0.0
0.0,0.0
10818.6,0.0
2596.4639999999995,0.0
2212.0859377687925,0.0
0.0,0.0
0.0,0.0
0.0,0.0
0.0,0.0
0.0,0.0
0.0,0.0
0.0,0.0
14033.076462449155,0.0
2.2523343813766296e-13,0.0
0.0,0.0
0.0,0.0
0.0,0.0
0.0,0.0
13243.782845575146,0.0
615.7282605229399,0.0
0.0,0.0
0.0,0.0
0.0,0.0
0.0,0.0
0.0,0.0
0.0,0.0
1083.5816047470873,0.0
9995.077980392214,0.0
1209.2036609446643,0.0
0.0,0.0
0.0,0.0
0.0,0.0
0.0,0.0
0.0,0.0
0.0,0.0
5124.49174684426,0.0
8888.619120604613,0.0
0.0,0.0
10818.599999999999,0.0
0.0,0.0
0.0,0.0
0.0,0.0
0.0,0.0
0.0,0.0
0.0,0.0
0.0,0.0
0.0,0.0
0.0,0.0
14074.108878336001,0.0
0.0,0.0
0.0,0.0
0.0,0.0
0.0,0.0
0.0,0.0
13940.954342212961,0.0
0.0,0.0
0.0,0.0
0.0,0.0
0.0,0.0
-1.1261671906883066e-13,0.0
0.0,0.0
0.0,0.0
3803.1657719941513,0.0
0.0,0.0
0.0,0.0
0.0,0.0
0.0,0.0
0.0,0.0
0.0,0.0
0.0,0.0
8365.371575851399,0.0
0.0,0.0
5782.443138188246,0.0
0.0,0.0
2450.268584724313,0.0
0.0,0.0
0.0,0.0
0.0,0.0
0.0,0.0
0.0,0.0
14162.028576584424,0.0
0.0,0.0
0.0,0.0
0.0,0.0
0.0,0.0
0.0,0.0
0.0,0.0
0.0,0.0
0.0,0.0
0.0,0.0
0.0,0.0
7821.060746179972,0.0
0.0,0.0
5732.800687572097,0.0
0.0,0.0
0.0,0.0
0.0,0.0
0.0,0.0
500.29512441910146,0.0
10438.375705441485,0.0
0.0,0.0
0.0,0.0
0.0,0.0
0.0,0.0
13581.265025118595,0.0
-1.4731414788167113e-12,0.0
0.0,0.0
0.0,0.0
0.0,0.0
0.0,0.0
10818.6,0.0
2596.464000000001,0.0
8845.287360000002,0.0
4096.181606400001,0.0
7705.501979135999,0.0
4962.418495856641,0.0
7047.1619431489535,0.0
5462.756923206795,0.0
6666.904738362837,0.0
5751.752398844244,0.0
6447.268176878375,0.0
5918.676185572434,0.0
6320.406098964951,0.0
6015.091364786638,0.0
0.0,0.0
0.0,0.0
0.0,0.0
0.0,0.0
0.0,0.0
0.0,0.0
0.0,0.0
0.0,0.0
14124.575692899623,0.0
2.252334381376618e-13,0.0
0.0,0.0
0.0,0.0
0.0,0.0
0.0,0.0
0.0,0.0
0.0,0.0
0.0,0.0
2894.5620088300493,0.0
0.0,0.0
0.0,0.0
11146.618217785264,0.0
0.0,0.0
10818.6,0.0
0.0,0.0
0.0,0.0
0.0,0.0
0.0,0.0
0.0,0.0
0.0,0.0
0.0,0.0
0.0,0.0
5506.260047737045,0.0
8567.848830598956,0.0
0.0,0.0
0.0,0.0
0.0,0.0
0.0,0.0
0.0,0.0
0.0,0.0
0.0,0.0
0.0,0.0
0.0,0.0
0.0,0.0
0.0,0.0
14059.583445384365,0.0
0.0,0.0
944.4303906667644,0.0
0.0,0.0
0.0,0.0
0.0,0.0
0.0,0.0
0.0,0.0
0.0,0.0
0.0,0.0
4273.6941231450155,0.0
0.0,0.0
9904.155150907347,0.0
0.0,0.0
10818.6,0.0
2596.4640000000013,0.0
8845.287359999998,0.0
2812.1203577192978,0.0
2906.5166969105107,0.0
10069.578477765499,0.0
3165.7203568982222,0.0
7648.103518677666,0.0
5006.041325804974,0.0
1981.3823750522743,0.0
10520.5796871209,0.0
2822.9594377881167,0.0
8673.150827281032,0.0
4227.005371266417,0.0
0.0,0.0
0.0,0.0
5844.250023047529,0.0
0.0,0.0
0.0,0.0
0.0,0.0
0.0,0.0
8008.923949819911,0.0
0.0,0.0
0.0,0.0
5930.722642334472,0.0
6311.2507918258025,0.0
6022.049398212389,0.0
898.605720983748,0.0
848.9547655390973,0.0
88.54785732150779,0.0
0.0,0.0
0.0,0.0
0.0,0.0
10599.737092723073,0.0
3609.0805910910603,0.0
0.0,0.0
3107.0941477784418,0.0
3744.4585578177584,0.0
0.0,0.0
0.0,0.0
0.0,0.0
9509.524002883896,0.0
2116.465795793193,0.0
0.0,0.0
0.0,0.0
0.0,0.0
0.0,0.0
0.0,0.0
0.0,0.0
0.0,0.0
0.0,0.0
0.0,0.0
0.0,0.0
3986.7787428799584,0.0
0.0,0.0
0.0,0.0
0.0,0.0
0.0,0.0
0.0,0.0
582.6243493201769,0.0
10375.805494516666,0.0
2932.9878241673346,0.0
8589.529253632829,0.0
4290.557767239051,0.0
7557.776096898323,0.0
5074.690166357275,0.0
6961.8354735684725,0.0
5527.605040087962,0.0
6617.620169533149,0.0
5789.208671154805,0.0
6418.80140992235,0.0
5940.310928459015,0.0
6303.963694371149,0.0
6027.587592277928,0.0
6237.633429868775,0.0
6077.99859329973,0.0
6199.321069092208,0.0
6107.115987489922,0.0
6177.191849507658,0.0
6123.93419437418,0.0
6164.410012275625,0.0
5279.511447147621,0.0
7011.1641666133055,0.0
2760.681027111178,0.0
8720.482419395505,0.0
4191.033361259417,0.0
7633.414645442844,0.0
4884.701168220121,0.0
7138.028000451106,0.0
5393.69871965716,0.0
4118.425039488407,0.0
7688.596969988809,0.0
4975.266302808507,0.0
3924.7492132493894,0.0
8582.826213118338,0.0
4295.652078030063,0.0
7553.904420697154,0.0
5077.632640270163,0.0
0.0,0.0
0.0,0.0
0.0,0.0
0.0,0.0
0.0,0.0
10277.898409947376,0.0
0.0,0.0
0.0,0.0
3538.0385035921554,0.0
0.0,0.0
889.8924291171198,0.0
0.0,0.0
0.0,0.0
0.0,0.0
0.0,0.0
11398.208255972286,0.0
2601.0511730506823,0.0
0.0,0.0
0.0,0.0
0.0,0.0
5313.579518614224,0.0
0.0,0.0
2375.2872438594304,0.0
0.0,0.0
0.0,0.0
0.0,0.0
14162.816348547072,0.0
0.0,0.0
0.0,0.0
0.0,0.0
0.0,0.0
0.0,0.0
3.8541983571469423e-28,0.0
0.0,0.0
10818.6,0.0
0.0,0.0
0.0,0.0
0.0,0.0
0.0,0.0
0.0,0.0
0.0,0.0
9447.76544325812,0.0
0.0,0.0
4116.85488314188,0.0
0.0,0.0
0.0,0.0
1090.3648400612906,0.0
0.0,0.0
0.0,0.0
3895.439181725451,0.0
0.0,0.0
10095.044367036026,0.0
0.0,0.0
5220.902820817518,0.0
6850.713856178687,0.0
5612.057469304199,0.0
6553.436323328809,0.0
5837.988394270106,0.0
6381.728820354719,0.0
5968.486096530414,0.0
6282.550566636885,0.0
6043.861569355968,0.0
6225.265207289465,0.0
6087.398442460007,0.0
6192.177183730395,0.0
6112.5453403649,0.0
6173.065541322677,0.0
4204.17424618236,0.0
8084.922599080384,0.0
4674.058824698908,0.0
7266.31529322883,0.0
5296.2003771460895,0.0
6793.487713368972,0.0
0.0,0.0
0.0,0.0
0.0,0.0
0.0,0.0
2791.6861621251173,0.0
0.0,0.0
11324.711511921178,0.0
1.5857581978855425e-12,0.0
0.0,0.0
10360.021933727825,0.0
2944.983330366854,0.0
8580.412668921192,0.0
4297.486371619894,0.0
7552.51035756888,0.0
5078.692128247651,0.0
6958.793982531786,0.0
5529.916573275843,0.0
6615.863404310359,0.0
5790.543812724126,0.0
6417.786702329665,0.0
5941.082106229454,0.0
6303.377599265616,0.0
6028.033024558132,0.0
6237.29490133582,0.0
4302.669408730027,0.0
7974.712001266321,0.0
4757.818879037598,0.0
7202.657651931428,0.0
5344.580184532117,0.0
6756.719059755593,0.0
5683.493514585752,0.0
6499.144928914829,0.0
5879.249854024731,0.0
6350.370110941206,0.0
5992.318715684684,0.0
6264.4377760796415,0.0
6057.627290179474,0.0
6214.803259463601,0.0
6095.349522807664,0.0
6186.134362666176,0.0
6117.137884373707,0.0
5690.69842264182,0.0
5856.915282317114,0.0
6547.748628222508,0.0
-5.6308359534416446e-14,0.0
10818.600000000002,0.0
2596.464000000001,0.0
8845.28736,0.0
4096.1816064,0.0
7705.501979135999,0.0
4962.41849585664,0.0
7047.1619431489535,0.0
5462.756923206796,0.0
5493.2388694725305,0.0
6925.418267734551,0.0
5555.282116521743,0.0
0.0,0.0
10818.6,0.0
2596.463999999999,0.0
8845.287360000002,0.0
4096.1816064,0.0
7705.501979135999,0.0
4962.418495856641,0.0
7047.1619431489535,0.0
5462.756923206794,0.0
6666.904738362838,0.0
5751.752398844244,0.0
6447.268176878374,0.0
5918.676185572436,0.0
6320.406098964948,0.0
6015.091364786639,0.0
6247.130562762154,0.0
6070.780772300763,0.0
6204.806613051423,0.0
6102.946974080918,0.0
2212.555551685479,0.0
0.0,0.0
0.0,0.0
2072.3153258429816,0.0
11923.894135162967,0.0
0.0,0.0
10818.6,0.0
2596.464000000001,0.0
8845.28736,0.0
4096.1816064,0.0
7705.501979135999,0.0
4962.41849585664,0.0
7047.1619431489535,0.0
5462.756923206795,0.0
6666.904738362836,0.0
1714.852858573551,0.0
10484.16771714907,0.0
1573.9856061979763,0.0
9622.370939289538,0.0
3505.598086139953,0.0
8154.345454533636,0.0
4621.297454554438,0.0
7306.4139345386275,0.0
5265.725409750644,0.0
6816.64868858951,0.0
5637.946996671973,0.0
981.0355072043304,0.0
918.7343569671528,0.0
12637.225713577498,0.0
1214.3084576811013,0.0
0.0,0.0
0.0,0.0
0.0,0.0
14175.013870309573,0.0
-1.1261671906883075e-13,0.0
0.0,0.0
4417.151651935489,0.0
0.0,0.0
0.0,0.0
0.0,0.0
10246.789728274958,0.0
3598.0604010099128,0.0
0.0,0.0
0.0,0.0
0.0,0.0
0.0,0.0
0.0,0.0
0.0,0.0
0.0,0.0
5720.600890618484,0.0
0.0,0.0
0.0,0.0
0.0,0.0
0.0,0.0
0.0,0.0
0.0,0.0
0.0,0.0
0.0,0.0
0.0,0.0
0.0,0.0
0.0,0.0
0.0,0.0
0.0,0.0
0.0,0.0
0.0,0.0
0.0,0.0
3578.427236658742,0.0
7652.969882081021,0.0
0.0,0.0
11881.612791739866,0.0
1827.7520140813938,0.0
0.0,0.0
7294.88828603859,0.0
5274.484902610671,0.0
6809.991474015891,0.0
5643.006479747923,0.0
6529.915075391579,0.0
5855.8645427024,0.0
6368.1429475461755,0.0
5978.811359864906,0.0
6274.70336650267,0.0
6049.82544145797,0.0
6220.732664491943,0.0
6090.843174986124,0.0
0.0,0.0
0.0,0.0
0.0,0.0
0.0,0.0
7783.408546979677,0.0
5672.885486066525,0.0
0.0,0.0
0.0,0.0
0.0,0.0
11956.989585501991,0.0
0.0,0.0
0.0,0.0
0.0,0.0
0.0,0.0
7751.342037747184,0.0
4017.7926215922002,0.0
7983.426590722715,0.0
4751.195791050735,0.0
7207.691198801442,0.0
5340.754688910905,0.0
6759.626436427712,0.0
0.0,0.0
0.0,0.0
0.0,0.0
0.0,0.0
0.0,0.0
0.0,0.0
0.0,0.0
13742.305953118943,0.0
0.0,0.0
1672.1144706465789,0.0
9547.793002308601,0.0
0.0,0.0
0.0,0.0
0.0,0.0
0.0,0.0
0.0,0.0
0.0,0.0
0.0,0.0
0.0,0.0
13620.25117353094,0.0
0.0,0.0
0.0,0.0
0.0,0.0
0.0,0.0
0.0,0.0
14038.21536,0.0
0.0,0.0
0.0,0.0
0.0,0.0
0.0,0.0
0.0,0.0
0.0,0.0
0.0,0.0
0.0,0.0
0.0,0.0
0.0,0.0
0.0,0.0
13415.064000000002,0.0
0.0,0.0
0.0,0.0
0.0,0.0
0.0,0.0
1.1261671906883106e-13,0.0
0.0,0.0
0.0,0.0
10818.6,0.0
2596.464000000001,0.0
8845.287360000002,0.0
4096.1816063999995,0.0
7705.501979135999,0.0
794.8668680170406,0.0
0.0,0.0
0.0,0.0
0.0,0.0
14061.03150168894,0.0
0.0,0.0
0.0,0.0
7590.029644936995,0.0
5050.177469847885,0.0
2563.30253162934,0.0
981.0365240398535,0.0
12220.909659449044,0.0
1530.708658818728,0.0
2254.8803556913495,0.0
9104.890929674575,0.0
3898.882893447324,0.0
7855.449000980035,0.0
4848.458759255173,0.0
7133.771342966069,0.0
5396.933779345787,0.0
6716.930327697203,0.0
5713.732950950127,0.0
6476.162957277904,0.0
5896.716152468794,0.0
6337.095724123717,0.0
6002.4072496659755,0.0
6256.770490253859,0.0
6063.454427407067,0.0
6210.3746351706295,0.0
6098.715277270323,0.0
6183.576389274554,0.0
6119.0819441513395,0.0
6168.097722444982,0.0
6130.8457309418145,0.0
6159.157244484222,0.0
6137.640494191991,0.0
6153.993224414088,0.0
436.2613650653311,0.0
0.0,0.0
0.0,0.0
0.0,0.0
14097.987701998169,0.0
0.0,0.0
0.0,0.0
0.0,0.0
0.0,0.0
9760.59464803347,0.0
4284.1552629914595,0.0
0.0,0.0
0.0,0.0
0.0,0.0
0.0,0.0
0.0,0.0
0.0,0.0
0.0,0.0
0.0,0.0
0.0,0.0
0.0,0.0
1337.0635100655786,0.0
0.0,0.0
0.0,0.0
0.0,0.0
128.0364618110084,0.0
3731.4381118203005,0.0
10228.762163055213,0.0
0.0,0.0
0.0,0.0
0.0,0.0
621.2770167656685,0.0
0.0,0.0
13469.917311072999,0.0
0.0,0.0
0.0,0.0
0.0,0.0
0.0,0.0
0.0,0.0
-1.4731414788167123e-12,0.0
0.0,0.0
0.0,0.0
0.0,0.0
0.0,0.0
0.0,0.0
0.0,0.0
14069.25180970233,0.0
0.0,0.0
0.0,0.0
0.0,0.0
0.0,0.0
1.5857581978855422e-12,0.0
0.0,0.0
0.0,0.0
0.0,0.0
0.0,0.0
0.0,0.0
0.0,0.0
11552.988067239294,0.0
0.0,0.0
0.0,0.0
0.0,0.0
0.0,0.0
0.0,0.0
0.0,0.0
0.0,0.0
0.0,0.0
0.0,0.0
0.0,0.0
0.0,0.0
0.0,0.0
0.0,0.0
0.0,0.0
0.0,0.0
0.0,0.0
0.0,0.0
0.0,0.0
0.0,0.0
0.0,0.0
0.0,0.0
0.0,0.0
11697.587535080533,0.0
0.0,0.0
0.0,0.0
0.0,0.0
0.0,0.0
0.0,0.0
0.0,0.0
0.0,0.0
0.0,0.0
0.0,0.0
10556.365625755127,0.0
2795.7621244261045,0.0
8693.820785436163,0.0
4211.296203068519,0.0
3917.9369071606343,0.0
7057.585698080204,0.0
5855.971101615719,0.0
4335.9959927112395,0.0
7554.316561804959,0.0
5077.319413028233,0.0
2710.6224755077715,0.0
8758.526918614098,0.0
4162.119541853287,0.0
7655.389148191502,0.0
5000.50424737446,0.0
7018.216771995412,0.0
5484.755253283486,0.0
6650.186007504551,0.0
5764.458634296544,0.0
6437.611437934627,0.0
5926.015307169683,0.0
6314.828366551043,0.0
6019.330441421209,0.0
6243.908864519882,0.0
6073.229262964891,0.0
6202.945760146684,0.0
6104.36122228852,0.0
6179.285471060726,0.0
6122.343041993849,0.0
6165.619288084676,0.0
6132.729341055647,0.0
6157.725700797709,0.0
6138.728467393741,0.0
6153.166364780758,0.0
6142.193562766623,0.0
6150.532892297367,0.0
6144.195001854002,0.0
846.4191196199974,0.0
0.0,0.0
0.0,0.0
6886.743055095864,0.0
0.0,0.0
0.0,0.0
0.0,0.0
0.0,0.0
7187.7225027177465,0.0
0.0,0.0
0.0,0.0
0.0,0.0
0.0,0.0
0.0,0.0
0.0,0.0
0.0,0.0
0.0,0.0
0.0,0.0
0.0,0.0
0.0,0.0
0.0,0.0
0.0,0.0
0.0,0.0
0.0,0.0
0.0,0.0
0.0,0.0
6502.46568518968,0.0
0.0,0.0
0.0,0.0
0.0,0.0
0.0,0.0
0.0,0.0
0.0,0.0
0.0,0.0
0.0,0.0
0.0,0.0
0.0,0.0
0.0,0.0
0.0,0.0
0.0,0.0
0.0,0.0
0.0,0.0
5143.811464302989,0.0
2576.624549322646,0.0
0.0,0.0
0.0,0.0
0.0,0.0
0.0,0.0
0.0,0.0
0.0,0.0
0.0,0.0
0.0,0.0
5136.235616315261,0.0
0.0,0.0
3364.953058817995,0.0
8261.235675298325,0.0
4540.0608867732735,0.0
7368.153726052313,0.0
5218.803168200243,0.0
6852.309592167815,0.0
5610.844709952461,0.0
6554.358020436129,0.0
5837.287904468541,0.0
6382.261192603911,0.0
5968.081493621028,0.0
6282.85806484802,0.0
6043.627870715506,0.0
6225.442818256217,0.0
6087.263458125274,0.0
6192.279771824792,0.0
6112.4673734131575,0.0
6173.124796206001,0.0
6127.02515488344,0.0
6162.060882288586,0.0
6135.433729460674,0.0
6155.67036560989,0.0
6140.290522136484,0.0
6151.979203176273,0.0
6143.095805586033,0.0
6149.847187754617,0.0
6144.716137306491,0.0
6148.615735647067,0.0
6145.652040908229,0.0
6147.904448909748,0.0
6146.1926188285925,0.0
6147.49360969027,0.0
6146.504856635395,0.0
6147.2563089571,0.0
6146.685205192605,0.0
6147.119244053621,0.0
6146.789374519248,0.0
6147.040075365372,0.0
6146.849542722318,0.0
6146.994347531039,0.0
6146.88429587641,0.0
6146.967935133927,0.0
6146.904369298214,0.0
6146.952679333358,0.0
6146.915963706649,0.0
6146.943867582949,0.0
6146.922660636958,0.0
6146.9387779159115,0.0
6146.926528783907,0.0
6146.935838124231,0.0
6146.928763025584,0.0
6146.934140100557,0.0
6146.930053523577,0.0
6146.933159322082,0.0
6146.930798915218,0.0
6146.932592824434,0.0
6146.93122945343,0.0
6146.932265615395,0.0
6146.9314781323,0.0
6146.932076619451,0.0
6146.931621769216,0.0
6146.931967455397,0.0
6146.931704733899,0.0
3489.7036098202634,0.0
0.0,0.0
0.0,0.0
0.0,0.0
0.0,0.0
13934.83890204494,0.0
0.0,0.0
0.0,0.0
0.0,0.0
0.0,0.0
0.0,0.0
0.0,0.0
0.0,0.0
0.0,0.0
10818.6,0.0
2596.464000000001,0.0
8845.28736,0.0
4096.1816063999995,0.0
7705.501979136,0.0
4962.418495856641,0.0
7047.1619431489535,0.0
5462.756923206795,0.0
6666.904738362836,0.0
5751.752398844244,0.0
6447.268176878374,0.0
5918.676185572434,0.0
6320.40609896495,0.0
4353.7226791649955,0.0
7908.499248383797,0.0
4808.140571228316,0.0
7164.413165866481,0.0
5373.645993941476,0.0
6734.629044604478,0.0
5700.281926100596,0.0
6486.3857361635455,0.0
5888.946840515705,0.0
6343.000401208065,0.0
5997.91969508187,0.0
6260.1810317377785,0.0
0.0,0.0
12273.20697981103,0.0
1400.4630889905507,0.0
1157.996569090931,0.0
3047.9855515946388,0.0
8502.130980788077,0.0
4356.980454601062,0.0
7507.294854503194,0.0
5113.055910577573,0.0
6932.677507961045,0.0
5549.765093949606,0.0
6600.778528598301,0.0
5802.0083182652925,0.0
6409.073678118378,0.0
5947.704004630033,0.0
6298.344956481176,0.0
6031.857833074306,0.0
6234.388046863528,0.0
6080.465084383718,0.0
6197.446535868373,0.0
6108.540632740034,0.0
6176.109119117574,0.0
6124.757069470644,0.0
6163.784627202313,0.0
6134.123683326243,0.0
6156.666000672056,0.0
6139.533839489237,0.0
6152.55428198818,0.0
6142.658745688983,0.0
3490.7976591818183,0.0
0.0,0.0
2802.3316010569283,0.0
11119.833893153891,0.0
0.0,0.0
2631.454702668998,0.0
8818.694425971562,0.0
4116.392236261613,0.0
7690.1419004411755,0.0
4974.092155664707,0.0
7038.289961694824,0.0
5469.499629111934,0.0
7.925668148936251,0.0
0.0,0.0
4637.2035337284915,0.0
9159.67685015176,0.0
-1.4731414788167095e-12,0.0
10818.6,0.0
2596.4640000000004,0.0
6296.626636497842,0.0
6644.842329902158,0.0
3573.306726147035,0.0
0.0,0.0
0.0,0.0
0.0,0.0
0.0,0.0
13912.13691069382,0.0
0.0,0.0
0.0,0.0
0.0,0.0
0.0,0.0
0.0,0.0
0.0,0.0
0.0,0.0
9175.688414661387,0.0
0.0,0.0
0.0,0.0
0.0,0.0
0.0,0.0
0.0,0.0
0.0,0.0
0.0,0.0
0.0,0.0
0.0,0.0
0.0,0.0
0.0,0.0
0.0,0.0
7514.223917543934,0.0
0.0,0.0
0.0,0.0
0.0,0.0
0.0,0.0
0.0,0.0
6719.675537921884,0.0
5711.646591179368,0.0
6477.748590703682,0.0
5895.511071065203,0.0
6338.011585990448,0.0
6001.7111946472605,0.0
6257.299492068081,0.0
6063.052386028258,0.0
6210.680186618524,0.0
6098.4830581699225,0.0
6183.75287579086,0.0
6118.947814398946,0.0
6168.199661056801,0.0
6130.768257596833,0.0
0.0,0.0
0.0,0.0
0.0,0.0
0.0,0.0
8365.812509937336,0.0
3461.59196732675,0.0
0.0,0.0
0.0,0.0
0.0,0.0
2295.9558864372198,0.0
0.0,0.0
10818.6,0.0
1469.1801228710824,0.0
9972.57123712892,0.0
3239.4458597820235,0.0
3996.320391499276,0.0
7781.396502460551,0.0
4904.738658129982,0.0
7090.9986198212155,0.0
5429.441048935877,0.0
6692.224802808734,0.0
5732.509149865362,0.0
6461.893046102326,0.0
5907.561284962233,0.0
6328.8534234287035,0.0
6008.671398194185,0.0
6252.00973737242,0.0
6067.0725995969615,0.0
6207.624824306309,0.0
6100.805133527207,0.0
6181.988098519326,0.0
4675.076501065461,0.0
7612.392869764616,0.0
5033.181418978895,0.0
6993.382121576041,0.0
5503.6295876022095,0.0
1873.332423989783,0.0
0.0,0.0
0.0,0.0
0.0,0.0
0.0,0.0
0.0,0.0
0.0,0.0
0.0,0.0
0.0,0.0
0.0,0.0
0.0,0.0
0.0,0.0
0.0,0.0
0.0,0.0
0.0,0.0
0.0,0.0
0.0,0.0
0.0,0.0
9193.455599207608,0.0
0.0,0.0
0.0,0.0
0.0,0.0
0.0,0.0
0.0,0.0
0.0,0.0
0.0,0.0
0.0,0.0
0.0,0.0
4990.4352693027295,0.0
0.0,0.0
3081.8293670170387,0.0
8476.40968106705,0.0
4376.528642389043,0.0
7492.438231784329,0.0
5124.346943843911,0.0
6924.096322678629,0.0
5556.2867947642435,0.0
6595.822035979175,0.0
5805.775252655827,0.0
6406.210807981572,0.0
5949.879785934006,0.0
0.0,0.0
0.0,0.0
0.0,0.0
0.0,0.0
0.0,0.0
6798.96050749587,0.0
1517.2364342857545,0.0
0.0,0.0
6618.411324499735,0.0
0.0,0.0
9764.056227542462,0.0
3397.91726706773,0.0
8236.182877028526,0.0
4559.101013458321,0.0
7353.683229771676,0.0
5229.800745373527,0.0
6843.951433516119,0.0
5617.196910527751,0.0
6549.53034799891,0.0
5840.956935520828,0.0
6379.472729004171,0.0
4002.9377780520676,0.0
0.0,0.0
0.0,0.0
0.0,0.0
0.0,0.0
0.0,0.0
9710.96234353419,0.0
4179.215855285639,0.0
0.0,0.0
0.0,0.0
0.0,0.0
8504.336316980225,0.0
5533.879043019773,0.0
0.0,0.0
3496.384319537191,0.0
6446.533287015278,0.0
5919.2347018683895,0.0
6319.981626580025,0.0
6015.413963799182,0.0
6246.885387512621,0.0
6070.967105490408,0.0
6204.6649998272915,0.0
3437.862638930533,0.0
8845.47046510097,0.0
4096.0424465232645,0.0
7705.60774064232,0.0
712.288043336221,0.0
0.0,0.0
0.0,0.0
0.0,0.0
14065.786930834787,0.0
1.1261671906883081e-13,0.0
0.0,0.0
0.0,0.0
0.0,0.0
12950.652741306945,0.0
1.1261671906883038e-13,0.0
0.0,0.0
2230.035479095631,0.0
6443.187180496256,0.0
5921.7777428228455,0.0
6318.048915454639,0.0
6016.882824254475,0.0
6245.769053566601,0.0
6071.815519289384,0.0
6204.020205340069,0.0
6103.544643941549,0.0
6179.906070604424,0.0
6121.871386340638,0.0
6165.977746381115,0.0
6132.456912750353,0.0
6157.932746309733,0.0
6138.571112804602,0.0
6153.285954268502,0.0
6142.102674755939,0.0
6150.601967185487,0.0
6144.14250493903,0.0
6149.051696246338,0.0
6145.320710852784,0.0
6148.156259751885,0.0
6146.001242588567,0.0
6147.639055632689,0.0
6146.394317719157,0.0
6147.340318533441,0.0
6146.621357914584,0.0
6147.167767984915,0.0
6146.7524963314645,0.0
2125.9359060656284,0.0
0.0,0.0
0.0,0.0
8796.299944162385,0.0
5204.438577101179,0.0
0.0,0.0
0.0,0.0
-1.3806337380461575e-27,0.0
0.0,0.0
829.9382261992171,0.0
4753.844129698719,0.0
3275.4781898918422,0.0
9585.48320319037,0.0
3533.6327655753216,0.0
0.0,0.0
0.0,0.0
0.0,0.0
1719.8478989410296,0.0
7520.297065281425,0.0
0.0,0.0
4910.501528270548,0.0
0.0,0.0
3509.8977856635315,0.0
5087.5611727035775,0.0
3479.567592119512,0.0
8174.128629989171,0.0
4606.262241208232,0.0
7317.840696681744,0.0
5257.041070521875,0.0
6823.2487864033765,0.0
5632.930922333436,0.0
6537.57249902659,0.0
5850.044900739791,0.0
6372.565875437758,0.0
5975.449934667304,0.0
6277.258049652851,0.0
6047.883882263833,0.0
6222.208249479487,0.0
6089.721730395591,0.0
6190.411484899351,0.0
6113.887271476492,0.0
6172.045673677867,0.0
6127.845288004821,0.0
6161.437581116336,0.0
6135.9074383515845,0.0
6155.310346852797,0.0
6140.564136391875,0.0
6151.771256342176,0.0
6143.253845179946,0.0
6149.7270776632395,0.0
6144.807420975938,0.0
6148.546360058288,0.0
6145.704766355701,0.0
6147.864377569666,0.0
6146.223073047055,0.0
6147.470464484239,0.0
6146.5224469919785,0.0
6147.242940286096,0.0
6146.695365382568,0.0
6147.111522309251,0.0
6146.7952430449695,0.0
6147.035615285823,0.0
6146.852932382774,0.0
5327.1857693445045,0.0
6966.6922557888765,0.0
5523.913885600453,0.0
6620.425446943656,0.0
5787.076660322821,0.0
6420.421738154656,0.0
5939.079479002463,0.0
0.0,0.0
0.0,0.0
5751.975926259845,0.0
0.0,0.0
0.0,0.0
0.0,0.0
0.0,0.0
0.0,0.0
0.0,0.0
0.0,0.0
5754.861058423595,0.0
0.0,0.0
0.0,0.0
0.0,0.0
0.0,0.0
0.0,0.0
672.7473576986855,0.0
7506.89791619929,0.0
0.0,0.0
0.0,0.0
0.0,0.0
0.0,0.0
0.0,0.0
0.0,0.0
10818.6,0.0
2596.464000000001,0.0
8845.28736,0.0
4096.1816064,0.0
7705.501979136001,0.0
4962.418495856639,0.0
7047.161943148954,0.0
5462.756923206794,0.0
6666.904738362837,0.0
5751.752398844245,0.0
6447.268176878375,0.0
5918.676185572435,0.0
6320.406098964951,0.0
6015.091364786638,0.0
6247.130562762156,0.0
6070.780772300762,0.0
5748.7644475691595,0.0
6558.98913956318,0.0
5833.768253931985,0.0
6119.468728595331,0.0
6167.803766267549,0.0
6131.069137636663,0.0
6158.987455396136,0.0
6137.769533898938,0.0
6153.895154236809,0.0
6141.639682780025,0.0
6150.95384108718,0.0
3363.715454267757,0.0
0.0,0.0
0.0,0.0
0.0,0.0
3480.755907235181,0.0
10448.642371715614,0.0
-1.1360000683820074e-26,0.0
0.0,0.0
2870.5790126850625,0.0
8636.959950359354,0.0
4254.510437726893,0.0
7585.172067327563,0.0
5053.869228831054,0.0
6977.659386088399,0.0
5515.578866572818,0.0
6626.760061404659,0.0
5782.26235333246,0.0
6424.080611467331,0.0
5936.298735284828,0.0
6307.012961183532,0.0
6025.270149500518,0.0
6239.394686379607,0.0
6076.660038351499,0.0
6200.338370852861,0.0
6106.342838151826,0.0
6177.7794430046115,0.0
6123.487623316494,0.0
6164.749406279467,0.0
6133.390451227605,0.0
6157.22325706702,0.0
6139.110324629065,0.0
6152.876153281912,0.0
6142.414123505748,0.0
6150.365266135632,0.0
6144.32239773692,0.0
6148.914977719941,0.0
6145.424616932845,0.0
6148.077291131038,0.0
6146.061258740411,0.0
6147.5934433572875,0.0
6146.428983048462,0.0
6147.313972883168,0.0
6146.641380608791,0.0
6147.152550737319,0.0
6146.764061439638,0.0
6147.0593133058765,0.0
6146.834921887534,0.0
6147.005459365474,0.0
6146.875850882241,0.0
6146.974353329497,0.0
6146.899491469584,0.0
0.0,0.0
0.0,0.0
0.0,0.0
0.0,0.0
0.0,0.0
0.0,0.0
0.0,0.0
0.0,0.0
0.0,0.0
0.0,0.0
0.0,0.0
0.0,0.0
0.0,0.0
0.0,0.0
0.0,0.0
0.0,0.0
0.0,0.0
0.0,0.0
13769.128687861428,0.0
0.0,0.0
0.0,0.0
0.0,0.0
0.0,0.0
0.0,0.0
0.0,0.0
0.0,0.0
0.0,0.0
6466.048488745004,0.0
5904.403148553799,0.0
0.0,0.0
0.0,0.0
4617.064436426193,0.0
357.96275324906,0.0
0.0,0.0
0.0,0.0
0.0,0.0
0.0,0.0
0.0,0.0
0.0,0.0
0.0,0.0
0.0,0.0
0.0,0.0
0.0,0.0
0.0,0.0
0.0,0.0
0.0,0.0
0.0,0.0
0.0,0.0
0.0,0.0
12931.732084342477,0.0
0.0,0.0
0.0,0.0
0.0,0.0
0.0,0.0
0.0,0.0
0.0,0.0
0.0,0.0
0.0,0.0
0.0,0.0
0.0,0.0
0.0,0.0
0.0,0.0
0.0,0.0
0.0,0.0
0.0,0.0
0.0,0.0
3159.509294089412,0.0
5367.512974689823,0.0
7724.576774772838,0.0
0.0,0.0
0.0,0.0
0.0,0.0
3136.5232475641405,0.0
0.0,0.0
0.0,0.0
12343.716598928608,0.0
0.0,0.0
0.0,0.0
0.0,0.0
0.0,0.0
0.0,0.0
0.0,0.0
0.0,0.0
0.0,0.0
0.0,0.0
0.0,0.0
0.0,0.0
0.0,0.0
0.0,0.0
0.0,0.0
0.0,0.0
0.0,0.0
0.0,0.0
0.0,0.0
0.0,0.0
0.0,0.0
0.0,0.0
0.0,0.0
0.0,0.0
0.0,0.0
0.0,0.0
0.0,0.0
0.0,0.0
0.0,0.0
0.0,0.0
0.0,0.0
0.0,0.0
0.0,0.0
0.0,0.0
0.0,0.0
0.0,0.0
0.0,0.0
0.0,0.0
0.0,0.0
0.0,0.0
0.0,0.0
0.0,0.0
0.0,0.0
0.0,0.0
0.0,0.0
0.0,0.0
0.0,0.0
0.0,0.0
0.0,0.0
0.0,0.0
0.0,0.0
0.0,0.0
0.0,0.0
0.0,0.0
0.0,0.0
0.0,0.0
0.0,0.0
0.0,0.0
0.0,0.0
0.0,0.0
0.0,0.0
0.0,0.0
0.0,0.0
0.0,0.0
0.0,0.0
0.0,0.0
0.0,0.0
0.0,0.0
0.0,0.0
0.0,0.0
0.0,0.0
0.0,0.0
0.0,0.0
0.0,0.0
0.0,0.0
0.0,0.0
2304.991352489016,0.0
0.0,0.0
0.0,0.0
0.0,0.0
0.0,0.0
0.0,0.0
0.0,0.0
0.0,0.0
0.0,0.0
0.0,0.0
0.0,0.0
0.0,0.0
0.0,0.0
0.0,0.0
0.0,0.0
0.0,0.0
0.0,0.0
0.0,0.0
1064.6793949081564,0.0
0.0,0.0
0.0,0.0
0.0,0.0
0.0,0.0
0.0,0.0
0.0,0.0
0.0,0.0
0.0,0.0
0.0,0.0
0.0,0.0
0.0,0.0
0.0,0.0
0.0,0.0
0.0,0.0
0.0,0.0
0.0,0.0
0.0,0.0
0.0,0.0
0.0,0.0
0.0,0.0
1559.382502463193,0.0
7110.640273913616,0.0
6019.992357637099,0.0
6243.405808195804,0.0
6073.611585771188,0.0
6202.655194813898,0.0
6104.582051941439,0.0
6179.117640524507,0.0
0.0,0.0
0.0,0.0
0.0,0.0
0.0,0.0
0.0,0.0
0.0,0.0
0.0,0.0
0.0,0.0
0.0,0.0
0.0,0.0
0.0,0.0
0.0,0.0
0.0,0.0
0.0,0.0
0.0,0.0
0.0,0.0
0.0,0.0
0.0,0.0
0.0,0.0
0.0,0.0
0.0,0.0
0.0,0.0
0.0,0.0
0.0,0.0
0.0,0.0
0.0,0.0
0.0,0.0
0.0,0.0
0.0,0.0
0.0,0.0
656.7321899329536,0.0
0.0,0.0
13466.120203547463,0.0
4.4074962494321245e-28,0.0
0.0,0.0
444.5419496194712,0.0
10480.7481182892,0.0
2853.231430100208,0.0
8650.144113123843,0.0
4244.490474025881,0.0
7592.787239740332,0.0
5048.081697797349,0.0
6982.057909674017,0.0
5512.235988647748,0.0
6629.300648627712,0.0
5780.331507042939,0.0
6425.548054647366,0.0
5935.183478468002,0.0
0.0,0.0
0.0,0.0
0.0,0.0
0.0,0.0
0.0,0.0
0.0,0.0
0.0,0.0
0.0,0.0
0.0,0.0
0.0,0.0
0.0,0.0
0.0,0.0
0.0,0.0
0.0,0.0
0.0,0.0
0.0,0.0
0.0,0.0
0.0,0.0
0.0,0.0
0.0,0.0
13778.396768046585,0.0
0.0,0.0
0.0,0.0
0.0,0.0
0.0,0.0
0.0,0.0
0.0,0.0
0.0,0.0
0.0,0.0
0.0,0.0
1.126167190688312e-13,0.0
0.0,0.0
0.0,0.0
0.0,0.0
0.0,0.0
0.0,0.0
0.0,0.0
1101.8148716201197,0.0
1303.0073311657372,0.0
7526.389729559732,0.0
5098.543805534604,0.0
6943.706707793702,0.0
5541.382902076788,0.0
6607.148994421641,0.0
5797.166764239553,0.0
6412.753259177938,0.0
5944.907523024767,0.0
6300.470282501178,0.0
6030.242585299106,0.0
6235.6156351726795,0.0
6079.532117268763,0.0
6198.155590875742,0.0
0.0,0.0
0.0,0.0
0.0,0.0
5136.756291014245,0.0
0.0,0.0
0.0,0.0
0.0,0.0
0.0,0.0
0.0,0.0
0.0,0.0
0.0,0.0
0.0,0.0
0.0,0.0
0.0,0.0
0.0,0.0
0.0,0.0
0.0,0.0
0.0,0.0
0.0,0.0
0.0,0.0
0.0,0.0
0.0,0.0
0.0,0.0
0.0,0.0
0.0,0.0
0.0,0.0
0.0,0.0
0.0,0.0
0.0,0.0
0.0,0.0
0.0,0.0
0.0,0.0
0.0,0.0
8630.128609839581,0.0
0.0,0.0
0.0,0.0
0.0,0.0
3856.97036896258,0.0
3874.842456599436,0.0
0.0,0.0
0.0,0.0
3091.7229035060564,0.0
4807.546121724593,0.0
5254.212666798025,0.0
790.2427955083698,0.0
0.0,0.0
0.0,0.0
0.0,0.0
0.0,0.0
0.0,0.0
0.0,0.0
0.0,0.0
0.0,0.0
0.0,0.0
0.0,0.0
0.0,0.0
0.0,0.0
11288.34307898366,0.0
0.0,0.0
0.0,0.0
0.0,0.0
0.0,0.0
0.0,0.0
0.0,0.0
0.0,0.0
0.0,0.0
0.0,0.0
0.0,0.0
0.0,0.0
9201.227920572612,0.0
0.0,0.0
0.0,0.0
0.0,0.0
10359.934711886164,0.0
3055.1292881138374,0.0
0.0,0.0
0.0,0.0
0.0,0.0
0.0,0.0
0.0,0.0
0.0,0.0
13904.47402028353,0.0
0.0,0.0
0.0,0.0
10818.6,0.0
2596.4640000000013,0.0
8845.28736,0.0
4096.181606400001,0.0
7705.501979136002,0.0
4962.418495856638,0.0
7047.161943148954,0.0
0.0,0.0
0.0,0.0
0.0,0.0
0.0,0.0
0.0,0.0
0.0,0.0
0.0,0.0
0.0,0.0
5051.536908765681,0.0
8678.181890011034,0.0
0.0,0.0
0.0,0.0
0.0,0.0
0.0,0.0
0.0,0.0
0.0,0.0
-2.8449691563062086e-27,0.0
0.0,0.0
6004.48394570304,0.0
301.38763421192397,0.0
0.0,0.0
1349.0864718990033,0.0
12758.240737360687,0.0
0.0,0.0
595.9082211942699,0.0
7272.661342871619,0.0
5291.37737941757,0.0
6797.153191642647,0.0
5652.763574351588,0.0
6522.499683492794,0.0
5861.500240545478,0.0
0.0,0.0
0.0,0.0
0.0,0.0
0.0,0.0
2818.8781042512624,0.0
0.0,0.0
0.0,0.0
0.0,0.0
0.0,0.0
0.0,0.0
0.0,0.0
1720.6048053991208,0.0
0.0,0.0
0.0,0.0
0.0,0.0
5708.604575922419,0.0
1080.3458701529694,0.0
0.0,0.0
0.0,0.0
0.0,0.0
0.0,0.0
0.0,0.0
0.0,0.0
0.0,0.0
0.0,0.0
7076.569814013541,0.0
0.0,0.0
0.0,0.0
0.0,0.0
0.0,0.0
0.0,0.0
0.0,0.0
0.0,0.0
0.0,0.0
0.0,0.0
5705.294699351629,0.0
6482.576028492761,0.0
5891.842218345501,0.0
6340.799914057419,0.0
5999.592065316362,0.0
6258.910030359565,0.0
6061.828376926731,0.0
6211.610433535686,0.0
6097.77607051288,0.0
6184.290186410212,0.0
6118.539458328239,0.0
6168.51001167054,0.0
6130.53239113039,0.0
6159.395382740903,0.0
6137.459509116914,0.0
6154.130773071146,0.0
6141.460612465929,0.0
6151.089934525895,0.0
6143.7716497603205,0.0
6149.333546182157,0.0
6145.1065049015615,0.0
6148.319056274814,0.0
6145.877517231142,0.0
6147.7330869043335,0.0
6146.322853952706,0.0
6147.394630995944,0.0
6146.580080443084,0.0
6147.199138863257,0.0
6146.728654463925,0.0
6147.086222607417,0.0
6146.814470818364,0.0
6147.021002178042,0.0
6146.864038344688,0.0
6146.983330858037,0.0
6146.892668547892,0.0
6146.961571903603,0.0
6146.909205353263,0.0
0.0,0.0
0.0,0.0
0.0,0.0
10592.600456019785,0.0
0.0,0.0
3530.5903270105655,0.0
0.0,0.0
0.0,0.0
0.0,0.0
0.0,0.0
0.0,0.0
0.0,0.0
1965.5613958330937,0.0
0.0,0.0
0.0,0.0
0.0,0.0
0.0,0.0
0.0,0.0
0.0,0.0
1651.9412456142388,0.0
450.68284154758686,0.0
0.0,0.0
2050.4588121584375,0.0
6341.792954099141,0.0
5998.837354884654,0.0
6259.483610287664,0.0
6061.3924561813765,0.0
6211.941733302155,0.0
6097.524282690362,0.0
0.0,0.0
0.0,0.0
0.0,0.0
2806.5534650830964,0.0
0.0,0.0
0.0,0.0
0.0,0.0
0.0,0.0
0.0,0.0
0.0,0.0
0.0,0.0
0.0,0.0
0.0,0.0
0.0,0.0
0.0,0.0
10964.736671917848,0.0
0.0,0.0
0.0,0.0
0.0,0.0
0.0,0.0
0.0,0.0
0.0,0.0
0.0,0.0
0.0,0.0
0.0,0.0
0.0,0.0
0.0,0.0
0.0,0.0
0.0,0.0
0.0,0.0
0.0,0.0
0.0,0.0
0.0,0.0
0.0,0.0
0.0,0.0
0.0,0.0
0.0,0.0
0.0,0.0
0.0,0.0
0.0,0.0
0.0,0.0
0.0,0.0
0.0,0.0
0.0,0.0
0.0,0.0
0.0,0.0
0.0,0.0
