Price
57.15323741007195
57.15323741007196
57.15323741007196
57.15323741007196
57.15323741007196
80.87434052757797
80.87434052757797
80.87434052757797
80.87434052757797
80.87434052757796
80.87434052757797
57.15323741007197
57.15323741007196
80.87434052757797
80.87434052757797
80.87434052757797
80.87434052757797
80.87434052757797
80.87434052757797
80.87434052757797
57.15323741007196
57.15323741007195
57.15323741007196
57.15323741007196
57.15323741007196
57.15323741007196
57.15323741007196
57.15323741007196
57.15323741007196
57.15323741007196
57.15323741007196
57.15323741007196
57.15323741007195
57.15323741007196
57.15323741007197
57.15323741007197
57.15323741007196
57.15323741007196
57.15323741007196
57.15323741007196
80.87434052757797
80.87434052757797
57.15323741007196
57.15323741007196
57.15323741007196
57.15323741007197
57.15323741007197
57.15323741007195
57.15323741007196
57.15323741007197
57.15323741007197
57.15323741007196
57.15323741007196
57.15323741007196
57.15323741007196
57.15323741007196
57.15323741007196
57.15323741007195
57.15323741007196
57.15323741007195
57.15323741007196
57.15323741007196
57.15323741007196
57.15323741007197
57.15323741007197
57.15323741007196
57.15323741007196
57.15323741007197
57.15323741007197
57.15323741007196
57.15323741007196
57.15323741007195
57.15323741007196
57.15323741007196
57.15323741007197
57.15323741007197
57.15323741007196
80.87434052757797
80.87434052757797
80.87434052757797
80.87434052757797
80.87434052757797
80.87434052757797
80.87434052757797
80.87434052757797
80.87434052757797
80.87434052757798
80.87434052757797
80.87434052757797
80.87434052757797
80.87434052757797
80.87434052757797
80.87434052757797
80.87434052757797
80.87434052757797
57.15323741007196
57.15323741007195
57.15323741007196
57.15323741007196
57.15323741007195
57.15323741007196
80.87434052757797
80.87434052757797
80.87434052757797
80.87434052757797
80.87434052757797
80.87434052757797
80.87434052757797
80.87434052757798
80.87434052757797
80.87434052757797
80.87434052757797
80.87434052757797
80.87434052757797
80.87434052757797
80.87434052757797
80.87434052757797
80.87434052757797
80.87434052757797
57.15323741007196
57.15323741007197
57.15323741007197
57.15323741007197
57.15323741007196
57.15323741007195
80.87434052757797
80.87434052757797
80.87434052757797
80.87434052757797
80.87434052757797
80.87434052757797
80.87434052757797
80.87434052757797
80.87434052757797
80.87434052757797
80.87434052757797
80.87434052757798
80.87434052757797
80.87434052757797
80.87434052757797
80.87434052757797
80.87434052757797
80.87434052757797
80.87434052757797
57.15323741007195
57.15323741007197
57.15323741007197
57.15323741007196
80.87434052757797
80.87434052757797
80.87434052757797
80.87434052757797
80.87434052757797
80.87434052757797
80.87434052757797
57.15323741007196
57.15323741007196
80.87434052757797
80.87434052757798
80.87434052757797
80.87434052757797
80.87434052757797
80.87434052757797
80.87434052757797
80.87434052757797
80.87434052757797
80.87434052757797
57.15323741007196
