DK,FR,DE,IB,LU,UK
0.0,0.0,0.0,0.0,0.0,0.0
0.0,0.0,1675.0,1070.833333,1500.0,2000.0
0.0,0.0,0.0,123.81660347452413,0.0,0.0
0.0,0.0,0.0,1070.833333,0.0,1776.1065742002718
0.0,0.0,1675.0,1070.833333,1500.0,2000.0
0.0,0.0,1675.0000000000002,1070.833333,1500.0,2000.0
0.0,0.0,1675.0,1070.833333,1500.0,0.0
0.0,0.0,0.0,0.0,1500.0,2000.0
0.0,0.0,0.0,0.0,0.0,0.0
0.0,0.0,0.0,0.0,0.0,0.0
0.0,0.0,0.0,0.0,0.0,0.0
0.0,0.0,0.0,0.0,0.0,0.0
0.0,0.0,1675.0,1070.833333,207.57420713709706,0.0
0.0,0.0,1675.0,1070.833333,1486.5270533032194,0.0
0.0,0.0,1675.0,1070.833333,0.0,0.0
0.0,0.0,0.0,1070.833333,0.0,0.0
0.0,0.0,0.0,0.0,0.0,2000.0
0.0,0.0,0.0,0.0,0.0,2000.0000000000002
0.0,0.0,0.0,1070.833333,0.0,1999.9999999999998
0.0,0.0,657.3422618240353,1070.833333,0.0,2000.0
0.0,0.0,1675.0,0.0,1500.0,0.0
0.0,0.0,1675.0000000000002,1070.833333,0.0,1446.6876842143524
0.0,0.0,1675.0,1070.833333,0.0,0.0
0.0,0.0,0.0,0.0,0.0,0.0
0.0,0.0,0.0,0.0,0.0,0.0
0.0,0.0,0.0,0.0,1500.0,0.0
0.0,0.0,0.0,0.0,0.0,0.0
0.0,0.0,0.0,1070.833333,0.0,2000.0
0.0,0.0,0.0,0.0,0.0,0.0
0.0,0.0,0.0,0.0,1500.0,2000.0
0.0,0.0,0.0,0.0,0.0,0.0
0.0,0.0,1675.0,1070.833333,1500.0,1999.9999999999998
0.0,0.0,1675.0,0.0,1500.0,0.0
0.0,0.0,0.0,1070.8333329999998,0.0,0.0
0.0,0.0,1675.0,1070.833333,1500.0,1999.9999999999998
0.0,0.0,1675.0,1070.833333,468.62741559346387,2000.0
0.0,0.0,1675.0,0.0,0.0,0.0
0.0,0.0,1675.0,0.0,1500.0,0.0
0.0,0.0,1675.0,1070.833333,1500.0,0.0
0.0,0.0,0.0,1070.833333,900.4774628391203,2000.0
0.0,0.0,0.0,0.0,0.0,0.0
0.0,0.0,0.0,0.0,189.25431504554692,2000.0000000000002
0.0,0.0,108.2126758018174,0.0,1278.0010554326216,0.0
0.0,0.0,0.0,1070.833333,0.0,2000.0000000000002
0.0,0.0,1675.0,1070.833333,1500.0,0.0
0.0,0.0,1675.0,0.0,1500.0,0.0
0.0,0.0,0.0,1070.833333,0.0,2000.0000000000002
0.0,0.0,0.0,1070.833333,1500.0,2000.0
0.0,0.0,0.0,1070.833333,0.0,0.0
0.0,0.0,0.0,1070.833333,1500.0,2000.0
0.0,0.0,0.0,1070.833333,0.0,0.0
0.0,0.0,0.0,0.0,0.0,0.0
0.0,0.0,1675.0000000000002,1070.833333,1500.0,2000.0
0.0,0.0,0.0,1070.833333,555.8250997012359,0.0
0.0,0.0,0.0,1070.833333,0.0,2000.0
0.0,0.0,0.0,1070.833333,0.0,2000.0
0.0,0.0,0.0,1070.833333,0.0,2000.0
0.0,0.0,0.0,1070.833333,0.0,1999.9999999999998
0.0,0.0,0.0,1070.833333,0.0,2000.0
0.0,0.0,0.0,1070.833333,0.0,2000.0
0.0,0.0,0.0,0.0,0.0,2000.0
0.0,0.0,0.0,0.0,0.0,2000.0
0.0,0.0,0.0,1070.833333,0.0,2000.0
0.0,0.0,0.0,0.0,0.0,2000.0
0.0,0.0,0.0,1070.833333,0.0,2000.0000000000002
0.0,0.0,0.0,0.0,0.0,2000.0
0.0,0.0,0.0,1070.833333,0.0,2000.0
0.0,0.0,0.0,0.0,0.0,2000.0
0.0,0.0,0.0,1070.833333,0.0,2000.0
0.0,0.0,0.0,1070.833333,0.0,0.0
0.0,0.0,1675.0,1070.833333,1500.0,2000.0
0.0,0.0,1674.9999999999998,0.0,1499.9999999999998,2000.0
0.0,0.0,1675.0,1070.833333,1500.0,0.0
0.0,0.0,1634.7318126093614,0.0,0.0,336.10657420026814
0.0,0.0,60.63778693807424,0.0,0.0,0.0
0.0,0.0,0.0,0.0,0.0,0.0
0.0,0.0,1675.0,0.0,1500.0,2000.0
0.0,0.0,0.0,0.0,0.0,0.0
0.0,0.0,0.0,1070.833333,0.0,2000.0
0.0,0.0,0.0,1070.833333,0.0,0.0
0.0,0.0,0.0,1070.833333,0.0,0.0
0.0,0.0,0.0,1070.833333,0.0,0.0
0.0,0.0,0.0,1070.833333,0.0,0.0
0.0,0.0,0.0,1070.833333,0.0,0.0
0.0,0.0,0.0,1070.833333,0.0,0.0
0.0,0.0,0.0,1070.833333,0.0,0.0
0.0,0.0,0.0,1070.833333,0.0,0.0
0.0,0.0,0.0,1070.833333,0.0,0.0
0.0,0.0,0.0,1070.833333,0.0,0.0
0.0,0.0,0.0,0.0,0.0,0.0
0.0,0.0,0.0,0.0,0.0,0.0
0.0,0.0,0.0,0.0,0.0,0.0
0.0,0.0,0.0,1070.833333,0.0,0.0
0.0,0.0,0.0,0.0,0.0,0.0
0.0,0.0,0.0,0.0,1500.0,0.0
0.0,0.0,1675.0,0.0,1500.0,0.0
0.0,0.0,0.0,0.0,0.0,80.34881484949233
0.0,0.0,0.0,0.0,0.0,0.0
0.0,0.0,0.0,1070.833333,0.0,2000.0
0.0,0.0,0.0,0.0,0.0,0.0
0.0,0.0,0.0,1070.833333,0.0,0.0
0.0,0.0,0.0,0.0,0.0,0.0
0.0,0.0,0.0,0.0,0.0,0.0
0.0,0.0,0.0,1070.833333,0.0,0.0
0.0,0.0,0.0,0.0,0.0,0.0
0.0,0.0,0.0,0.0,0.0,0.0
0.0,0.0,0.0,1070.833333,0.0,0.0
0.0,0.0,0.0,0.0,0.0,0.0
0.0,0.0,0.0,0.0,0.0,0.0
0.0,0.0,0.0,0.0,0.0,0.0
0.0,0.0,0.0,0.0,0.0,0.0
0.0,0.0,0.0,0.0,0.0,0.0
0.0,0.0,0.0,0.0,0.0,0.0
0.0,0.0,0.0,0.0,0.0,0.0
0.0,0.0,0.0,0.0,0.0,0.0
0.0,0.0,0.0,1070.833333,0.0,0.0
0.0,0.0,0.0,1070.833333,0.0,0.0
0.0,0.0,138.16647044999974,0.0,0.0,1576.7147527203356
0.0,0.0,0.0,0.0,1500.0,2000.0
0.0,0.0,1675.0,0.0,1500.0,0.0
0.0,0.0,0.0,192.93519742284815,0.0,2000.0
0.0,0.0,0.0,1070.833333,0.0,0.0
0.0,0.0,0.0,0.0,0.0,2000.0
0.0,0.0,0.0,1070.833333,0.0,0.0
0.0,0.0,1675.0,1070.833333,0.0,0.0
0.0,0.0,0.0,1070.833333,840.6763044834325,0.0
0.0,0.0,0.0,1070.833333,0.0,2000.0
0.0,0.0,1675.0,1070.833333,0.0,2000.0
0.0,0.0,0.0,1070.833333,0.0,1999.9999999999998
0.0,0.0,1675.0,1070.833333,0.0,14.798766590294006
0.0,0.0,0.0,1070.833333,0.0,2000.0
0.0,0.0,0.0,1070.833333,0.0,428.3684167708017
0.0,0.0,0.0,1070.833333,0.0,2000.0
0.0,0.0,0.0,1070.833333,0.0,2000.0
0.0,0.0,0.0,0.0,0.0,1914.822677926732
0.0,0.0,0.0,0.0,0.0,1645.1027714124411
0.0,0.0,1674.9999999999998,1070.833333,0.0,695.7222313996261
0.0,0.0,1675.0,1070.833333,0.0,0.0
0.0,0.0,1016.1930892416777,1070.833333,0.0,0.0
0.0,0.0,0.0,0.0,0.0,0.0
0.0,0.0,0.0,0.0,0.0,0.0
0.0,0.0,0.0,1070.833333,0.0,0.0
0.0,0.0,722.8500472456553,1070.833333,1500.0,0.0
0.0,0.0,0.0,0.0,0.0,0.0
0.0,0.0,0.0,1070.833333,0.0,0.0
0.0,0.0,0.0,1070.833333,0.0,2000.0000000000002
0.0,0.0,0.0,0.0,1500.0,2000.0
0.0,0.0,0.0,1070.833333,1500.0,0.0
0.0,0.0,1675.0,1070.833333,1500.0,2000.0
0.0,0.0,0.0,0.0,933.7066285737484,2000.0
0.0,0.0,0.0,0.0,0.0,0.0
0.0,0.0,0.0,0.0,0.0,0.0
0.0,0.0,0.0,0.0,1185.2295012501854,0.0
0.0,0.0,1675.0,1070.833333,1500.0,0.0
0.0,0.0,0.0,1070.833333,0.0,2000.0
0.0,0.0,0.0,0.0,0.0,0.0
0.0,0.0,0.0,1070.833333,0.0,0.0
0.0,0.0,0.0,0.0,0.0,0.0
0.0,0.0,1675.0,1070.833333,1500.0,0.0
0.0,0.0,1675.0,1070.833333,0.0,1999.9999999999998
0.0,0.0,1675.0,1070.833333,0.0,2000.0
0.0,0.0,1675.0,1070.8333329999998,1500.0,0.0
0.0,0.0,0.0,0.0,0.0,1376.655708188771
0.0,0.0,0.0,0.0,0.0,0.0
0.0,0.0,0.0,0.0,0.0,0.0
0.0,0.0,0.0,0.0,0.0,0.0
0.0,0.0,377.97649195501083,62.34211950908435,0.0,2000.0
0.0,0.0,0.0,0.0,0.0,0.0
