PumpedStor,BatteryStor
0.0,0.0
0.0,0.0
0.0,0.0
0.0,0.0
0.0,0.0
0.0,0.0
0.0,0.0
0.0,0.0
0.0,0.0
0.0,0.0
0.0,0.0
0.0,0.0
0.0,0.0
0.0,0.0
0.0,0.0
0.0,0.0
0.0,0.0
0.0,0.0
0.0,0.0
0.0,0.0
0.0,0.0
1289.5346608329512,0.0
8581.938553397746,0.0
3.171516395771085e-12,0.0
0.0,0.0
0.0,0.0
0.0,0.0
0.0,0.0
1982.7010260396185,0.0
0.0,0.0
0.0,0.0
0.0,0.0
0.0,0.0
0.0,0.0
0.0,0.0
0.0,0.0
0.0,0.0
0.0,0.0
0.0,0.0
0.0,0.0
0.0,0.0
0.0,0.0
0.0,0.0
0.0,0.0
0.0,0.0
0.0,5.3659708493087445e-24
0.0,0.0
0.0,0.0
0.0,0.0
0.0,0.0
0.0,0.0
0.0,5.3674679199424856e-24
0.0,5.366650554341085e-24
0.0,0.0
0.0,0.0
0.0,0.0
0.0,0.0
0.0,0.0
0.0,0.0
0.0,5.365611971036152e-24
0.0,0.0
0.0,0.0
0.0,0.0
413.0481902579565,0.0
0.0,0.0
0.0,0.0
0.0,0.0
0.0,0.0
0.0,0.0
0.0,0.0
0.0,5.373378375082947e-24
0.0,5.3697663277780684e-24
0.0,0.0
0.0,0.0
0.0,0.0
0.0,0.0
0.0,5.378121288918785e-24
0.0,-5.366383460462794e-24
0.0,5.371337526592683e-24
0.0,0.0
0.0,0.0
0.0,0.0
0.0,0.0
5502.78349693456,0.0
0.0,0.0
0.0,0.0
0.0,5.373253423385712e-24
0.0,5.3604391279944115e-24
0.0,0.0
0.0,0.0
0.0,0.0
0.0,5.36450238557421e-24
0.0,0.0
0.0,5.3714776948209045e-24
0.0,5.369114751282236e-24
0.0,5.3677762250077996e-24
0.0,5.373061648097498e-24
0.0,5.37089602770296e-24
0.0,5.365984232584955e-24
0.0,5.3729474764821144e-24
2478.5092658936096,0.0
2274.690220432827,0.0
0.0,0.0
131.95106414061905,5.3653362047168976e-24
383.10401290053454,5.371100213648686e-24
0.0,5.359864006755006e-24
0.0,0.0
0.0,5.366458649262385e-24
0.0,0.0
0.0,0.0
0.0,0.0
0.0,0.0
0.0,0.0
0.0,0.0
0.0,0.0
0.0,0.0
0.0,0.0
0.0,0.0
0.0,0.0
327.438022416251,0.0
0.0,0.0
0.0,0.0
0.0,0.0
2721.136660809051,0.0
4041.0020554049547,0.0
0.0,0.0
0.0,0.0
0.0,0.0
0.0,0.0
0.0,0.0
0.0,0.0
3706.157484432041,0.0
0.0,0.0
0.0,0.0
0.0,0.0
7423.173550814825,5.374676609443263e-24
0.0,5.370082392103771e-24
0.0,-5.357302019684341e-24
0.0,0.0
0.0,0.0
0.0,0.0
821.5054734700128,0.0
0.0,0.0
0.0,0.0
0.0,0.0
0.0,0.0
0.0,0.0
3708.163000507858,0.0
4125.549981648038,0.0
3355.620347011184,0.0
0.0,0.0
137.5280920250045,5.37879576546399e-24
1624.1712055714167,-5.391704794152389e-24
0.0,0.0
0.0,0.0
0.0,0.0
0.0,0.0
0.0,0.0
0.0,0.0
0.0,0.0
0.0,0.0
0.0,0.0
0.0,0.0
0.0,0.0
0.0,0.0
2209.003095344309,0.0
2750.3694411755296,0.0
0.0,0.0
0.0,0.0
0.0,0.0
0.0,0.0
7852.068857232798,0.0
3324.290264475811,0.0
2.815417976720824e-14,0.0
0.0,0.0
0.0,0.0
0.0,0.0
0.0,0.0
0.0,0.0
0.0,0.0
0.0,0.0
0.0,0.0
0.0,0.0
0.0,0.0
0.0,0.0
0.0,0.0
0.0,0.0
0.0,0.0
0.0,0.0
0.0,0.0
0.0,0.0
0.0,0.0
0.0,0.0
0.0,0.0
0.0,0.0
0.0,0.0
0.0,0.0
0.0,0.0
0.0,0.0
0.0,0.0
0.0,0.0
0.0,0.0
0.0,0.0
0.0,0.0
0.0,0.0
0.0,0.0
0.0,0.0
0.0,0.0
0.0,0.0
0.0,0.0
0.0,0.0
0.0,0.0
0.0,0.0
0.0,0.0
0.0,5.369368852520294e-24
0.0,5.372209726354358e-24
0.0,0.0
0.0,5.3656385149883505e-24
0.0,0.0
0.0,0.0
0.0,0.0
0.0,0.0
0.0,0.0
0.0,0.0
0.0,0.0
0.0,0.0
0.0,0.0
0.0,0.0
0.0,0.0
0.0,0.0
0.0,5.357264454695339e-24
0.0,0.0
0.0,0.0
0.0,0.0
0.0,0.0
0.0,0.0
0.0,0.0
0.0,0.0
0.0,0.0
0.0,0.0
0.0,0.0
0.0,5.370298157361417e-24
0.0,0.0
0.0,0.0
0.0,0.0
0.0,0.0
0.0,0.0
0.0,0.0
0.0,0.0
0.0,0.0
0.0,0.0
0.0,0.0
0.0,0.0
0.0,0.0
0.0,0.0
0.0,0.0
0.0,5.3662335399862695e-24
0.0,0.0
0.0,0.0
0.0,0.0
0.0,0.0
1962.6211901583104,0.0
5124.089561555408,0.0
4136.162868439124,0.0
0.0,0.0
0.0,0.0
0.0,0.0
0.0,0.0
0.0,0.0
0.0,0.0
0.0,0.0
0.0,0.0
0.0,0.0
0.0,0.0
0.0,0.0
0.0,0.0
0.0,0.0
0.0,0.0
0.0,0.0
0.0,5.370132470255795e-24
0.0,0.0
0.0,0.0
0.0,-5.3581135137076466e-24
0.0,5.37129863741256e-24
0.0,0.0
0.0,0.0
0.0,5.364980084138213e-24
0.0,0.0
0.0,0.0
0.0,0.0
0.0,0.0
0.0,0.0
0.0,0.0
0.0,0.0
0.0,0.0
0.0,0.0
0.0,0.0
0.0,0.0
205.10581855238343,0.0
0.0,0.0
0.0,0.0
0.0,0.0
0.0,0.0
0.0,0.0
0.0,5.3750566869825905e-24
0.0,0.0
0.0,0.0
0.0,0.0
0.0,5.363169136592022e-24
0.0,0.0
0.0,0.0
0.0,0.0
0.0,0.0
0.0,0.0
0.0,0.0
0.0,0.0
576.1886174193493,0.0
0.0,0.0
0.0,0.0
0.0,0.0
0.0,0.0
37.81876686353446,0.0
0.0,0.0
0.0,0.0
0.0,0.0
0.0,0.0
0.0,0.0
0.0,0.0
0.0,0.0
0.0,0.0
0.0,0.0
0.0,0.0
0.0,5.372247538584624e-24
0.0,-5.363671679130233e-24
0.0,5.37337406008734e-24
0.0,0.0
0.0,0.0
0.0,0.0
0.0,0.0
0.0,0.0
0.0,5.369511025471999e-24
0.0,0.0
0.0,0.0
0.0,0.0
0.0,5.369663644850998e-24
0.0,0.0
202.2951546434583,0.0
0.0,0.0
0.0,0.0
0.0,5.3741090380632544e-24
0.0,0.0
0.0,5.369960786363346e-24
0.0,0.0
0.0,0.0
0.0,0.0
0.0,0.0
0.0,0.0
0.0,5.375735687901972e-24
5471.286766124938,0.0
0.0,5.366072448011594e-24
0.0,0.0
0.0,0.0
0.0,5.3729450707912535e-24
0.0,0.0
0.0,0.0
0.0,0.0
0.0,0.0
0.0,0.0
0.0,0.0
0.0,0.0
0.0,0.0
0.0,0.0
0.0,0.0
0.0,0.0
0.0,0.0
0.0,0.0
0.0,0.0
0.0,0.0
0.0,0.0
0.0,0.0
0.0,0.0
0.0,0.0
0.0,0.0
0.0,0.0
0.0,0.0
0.0,0.0
0.0,0.0
0.0,0.0
0.0,5.377644559739058e-24
0.0,5.368698589102641e-24
0.0,-5.3699896993477644e-24
0.0,5.370276190957647e-24
0.0,0.0
1245.5744376697294,0.0
1361.5573895038935,0.0
0.0,5.3782431473034986e-24
0.0,0.0
0.0,5.3766000347670035e-24
0.0,0.0
0.0,0.0
0.0,0.0
0.0,5.372770448285246e-24
0.0,0.0
0.0,0.0
0.0,0.0
670.1544198811303,0.0
0.0,0.0
0.0,0.0
0.0,0.0
0.0,5.375416107667843e-24
0.0,0.0
0.0,0.0
0.0,0.0
0.0,0.0
0.0,-5.3711459230322646e-24
0.0,5.371440861930549e-24
0.0,0.0
0.0,0.0
0.0,0.0
0.0,0.0
0.0,0.0
0.0,5.370027857149643e-24
0.0,0.0
0.0,0.0
0.0,0.0
0.0,0.0
0.0,0.0
0.0,0.0
-8.485704279228084e-10,0.0
5470.242468837707,0.0
5752.631180676129,0.0
0.0,0.0
0.0,0.0
0.0,5.374172490149255e-24
0.0,0.0
0.0,5.37731950372693e-24
0.0,0.0
0.0,0.0
0.0,0.0
0.0,0.0
0.0,0.0
2857.268086091367,0.0
0.0,0.0
0.0,0.0
0.0,0.0
0.0,0.0
0.0,5.364623298449742e-24
0.0,0.0
0.0,0.0
0.0,0.0
0.0,0.0
0.0,0.0
0.0,0.0
0.0,5.375281606725308e-24
0.0,0.0
0.0,0.0
0.0,0.0
0.0,0.0
0.0,5.36684841059247e-24
0.0,0.0
0.0,0.0
0.0,0.0
0.0,0.0
0.0,0.0
0.0,0.0
2965.013901287605,5.3791085009742566e-24
4487.8427070675025,0.0
0.0,0.0
0.0,0.0
0.0,0.0
0.0,0.0
0.0,0.0
0.0,0.0
0.0,0.0
0.0,0.0
0.0,0.0
0.0,0.0
6019.055216374938,5.374304951465946e-24
0.0,0.0
0.0,5.368747521747607e-24
0.0,0.0
0.0,5.374634224627857e-24
0.0,0.0
0.0,5.362024266003595e-24
0.0,0.0
0.0,0.0
0.0,0.0
0.0,0.0
0.0,0.0
693.3585102788568,0.0
837.0107316486979,0.0
0.0,0.0
0.0,0.0
0.0,0.0
0.0,0.0
0.0,5.370735385280204e-24
5819.882247318179,0.0
653.8326259945193,0.0
0.0,0.0
0.0,0.0
0.0,0.0
3789.6475288992333,0.0
0.0,0.0
0.0,0.0
0.0,0.0
0.0,0.0
0.0,0.0
0.0,0.0
0.0,0.0
0.0,0.0
0.0,0.0
0.0,0.0
0.0,0.0
0.0,0.0
3129.8102764652717,0.0
3288.820807614269,0.0
4804.218709705625,0.0
0.0,0.0
0.0,0.0
0.0,0.0
0.0,0.0
0.0,0.0
0.0,0.0
0.0,0.0
0.0,0.0
0.0,0.0
0.0,0.0
0.0,0.0
0.0,0.0
0.0,0.0
3017.511933951904,0.0
2668.710928273206,0.0
1647.187100370163,0.0
747.4191715139777,0.0
0.0,0.0
0.0,0.0
0.0,0.0
0.0,5.371361792645349e-24
6447.870158922458,0.0
3648.1579839391425,0.0
0.0,0.0
0.0,0.0
0.0,0.0
0.0,0.0
0.0,0.0
0.0,0.0
0.0,0.0
0.0,0.0
0.0,0.0
0.0,0.0
0.0,0.0
2777.8308059662986,0.0
0.0,0.0
0.0,0.0
0.0,0.0
0.0,5.36785169130887e-24
0.0,0.0
0.0,5.370407185088361e-24
0.0,0.0
0.0,0.0
0.0,0.0
0.0,5.3710120291550376e-24
2618.9998971246637,0.0
5795.256764480118,0.0
0.0,0.0
0.0,0.0
0.0,0.0
0.0,0.0
0.0,0.0
0.0,0.0
0.0,0.0
0.0,0.0
0.0,0.0
1515.626272874176,0.0
0.0,0.0
0.0,0.0
0.0,0.0
0.0,5.3760265288733156e-24
0.0,0.0
0.0,0.0
0.0,0.0
0.0,0.0
0.0,0.0
0.0,0.0
0.0,0.0
0.0,0.0
5453.21378818599,0.0
5712.029695189204,0.0
0.0,0.0
0.0,0.0
0.0,0.0
2667.765352032753,0.0
2.8154179767207538e-14,0.0
0.0,0.0
0.0,0.0
0.0,0.0
0.0,0.0
0.0,0.0
0.0,0.0
0.0,0.0
0.0,0.0
0.0,0.0
0.0,0.0
0.0,0.0
0.0,0.0
0.0,0.0
0.0,0.0
0.0,0.0
0.0,0.0
0.0,5.375528209924603e-24
135.99684248369476,5.368918254292076e-24
0.0,0.0
0.0,0.0
0.0,0.0
0.0,0.0
0.0,5.3731689930540046e-24
0.0,0.0
0.0,0.0
0.0,0.0
0.0,0.0
0.0,0.0
7668.816206740087,0.0
0.0,5.373118284147133e-24
0.0,0.0
0.0,5.370045831662803e-24
0.0,5.366513321978494e-24
0.0,0.0
0.0,0.0
0.0,0.0
0.0,0.0
0.0,0.0
0.0,0.0
0.0,0.0
0.0,0.0
0.0,0.0
0.0,5.3723688571824976e-24
0.0,0.0
0.0,0.0
0.0,0.0
0.0,5.364251493996742e-24
0.0,0.0
0.0,0.0
0.0,0.0
0.0,0.0
0.0,0.0
0.0,0.0
0.0,0.0
0.0,0.0
0.0,0.0
0.0,0.0
0.0,5.36835707201161e-24
0.0,0.0
0.0,5.364661783822613e-24
7503.199241335452,0.0
2822.1663746939366,0.0
0.0,0.0
0.0,0.0
0.0,0.0
0.0,0.0
0.0,0.0
0.0,0.0
0.0,0.0
0.0,0.0
0.0,0.0
737.4246147598326,0.0
0.0,0.0
0.0,0.0
0.0,0.0
0.0,-5.366374591922344e-24
5111.376879305416,5.3678134530129946e-24
5638.917414769565,0.0
0.0,0.0
0.0,0.0
0.0,5.37106586579687e-24
0.0,0.0
0.0,0.0
0.0,5.3683601181005246e-24
0.0,0.0
0.0,0.0
0.0,0.0
0.0,0.0
0.0,0.0
0.0,0.0
0.0,0.0
0.0,0.0
0.0,0.0
0.0,-5.370298490771238e-24
0.0,0.0
0.0,5.37470099305426e-24
0.0,0.0
0.0,0.0
0.0,0.0
0.0,0.0
0.0,5.3701140652550055e-24
0.0,0.0
0.0,0.0
0.0,0.0
0.0,0.0
0.0,0.0
0.0,0.0
0.0,0.0
0.0,0.0
0.0,0.0
0.0,0.0
0.0,0.0
0.0,5.37469600779319e-24
0.0,0.0
0.0,0.0
0.0,0.0
0.0,0.0
0.0,0.0
0.0,5.3734415827822465e-24
0.0,0.0
0.0,0.0
0.0,0.0
0.0,0.0
0.0,-5.373435809099541e-24
0.0,5.3646475522861335e-24
136.25244222133654,0.0
1934.6974469889774,0.0
0.0,0.0
0.0,0.0
0.0,0.0
0.0,0.0
0.0,0.0
0.0,0.0
0.0,0.0
0.0,0.0
0.0,0.0
1912.4080753524556,0.0
3796.6750091268264,0.0
663.7245303031574,0.0
0.0,0.0
0.0,0.0
0.0,0.0
4694.921029400517,0.0
0.0,0.0
0.0,0.0
0.0,0.0
0.0,0.0
0.0,0.0
2074.550321955544,0.0
0.0,0.0
0.0,0.0
0.0,0.0
0.0,0.0
0.0,0.0
0.0,0.0
0.0,0.0
0.0,-5.367867831419675e-24
0.0,0.0
0.0,0.0
0.0,5.361379303116843e-24
0.0,5.370847828708681e-24
0.0,0.0
0.0,0.0
0.0,5.369209714303717e-24
0.0,-5.375442415877301e-24
0.0,5.363907038251141e-24
0.0,0.0
0.0,0.0
0.0,5.3735493387238945e-24
0.0,0.0
0.0,0.0
0.0,0.0
0.0,5.374137590844568e-24
603.4083146080154,0.0
0.0,5.37306532050117e-24
0.0,0.0
0.0,5.377721038078848e-24
0.0,0.0
0.0,5.374804127155747e-24
0.0,0.0
0.0,0.0
0.0,0.0
0.0,0.0
0.0,0.0
0.0,0.0
0.0,0.0
0.0,0.0
0.0,0.0
0.0,0.0
0.0,0.0
0.0,0.0
0.0,0.0
0.0,0.0
0.0,0.0
0.0,0.0
0.0,0.0
0.0,0.0
0.0,0.0
0.0,0.0
0.0,5.3646563043664586e-24
0.0,0.0
0.0,5.3673907414249315e-24
0.0,0.0
0.0,0.0
0.0,0.0
0.0,0.0
0.0,0.0
0.0,0.0
0.0,5.378234952078557e-24
0.0,5.372378805541822e-24
0.0,0.0
0.0,0.0
0.0,0.0
0.0,-5.371550302471673e-24
0.0,5.379645770698797e-24
0.0,0.0
0.0,0.0
0.0,0.0
0.0,0.0
0.0,0.0
8691.794578589323,-5.376210327376147e-24
0.0,0.0
0.0,5.377144720665638e-24
0.0,0.0
0.0,5.371112695667217e-24
0.0,5.3683645532766884e-24
0.0,0.0
0.0,0.0
0.0,-5.369703066917384e-24
0.0,5.367722868422591e-24
0.0,0.0
0.0,5.367664307036329e-24
902.2466111049474,0.0
0.0,0.0
0.0,0.0
0.0,5.3778258700770416e-24
0.0,0.0
0.0,0.0
0.0,0.0
0.0,0.0
0.0,0.0
0.0,0.0
0.0,-5.366640490238317e-24
0.0,5.378381344017425e-24
0.0,0.0
0.0,0.0
0.0,0.0
0.0,0.0
0.0,0.0
0.0,0.0
0.0,0.0
0.0,0.0
0.0,0.0
0.0,0.0
0.0,0.0
0.0,0.0
0.0,0.0
1100.4023881459984,0.0
0.0,0.0
0.0,0.0
720.5430506207517,0.0
0.0,0.0
0.0,0.0
0.0,0.0
0.0,0.0
0.0,0.0
0.0,0.0
0.0,0.0
2456.090778413362,5.366757122948639e-24
0.0,0.0
0.0,0.0
0.0,0.0
0.0,0.0
0.0,0.0
0.0,0.0
0.0,0.0
0.0,0.0
0.0,0.0
0.0,0.0
0.0,0.0
7083.957175525083,0.0
4105.494902879175,0.0
0.0,0.0
0.0,0.0
0.0,0.0
0.0,0.0
0.0,0.0
0.0,0.0
0.0,0.0
0.0,0.0
0.0,0.0
0.0,0.0
0.0,0.0
2094.7987849601564,0.0
1274.5205479107537,0.0
0.0,0.0
0.0,0.0
226.4874668490921,-5.3686290160807195e-24
0.0,5.36697599571304e-24
2867.7487195856775,0.0
0.0,0.0
0.0,0.0
0.0,0.0
0.0,0.0
0.0,0.0
0.0,0.0
0.0,0.0
0.0,0.0
0.0,0.0
0.0,0.0
0.0,0.0
0.0,0.0
0.0,0.0
0.0,0.0
0.0,0.0
0.0,0.0
0.0,5.373392635834357e-24
0.0,0.0
0.0,0.0
0.0,0.0
0.0,0.0
0.0,5.373637274948486e-24
0.0,0.0
5199.2056545123305,0.0
5082.732566209372,0.0
0.0,0.0
0.0,0.0
0.0,0.0
0.0,0.0
0.0,0.0
0.0,0.0
0.0,0.0
0.0,0.0
0.0,0.0
0.0,0.0
0.0,0.0
0.0,0.0
0.0,0.0
0.0,0.0
0.0,0.0
0.0,0.0
1575.0315108618215,0.0
1537.9915445233266,0.0
0.0,0.0
0.0,0.0
2975.509555564871,0.0
0.0,0.0
0.0,0.0
0.0,0.0
0.0,0.0
0.0,0.0
0.0,-5.367420860758601e-24
0.0,5.37110958126593e-24
0.0,0.0
0.0,5.372203461930808e-24
5039.736664802974,0.0
0.0,0.0
0.0,0.0
0.0,0.0
0.0,0.0
0.0,0.0
0.0,0.0
0.0,0.0
0.0,0.0
0.0,0.0
11178.450334476753,0.0
0.0,0.0
0.0,0.0
0.0,0.0
0.0,0.0
0.0,0.0
0.0,0.0
0.0,0.0
0.0,0.0
0.0,0.0
0.0,0.0
0.0,0.0
1232.0770096957153,5.3682169634090906e-24
0.0,0.0
0.0,0.0
0.0,0.0
0.0,0.0
0.0,0.0
0.0,0.0
0.0,0.0
0.0,0.0
0.0,0.0
0.0,0.0
1134.4410288928661,0.0
5189.734560592546,0.0
0.0,0.0
0.0,-5.357506190950486e-24
0.0,5.36899918833249e-24
0.0,0.0
0.0,0.0
21.162855505330942,0.0
0.0,0.0
0.0,0.0
0.0,0.0
0.0,0.0
0.0,0.0
487.2630652004699,0.0
0.0,0.0
0.0,0.0
0.0,0.0
0.0,0.0
0.0,0.0
2369.9458225956146,5.3696933709970115e-24
0.0,0.0
0.0,0.0
0.0,0.0
0.0,0.0
0.0,5.380496062469465e-24
9271.496640595293,0.0
1651.1092890896516,0.0
0.0,0.0
0.0,0.0
0.0,0.0
0.0,0.0
0.0,0.0
0.0,-5.379183371834549e-24
0.0,5.3630096726375254e-24
0.0,0.0
0.0,0.0
0.0,0.0
0.0,5.3732124712547805e-24
0.0,0.0
0.0,0.0
0.0,0.0
0.0,0.0
0.0,0.0
0.0,0.0
0.0,0.0
0.0,0.0
0.0,0.0
0.0,0.0
0.0,0.0
1105.0594080171202,0.0
0.0,0.0
0.0,0.0
0.0,0.0
0.0,0.0
0.0,0.0
0.0,0.0
0.0,0.0
0.0,0.0
0.0,0.0
0.0,0.0
0.0,0.0
0.0,0.0
0.0,0.0
0.0,0.0
0.0,0.0
0.0,0.0
0.0,0.0
0.0,0.0
0.0,0.0
0.0,0.0
0.0,0.0
0.0,0.0
0.0,0.0
0.0,0.0
0.0,0.0
0.0,0.0
0.0,0.0
0.0,0.0
0.0,0.0
0.0,0.0
0.0,0.0
0.0,0.0
0.0,0.0
0.0,0.0
-1.23160725054472e-10,0.0
0.0,0.0
0.0,0.0
0.0,0.0
0.0,0.0
0.0,0.0
6362.525299357763,0.0
4860.348350156074,0.0
0.0,0.0
0.0,0.0
0.0,0.0
0.0,0.0
0.0,0.0
0.0,0.0
0.0,0.0
0.0,0.0
0.0,0.0
7357.624197436302,5.3600080236842245e-24
0.0,0.0
3574.7158449770213,0.0
0.0,0.0
0.0,0.0
0.0,0.0
0.0,0.0
346.90738995045086,0.0
1941.6125970623677,0.0
454.953145620292,0.0
4681.08341366176,0.0
0.0,0.0
2184.5164272043007,0.0
1360.2327543947044,0.0
0.0,0.0
0.0,0.0
0.0,0.0
0.0,0.0
0.0,0.0
0.0,0.0
0.0,0.0
0.0,0.0
0.0,0.0
0.0,0.0
0.0,0.0
0.0,0.0
0.0,0.0
0.0,0.0
0.0,0.0
0.0,0.0
0.0,0.0
1893.5816634342493,0.0
2624.57642713516,0.0
0.0,0.0
0.0,0.0
0.0,0.0
0.0,0.0
0.0,0.0
0.0,0.0
0.0,0.0
0.0,0.0
0.0,0.0
0.0,0.0
0.0,0.0
0.0,0.0
0.0,0.0
0.0,0.0
0.0,0.0
0.0,0.0
0.0,0.0
0.0,0.0
0.0,0.0
0.0,0.0
0.0,0.0
0.0,0.0
0.0,0.0
0.0,0.0
0.0,0.0
0.0,0.0
-4.408622793668665e-12,0.0
1236.145261480638,0.0
9986.7283880332,0.0
-1.1261671906883076e-13,0.0
0.0,0.0
0.0,0.0
0.0,0.0
0.0,0.0
0.0,0.0
0.0,0.0
0.0,0.0
0.0,0.0
0.0,0.0
347.0213852379122,0.0
2597.697369589198,0.0
8278.125246014497,0.0
0.0,0.0
0.0,0.0
0.0,0.0
0.0,0.0
3725.11698118813,5.370559336101663e-24
7080.856725170118,0.0
0.0,0.0
0.0,0.0
0.0,0.0
0.0,0.0
0.0,0.0
0.0,5.371177189255212e-24
0.0,0.0
0.0,0.0
0.0,0.0
0.0,0.0
0.0,0.0
3756.840504204688,5.372044051803297e-24
0.0,0.0
0.0,5.375634511454937e-24
0.0,0.0
0.0,5.367441182745313e-24
0.0,0.0
0.0,0.0
0.0,0.0
0.0,0.0
0.0,0.0
0.0,0.0
0.0,0.0
0.0,0.0
0.0,0.0
0.0,-5.369854574021459e-24
0.0,0.0
3245.1080545667473,5.367933806873197e-24
7928.052094004763,0.0
0.0,0.0
0.0,0.0
0.0,0.0
0.0,0.0
0.0,0.0
3559.80417302385,0.0
3219.5643246968616,5.370643877985069e-24
2677.006704043567,0.0
0.0,0.0
0.0,0.0
0.0,0.0
0.0,0.0
0.0,0.0
0.0,0.0
0.0,0.0
0.0,0.0
0.0,0.0
0.0,0.0
5987.874239455944,0.0
0.0,0.0
4421.25100022709,0.0
776.5136085513907,0.0
0.0,0.0
0.0,0.0
0.0,0.0
0.0,0.0
0.0,0.0
0.0,0.0
0.0,0.0
0.0,0.0
0.0,0.0
0.0,0.0
0.0,0.0
176.72792597848587,0.0
4007.698313109076,0.0
7037.932676533387,0.0
0.0,0.0
0.0,0.0
0.0,0.0
0.0,0.0
0.0,0.0
0.0,0.0
2846.693030518635,0.0
1068.8798335514227,0.0
0.0,0.0
0.0,0.0
5072.193893550428,0.0
2207.6205717601656,0.0
0.0,0.0
0.0,0.0
0.0,0.0
0.0,0.0
0.0,0.0
0.0,0.0
1197.865681973304,0.0
0.0,0.0
0.0,0.0
0.0,0.0
783.5282719869213,0.0
10172.33986201714,0.0
0.0,0.0
0.0,0.0
0.0,0.0
0.0,0.0
0.0,0.0
536.7878453392493,0.0
0.0,0.0
0.0,0.0
0.0,0.0
0.0,0.0
0.0,0.0
4747.377467860095,0.0
5906.389648586188,0.0
0.0,0.0
0.0,0.0
0.0,0.0
0.0,0.0
0.0,5.369159078826597e-24
0.0,0.0
0.0,0.0
0.0,0.0
0.0,0.0
0.0,0.0
0.0,0.0
0.0,0.0
0.0,0.0
0.0,0.0
0.0,0.0
0.0,0.0
0.0,5.368003229014507e-24
0.0,0.0
0.0,0.0
0.0,0.0
0.0,0.0
0.0,0.0
0.0,0.0
0.0,5.373175987195539e-24
0.0,0.0
0.0,0.0
0.0,0.0
0.0,0.0
0.0,5.365216377857186e-24
0.0,0.0
0.0,0.0
0.0,0.0
0.0,0.0
0.0,0.0
0.0,-5.373101005694891e-24
0.0,5.3655938710142005e-24
0.0,0.0
0.0,0.0
0.0,0.0
0.0,0.0
0.0,0.0
0.0,0.0
0.0,0.0
0.0,0.0
0.0,-5.360819535637073e-24
0.0,5.3744586294966636e-24
0.0,0.0
0.0,0.0
0.0,0.0
0.0,0.0
0.0,0.0
0.0,0.0
0.0,0.0
0.0,0.0
0.0,5.3768594234569735e-24
0.0,0.0
0.0,0.0
0.0,0.0
0.0,5.372318232705959e-24
0.0,0.0
5276.384009840968,0.0
0.0,0.0
0.0,0.0
2271.060053930299,-5.366136422296733e-24
3231.487465918784,5.377223194762342e-24
0.0,0.0
0.0,5.3716507250500706e-24
0.0,0.0
0.0,5.378268672183633e-24
0.0,0.0
0.0,0.0
0.0,0.0
0.0,0.0
0.0,0.0
0.0,0.0
0.0,0.0
0.0,0.0
0.0,5.3747637480729176e-24
0.0,0.0
0.0,0.0
0.0,0.0
0.0,5.370425748153909e-24
0.0,0.0
0.0,0.0
0.0,0.0
0.0,0.0
0.0,0.0
0.0,0.0
1301.6391043200206,0.0
9519.792047285302,0.0
344.8224870560646,0.0
0.0,0.0
0.0,0.0
81.47665866998379,0.0
2512.0353136187355,0.0
0.0,0.0
0.0,0.0
0.0,0.0
0.0,0.0
0.0,0.0
0.0,0.0
0.0,0.0
0.0,0.0
3769.128887891537,0.0
0.0,0.0
1914.1114842657485,0.0
5530.696925049491,0.0
0.0,0.0
0.0,0.0
0.0,0.0
0.0,0.0
0.0,0.0
0.0,5.3701485402705915e-24
4072.870261223109,0.0
0.0,0.0
0.0,0.0
0.0,0.0
0.0,0.0
0.0,0.0
0.0,0.0
0.0,0.0
0.0,0.0
0.0,0.0
0.0,0.0
0.0,0.0
0.0,0.0
0.0,5.3798956886113616e-24
0.0,0.0
591.8743945756477,-5.368657962353291e-24
3290.506039845872,5.366429642526777e-24
6750.966751751241,0.0
-2.801783098936982e-27,0.0
0.0,0.0
0.0,0.0
0.0,0.0
0.0,0.0
0.0,0.0
2539.6813321098025,0.0
53.597525963878795,0.0
0.0,0.0
0.0,0.0
2729.555126473527,0.0
8167.189332474775,0.0
0.0,0.0
0.0,0.0
0.0,0.0
0.0,0.0
0.0,0.0
0.0,0.0
3835.948622019055,0.0
0.0,0.0
0.0,0.0
0.0,0.0
348.1593002153748,0.0
7013.090683274881,0.0
0.0,0.0
0.0,0.0
0.0,0.0
0.0,0.0
0.0,0.0
0.0,0.0
0.0,0.0
0.0,5.36652474413493e-24
0.0,0.0
0.0,0.0
0.0,5.3684377076565914e-24
0.0,0.0
0.0,0.0
0.0,0.0
0.0,0.0
0.0,0.0
0.0,0.0
0.0,5.365083572320798e-24
9326.03822382662,0.0
1670.3507266152274,0.0
0.0,0.0
0.0,0.0
0.0,0.0
0.0,0.0
0.0,0.0
0.0,0.0
0.0,0.0
0.0,0.0
0.0,0.0
0.0,5.3608062633960485e-24
5263.623549467532,0.0
0.0,0.0
0.0,0.0
0.0,0.0
0.0,0.0
0.0,0.0
0.0,0.0
0.0,0.0
0.0,0.0
0.0,0.0
0.0,-5.3757836161657e-24
0.0,5.367543166452554e-24
3109.3294315628495,0.0
0.0,0.0
0.0,0.0
0.0,0.0
0.0,0.0
0.0,0.0
0.0,0.0
0.0,0.0
0.0,0.0
0.0,0.0
0.0,0.0
0.0,0.0
0.0,0.0
0.0,0.0
0.0,0.0
0.0,0.0
0.0,0.0
0.0,0.0
0.0,0.0
0.0,0.0
0.0,0.0
0.0,0.0
0.0,0.0
0.0,0.0
0.0,0.0
0.0,0.0
0.0,0.0
0.0,0.0
0.0,0.0
0.0,0.0
0.0,0.0
0.0,0.0
0.0,0.0
0.0,0.0
0.0,0.0
0.0,0.0
0.0,0.0
0.0,0.0
0.0,0.0
-4.401399243441546e-11,0.0
3572.3136445744553,0.0
7650.56000493938,0.0
0.0,0.0
0.0,0.0
0.0,0.0
0.0,0.0
0.0,0.0
0.0,0.0
10916.760420904657,0.0
0.0,0.0
0.0,0.0
296.21298343091735,0.0
0.0,0.0
0.0,0.0
0.0,0.0
0.0,0.0
0.0,0.0
0.0,0.0
0.0,0.0
0.0,0.0
0.0,0.0
0.0,0.0
0.0,0.0
0.0,0.0
0.0,0.0
0.0,0.0
0.0,0.0
0.0,0.0
0.0,0.0
0.0,0.0
0.0,0.0
0.0,0.0
5822.353334327354,0.0
4001.3265464569427,0.0
0.0,0.0
1234.502997301541,0.0
-1.8414268485208941e-13,0.0
0.0,5.37129556134693e-24
0.0,0.0
0.0,0.0
0.0,0.0
0.0,0.0
0.0,0.0
107.83219807563842,0.0
10987.236115666612,0.0
0.0,0.0
0.0,0.0
0.0,0.0
0.0,0.0
0.0,0.0
0.0,0.0
0.0,0.0
0.0,0.0
0.0,0.0
0.0,0.0
0.0,0.0
4426.132298574992,0.0
217.47625592195183,0.0
0.0,0.0
0.0,0.0
0.0,0.0
0.0,5.366829910358771e-24
0.0,0.0
0.0,0.0
0.0,0.0
0.0,0.0
0.0,0.0
0.0,0.0
6491.478932000671,0.0
5.630835953441506e-14,0.0
0.0,0.0
0.0,0.0
0.0,0.0
0.0,0.0
0.0,0.0
0.0,0.0
0.0,0.0
0.0,0.0
0.0,0.0
0.0,0.0
957.224214654787,0.0
372.93059777796685,0.0
0.0,0.0
601.4834324917063,0.0
2021.2437901026965,0.0
4233.756778865492,0.0
0.0,0.0
0.0,0.0
0.0,0.0
0.0,0.0
0.0,0.0
0.0,0.0
0.0,0.0
0.0,0.0
0.0,0.0
0.0,0.0
0.0,0.0
0.0,0.0
0.0,-5.361902815702868e-24
0.0,5.3656291222375655e-24
0.0,0.0
0.0,0.0
0.0,0.0
0.0,0.0
10781.892749881024,5.37084367222411e-24
0.0,0.0
0.0,5.3797613585236256e-24
0.0,0.0
0.0,5.3708415632524914e-24
0.0,0.0
0.0,0.0
0.0,0.0
0.0,0.0
0.0,0.0
0.0,0.0
0.0,0.0
1862.7901948840245,0.0
1820.5614990094482,0.0
1748.4183183171351,0.0
4434.971574287026,0.0
-9.618041775460205e-13,0.0
0.0,0.0
0.0,0.0
0.0,0.0
0.0,0.0
0.0,0.0
0.0,0.0
0.0,0.0
2352.2955701154046,0.0
1361.4057042338463,5.370516071566149e-24
459.17552950260335,0.0
0.0,0.0
0.0,0.0
0.0,0.0
0.0,0.0
0.0,0.0
0.0,0.0
0.0,0.0
0.0,0.0
0.0,0.0
0.0,0.0
0.0,0.0
0.0,0.0
0.0,5.373338229299439e-24
0.0,0.0
0.0,5.3804568928374055e-24
0.0,0.0
0.0,0.0
0.0,0.0
0.0,0.0
0.0,0.0
0.0,0.0
0.0,0.0
0.0,0.0
0.0,0.0
0.0,0.0
0.0,5.37048978540009e-24
0.0,5.375337671514587e-24
0.0,0.0
0.0,0.0
0.0,0.0
0.0,0.0
0.0,0.0
0.0,0.0
0.0,0.0
0.0,0.0
0.0,0.0
0.0,0.0
1641.3374594310808,0.0
1361.4492179034212,0.0
0.0,0.0
0.0,0.0
0.0,0.0
0.0,0.0
0.0,0.0
0.0,0.0
1767.5052765948433,0.0
0.0,0.0
0.0,0.0
0.0,0.0
0.0,0.0
0.0,0.0
0.0,0.0
0.0,0.0
0.0,0.0
0.0,0.0
0.0,0.0
0.0,-5.36701569705768e-24
0.0,5.371391343729369e-24
0.0,0.0
0.0,0.0
0.0,0.0
921.3423320018746,0.0
9587.761721289844,5.375958032083666e-24
1.1261671906882728e-13,0.0
0.0,0.0
0.0,0.0
0.0,0.0
0.0,0.0
0.0,0.0
1940.984149987128,0.0
0.0,0.0
0.0,0.0
0.0,5.3686899977844955e-24
0.0,0.0
0.0,0.0
0.0,0.0
0.0,0.0
0.0,0.0
0.0,0.0
0.0,0.0
0.0,0.0
729.7924959534344,5.379086291379448e-24
0.0,0.0
0.0,0.0
0.0,0.0
0.0,0.0
0.0,0.0
0.0,0.0
0.0,0.0
0.0,0.0
0.0,0.0
0.0,0.0
0.0,0.0
0.0,5.3772048952024256e-24
0.0,0.0
0.0,0.0
0.0,0.0
9344.590063234247,0.0
1446.6921602354205,0.0
0.0,0.0
0.0,0.0
0.0,0.0
0.0,0.0
0.0,0.0
0.0,0.0
4939.075332493656,0.0
0.0,0.0
0.0,0.0
0.0,0.0
0.0,0.0
0.0,0.0
0.0,0.0
0.0,0.0
0.0,0.0
0.0,0.0
0.0,0.0
0.0,5.382656812460726e-24
7911.159352354817,0.0
0.0,0.0
0.0,0.0
0.0,0.0
0.0,5.374010132980157e-24
0.0,0.0
0.0,0.0
0.0,0.0
0.0,0.0
0.0,0.0
0.0,0.0
0.0,0.0
-1.6983749169543769e-12,0.0
0.0,0.0
0.0,0.0
0.0,0.0
0.0,0.0
0.0,0.0
0.0,0.0
0.0,0.0
0.0,0.0
0.0,0.0
0.0,0.0
0.0,0.0
0.0,0.0
0.0,0.0
0.0,0.0
0.0,0.0
236.42279064447857,0.0
0.0,0.0
0.0,0.0
0.0,0.0
0.0,0.0
0.0,0.0
0.0,0.0
0.0,0.0
3880.8763101986933,0.0
3319.9098771095146,0.0
3476.159100225382,0.0
0.0,0.0
0.0,0.0
0.0,0.0
0.0,0.0
0.0,0.0
0.0,0.0
0.0,0.0
0.0,0.0
327.2401084465191,0.0
961.6530265053984,0.0
2083.2247671672717,0.0
671.0948088476082,0.0
-1.4062669256979635e-27,0.0
0.0,0.0
0.0,0.0
0.0,0.0
0.0,0.0
0.0,0.0
0.0,0.0
0.0,0.0
0.0,0.0
0.0,0.0
0.0,0.0
61.09889352894383,0.0
2637.910042605266,0.0
6655.091416764147,0.0
1777.2214490861206,0.0
0.0,0.0
0.0,0.0
0.0,0.0
0.0,0.0
0.0,0.0
0.0,0.0
0.0,5.372593678036091e-24
0.0,0.0
0.0,0.0
0.0,0.0
0.0,0.0
0.0,0.0
0.0,0.0
0.0,0.0
0.0,0.0
0.0,0.0
0.0,-5.3729844660789275e-24
0.0,5.363841400850347e-24
0.0,0.0
0.0,0.0
0.0,-5.379369583158463e-24
0.0,5.376757596188946e-24
0.0,0.0
0.0,5.364121575933225e-24
0.0,0.0
0.0,0.0
0.0,0.0
0.0,0.0
0.0,0.0
0.0,0.0
0.0,0.0
0.0,0.0
0.0,0.0
1712.9721777932682,0.0
2117.1196393593796,0.0
4931.7725141687315,0.0
2327.2250809028956,0.0
0.0,0.0
0.0,0.0
0.0,0.0
0.0,0.0
0.0,5.3719926005289976e-24
2526.908043052284,0.0
0.0,0.0
0.0,0.0
0.0,5.367592088996696e-24
0.0,0.0
0.0,5.371900070762851e-24
0.0,0.0
0.0,0.0
0.0,0.0
0.0,0.0
0.0,0.0
0.0,5.363035696650917e-24
0.0,0.0
0.0,0.0
0.0,0.0
0.0,5.374412213547744e-24
0.0,0.0
8600.977931083493,0.0
1.1261671906883009e-13,0.0
0.0,0.0
0.0,0.0
0.0,0.0
0.0,0.0
1577.2263147116048,0.0
2912.334173137262,0.0
-1.428321640040438e-27,0.0
0.0,0.0
0.0,0.0
0.0,0.0
0.0,0.0
0.0,0.0
0.0,0.0
0.0,0.0
0.0,0.0
0.0,0.0
0.0,0.0
0.0,0.0
0.0,0.0
0.0,0.0
1517.2215755835016,0.0
1348.690948617228,0.0
8356.931476640875,0.0
0.0,0.0
0.0,0.0
0.0,0.0
0.0,0.0
0.0,0.0
0.0,0.0
0.0,0.0
0.0,5.370552965070534e-24
0.0,0.0
0.0,-5.372551831033321e-24
0.0,5.36785169130887e-24
0.0,0.0
0.0,0.0
0.0,0.0
0.0,0.0
0.0,0.0
0.0,0.0
0.0,5.374678546062711e-24
9300.379222936881,0.0
1898.706365559254,0.0
0.0,0.0
0.0,0.0
0.0,0.0
0.0,0.0
0.0,0.0
0.0,0.0
0.0,0.0
0.0,0.0
0.0,0.0
0.0,0.0
1411.9970359909787,0.0
0.0,0.0
0.0,0.0
0.0,0.0
0.0,0.0
0.0,0.0
0.0,5.3666939347799164e-24
0.0,0.0
0.0,0.0
0.0,0.0
0.0,0.0
9738.558468758112,0.0
1.1261671906883008e-13,0.0
0.0,0.0
0.0,0.0
0.0,0.0
0.0,0.0
0.0,0.0
0.0,0.0
0.0,0.0
0.0,0.0
0.0,0.0
0.0,0.0
0.0,5.358117077610153e-24
8373.525011887634,0.0
0.0,5.3831242073682496e-24
0.0,0.0
0.0,5.371490516346787e-24
0.0,0.0
0.0,0.0
0.0,0.0
0.0,0.0
0.0,0.0
0.0,0.0
0.0,0.0
0.0,0.0
842.4207758146127,0.0
2630.8083699131803,0.0
1964.3741131583563,-5.367749994208894e-24
0.0,5.377924591159825e-24
5674.075190003437,0.0
0.0,0.0
0.0,0.0
0.0,0.0
0.0,0.0
0.0,0.0
0.0,0.0
0.0,0.0
0.0,0.0
0.0,0.0
0.0,0.0
0.0,0.0
3078.9772186198434,0.0
280.2968780114311,0.0
0.0,0.0
0.0,0.0
0.0,0.0
0.0,0.0
0.0,0.0
0.0,0.0
2352.616204717137,0.0
0.0,0.0
0.0,0.0
0.0,-5.364668575023514e-24
0.0,5.36785169130887e-24
0.0,0.0
0.0,0.0
0.0,0.0
0.0,0.0
0.0,0.0
0.0,0.0
0.0,5.3700194239733284e-24
1924.5335041333012,0.0
574.7228769610418,0.0
0.0,0.0
0.0,0.0
0.0,0.0
0.0,0.0
0.0,0.0
0.0,0.0
0.0,0.0
0.0,0.0
0.0,0.0
0.0,0.0
1364.2657854325325,0.0
730.6445995668275,0.0
0.0,0.0
0.0,0.0
0.0,5.371615701405449e-24
0.0,0.0
0.0,0.0
0.0,0.0
0.0,0.0
0.0,0.0
0.0,0.0
0.0,5.373970040915143e-24
4275.448707960566,0.0
0.0,-5.373943407715235e-24
0.0,5.37271591670173e-24
0.0,0.0
-1.1241921393510857e-26,0.0
0.0,0.0
0.0,0.0
0.0,0.0
0.0,0.0
0.0,0.0
0.0,0.0
0.0,0.0
0.0,0.0
0.0,0.0
0.0,0.0
2404.1433546905087,0.0
5697.981477874366,0.0
3112.828796321785,0.0
0.0,0.0
0.0,0.0
0.0,0.0
0.0,0.0
0.0,0.0
0.0,0.0
2278.3706074581723,0.0
0.0,0.0
1449.5526961954467,0.0
869.8043316764383,0.0
0.0,0.0
6274.024895300988,0.0
0.0,0.0
0.0,0.0
0.0,0.0
0.0,0.0
0.0,0.0
0.0,0.0
0.0,0.0
0.0,0.0
0.0,0.0
0.0,0.0
0.0,0.0
0.0,0.0
0.0,0.0
0.0,0.0
0.0,0.0
0.0,0.0
0.0,-5.371045115618258e-24
0.0,5.375601781084031e-24
0.0,0.0
0.0,0.0
0.0,0.0
0.0,0.0
0.0,0.0
0.0,0.0
0.0,0.0
0.0,0.0
0.0,0.0
0.0,0.0
0.0,0.0
0.0,0.0
0.0,0.0
0.0,0.0
0.0,0.0
0.0,0.0
0.0,0.0
0.0,0.0
0.0,0.0
0.0,0.0
0.0,0.0
0.0,0.0
0.0,0.0
0.0,0.0
0.0,0.0
0.0,0.0
0.0,0.0
0.0,0.0
0.0,0.0
0.0,0.0
0.0,5.371465858863498e-24
0.0,-5.359791367649319e-24
0.0,0.0
0.0,0.0
0.0,-5.3727722678729284e-24
0.0,5.370615614873121e-24
0.0,0.0
0.0,0.0
0.0,5.370775687206217e-24
0.0,5.370944701648481e-24
0.0,0.0
0.0,0.0
0.0,0.0
0.0,0.0
0.0,0.0
0.0,0.0
0.0,0.0
0.0,0.0
0.0,0.0
0.0,0.0
0.0,5.3737653697396055e-24
0.0,0.0
0.0,0.0
0.0,0.0
0.0,0.0
0.0,0.0
0.0,0.0
0.0,0.0
0.0,0.0
0.0,5.376580571303394e-24
0.0,0.0
0.0,5.369615370083337e-24
0.0,0.0
0.0,5.377161609653022e-24
0.0,0.0
0.0,0.0
0.0,0.0
0.0,0.0
0.0,0.0
0.0,0.0
0.0,0.0
0.0,0.0
0.0,0.0
0.0,0.0
0.0,0.0
0.0,5.363394983385177e-24
0.0,0.0
0.0,0.0
0.0,0.0
0.0,0.0
0.0,0.0
0.0,0.0
0.0,5.376514889430912e-24
0.0,0.0
0.0,0.0
0.0,0.0
0.0,0.0
0.0,0.0
0.0,0.0
0.0,0.0
0.0,5.3717822339293645e-24
0.0,0.0
0.0,0.0
0.0,-5.365173446339043e-24
0.0,5.368242446424052e-24
0.0,0.0
0.0,0.0
0.0,0.0
0.0,0.0
0.0,5.3661490800179164e-24
0.0,0.0
0.0,0.0
0.0,0.0
0.0,0.0
0.0,0.0
0.0,0.0
10019.019191244914,0.0
0.0,0.0
0.0,0.0
0.0,0.0
0.0,0.0
0.0,5.370190534235638e-24
0.0,0.0
0.0,5.3742178351285145e-24
0.0,5.369685844824613e-24
0.0,0.0
0.0,0.0
0.0,0.0
0.0,-5.37334998435043e-24
0.0,5.373179105548796e-24
0.0,0.0
0.0,0.0
0.0,5.367238238207744e-24
0.0,0.0
0.0,5.36785169130887e-24
0.0,5.374947569377664e-24
0.0,0.0
0.0,0.0
0.0,0.0
0.0,0.0
0.0,0.0
0.0,0.0
0.0,0.0
0.0,0.0
0.0,0.0
0.0,5.3817461987786334e-24
0.0,0.0
0.0,0.0
0.0,0.0
0.0,0.0
0.0,0.0
0.0,0.0
0.0,0.0
0.0,5.3598361733272154e-24
0.0,0.0
0.0,0.0
0.0,0.0
0.0,5.3626267217876206e-24
0.0,0.0
0.0,5.364317928945187e-24
0.0,0.0
0.0,0.0
0.0,0.0
0.0,0.0
0.0,0.0
0.0,0.0
0.0,0.0
0.0,0.0
0.0,0.0
0.0,5.37554856192586e-24
0.0,0.0
0.0,0.0
0.0,0.0
0.0,0.0
0.0,0.0
0.0,0.0
0.0,0.0
0.0,5.363414266667822e-24
0.0,0.0
0.0,0.0
0.0,0.0
0.0,5.373805789317804e-24
0.0,0.0
0.0,0.0
0.0,0.0
0.0,0.0
0.0,0.0
0.0,0.0
0.0,0.0
0.0,0.0
0.0,0.0
0.0,0.0
0.0,0.0
0.0,5.361873211049902e-24
0.0,0.0
0.0,0.0
0.0,0.0
0.0,0.0
0.0,5.3543815502823906e-24
0.0,5.36466692407885e-24
0.0,5.3655227571512366e-24
0.0,5.375976536484972e-24
0.0,0.0
0.0,0.0
0.0,0.0
0.0,5.370679179801643e-24
0.0,0.0
0.0,0.0
0.0,0.0
0.0,0.0
0.0,0.0
0.0,0.0
0.0,0.0
0.0,5.373173502548131e-24
0.0,0.0
0.0,5.3686703697834564e-24
0.0,0.0
0.0,0.0
0.0,0.0
0.0,5.37143347825935e-24
0.0,0.0
0.0,0.0
0.0,5.3700894077714575e-24
0.0,0.0
0.0,0.0
0.0,5.3648243284813264e-24
0.0,0.0
0.0,0.0
0.0,0.0
0.0,5.375523939282263e-24
0.0,0.0
0.0,0.0
0.0,0.0
0.0,0.0
0.0,0.0
0.0,0.0
0.0,0.0
0.0,5.370757492609105e-24
0.0,0.0
0.0,0.0
0.0,0.0
0.0,5.369690845422512e-24
0.0,0.0
0.0,0.0
0.0,0.0
0.0,0.0
0.0,0.0
0.0,0.0
0.0,-5.370610225311825e-24
0.0,5.363366697538308e-24
0.0,0.0
0.0,0.0
0.0,0.0
0.0,0.0
0.0,0.0
0.0,0.0
0.0,5.371303960452859e-24
0.0,0.0
0.0,0.0
0.0,0.0
0.0,0.0
0.0,5.378486690519318e-24
0.0,0.0
0.0,0.0
0.0,0.0
0.0,0.0
0.0,0.0
0.0,0.0
0.0,0.0
0.0,0.0
0.0,5.3763840727489045e-24
0.0,0.0
0.0,5.3867122766512186e-24
0.0,0.0
0.0,0.0
0.0,0.0
0.0,0.0
0.0,5.366302689569342e-24
0.0,0.0
0.0,5.365346311582581e-24
0.0,5.367398452927218e-24
0.0,0.0
0.0,0.0
0.0,0.0
0.0,0.0
0.0,5.370246974847478e-24
0.0,0.0
0.0,0.0
0.0,0.0
0.0,5.375970452987707e-24
0.0,0.0
0.0,0.0
0.0,0.0
0.0,0.0
0.0,0.0
0.0,0.0
0.0,0.0
15.320711104863351,0.0
3320.9250122387893,0.0
655.6420240485548,0.0
24.470267972715597,0.0
0.0,0.0
2865.361620704381,0.0
4356.538948196667,0.0
0.0,0.0
0.0,0.0
0.0,0.0
0.0,0.0
0.0,0.0
0.0,0.0
0.0,0.0
4000.9122643126734,0.0
4094.5980276701466,0.0
893.3291983164776,0.0
0.0,0.0
0.0,0.0
0.0,0.0
0.0,0.0
0.0,0.0
0.0,0.0
0.0,0.0
0.0,0.0
0.0,0.0
0.0,0.0
0.0,0.0
0.0,0.0
0.0,0.0
0.0,0.0
0.0,0.0
0.0,0.0
0.0,0.0
0.0,0.0
0.0,0.0
0.0,0.0
0.0,0.0
0.0,0.0
0.0,0.0
0.0,0.0
0.0,5.37247466719594e-24
0.0,0.0
0.0,-5.369521572293043e-24
0.0,0.0
0.0,0.0
0.0,0.0
0.0,0.0
0.0,0.0
0.0,0.0
0.0,0.0
0.0,0.0
0.0,0.0
0.0,0.0
0.0,5.368435521766848e-24
0.0,0.0
0.0,0.0
0.0,0.0
0.0,0.0
0.0,0.0
0.0,5.372916911585271e-24
0.0,0.0
0.0,0.0
0.0,0.0
0.0,0.0
0.0,0.0
0.0,0.0
0.0,0.0
0.0,5.3726975821619005e-24
0.0,0.0
0.0,0.0
3789.656900534577,0.0
0.0,0.0
6680.097648169003,0.0
0.0,0.0
0.0,0.0
0.0,0.0
0.0,0.0
0.0,0.0
0.0,0.0
0.0,0.0
0.0,0.0
0.0,0.0
0.0,0.0
0.0,5.368624180932609e-24
0.0,-5.353351812789646e-24
0.0,0.0
0.0,0.0
0.0,5.365791237226358e-24
0.0,0.0
0.0,5.372764467199886e-24
0.0,0.0
0.0,0.0
0.0,0.0
0.0,0.0
0.0,0.0
0.0,0.0
0.0,5.373279916081135e-24
0.0,0.0
0.0,-5.3671667892652735e-24
0.0,5.3685305612175065e-24
0.0,0.0
0.0,0.0
0.0,0.0
0.0,0.0
0.0,0.0
0.0,0.0
45.665903433518,0.0
0.0,0.0
1285.1044723287987,0.0
3.964395494713856e-13,0.0
0.0,0.0
0.0,0.0
0.0,0.0
0.0,0.0
0.0,0.0
0.0,0.0
0.0,0.0
0.0,0.0
0.0,0.0
0.0,0.0
0.0,0.0
0.0,0.0
0.0,0.0
0.0,0.0
0.0,0.0
0.0,0.0
0.0,0.0
0.0,0.0
0.0,0.0
0.0,0.0
0.0,0.0
0.0,0.0
2422.9941062996586,0.0
1172.1448210878275,0.0
0.0,0.0
0.0,0.0
0.0,0.0
0.0,0.0
0.0,0.0
0.0,0.0
0.0,0.0
0.0,0.0
0.0,-5.371901960725214e-24
0.0,5.366551523968992e-24
768.9250293312718,0.0
0.0,0.0
0.0,5.372393330575794e-24
0.0,0.0
0.0,0.0
0.0,0.0
0.0,5.369977095598294e-24
0.0,0.0
0.0,0.0
0.0,0.0
0.0,0.0
0.0,0.0
6811.712997411776,0.0
0.0,0.0
0.0,0.0
0.0,5.37075497971078e-24
0.0,0.0
0.0,0.0
0.0,0.0
0.0,0.0
0.0,0.0
0.0,0.0
0.0,0.0
0.0,0.0
458.9971217560678,0.0
0.0,0.0
1244.5823956941229,0.0
0.0,0.0
0.0,0.0
643.9416912576514,0.0
0.0,0.0
0.0,0.0
0.0,0.0
0.0,0.0
3325.4363212055305,0.0
0.0,0.0
1128.5174551051293,0.0
0.0,0.0
0.0,0.0
0.0,0.0
0.0,0.0
0.0,0.0
0.0,0.0
0.0,0.0
0.0,0.0
0.0,0.0
0.0,0.0
0.0,0.0
0.0,0.0
0.0,0.0
0.0,0.0
4758.292243389479,0.0
5040.982075343753,0.0
1338.0015882712169,0.0
0.0,0.0
0.0,0.0
0.0,0.0
0.0,0.0
0.0,0.0
0.0,0.0
1586.82918034307,0.0
2186.193501767028,-5.3691598255023306e-24
0.0,0.0
0.0,5.367182544381994e-24
0.0,0.0
0.0,0.0
0.0,0.0
0.0,0.0
0.0,0.0
0.0,0.0
0.0,5.363952555435779e-24
0.0,0.0
0.0,0.0
0.0,0.0
0.0,0.0
0.0,0.0
0.0,0.0
0.0,0.0
0.0,5.3703288903669844e-24
0.0,0.0
0.0,0.0
0.0,0.0
0.0,0.0
0.0,0.0
6947.148270253961,0.0
0.0,0.0
0.0,0.0
0.0,5.364029208963643e-24
0.0,0.0
0.0,0.0
0.0,0.0
0.0,0.0
0.0,0.0
0.0,0.0
0.0,0.0
0.0,0.0
0.0,5.37073928974501e-24
0.0,5.365633262978709e-24
0.0,5.3809461699644515e-24
0.0,0.0
0.0,5.381093790155619e-24
0.0,0.0
0.0,0.0
0.0,0.0
0.0,0.0
0.0,0.0
0.0,0.0
0.0,0.0
0.0,0.0
0.0,0.0
0.0,5.365490231346488e-24
0.0,0.0
0.0,5.363820874896741e-24
0.0,0.0
0.0,0.0
0.0,0.0
0.0,0.0
0.0,0.0
0.0,0.0
0.0,0.0
0.0,5.368310828552165e-24
0.0,5.37284662996336e-24
0.0,0.0
0.0,0.0
0.0,0.0
0.0,0.0
0.0,0.0
0.0,0.0
0.0,0.0
0.0,0.0
0.0,0.0
0.0,0.0
0.0,0.0
0.0,0.0
0.0,0.0
0.0,0.0
0.0,0.0
0.0,0.0
0.0,0.0
0.0,0.0
0.0,0.0
0.0,0.0
0.0,-5.373792638965491e-24
0.0,5.369284180971171e-24
0.0,0.0
0.0,0.0
0.0,0.0
0.0,5.368361884256044e-24
0.0,0.0
0.0,0.0
0.0,5.374245361424711e-24
0.0,0.0
0.0,0.0
0.0,0.0
0.0,0.0
0.0,5.3642716872320255e-24
0.0,0.0
0.0,0.0
0.0,0.0
0.0,0.0
0.0,5.3768620772747225e-24
0.0,0.0
0.0,0.0
0.0,0.0
0.0,0.0
0.0,0.0
0.0,0.0
0.0,0.0
3465.237153548481,0.0
0.0,0.0
0.0,0.0
0.0,5.3638150872580446e-24
0.0,0.0
0.0,0.0
0.0,0.0
0.0,0.0
0.0,0.0
0.0,0.0
0.0,0.0
0.0,0.0
0.0,0.0
0.0,0.0
0.0,0.0
0.0,5.366997133520337e-24
0.0,0.0
0.0,0.0
0.0,0.0
0.0,0.0
0.0,0.0
0.0,5.37065348533274e-24
0.0,-5.369580765943126e-24
0.0,5.3762156422551286e-24
0.0,0.0
0.0,0.0
0.0,0.0
0.0,0.0
0.0,5.369488023838638e-24
0.0,0.0
0.0,0.0
0.0,0.0
0.0,0.0
0.0,0.0
0.0,0.0
0.0,0.0
0.0,0.0
0.0,0.0
0.0,0.0
0.0,0.0
0.0,0.0
0.0,-5.3659973011986836e-24
0.0,5.368715801678371e-24
0.0,0.0
0.0,0.0
0.0,0.0
0.0,0.0
0.0,0.0
3410.7578609698694,0.0
0.0,0.0
0.0,0.0
0.0,0.0
0.0,0.0
0.0,0.0
0.0,0.0
0.0,0.0
0.0,0.0
0.0,0.0
0.0,0.0
0.0,0.0
0.0,0.0
0.0,0.0
0.0,0.0
0.0,0.0
1286.296280204822,0.0
5977.768299758005,0.0
0.0,0.0
0.0,0.0
0.0,0.0
0.0,0.0
0.0,0.0
0.0,0.0
0.0,0.0
0.0,0.0
0.0,0.0
0.0,0.0
0.0,0.0
0.0,5.379789947174874e-24
0.0,0.0
0.0,0.0
0.0,0.0
0.0,0.0
0.0,0.0
0.0,0.0
0.0,0.0
0.0,0.0
0.0,0.0
0.0,0.0
0.0,0.0
0.0,5.358805613665803e-24
0.0,0.0
0.0,0.0
0.0,0.0
0.0,0.0
0.0,0.0
0.0,0.0
0.0,0.0
0.0,0.0
0.0,0.0
0.0,0.0
0.0,5.3687127405012384e-24
0.0,0.0
0.0,0.0
0.0,0.0
0.0,0.0
0.0,0.0
0.0,0.0
0.0,0.0
0.0,0.0
0.0,0.0
0.0,-5.376404212459318e-24
0.0,5.3817610421282615e-24
0.0,0.0
10175.060017959635,0.0
0.0,0.0
0.0,0.0
0.0,0.0
0.0,0.0
0.0,0.0
146.7260691021483,0.0
10141.070163801951,0.0
1.5857581978855427e-12,0.0
0.0,0.0
0.0,0.0
0.0,0.0
0.0,0.0
0.0,0.0
0.0,0.0
0.0,0.0
0.0,0.0
0.0,0.0
0.0,0.0
0.0,0.0
1241.619162332804,0.0
2010.0627433616703,0.0
0.0,0.0
0.0,0.0
0.0,0.0
0.0,0.0
0.0,0.0
0.0,0.0
0.0,0.0
0.0,0.0
0.0,0.0
0.0,0.0
759.216572903934,0.0
1238.8608554934804,0.0
0.0,0.0
1090.7784340165465,0.0
2113.9240626172746,0.0
0.0,0.0
0.0,0.0
0.0,0.0
0.0,0.0
0.0,0.0
0.0,0.0
0.0,0.0
0.0,0.0
0.0,0.0
0.0,-5.371306787249541e-24
0.0,5.367426628559442e-24
0.0,0.0
0.0,0.0
0.0,0.0
0.0,0.0
0.0,0.0
0.0,0.0
0.0,0.0
11219.29351459269,0.0
0.0,0.0
0.0,0.0
0.0,0.0
0.0,5.3695006294098556e-24
0.0,0.0
0.0,0.0
0.0,0.0
0.0,0.0
0.0,0.0
0.0,0.0
0.0,0.0
384.4742542562306,0.0
0.0,-5.369246753735636e-24
0.0,5.369955246011681e-24
0.0,0.0
0.0,5.371080672815893e-24
0.0,0.0
0.0,0.0
0.0,0.0
0.0,0.0
0.0,0.0
877.9860390841513,0.0
0.0,0.0
0.0,0.0
1012.558856974974,0.0
0.0,0.0
0.0,0.0
0.0,0.0
152.1666032747478,0.0
0.0,0.0
0.0,0.0
0.0,0.0
0.0,0.0
0.0,0.0
0.0,0.0
0.0,0.0
88.62540387371446,0.0
0.0,0.0
0.0,0.0
1801.0938799564547,0.0
9310.024841009641,0.0
0.0,0.0
0.0,0.0
0.0,0.0
0.0,0.0
0.0,0.0
0.0,0.0
2133.3350906832134,0.0
0.0,0.0
0.0,0.0
0.0,0.0
0.0,0.0
0.0,0.0
0.0,0.0
0.0,0.0
0.0,0.0
0.0,0.0
0.0,0.0
0.0,0.0
0.0,0.0
0.0,0.0
0.0,0.0
0.0,5.379941178805772e-24
0.0,0.0
0.0,5.362973901727814e-24
0.0,0.0
0.0,0.0
0.0,0.0
0.0,0.0
0.0,0.0
0.0,5.374114929288913e-24
0.0,0.0
0.0,0.0
0.0,0.0
0.0,5.3632123705644254e-24
0.0,0.0
0.0,5.372721893750964e-24
0.0,0.0
0.0,0.0
0.0,0.0
0.0,0.0
0.0,0.0
0.0,0.0
0.0,0.0
0.0,0.0
0.0,5.367084304282251e-24
0.0,5.3651769130073345e-24
0.0,0.0
0.0,0.0
0.0,0.0
0.0,0.0
0.0,0.0
0.0,0.0
0.0,0.0
0.0,0.0
0.0,0.0
0.0,0.0
0.0,0.0
0.0,0.0
0.0,5.373647896809403e-24
0.0,0.0
0.0,5.3691921882768644e-24
0.0,0.0
0.0,0.0
0.0,0.0
0.0,0.0
0.0,0.0
0.0,0.0
0.0,0.0
0.0,0.0
0.0,0.0
0.0,0.0
0.0,5.3655515123985634e-24
7825.608701179799,-5.365554277631644e-24
330.65674320502717,0.0
0.0,0.0
0.0,0.0
0.0,-5.366821600935705e-24
0.0,5.36981345764211e-24
0.0,5.368386964409554e-24
0.0,0.0
0.0,0.0
0.0,0.0
0.0,0.0
0.0,0.0
0.0,0.0
0.0,0.0
0.0,0.0
0.0,0.0
0.0,0.0
0.0,0.0
2408.2012380553133,0.0
0.0,0.0
0.0,0.0
0.0,0.0
0.0,0.0
0.0,0.0
0.0,0.0
0.0,0.0
0.0,0.0
0.0,0.0
0.0,0.0
0.0,0.0
0.0,0.0
0.0,0.0
0.0,0.0
0.0,0.0
0.0,5.372039322041916e-24
0.0,0.0
0.0,5.3745418170380785e-24
0.0,0.0
0.0,0.0
0.0,0.0
0.0,5.365735883917832e-24
0.0,5.3752995047443964e-24
0.0,0.0
0.0,0.0
0.0,5.3705643578657304e-24
0.0,0.0
0.0,5.3706343543642936e-24
0.0,0.0
0.0,0.0
0.0,5.366314060734847e-24
0.0,0.0
0.0,0.0
0.0,0.0
0.0,0.0
0.0,5.370646607090896e-24
0.0,0.0
0.0,0.0
0.0,5.3639909927130124e-24
0.0,0.0
0.0,0.0
0.0,0.0
0.0,0.0
0.0,0.0
0.0,0.0
0.0,0.0
0.0,0.0
0.0,0.0
0.0,0.0
0.0,5.3700080275418615e-24
0.0,0.0
0.0,5.3639399701325446e-24
0.0,0.0
0.0,0.0
0.0,0.0
0.0,0.0
0.0,0.0
0.0,0.0
0.0,0.0
0.0,0.0
0.0,0.0
0.0,0.0
0.0,0.0
0.0,5.370472764887871e-24
0.0,0.0
0.0,-5.369255902407628e-24
0.0,5.373877840960023e-24
0.0,0.0
0.0,0.0
6106.084507508157,0.0
4725.025210457172,5.3697922670368e-24
0.0,0.0
0.0,0.0
0.0,0.0
0.0,5.3609897050467534e-24
0.0,0.0
0.0,0.0
0.0,0.0
0.0,0.0
0.0,0.0
0.0,0.0
0.0,0.0
0.0,5.370068978105525e-24
4335.741808071156,0.0
2941.3729562339972,0.0
1916.1593990477852,0.0
1207.8375759225446,0.0
0.0,0.0
0.0,0.0
0.0,0.0
0.0,0.0
0.0,0.0
0.0,0.0
0.0,0.0
0.0,5.364356356225361e-24
0.0,0.0
0.0,0.0
0.0,0.0
0.0,0.0
0.0,0.0
0.0,0.0
0.0,0.0
0.0,0.0
0.0,0.0
0.0,0.0
0.0,0.0
0.0,0.0
0.0,0.0
0.0,0.0
0.0,0.0
0.0,5.3715762846863714e-24
0.0,0.0
0.0,0.0
0.0,0.0
0.0,0.0
0.0,0.0
0.0,0.0
0.0,0.0
0.0,0.0
7248.18546791765,5.371761329659607e-24
0.0,0.0
0.0,0.0
0.0,0.0
0.0,5.370339955979434e-24
0.0,0.0
0.0,5.3783397271032914e-24
0.0,0.0
0.0,0.0
0.0,0.0
0.0,0.0
0.0,0.0
1484.8407328017279,0.0
0.0,0.0
0.0,0.0
0.0,0.0
0.0,0.0
0.0,5.376805041391565e-24
0.0,5.377623051050328e-24
0.0,0.0
0.0,0.0
0.0,0.0
0.0,0.0
0.0,5.3753693148912215e-24
0.0,0.0
0.0,0.0
0.0,0.0
0.0,0.0
0.0,5.371597777320688e-24
0.0,0.0
0.0,0.0
0.0,0.0
0.0,0.0
0.0,0.0
0.0,0.0
0.0,0.0
0.0,5.3706243121421116e-24
0.0,0.0
0.0,0.0
0.0,0.0
0.0,0.0
0.0,5.377489709285702e-24
0.0,0.0
0.0,0.0
0.0,0.0
0.0,0.0
0.0,-5.363204200095791e-24
0.0,5.383104047656521e-24
0.0,0.0
0.0,0.0
0.0,0.0
0.0,0.0
0.0,0.0
0.0,0.0
0.0,0.0
0.0,0.0
0.0,0.0
0.0,0.0
0.0,0.0
0.0,0.0
0.0,0.0
0.0,0.0
0.0,0.0
0.0,0.0
0.0,5.374984023590376e-24
0.0,5.377070316664802e-24
0.0,0.0
0.0,0.0
0.0,0.0
0.0,0.0
0.0,0.0
0.0,0.0
0.0,0.0
0.0,0.0
0.0,0.0
0.0,5.368855341207546e-24
0.0,0.0
0.0,5.364248283526754e-24
0.0,0.0
0.0,0.0
0.0,0.0
0.0,0.0
0.0,5.354275445587519e-24
0.0,5.3654401219205305e-24
0.0,0.0
0.0,0.0
0.0,0.0
0.0,0.0
0.0,0.0
0.0,5.384168796918677e-24
0.0,0.0
0.0,0.0
0.0,0.0
0.0,0.0
0.0,0.0
0.0,0.0
0.0,5.3616525821024514e-24
0.0,0.0
0.0,0.0
0.0,0.0
0.0,0.0
0.0,0.0
0.0,0.0
0.0,0.0
0.0,0.0
0.0,0.0
0.0,0.0
4690.2692165322205,0.0
6078.673610216207,0.0
0.0,0.0
0.0,0.0
0.0,0.0
0.0,0.0
3836.910949747986,0.0
0.0,0.0
0.0,0.0
0.0,0.0
0.0,0.0
0.0,0.0
0.0,0.0
0.0,0.0
0.0,0.0
0.0,0.0
0.0,0.0
0.0,0.0
1352.6377313386465,0.0
0.0,0.0
0.0,0.0
0.0,0.0
0.0,0.0
0.0,0.0
3631.7380560933084,0.0
1359.6217330469367,0.0
0.0,0.0
0.0,0.0
0.0,0.0
0.0,0.0
0.0,0.0
0.0,0.0
0.0,0.0
0.0,0.0
0.0,0.0
0.0,0.0
0.0,5.377552319708469e-24
0.0,0.0
0.0,0.0
0.0,0.0
0.0,0.0
0.0,0.0
0.0,0.0
0.0,0.0
0.0,0.0
0.0,0.0
0.0,0.0
0.0,0.0
0.0,0.0
0.0,0.0
0.0,0.0
0.0,0.0
0.0,5.361417077393231e-24
0.0,0.0
0.0,0.0
0.0,0.0
0.0,0.0
0.0,0.0
0.0,0.0
0.0,0.0
0.0,0.0
0.0,0.0
0.0,0.0
0.0,0.0
0.0,5.373094691836392e-24
0.0,0.0
0.0,0.0
0.0,5.37311370406973e-24
0.0,0.0
0.0,0.0
0.0,-5.379944293982287e-24
0.0,5.380162737106377e-24
0.0,0.0
0.0,5.377859448706456e-24
0.0,0.0
0.0,0.0
0.0,0.0
0.0,0.0
0.0,5.3682310302946276e-24
0.0,5.372991371111905e-24
0.0,0.0
0.0,0.0
0.0,0.0
0.0,0.0
0.0,5.3723902476317916e-24
0.0,0.0
0.0,0.0
0.0,0.0
0.0,0.0
0.0,0.0
0.0,0.0
4219.342162140505,0.0
0.0,0.0
0.0,0.0
0.0,0.0
0.0,0.0
0.0,5.372718232564982e-24
8481.822454513658,5.367847711708887e-24
2070.349773426637,0.0
0.0,0.0
0.0,0.0
0.0,0.0
0.0,0.0
0.0,0.0
0.0,0.0
0.0,0.0
0.0,0.0
0.0,0.0
6093.150850357611,0.0
5054.300603416333,0.0
0.0,0.0
0.0,0.0
0.0,0.0
0.0,0.0
49.705633796646886,-5.371152743120548e-24
4.3990905886762405e-16,5.370053907960621e-24
0.0,0.0
0.0,0.0
0.0,0.0
0.0,0.0
0.0,0.0
0.0,0.0
0.0,0.0
0.0,0.0
0.0,0.0
0.0,0.0
0.0,0.0
10497.69561917571,0.0
0.0,0.0
0.0,0.0
0.0,0.0
0.0,0.0
3504.634552706335,0.0
0.0,0.0
0.0,0.0
0.0,0.0
0.0,0.0
0.0,0.0
5392.559538397846,0.0
0.0,0.0
0.0,0.0
0.0,0.0
0.0,0.0
0.0,0.0
0.0,5.3742267159830585e-24
0.0,0.0
0.0,0.0
0.0,0.0
0.0,5.3673607426083065e-24
0.0,0.0
11185.638848234425,0.0
0.0,0.0
0.0,0.0
0.0,0.0
0.0,0.0
0.0,0.0
0.0,0.0
0.0,0.0
0.0,0.0
0.0,0.0
0.0,0.0
0.0,0.0
3009.1748568823127,0.0
0.0,0.0
0.0,0.0
0.0,0.0
0.0,0.0
0.0,0.0
0.0,0.0
0.0,0.0
0.0,0.0
0.0,0.0
0.0,0.0
0.0,0.0
11207.220073370252,0.0
0.0,0.0
0.0,0.0
0.0,0.0
0.0,0.0
0.0,0.0
0.0,0.0
0.0,0.0
0.0,0.0
0.0,0.0
0.0,0.0
0.0,0.0
0.0,0.0
0.0,0.0
0.0,0.0
0.0,0.0
0.0,0.0
0.0,0.0
0.0,0.0
0.0,0.0
1858.3576997032949,0.0
2.6585749516571475,0.0
0.0,0.0
0.0,0.0
0.0,0.0
0.0,-5.358860147629275e-24
0.0,5.363441733562917e-24
0.0,0.0
0.0,0.0
0.0,0.0
0.0,0.0
0.0,0.0
0.0,0.0
0.0,0.0
0.0,0.0
0.0,0.0
7156.011373467598,0.0
4066.8622343825155,0.0
0.0,0.0
0.0,0.0
0.0,0.0
0.0,0.0
0.0,0.0
0.0,0.0
0.0,0.0
0.0,0.0
0.0,0.0
0.0,0.0
2127.296335004606,0.0
0.0,5.372457027257988e-24
0.0,0.0
0.0,0.0
0.0,0.0
0.0,0.0
11064.940817566498,5.367612220923268e-24
9.015230083947249e-26,0.0
0.0,0.0
0.0,0.0
0.0,0.0
0.0,0.0
0.0,0.0
0.0,0.0
0.0,0.0
0.0,0.0
0.0,0.0
0.0,0.0
0.0,0.0
0.0,0.0
0.0,0.0
0.0,0.0
0.0,0.0
0.0,0.0
0.0,0.0
0.0,0.0
0.0,0.0
0.0,0.0
0.0,0.0
0.0,0.0
0.0,0.0
0.0,0.0
0.0,0.0
0.0,0.0
0.0,0.0
0.0,0.0
0.0,0.0
0.0,0.0
0.0,0.0
0.0,0.0
0.0,0.0
0.0,0.0
-5.596132520685118e-8,0.0
0.0,0.0
0.0,0.0
0.0,0.0
0.0,0.0
0.0,0.0
0.0,0.0
1812.4516322962193,0.0
0.0,0.0
0.0,0.0
0.0,0.0
0.0,0.0
0.0,0.0
10574.850194132627,0.0
213.035063630118,0.0
0.0,0.0
0.0,0.0
0.0,0.0
0.0,0.0
0.0,0.0
0.0,0.0
0.0,0.0
0.0,0.0
2503.9796744581845,-5.374958636606406e-24
0.0,5.377059741617089e-24
0.0,0.0
0.0,0.0
0.0,0.0
0.0,0.0
0.0,0.0
0.0,0.0
955.4432640017936,5.361667633572903e-24
0.0,0.0
0.0,0.0
0.0,0.0
0.0,0.0
10799.512965299982,0.0
152.80018690929975,0.0
0.0,0.0
0.0,0.0
0.0,0.0
0.0,0.0
0.0,5.3664958234457074e-24
0.0,0.0
0.0,0.0
0.0,0.0
0.0,0.0
0.0,0.0
0.0,0.0
0.0,0.0
0.0,0.0
0.0,0.0
0.0,0.0
0.0,0.0
0.0,0.0
0.0,0.0
0.0,0.0
0.0,0.0
0.0,5.3628075867119565e-24
0.0,0.0
4118.722876795563,5.377504476936335e-24
0.0,0.0
0.0,0.0
0.0,5.3711429089942216e-24
0.0,0.0
0.0,0.0
0.0,0.0
0.0,0.0
0.0,5.363552805393988e-24
0.0,0.0
0.0,0.0
0.0,0.0
0.0,0.0
0.0,0.0
0.0,0.0
0.0,5.359806208700824e-24
0.0,0.0
0.0,0.0
0.0,0.0
0.0,5.367185923140446e-24
0.0,0.0
0.0,0.0
0.0,0.0
0.0,0.0
0.0,0.0
0.0,0.0
0.0,0.0
0.0,0.0
0.0,0.0
0.0,0.0
0.0,0.0
0.0,0.0
0.0,0.0
0.0,0.0
0.0,0.0
0.0,0.0
0.0,5.370029755605781e-24
0.0,0.0
0.0,5.371275533704151e-24
0.0,0.0
0.0,0.0
0.0,0.0
0.0,0.0
0.0,0.0
0.0,0.0
0.0,0.0
0.0,0.0
0.0,0.0
0.0,0.0
0.0,0.0
0.0,0.0
0.0,0.0
0.0,0.0
0.0,0.0
0.0,5.363873714197503e-24
0.0,0.0
0.0,-5.3714284076994295e-24
0.0,5.368592301667606e-24
0.0,0.0
0.0,0.0
6975.210141480262,0.0
0.0,0.0
0.0,0.0
0.0,0.0
0.0,0.0
0.0,0.0
2823.5215897227317,0.0
7651.542178767091,0.0
0.0,0.0
0.0,0.0
0.0,0.0
0.0,0.0
0.0,0.0
0.0,0.0
0.0,0.0
0.0,0.0
0.0,0.0
0.0,0.0
1945.3255158169693,0.0
0.0,0.0
0.0,0.0
0.0,0.0
0.0,0.0
0.0,0.0
0.0,0.0
0.0,0.0
0.0,0.0
0.0,0.0
0.0,0.0
0.0,-5.36453687504609e-24
9030.680357321777,5.372542974598827e-24
-2.2480988798783356e-26,5.371457590322636e-24
0.0,0.0
0.0,0.0
0.0,0.0
196.74902992925482,0.0
0.0,0.0
-2.3017835606511177e-14,0.0
0.0,0.0
0.0,0.0
0.0,0.0
0.0,0.0
0.0,0.0
5651.633128451942,0.0
0.0,0.0
0.0,0.0
0.0,0.0
0.0,0.0
57.82424935379604,0.0
0.0,0.0
0.0,0.0
0.0,0.0
0.0,0.0
0.0,0.0
0.0,0.0
0.0,0.0
0.0,0.0
0.0,0.0
0.0,-5.366588610677464e-24
0.0,5.372512498605993e-24
0.0,5.371632195823228e-24
0.0,0.0
0.0,0.0
0.0,0.0
0.0,0.0
0.0,0.0
0.0,0.0
0.0,0.0
0.0,5.3657606631628316e-24
0.0,0.0
0.0,0.0
0.0,0.0
0.0,5.3746386635878695e-24
0.0,0.0
0.0,0.0
1294.0382025440008,0.0
0.0,0.0
0.0,0.0
2349.1950382548207,0.0
4718.747757204879,5.3683781986684796e-24
0.0,0.0
0.0,0.0
0.0,0.0
0.0,0.0
647.009442463413,0.0
1802.5491463814212,0.0
0.0,0.0
0.0,0.0
0.0,0.0
0.0,0.0
0.0,0.0
0.0,0.0
0.0,0.0
0.0,0.0
0.0,0.0
1661.9996341934568,0.0
1217.8315478307222,0.0
0.0,0.0
0.0,0.0
0.0,0.0
0.0,0.0
0.0,0.0
-1.982197747356928e-13,0.0
0.0,0.0
0.0,0.0
0.0,0.0
0.0,0.0
0.0,0.0
0.0,0.0
0.0,0.0
0.0,0.0
0.0,0.0
0.0,0.0
0.0,0.0
8673.062678724262,0.0
2199.6548441912482,0.0
0.0,0.0
0.0,0.0
0.0,0.0
0.0,0.0
7399.508903716744,0.0
1344.8688219661783,0.0
0.0,0.0
0.0,0.0
0.0,0.0
0.0,0.0
2024.4863976241695,0.0
0.0,0.0
0.0,0.0
0.0,0.0
0.0,0.0
0.0,5.362936695277471e-24
0.0,0.0
0.0,0.0
0.0,0.0
0.0,0.0
0.0,0.0
0.0,0.0
0.0,0.0
0.0,0.0
0.0,0.0
0.0,0.0
0.0,0.0
0.0,5.361825103755397e-24
0.0,-5.363885099767436e-24
0.0,0.0
0.0,0.0
0.0,0.0
0.0,0.0
0.0,0.0
0.0,0.0
0.0,0.0
0.0,0.0
0.0,0.0
0.0,0.0
0.0,0.0
0.0,0.0
0.0,0.0
0.0,0.0
0.0,0.0
0.0,0.0
0.0,0.0
0.0,5.371321938184066e-24
0.0,0.0
0.0,0.0
0.0,0.0
0.0,0.0
3038.96072792915,0.0
121.40468558772916,0.0
-2.47774718419616e-14,0.0
0.0,0.0
0.0,0.0
0.0,0.0
0.0,0.0
0.0,0.0
1322.0574504138306,0.0
0.0,0.0
0.0,0.0
0.0,0.0
0.0,0.0
3822.858954387856,0.0
3697.7491081989147,0.0
2040.0594417403756,0.0
0.0,0.0
0.0,0.0
0.0,0.0
0.0,0.0
0.0,0.0
0.0,0.0
0.0,0.0
0.0,0.0
0.0,0.0
1444.656808051904,0.0
0.0,0.0
0.0,0.0
0.0,0.0
0.0,0.0
0.0,0.0
652.0034172583609,0.0
2801.300929543216,0.0
0.0,0.0
0.0,0.0
0.0,0.0
0.0,0.0
0.0,0.0
0.0,0.0
0.0,0.0
0.0,0.0
0.0,0.0
0.0,0.0
0.0,0.0
0.0,-5.3653462611971524e-24
0.0,5.3705313093044774e-24
0.0,0.0
0.0,0.0
0.0,0.0
320.9719026733979,0.0
4081.854534761734,0.0
2564.463344223633,0.0
290.0987625339226,0.0
0.0,0.0
0.0,0.0
0.0,0.0
0.0,0.0
0.0,0.0
0.0,0.0
0.0,0.0
0.0,0.0
5763.970165254487,0.0
212.7025723571275,0.0
5228.6182335166295,0.0
0.0,0.0
0.0,0.0
0.0,0.0
0.0,0.0
0.0,0.0
0.0,0.0
0.0,0.0
0.0,0.0
1084.8850373541973,0.0
2370.757517288233,0.0
0.0,0.0
0.0,0.0
0.0,0.0
0.0,0.0
0.0,0.0
0.0,0.0
0.0,0.0
0.0,0.0
0.0,0.0
0.0,5.3726091418940905e-24
0.0,0.0
0.0,0.0
0.0,0.0
0.0,0.0
0.0,0.0
0.0,0.0
0.0,0.0
0.0,5.359164110375559e-24
0.0,0.0
0.0,0.0
0.0,0.0
0.0,0.0
0.0,0.0
887.0126159881369,0.0
0.0,0.0
0.0,0.0
0.0,0.0
0.0,5.3688706739361716e-24
0.0,0.0
0.0,0.0
0.0,5.377568133965152e-24
0.0,0.0
0.0,0.0
0.0,-5.374011048276697e-24
0.0,5.379612921870715e-24
0.0,0.0
2072.4193457429606,5.377244535116511e-24
0.0,0.0
0.0,0.0
0.0,5.368529124428848e-24
0.0,0.0
0.0,0.0
0.0,0.0
0.0,0.0
0.0,0.0
0.0,0.0
0.0,0.0
347.42120235173303,0.0
0.0,5.361480716509566e-24
7321.969241293636,0.0
-8.491874584771889e-13,0.0
0.0,0.0
0.0,0.0
0.0,0.0
0.0,0.0
0.0,0.0
0.0,0.0
0.0,0.0
6767.053955351083,0.0
1877.6130040494552,0.0
0.0,0.0
0.0,0.0
0.0,0.0
0.0,0.0
0.0,0.0
0.0,0.0
0.0,0.0
0.0,0.0
0.0,0.0
0.0,0.0
0.0,0.0
0.0,0.0
0.0,0.0
0.0,0.0
0.0,0.0
0.0,0.0
1177.8886469905783,0.0
3627.700973456511,0.0
3335.1808008524386,0.0
0.0,0.0
0.0,0.0
0.0,0.0
1102.2435674838548,0.0
3696.235102854155,0.0
0.0,0.0
0.0,0.0
0.0,0.0
0.0,0.0
0.0,0.0
0.0,0.0
0.0,0.0
0.0,0.0
0.0,0.0
0.0,0.0
0.0,0.0
0.0,0.0
0.0,0.0
0.0,0.0
0.0,0.0
0.0,0.0
0.0,0.0
0.0,0.0
2885.29578263621,0.0
0.0,0.0
0.0,0.0
0.0,0.0
0.0,0.0
0.0,0.0
0.0,0.0
0.0,0.0
0.0,0.0
0.0,0.0
0.0,0.0
0.0,0.0
0.0,0.0
0.0,0.0
0.0,0.0
0.0,0.0
0.0,0.0
4671.254028711701,5.372423327786776e-24
0.0,0.0
0.0,0.0
0.0,0.0
0.0,0.0
0.0,0.0
0.0,0.0
0.0,0.0
0.0,0.0
0.0,0.0
0.0,0.0
0.0,0.0
0.0,0.0
0.0,0.0
0.0,5.3697407376019596e-24
0.0,0.0
0.0,5.368225278568775e-24
0.0,0.0
0.0,0.0
0.0,0.0
0.0,0.0
0.0,0.0
0.0,0.0
0.0,0.0
4201.1240784574775,0.0
6469.054944880313,5.374450347855956e-24
0.0,0.0
0.0,0.0
0.0,0.0
0.0,0.0
0.0,0.0
0.0,0.0
0.0,0.0
0.0,0.0
0.0,0.0
0.0,0.0
0.0,0.0
0.0,0.0
0.0,0.0
0.0,0.0
0.0,5.3666751059186894e-24
0.0,0.0
0.0,5.376199373950581e-24
0.0,0.0
0.0,0.0
0.0,0.0
0.0,0.0
0.0,5.374649445302665e-24
0.0,0.0
0.0,0.0
0.0,0.0
0.0,0.0
0.0,0.0
0.0,0.0
0.0,0.0
0.0,5.366483714150258e-24
0.0,0.0
0.0,5.3680707293835825e-24
0.0,0.0
0.0,0.0
0.0,0.0
0.0,0.0
0.0,0.0
0.0,0.0
0.0,5.37455457423595e-24
0.0,0.0
0.0,0.0
0.0,0.0
0.0,0.0
0.0,-5.362263867969751e-24
0.0,5.373321688744265e-24
0.0,0.0
0.0,5.3763669145285446e-24
0.0,0.0
0.0,0.0
0.0,0.0
0.0,0.0
0.0,0.0
0.0,0.0
0.0,0.0
0.0,0.0
0.0,0.0
0.0,0.0
0.0,0.0
0.0,0.0
0.0,0.0
0.0,0.0
0.0,0.0
0.0,0.0
0.0,0.0
0.0,0.0
0.0,0.0
0.0,0.0
0.0,0.0
0.0,0.0
0.0,0.0
387.5908113161199,0.0
0.0,0.0
0.0,0.0
0.0,0.0
0.0,0.0
0.0,0.0
0.0,0.0
5650.195907086742,0.0
2853.5382849423836,0.0
0.0,0.0
0.0,0.0
0.0,0.0
0.0,0.0
0.0,0.0
0.0,0.0
0.0,0.0
0.0,0.0
0.0,0.0
0.0,0.0
0.0,0.0
0.0,0.0
0.0,0.0
0.0,0.0
0.0,0.0
0.0,0.0
0.0,0.0
0.0,0.0
0.0,0.0
0.0,0.0
0.0,0.0
0.0,5.373446180810579e-24
0.0,0.0
0.0,0.0
0.0,0.0
0.0,0.0
0.0,0.0
0.0,5.3745239330456935e-24
0.0,5.370212826128238e-24
0.0,0.0
0.0,0.0
0.0,0.0
0.0,0.0
0.0,5.375509175768278e-24
0.0,0.0
0.0,0.0
0.0,0.0
0.0,0.0
0.0,5.370398503935363e-24
0.0,0.0
0.0,0.0
0.0,5.3674891714623254e-24
0.0,5.3704890183593134e-24
0.0,0.0
0.0,5.379613962623573e-24
0.0,5.370542237024393e-24
0.0,0.0
0.0,0.0
0.0,0.0
0.0,0.0
0.0,0.0
0.0,0.0
0.0,0.0
0.0,0.0
0.0,5.3806618600716105e-24
0.0,0.0
0.0,0.0
0.0,0.0
0.0,0.0
0.0,0.0
0.0,-5.359259859329678e-24
0.0,5.369515181126096e-24
0.0,5.370043605994381e-24
9897.135187640755,0.0
0.0,0.0
0.0,0.0
0.0,0.0
0.0,0.0
0.0,5.374750023876935e-24
0.0,5.3694710259377314e-24
0.0,-5.377578886421811e-24
0.0,5.368119024150968e-24
0.0,0.0
0.0,0.0
0.0,0.0
0.0,0.0
0.0,0.0
0.0,0.0
0.0,0.0
0.0,0.0
0.0,-5.371023629420676e-24
0.0,5.3714716947506394e-24
0.0,0.0
0.0,5.378089516213987e-24
0.0,0.0
0.0,0.0
0.0,0.0
1325.7384575784176,0.0
0.0,0.0
0.0,0.0
0.0,0.0
0.0,5.376291116392861e-24
0.0,0.0
0.0,0.0
0.0,0.0
0.0,0.0
0.0,0.0
0.0,5.3727442610888325e-24
0.0,5.364480586461928e-24
0.0,0.0
0.0,0.0
0.0,0.0
0.0,0.0
0.0,0.0
0.0,0.0
0.0,0.0
0.0,0.0
0.0,0.0
0.0,0.0
0.0,0.0
0.0,0.0
0.0,0.0
0.0,0.0
0.0,0.0
0.0,0.0
0.0,0.0
0.0,0.0
251.10864596900367,0.0
7238.769339024099,0.0
0.0,0.0
0.0,0.0
0.0,0.0
19.434328267126787,0.0
4956.818982255882,0.0
4066.1628050644545,0.0
1850.5202638735514,0.0
0.0,0.0
0.0,5.367294529619519e-24
0.0,-5.3595045520729015e-24
0.0,0.0
2073.9945385833366,0.0
415.60762598990834,0.0
0.0,0.0
0.0,0.0
3131.010014322859,0.0
4467.307326118001,0.0
1535.4798201614633,0.0
0.0,0.0
0.0,0.0
0.0,0.0
0.0,0.0
0.0,0.0
0.0,0.0
0.0,0.0
0.0,0.0
0.0,0.0
4605.059207681464,0.0
0.0,0.0
0.0,0.0
0.0,0.0
0.0,0.0
0.0,0.0
0.0,0.0
0.0,0.0
0.0,0.0
0.0,0.0
0.0,0.0
0.0,0.0
0.0,0.0
0.0,5.377906281445021e-24
0.0,0.0
0.0,0.0
0.0,0.0
0.0,0.0
0.0,0.0
0.0,0.0
0.0,5.3673720872619104e-24
0.0,0.0
0.0,0.0
0.0,-5.3665229314200765e-24
0.0,5.379096888030496e-24
0.0,5.3725001031145756e-24
0.0,0.0
0.0,0.0
0.0,0.0
0.0,0.0
0.0,0.0
0.0,0.0
0.0,5.368921901951015e-24
0.0,5.37856859501528e-24
0.0,0.0
0.0,5.3697012316898e-24
0.0,0.0
0.0,5.373352187358888e-24
0.0,5.3742176496077636e-24
0.0,5.376980476660773e-24
0.0,0.0
0.0,0.0
0.0,0.0
0.0,0.0
0.0,0.0
0.0,0.0
0.0,0.0
0.0,0.0
0.0,5.3693673297105685e-24
0.0,0.0
0.0,5.3739157203979285e-24
0.0,5.3670745738381425e-24
0.0,5.385413339947036e-24
0.0,5.364651444698508e-24
0.0,0.0
0.0,0.0
0.0,0.0
0.0,-5.369365995708817e-24
0.0,5.3777175171542164e-24
0.0,0.0
901.9491018194767,0.0
3675.26683296097,0.0
1310.8508873230921,0.0
0.0,0.0
0.0,0.0
0.0,0.0
0.0,0.0
0.0,5.376540285865715e-24
0.0,5.380019460393042e-24
0.0,0.0
0.0,-5.367398243394798e-24
0.0,5.371839742735022e-24
0.0,0.0
2013.1708845941282,0.0
1355.4805989597846,0.0
0.0,0.0
0.0,0.0
0.0,0.0
0.0,5.3738929993066765e-24
0.0,0.0
136.02486228335522,0.0
0.0,5.368279543874414e-24
0.0,0.0
0.0,0.0
539.5223760004077,0.0
4071.9925541813786,0.0
1721.7211702399377,0.0
0.0,0.0
0.0,0.0
0.0,0.0
0.0,-5.365732823389757e-24
0.0,5.380393618112184e-24
0.0,0.0
0.0,5.3658978292918984e-24
0.0,0.0
0.0,0.0
0.0,0.0
0.0,0.0
0.0,0.0
0.0,0.0
0.0,0.0
0.0,0.0
0.0,0.0
0.0,0.0
0.0,0.0
0.0,0.0
0.0,0.0
0.0,0.0
0.0,5.36987955279207e-24
0.0,5.3791797843408706e-24
0.0,0.0
0.0,5.372017732539667e-24
0.0,0.0
0.0,0.0
0.0,0.0
0.0,0.0
0.0,0.0
0.0,0.0
0.0,0.0
0.0,0.0
0.0,5.3752578275993556e-24
0.0,0.0
0.0,0.0
0.0,0.0
0.0,0.0
0.0,0.0
0.0,0.0
0.0,0.0
0.0,0.0
0.0,0.0
0.0,0.0
0.0,0.0
0.0,0.0
0.0,0.0
0.0,0.0
0.0,0.0
0.0,0.0
0.0,0.0
0.0,0.0
0.0,0.0
0.0,0.0
0.0,0.0
0.0,0.0
0.0,0.0
0.0,0.0
0.0,0.0
2655.799925714535,0.0
3740.9574066902983,0.0
0.0,0.0
0.0,0.0
0.0,0.0
2355.7654573139503,0.0
0.0,0.0
0.0,-5.368173997003341e-24
0.0,0.0
0.0,0.0
0.0,5.367450598814434e-24
0.0,0.0
0.0,0.0
0.0,0.0
0.0,0.0
0.0,0.0
0.0,0.0
0.0,0.0
0.0,0.0
0.0,0.0
0.0,0.0
0.0,0.0
0.0,0.0
2085.373955674308,0.0
0.0,0.0
0.0,0.0
0.0,0.0
0.0,0.0
0.0,0.0
1029.4385046344314,0.0
7494.883368804522,0.0
1964.5421730797816,0.0
0.0,0.0
0.0,0.0
0.0,0.0
0.0,0.0
2.8154179767206794e-14,0.0
0.0,0.0
