DK,FR,DE,IB,LU,UK
0.0,1241.666667,0.0,0.0,0.0,0.0
0.0,1241.666667,0.0,0.0,0.0,0.0
0.0,1241.666667,0.0,0.0,0.0,0.0
0.0,1241.666667,0.0,0.0,0.0,0.0
0.0,1241.666667,0.0,0.0,0.0,0.0
0.0,0.0,0.0,0.0,0.0,0.0
0.0,0.0,0.0,0.0,0.0,0.0
0.0,0.0,0.0,0.0,0.0,0.0
0.0,0.0,0.0,0.0,0.0,0.0
0.0,0.0,0.0,0.0,0.0,0.0
0.0,0.0,0.0,0.0,0.0,0.0
0.0,0.0,0.0,0.0,0.0,0.0
0.0,0.0,0.0,0.0,0.0,0.0
0.0,0.0,0.0,0.0,0.0,0.0
0.0,0.0,0.0,0.0,0.0,0.0
0.0,0.0,0.0,0.0,0.0,0.0
0.0,0.0,0.0,0.0,0.0,0.0
0.0,0.0,0.0,0.0,0.0,0.0
0.0,0.0,0.0,0.0,0.0,0.0
0.0,0.0,0.0,0.0,0.0,0.0
0.0,0.0,0.0,0.0,0.0,0.0
0.0,0.0,0.0,0.0,0.0,0.0
0.0,1241.666667,0.0,0.0,0.0,0.0
0.0,0.0,0.0,0.0,0.0,0.0
0.0,0.0,0.0,0.0,0.0,0.0
0.0,0.0,0.0,0.0,0.0,0.0
0.0,0.0,0.0,0.0,0.0,0.0
0.0,1241.666667,0.0,0.0,0.0,0.0
0.0,0.0,0.0,0.0,0.0,0.0
0.0,0.0,0.0,0.0,0.0,0.0
0.0,0.0,0.0,0.0,0.0,0.0
0.0,438.59759058091447,0.0,0.0,0.0,0.0
0.0,0.0,0.0,0.0,0.0,0.0
0.0,0.0,0.0,0.0,0.0,0.0
0.0,0.0,0.0,0.0,0.0,0.0
0.0,0.0,0.0,0.0,0.0,0.0
0.0,0.0,0.0,0.0,0.0,0.0
0.0,0.0,0.0,0.0,0.0,0.0
0.0,0.0,0.0,0.0,0.0,0.0
0.0,0.0,0.0,0.0,0.0,0.0
0.0,1241.666667,0.0,0.0,0.0,0.0
0.0,0.0,0.0,0.0,0.0,0.0
0.0,1241.666667,0.0,0.0,0.0,0.0
0.0,0.0,0.0,0.0,0.0,0.0
0.0,1241.666667,0.0,0.0,0.0,0.0
0.0,1241.666667,0.0,0.0,0.0,0.0
0.0,0.0,0.0,0.0,0.0,0.0
0.0,0.0,0.0,0.0,0.0,0.0
0.0,0.0,0.0,0.0,0.0,0.0
0.0,0.0,0.0,0.0,0.0,0.0
0.0,0.0,0.0,0.0,0.0,0.0
0.0,0.0,0.0,0.0,0.0,0.0
0.0,0.0,0.0,0.0,0.0,0.0
0.0,0.0,0.0,0.0,0.0,0.0
0.0,0.0,0.0,0.0,0.0,0.0
0.0,0.0,0.0,0.0,0.0,0.0
0.0,0.0,0.0,0.0,0.0,0.0
0.0,0.0,0.0,0.0,0.0,0.0
0.0,0.0,0.0,0.0,0.0,0.0
0.0,0.0,0.0,0.0,0.0,0.0
0.0,0.0,0.0,0.0,0.0,0.0
0.0,0.0,0.0,0.0,0.0,0.0
0.0,0.0,0.0,0.0,0.0,0.0
0.0,0.0,0.0,0.0,0.0,0.0
0.0,0.0,0.0,0.0,0.0,0.0
0.0,0.0,0.0,0.0,0.0,0.0
0.0,0.0,0.0,0.0,0.0,0.0
0.0,0.0,0.0,0.0,0.0,0.0
0.0,0.0,0.0,0.0,0.0,0.0
0.0,0.0,0.0,0.0,0.0,0.0
0.0,0.0,0.0,0.0,0.0,0.0
0.0,0.0,0.0,0.0,0.0,0.0
0.0,0.0,0.0,0.0,0.0,0.0
0.0,0.0,0.0,0.0,0.0,0.0
0.0,0.0,0.0,0.0,0.0,0.0
0.0,0.0,0.0,0.0,0.0,0.0
0.0,0.0,0.0,0.0,0.0,0.0
0.0,0.0,0.0,0.0,0.0,0.0
0.0,0.0,0.0,0.0,0.0,0.0
0.0,0.0,0.0,0.0,0.0,0.0
0.0,0.0,0.0,0.0,0.0,0.0
0.0,1217.1362079549165,0.0,0.0,0.0,0.0
0.0,0.0,0.0,0.0,0.0,0.0
0.0,0.0,0.0,0.0,0.0,0.0
0.0,0.0,0.0,0.0,0.0,0.0
0.0,0.0,0.0,0.0,0.0,0.0
0.0,0.0,0.0,0.0,0.0,0.0
0.0,1241.666667,0.0,0.0,0.0,0.0
0.0,0.0,0.0,0.0,0.0,0.0
0.0,1241.666667,0.0,0.0,0.0,0.0
0.0,0.0,0.0,0.0,0.0,0.0
0.0,1241.666667,0.0,0.0,0.0,0.0
0.0,0.0,0.0,0.0,0.0,0.0
0.0,1241.6666669999997,0.0,0.0,0.0,0.0
0.0,1241.6666669999997,0.0,0.0,0.0,0.0
0.0,1241.666667,0.0,0.0,0.0,0.0
0.0,1241.666667,0.0,0.0,0.0,0.0
0.0,1241.666667,0.0,0.0,0.0,0.0
0.0,0.0,0.0,0.0,0.0,0.0
0.0,0.0,0.0,0.0,0.0,0.0
0.0,1241.666667,0.0,0.0,0.0,0.0
0.0,0.0,0.0,0.0,0.0,0.0
0.0,483.42456795401586,0.0,0.0,0.0,0.0
0.0,1241.6666669999997,0.0,0.0,0.0,0.0
0.0,1241.666667,0.0,0.0,0.0,0.0
0.0,1241.666667,0.0,0.0,0.0,0.0
0.0,1241.666667,0.0,0.0,0.0,0.0
0.0,0.0,0.0,0.0,0.0,0.0
0.0,0.0,0.0,0.0,0.0,0.0
0.0,0.0,0.0,0.0,0.0,0.0
0.0,0.0,0.0,0.0,0.0,0.0
0.0,0.0,0.0,0.0,0.0,0.0
0.0,0.0,0.0,0.0,0.0,0.0
0.0,157.66207642967606,0.0,0.0,0.0,0.0
0.0,401.92728526288016,0.0,0.0,0.0,0.0
0.0,1241.666667,0.0,0.0,0.0,0.0
0.0,901.2506371723524,0.0,0.0,0.0,0.0
0.0,1241.666667,0.0,0.0,0.0,0.0
0.0,1241.6666669999997,0.0,0.0,0.0,0.0
0.0,1241.666667,0.0,0.0,0.0,0.0
0.0,1241.666667,0.0,0.0,0.0,0.0
0.0,1241.6666669999997,0.0,0.0,0.0,0.0
0.0,1241.666667,0.0,0.0,0.0,0.0
0.0,1241.666667,0.0,0.0,0.0,0.0
0.0,1241.666667,0.0,0.0,0.0,0.0
0.0,1241.6666669999997,0.0,0.0,0.0,0.0
0.0,1241.666667,0.0,0.0,0.0,0.0
0.0,1241.666667,0.0,0.0,0.0,0.0
0.0,0.0,0.0,0.0,0.0,0.0
0.0,1241.666667,0.0,0.0,0.0,0.0
0.0,1241.666667,0.0,0.0,0.0,0.0
0.0,1241.666667,0.0,0.0,0.0,0.0
0.0,1241.666667,0.0,0.0,0.0,0.0
0.0,1241.6666670000002,0.0,0.0,0.0,0.0
0.0,1241.6666670000002,0.0,0.0,0.0,0.0
0.0,1241.666667,0.0,0.0,0.0,0.0
0.0,586.4216254466453,0.0,0.0,0.0,0.0
0.0,1241.666667,0.0,0.0,0.0,0.0
0.0,1241.666667,0.0,0.0,0.0,0.0
0.0,1241.666667,0.0,0.0,0.0,0.0
0.0,1241.666667,0.0,0.0,0.0,0.0
0.0,1241.666667,0.0,0.0,0.0,0.0
0.0,917.0247349064231,0.0,0.0,0.0,0.0
0.0,1241.666667,0.0,0.0,0.0,0.0
0.0,1241.666667,0.0,0.0,0.0,0.0
0.0,1241.666667,0.0,0.0,0.0,0.0
0.0,1241.666667,0.0,0.0,0.0,0.0
0.0,1241.666667,0.0,0.0,0.0,0.0
0.0,0.0,0.0,0.0,0.0,0.0
0.0,372.53612480046667,0.0,0.0,0.0,0.0
0.0,1241.666667,0.0,0.0,0.0,0.0
0.0,0.0,0.0,0.0,0.0,0.0
0.0,1241.666667,0.0,0.0,0.0,0.0
0.0,1241.666667,0.0,0.0,0.0,0.0
0.0,1241.666667,0.0,0.0,0.0,0.0
0.0,1241.6666669999997,0.0,0.0,0.0,0.0
0.0,0.0,0.0,0.0,0.0,0.0
0.0,0.0,0.0,0.0,0.0,0.0
0.0,1241.6666669999997,0.0,0.0,0.0,0.0
0.0,1241.666667,0.0,0.0,0.0,0.0
0.0,1241.666667,0.0,0.0,0.0,0.0
0.0,1241.666667,0.0,0.0,0.0,0.0
0.0,1241.666667,0.0,0.0,0.0,0.0
0.0,1241.666667,0.0,0.0,0.0,0.0
0.0,1241.666667,0.0,0.0,0.0,0.0
0.0,1241.666667,0.0,0.0,0.0,0.0
0.0,1241.666667,0.0,0.0,0.0,0.0
0.0,1241.666667,0.0,0.0,0.0,0.0
