PumpedStor,BatteryStor
0.0,0.0
0.0,0.0
0.0,0.0
0.0,0.0
0.0,0.0
0.0,0.0
0.0,0.0
0.0,0.0
0.0,0.0
0.0,0.0
0.0,0.0
0.0,0.0
0.0,0.0
0.0,0.0
0.0,0.0
0.0,0.0
0.0,0.0
0.0,0.0
0.0,0.0
0.0,0.0
0.0,0.0
0.0,0.0
0.0,0.0
0.0,0.0
0.0,0.0
0.0,0.0
0.0,0.0
0.0,0.0
0.0,0.0
0.0,0.0
0.0,0.0
0.0,0.0
0.0,0.0
0.0,0.0
0.0,0.0
0.0,0.0
0.0,0.0
0.0,0.0
0.0,0.0
0.0,0.0
0.0,0.0
0.0,0.0
0.0,0.0
0.0,0.0
0.0,0.0
0.0,0.0
0.0,0.0
0.0,0.0
0.0,0.0
0.0,0.0
0.0,0.0
0.0,0.0
0.0,0.0
0.0,0.0
0.0,0.0
0.0,0.0
0.0,0.0
0.0,0.0
0.0,0.0
291.852391208484,0.0
361.8969650985201,0.0
378.7076628321288,0.0
382.74223028819495,0.0
383.7105264776508,0.0
383.7105264776508,0.0
383.7105264776508,0.0
383.7105264776508,0.0
383.7105264776508,0.0
383.7105264776508,0.0
383.7105264776508,0.0
383.7105264776508,0.0
383.7105264776508,0.0
383.7105264776508,0.0
383.7105264776508,0.0
383.7105264776508,0.0
383.7105264776508,0.0
383.7105264776508,0.0
383.7105264776508,0.0
186.01261089253683,0.0
186.01261089253683,0.0
186.01261089253683,0.0
186.01261089253683,0.0
186.01261089253683,0.0
186.01261089253683,0.0
186.01261089253683,0.0
186.01261089253683,0.0
186.01261089253683,0.0
186.01261089253683,0.0
186.01261089253683,0.0
186.01261089253683,0.0
186.01261089253683,0.0
186.01261089253683,0.0
186.01261089253683,0.0
186.01261089253683,0.0
186.01261089253683,0.0
186.01261089253683,0.0
186.01261089253683,0.0
186.01261089253683,0.0
186.01261089253683,0.0
186.01261089253683,0.0
186.01261089253683,0.0
186.01261089253683,0.0
0.0,0.0
0.0,0.0
0.0,0.0
0.0,0.0
0.0,0.0
0.0,0.0
0.0,0.0
0.0,0.0
0.0,0.0
0.0,0.0
0.0,0.0
0.0,0.0
0.0,0.0
0.0,0.0
0.0,0.0
0.0,0.0
0.0,0.0
0.0,0.0
0.0,0.0
0.0,0.0
0.0,0.0
0.0,0.0
0.0,0.0
0.0,0.0
0.0,0.0
0.0,0.0
0.0,0.0
0.0,0.0
0.0,0.0
0.0,0.0
0.0,0.0
0.0,0.0
0.0,0.0
0.0,0.0
0.0,0.0
0.0,0.0
0.0,0.0
0.0,0.0
0.0,0.0
0.0,0.0
0.0,0.0
0.0,0.0
0.0,0.0
0.0,0.0
0.0,0.0
0.0,0.0
0.0,0.0
0.0,0.0
0.0,0.0
0.0,0.0
0.0,0.0
0.0,0.0
0.0,0.0
0.0,0.0
0.0,0.0
0.0,0.0
0.0,0.0
0.0,0.0
0.0,0.0
0.0,0.0
0.0,0.0
0.0,0.0
0.0,0.0
0.0,0.0
0.0,0.0
0.0,0.0
