DK,FR,DE,IB,LU,UK
0.0,1241.666667,0.0,0.0,0.0,0.0
0.0,0.0,0.0,0.0,0.0,0.0
0.0,1241.666667,0.0,0.0,0.0,0.0
0.0,1241.666667,0.0,0.0,0.0,0.0
0.0,0.0,0.0,0.0,0.0,0.0
0.0,1241.666667,0.0,0.0,0.0,0.0
0.0,0.0,0.0,0.0,0.0,0.0
0.0,0.0,0.0,0.0,0.0,0.0
0.0,0.0,0.0,0.0,0.0,0.0
0.0,0.0,0.0,0.0,0.0,0.0
0.0,0.0,0.0,0.0,0.0,0.0
0.0,0.0,0.0,0.0,0.0,0.0
0.0,0.0,0.0,0.0,0.0,0.0
0.0,0.0,0.0,0.0,0.0,0.0
0.0,0.0,0.0,0.0,0.0,0.0
0.0,0.0,0.0,0.0,0.0,0.0
0.0,0.0,0.0,0.0,0.0,0.0
0.0,0.0,0.0,0.0,0.0,0.0
0.0,108.72101409733513,0.0,0.0,0.0,0.0
0.0,1241.666667,0.0,0.0,0.0,0.0
0.0,0.0,0.0,0.0,0.0,0.0
0.0,1241.666667,0.0,0.0,0.0,0.0
0.0,1241.666667,0.0,0.0,0.0,0.0
0.0,0.0,0.0,0.0,0.0,0.0
0.0,1241.6666669999997,0.0,0.0,0.0,0.0
0.0,0.0,0.0,0.0,0.0,0.0
0.0,1241.6666669999997,0.0,0.0,0.0,0.0
0.0,1241.666667,0.0,0.0,0.0,0.0
0.0,825.012778155832,0.0,0.0,0.0,0.0
0.0,0.0,0.0,0.0,0.0,0.0
0.0,1241.666667,0.0,0.0,0.0,0.0
0.0,1241.6666669999997,0.0,0.0,0.0,0.0
0.0,213.29002388279736,0.0,0.0,0.0,0.0
0.0,1241.666667,0.0,0.0,0.0,0.0
0.0,1241.6666670000002,0.0,0.0,0.0,0.0
0.0,1241.666667,0.0,0.0,0.0,0.0
0.0,1241.666667,0.0,0.0,0.0,0.0
0.0,1241.666667,0.0,0.0,0.0,0.0
0.0,0.0,0.0,0.0,0.0,0.0
0.0,0.0,0.0,0.0,0.0,0.0
0.0,1241.6666669999997,0.0,0.0,0.0,0.0
0.0,1241.666667,0.0,0.0,0.0,0.0
0.0,0.0,0.0,0.0,0.0,0.0
0.0,1241.666667,0.0,0.0,0.0,0.0
0.0,1241.6666669999997,0.0,0.0,0.0,0.0
0.0,0.0,0.0,0.0,0.0,0.0
0.0,0.0,0.0,0.0,0.0,0.0
0.0,0.0,0.0,0.0,0.0,0.0
0.0,0.0,0.0,0.0,0.0,0.0
0.0,0.0,0.0,0.0,0.0,0.0
0.0,0.0,0.0,0.0,0.0,0.0
0.0,0.0,0.0,0.0,0.0,0.0
0.0,0.0,0.0,0.0,0.0,0.0
0.0,0.0,0.0,0.0,0.0,0.0
0.0,0.0,0.0,0.0,0.0,0.0
0.0,1132.0646788010677,0.0,0.0,0.0,0.0
0.0,0.0,0.0,0.0,0.0,0.0
0.0,0.0,0.0,0.0,0.0,0.0
0.0,0.0,0.0,0.0,0.0,0.0
0.0,0.0,0.0,0.0,0.0,0.0
0.0,0.0,0.0,0.0,0.0,0.0
0.0,0.0,0.0,0.0,0.0,0.0
0.0,0.0,0.0,0.0,0.0,0.0
0.0,0.0,0.0,0.0,0.0,0.0
0.0,0.0,0.0,0.0,0.0,0.0
0.0,1241.666667,0.0,0.0,0.0,0.0
0.0,0.0,0.0,0.0,0.0,0.0
0.0,1241.666667,0.0,0.0,0.0,0.0
0.0,0.0,0.0,0.0,0.0,0.0
0.0,1241.666667,0.0,0.0,0.0,0.0
0.0,0.0,0.0,0.0,0.0,0.0
0.0,0.0,0.0,0.0,0.0,0.0
0.0,0.0,0.0,0.0,0.0,0.0
0.0,1241.6666669999997,0.0,0.0,0.0,0.0
0.0,1241.6666669999997,0.0,0.0,0.0,0.0
0.0,107.67766461302716,0.0,0.0,0.0,0.0
0.0,0.0,0.0,0.0,0.0,0.0
0.0,0.0,0.0,0.0,0.0,0.0
0.0,1241.666667,0.0,0.0,0.0,0.0
0.0,0.0,0.0,0.0,0.0,0.0
0.0,0.0,0.0,0.0,0.0,0.0
0.0,0.0,0.0,0.0,0.0,0.0
0.0,0.0,0.0,0.0,0.0,0.0
0.0,0.0,0.0,0.0,0.0,0.0
0.0,0.0,0.0,0.0,0.0,0.0
0.0,0.0,0.0,0.0,0.0,0.0
0.0,0.0,0.0,0.0,0.0,0.0
0.0,0.0,0.0,0.0,0.0,0.0
0.0,0.0,0.0,0.0,0.0,0.0
0.0,1241.666667,0.0,0.0,0.0,0.0
0.0,1241.666667,0.0,0.0,0.0,0.0
0.0,1241.6666669999997,0.0,0.0,0.0,0.0
0.0,1241.666667,0.0,0.0,0.0,0.0
0.0,484.1800105809886,0.0,0.0,0.0,0.0
0.0,0.0,0.0,0.0,0.0,0.0
0.0,0.0,0.0,0.0,0.0,0.0
0.0,1241.6666670000002,0.0,0.0,0.0,0.0
0.0,1063.129039432096,0.0,0.0,0.0,0.0
0.0,1241.666667,0.0,0.0,0.0,0.0
0.0,745.7661599765947,0.0,0.0,0.0,0.0
0.0,0.0,0.0,0.0,0.0,0.0
0.0,0.0,0.0,0.0,0.0,0.0
0.0,0.0,0.0,0.0,0.0,0.0
0.0,0.0,0.0,0.0,0.0,0.0
0.0,1105.378150747325,0.0,0.0,0.0,0.0
0.0,0.0,0.0,0.0,0.0,0.0
0.0,0.0,0.0,0.0,0.0,0.0
0.0,0.0,0.0,0.0,0.0,0.0
0.0,0.0,0.0,0.0,0.0,0.0
0.0,0.0,0.0,0.0,0.0,0.0
0.0,0.0,0.0,0.0,0.0,0.0
0.0,0.0,0.0,0.0,0.0,0.0
0.0,0.0,0.0,0.0,0.0,0.0
0.0,1241.666667,0.0,0.0,0.0,0.0
0.0,1241.666667,0.0,0.0,0.0,0.0
0.0,1241.666667,0.0,0.0,0.0,0.0
0.0,1241.6666669999997,0.0,0.0,0.0,0.0
0.0,1241.666667,0.0,0.0,0.0,0.0
0.0,1241.666667,0.0,0.0,0.0,0.0
0.0,1241.666667,0.0,0.0,0.0,0.0
0.0,1241.666667,0.0,0.0,0.0,0.0
0.0,0.0,0.0,0.0,0.0,0.0
0.0,1241.666667,0.0,0.0,0.0,0.0
0.0,0.0,0.0,0.0,0.0,0.0
0.0,1241.6666670000002,0.0,0.0,0.0,0.0
0.0,272.3367964159524,0.0,0.0,0.0,0.0
0.0,0.0,0.0,0.0,0.0,0.0
0.0,962.8063412615627,0.0,0.0,0.0,0.0
0.0,0.0,0.0,0.0,0.0,0.0
0.0,0.0,0.0,0.0,0.0,0.0
0.0,1241.666667,0.0,0.0,0.0,0.0
0.0,1241.666667,0.0,0.0,0.0,0.0
0.0,1241.666667,0.0,0.0,0.0,0.0
0.0,1241.6666669999997,0.0,0.0,0.0,0.0
0.0,1241.666667,0.0,0.0,0.0,0.0
0.0,0.0,0.0,0.0,0.0,0.0
0.0,0.0,0.0,0.0,0.0,0.0
0.0,0.0,0.0,0.0,0.0,0.0
0.0,1241.666667,0.0,0.0,0.0,0.0
0.0,1241.6666670000002,0.0,0.0,0.0,0.0
0.0,0.0,0.0,0.0,0.0,0.0
0.0,0.0,0.0,0.0,0.0,0.0
0.0,0.0,0.0,0.0,0.0,0.0
0.0,0.0,0.0,0.0,0.0,0.0
0.0,0.0,0.0,0.0,0.0,0.0
0.0,1241.666667,0.0,0.0,0.0,0.0
0.0,0.0,0.0,0.0,0.0,0.0
0.0,0.0,0.0,0.0,0.0,0.0
0.0,0.0,0.0,0.0,0.0,0.0
0.0,0.0,0.0,0.0,0.0,0.0
0.0,1241.6666670000002,0.0,0.0,0.0,0.0
0.0,343.2234261415495,0.0,0.0,0.0,0.0
0.0,0.0,0.0,0.0,0.0,0.0
0.0,0.0,0.0,0.0,0.0,0.0
0.0,0.0,0.0,0.0,0.0,0.0
0.0,0.0,0.0,0.0,0.0,0.0
0.0,0.0,0.0,0.0,0.0,0.0
0.0,0.0,0.0,0.0,0.0,0.0
0.0,0.0,0.0,0.0,0.0,0.0
0.0,0.0,0.0,0.0,0.0,0.0
0.0,754.2602136979051,0.0,0.0,0.0,0.0
0.0,0.0,0.0,0.0,0.0,0.0
0.0,1241.666667,0.0,0.0,0.0,0.0
0.0,0.0,0.0,0.0,0.0,0.0
0.0,1241.666667,0.0,0.0,0.0,0.0
0.0,1241.666667,0.0,0.0,0.0,0.0
0.0,0.0,0.0,0.0,0.0,0.0
0.0,1241.666667,0.0,0.0,0.0,0.0
