Lignite,Coal,Gas,WindOnshore,WindOffshore,PVGround,PVRoof
813.7470049374915,0.0,0.0,22755.586328062505,0.0,0.0,0.0
4168.041558529797,0.0,0.0,21350.791774470206,0.0,0.0,0.0
2902.006573191062,0.0,0.0,20254.32675980894,0.0,0.0,0.0
5100.2072172989065,0.0,0.0,19739.959448701095,0.0,0.0,0.0
8817.976506467843,0.0,0.0,19978.85682653216,0.0,0.0,0.0
10121.471545027749,0.0,0.0,20798.861787972255,0.0,0.0,0.0
13606.066060289062,0.0,0.0,22488.346766823433,0.0,6.420505887505601,0.0
11870.119678497385,0.0,0.0,23845.67744558179,0.0,1791.03620892083,0.0
2782.9923884796485,0.0,0.0,28465.453341087723,0.0,7096.387603432632,0.0
0.0,0.0,0.0,34103.87701187593,0.0,5008.972625345762,0.0
0.0,0.0,0.0,37988.67449616579,0.0,1191.322749847419,0.0
0.0,0.0,0.0,38629.95267212317,0.0,0.0,0.0
0.0,0.0,0.0,37537.14197438957,0.0,0.0,0.0
0.0,0.0,0.0,36963.1074069335,0.0,0.0,0.0
0.0,0.0,0.0,36703.13911074404,0.0,0.0,0.0
0.0,0.0,0.0,36795.90671965857,0.0,0.0,0.0
0.0,0.0,0.0,33573.51307541661,0.0,3062.3378703814433,0.0
8835.480463071865,0.0,0.0,28890.49326846311,0.0,697.8596014650318,0.0
11616.390597850837,0.0,0.0,27851.88838805183,0.0,0.0,0.0
11322.781755640475,0.0,0.0,26809.38491035953,0.0,0.0,0.0
10695.61695500621,0.0,0.0,25160.216377993784,0.0,0.0,0.0
7166.255400240882,0.0,0.0,23295.077932759115,0.0,0.0,0.0
6824.086506560053,0.0,0.0,21449.246826439954,0.0,0.0,0.0
7838.565210622216,0.0,0.0,19861.43478937779,0.0,0.0,0.0
6888.79498771348,0.0,0.0,18554.538345286517,0.0,0.0,0.0
8707.40713274563,0.0,0.0,17562.592867254374,0.0,0.0,0.0
8874.728424359895,0.0,0.0,17039.438241640106,0.0,0.0,0.0
8422.447683620125,0.0,0.0,16834.88564937988,0.0,0.0,0.0
11388.45713302366,0.0,0.0,16466.53008882051,0.0,0.0,0.0
17686.284379001165,0.0,0.0,16129.548953998838,0.0,0.0,0.0
17830.328806471087,0.0,679.4700116227363,15755.221732524891,0.0,35.312782381280805,0.0
17830.328806471087,0.0,1580.264634222259,13651.124026962638,0.0,3531.44919834402,0.0
17830.328806471087,0.0,0.0,10439.639046102628,0.0,10083.575456543484,0.0
9295.377672066577,0.0,0.0,12597.203228661656,0.0,15711.585765271766,0.0
5803.296068682106,0.0,0.0,11407.481291738663,0.0,19612.555972579234,0.0
5088.753816502383,0.0,0.0,9427.086696727967,0.0,21641.49281976965,0.0
5555.213779592009,0.0,0.0,8206.763865273835,0.0,21646.355688134157,0.0
8876.368543598963,0.0,0.0,7417.421680861403,0.0,19709.37644153964,0.0
13572.109335833915,0.0,0.0,7026.448067822495,0.0,16179.27592934359,0.0
17761.97757430642,0.0,0.0,7498.178338825277,0.0,11398.677419868303,0.0
17830.328806471087,0.0,3612.746739270248,8007.718815204252,0.0,5864.372305054412,0.0
17830.328806471083,0.0,9338.689074646933,9230.950123995013,0.0,706.1986608869697,0.0
17830.328806471087,0.0,12198.504715541261,10819.999810987658,0.0,0.0,0.0
17830.328806471087,0.0,7518.035858859346,11746.96866766957,0.0,0.0,0.0
17830.328806471087,0.0,3021.018698826311,12162.973750552446,0.0,0.0,0.0
17830.328806471087,0.0,3197.4664137643144,11812.0381127646,0.0,0.0,0.0
17830.328806471087,0.0,1282.6100613158037,11456.894465213112,0.0,0.0,0.0
16866.738785954534,0.0,0.0,11847.09454704547,0.0,0.0,0.0
15055.461045385719,0.0,0.0,12749.37228761428,0.0,0.0,0.0
13551.876209791391,0.0,0.0,13717.957123208607,0.0,0.0,0.0
12696.98387302305,0.0,0.0,14420.849459976951,0.0,0.0,0.0
12404.30706780111,0.0,0.0,15173.526265198892,0.0,0.0,0.0
14053.353946543404,0.0,0.0,15707.479386456596,0.0,0.0,0.0
17696.531054870095,0.0,0.0,16345.30227812991,0.0,0.0,0.0
17830.328806471087,0.0,2225.645277516786,16784.018237237116,0.0,12.841011775011202,0.0
17830.328806471087,0.0,0.0,16159.561964812996,0.0,2651.8778829148496,0.0
17279.984743744757,0.0,0.0,12120.522357936954,0.0,8881.326231318286,0.0
8584.122968900056,0.0,0.0,15261.55411650434,0.0,14721.156247595609,0.0
295.9911811023898,0.0,0.0,19549.516065648353,0.0,18907.326086249257,0.0
0.0,0.0,0.0,17882.587256780196,0.0,20781.262380441494,0.0
0.0,0.0,0.0,15880.440964241297,0.0,21351.556281771907,0.0
1475.1375512575216,0.0,0.0,14404.790952128962,0.0,20635.904829613522,0.0
5603.37718901512,0.0,0.0,13193.224493932983,0.0,17478.231650051894,0.0
11177.945852124703,0.0,0.0,12297.599121740506,0.0,12705.288359134793,0.0
17722.73740024274,0.0,0.0,11070.809569399604,0.0,6994.286363357654,0.0
17830.328806471087,0.0,6718.447138614681,10910.472020905807,0.0,877.918700008421,0.0
17830.328806471087,0.0,10878.325531638602,11685.178994890306,0.0,0.0,0.0
17830.328806471087,0.0,6776.011585276679,12016.992941252227,0.0,0.0,0.0
17830.328806471087,0.0,5052.9585858635255,12650.545940665383,0.0,0.0,0.0
17830.328806471087,0.0,451.73635810327744,13171.101501425635,0.0,0.0,0.0
17335.69698708185,0.0,0.0,13180.136345918147,0.0,0.0,0.0
15883.38167941934,0.0,0.0,12932.45165358066,0.0,0.0,0.0
14956.952446003652,0.0,0.0,12804.880886996347,0.0,0.0,0.0
13092.873378014907,0.0,0.0,12876.293287985094,0.0,0.0,0.0
11177.034880500554,0.0,0.0,13530.298452499446,0.0,0.0,0.0
12121.290684200454,0.0,0.0,14199.031651186519,0.0,0.0,0.0
15701.454904306993,0.0,0.0,13976.378428693011,0.0,0.0,0.0
17830.328806471087,0.0,2939.318333368449,12962.186193160467,0.0,0.0,0.0
17830.328806471087,0.0,3698.8850535555594,12656.857955310834,0.0,19.261517662516802,0.0
17830.328806471087,0.0,5171.285602668059,11674.689911729483,0.0,3102.5290121313683,0.0
17830.328806471087,0.0,2440.199720573146,8160.166345391231,0.0,9499.138460564536,0.0
14296.253725993725,0.0,0.0,8690.901576829685,0.0,15048.678030176585,0.0
7385.240946934822,0.0,0.0,12056.473974034567,0.0,18764.11841203061,0.0
4201.778606287497,0.0,0.0,12998.727807357913,0.0,20777.32691935459,0.0
2965.661058595143,0.0,0.0,13067.541143492645,0.0,20909.63113091221,0.0
4610.720661553323,0.0,0.0,12465.61009980328,0.0,19270.5025716434,0.0
8802.782985899234,0.0,0.0,11442.290196033438,0.0,15967.760151067328,0.0
14283.822565322705,0.0,0.0,10508.916500961295,0.0,11309.094266716002,0.0
17830.328806471087,0.0,2183.9878652273096,10014.784766216811,0.0,5715.731895084793,0.0
17830.32880647109,0.0,6809.247549809845,11521.963910308143,0.0,393.6263994109203,0.0
17830.328806471087,0.0,7563.083916235857,12634.92061029306,0.0,0.0,0.0
17830.328806471087,0.0,5902.647688628694,13189.356837900226,0.0,0.0,0.0
17830.328806471087,0.0,1468.271613424485,14123.380299185872,0.0,0.0,0.0
17830.328806471087,0.0,0.0,14470.324515947923,0.0,0.0,0.0
16543.418474027338,0.0,0.0,14060.414858972663,0.0,0.0,0.0
15168.978425811818,0.0,0.0,13624.854907188184,0.0,0.0,0.0
11904.643296814476,0.0,0.0,13553.690036185526,0.0,0.0,0.0
11161.308185466736,0.0,0.0,13973.562775101169,0.0,0.0,0.0
11514.57518547621,0.0,0.0,14277.591480523794,0.0,0.0,0.0
11864.021778348333,0.0,0.0,14849.045394675073,0.0,0.0,0.0
14228.78305851631,0.0,0.0,15431.050274483696,0.0,0.0,0.0
17830.328806471087,0.0,0.0,15793.960175348948,0.0,0.0,0.0
17830.328806471087,0.0,3238.73606951461,15884.927445239295,0.0,12.841011775011202,0.0
17830.328806471087,0.0,3247.9104561690037,14134.766678546297,0.0,2593.827391813616,0.0
17830.328806471087,0.0,0.0,9789.099301393624,0.0,8634.193741387966,0.0
11043.207197826023,0.0,0.0,12796.712397455176,0.0,14774.913737718805,0.0
3273.0406171158133,0.0,0.0,15679.013438055543,0.0,19864.779277828642,0.0
0.0,0.0,0.0,16544.687681930376,0.0,22064.161955291307,0.0
0.0,0.0,0.0,16699.703335723112,0.0,20485.293910290096,0.0
0.0,0.0,0.0,16315.691503543158,0.0,20148.261168580008,0.0
2886.46964106298,0.0,0.0,15005.608110880903,0.0,18204.755581056117,0.0
9954.426580831567,0.0,0.0,12894.76521319752,0.0,13125.641538970913,0.0
17830.328806471087,0.0,686.0089118474901,10368.133821369094,0.0,6803.361793312332,0.0
17830.328806471083,0.0,7244.501187478573,9828.673157920748,0.0,600.830181129592,0.0
17830.328806471087,0.0,10689.69537855857,9841.142480970344,0.0,0.0,0.0
17830.328806471087,0.0,8620.998902997244,9573.005623531662,0.0,0.0,0.0
17830.328806471087,0.0,5853.5049818479565,9285.499544680959,0.0,0.0,0.0
17830.328806471087,0.0,3989.1412096560075,8578.863316872908,0.0,0.0,0.0
17830.328806471087,0.0,2758.8102083894464,7844.194318139466,0.0,0.0,0.0
17830.328806471087,0.0,954.8307818021104,7749.173744726799,0.0,0.0,0.0
17830.328806471087,0.0,0.0,8027.644979084991,0.0,0.0,0.0
17830.328806471087,0.0,0.0,8414.658112346358,0.0,0.0,0.0
16269.369053236394,0.0,0.0,8807.797612763607,0.0,0.0,0.0
16896.936553343043,0.0,0.0,9107.896779656954,0.0,0.0,0.0
14783.313966984211,0.0,0.0,9462.019366015791,0.0,0.0,0.0
17830.328806471087,0.0,0.0,9923.167730112962,0.0,0.0,0.0
17830.32880647109,0.0,0.0,10407.522030406646,0.0,6.420505887505601,0.0
17830.328806471087,0.0,0.0,10044.271775810512,0.0,2632.4264094568443,0.0
17830.328806471087,0.0,0.0,6243.851075531182,0.0,8712.056621958634,0.0
15273.717027177661,0.0,0.0,4471.381668841272,0.0,14332.734636981068,0.0
7042.705941618586,0.0,0.0,6500.446847368127,0.0,18411.18054401329,0.0
3089.7950698682234,0.0,0.0,7834.447824936928,0.0,21093.090438194846,0.0
757.8717354267486,0.0,0.0,8397.42383706441,0.0,21964.03776050884,0.0
341.7523929414531,0.0,0.0,8488.66957818911,0.0,20796.91136186944,0.0
2672.500472575808,0.0,0.0,8423.22883811494,0.0,17519.604022309253,0.0
9784.768603102799,0.0,0.0,8298.38090137768,0.0,12376.683828519524,0.0
16763.048938917906,0.0,0.0,7660.929304683511,0.0,6393.8550893985885,0.0
17830.328806471087,0.0,6736.9805125626035,8019.383665799033,0.0,557.1403481672761,0.0
17830.328806471087,0.0,6514.742632782858,8523.261893746056,0.0,0.0,0.0
17830.328806471087,0.0,6191.41861555856,9409.419243970355,0.0,0.0,0.0
17830.328806471087,0.0,3082.4404757740713,11119.356387922719,0.0,0.0,0.0
17662.741590187194,0.0,0.0,12768.091742812805,0.0,0.0,0.0
14431.039941971148,0.0,0.0,13934.793391028854,0.0,0.0,0.0
11723.379440580436,0.0,0.0,14911.453892419568,0.0,0.0,0.0
9762.049779202185,0.0,0.0,15576.783553797819,0.0,0.0,0.0
6495.752218302956,0.0,0.0,15894.581114697045,0.0,0.0,0.0
8332.227213050324,0.0,0.0,16023.606119949676,0.0,0.0,0.0
8025.836930445662,0.0,0.0,16043.99640255434,0.0,0.0,0.0
6851.870643251227,0.0,0.0,16303.129356748776,0.0,0.0,0.0
7472.070332695359,0.0,0.0,16866.229133869307,0.0,0.0,0.0
4991.411597614221,0.0,0.0,17508.29097655452,0.0,9.6307588312584,0.0
4591.391815782817,0.0,0.0,17434.372334456548,0.0,2714.0124236190836,0.0
5966.88957313019,0.0,0.0,13232.179525494867,0.0,9263.764234374945,0.0
1472.7984020373522,0.0,0.0,13288.306949842176,0.0,14988.727981120472,0.0
0.0,0.0,0.0,17363.733464674355,0.0,12960.099868325644,0.0
0.0,0.0,0.0,18344.323504594344,0.0,12232.509828405655,0.0
0.0,0.0,0.0,18045.02881015581,0.0,12763.804522844192,0.0
0.0,0.0,0.0,16926.007625511535,0.0,13316.825707488464,0.0
0.0,0.0,0.0,15526.504025372033,0.0,13441.329307627962,0.0
3686.9492079023844,0.0,0.0,14158.560498459792,0.0,10422.323626637824,0.0
7429.257754240988,0.0,0.0,14199.155416179563,0.0,4956.326615881542,0.0
14258.439115007102,0.0,0.0,16248.548994814566,0.0,299.845223178331,0.0
12729.469922442553,0.0,0.0,17948.86341055745,0.0,0.0,0.0
14705.235259411118,0.0,0.0,19096.59807358888,0.0,0.0,0.0
12103.369648397247,0.0,0.0,19959.797017602756,0.0,0.0,0.0
8827.814094772946,0.0,0.0,20460.51923822705,0.0,0.0,0.0
8261.379676435046,0.0,0.0,21046.453656564958,0.0,0.0,0.0
3710.3395255775295,0.0,0.0,21364.99380742247,0.0,0.0,0.0
