Lignite,Coal,Gas,WindOnshore,WindOffshore,PVGround,PVRoof
18297.1580579035,0.0,0.0,2995.8419420965015,0.0,0.0,0.0
20476.86534680564,0.0,0.0,2812.1346531943573,0.0,0.0,0.0
18024.734016890092,0.0,0.0,2826.265983109907,0.0,0.0,0.0
22905.0,0.0,0.0,0.0,0.0,0.0,0.0
18936.374286770155,0.0,0.0,3118.3134680312637,0.0,0.0,0.0
24228.53145959251,0.0,0.0,3278.468540407491,0.0,0.0,0.0
25931.10657420027,0.0,3015.8695144632816,3123.023911336447,0.0,0.0,0.0
25931.106574200265,0.0,3615.010307587956,3645.8831182117797,0.0,0.0,0.0
25931.10657420027,0.0,2538.13366705802,4672.759758741713,0.0,0.0,0.0
25931.10657420027,0.0,1788.0893365397028,5143.80408926003,0.0,0.0,0.0
25931.10657420027,0.0,1418.3551507738362,5294.538275025892,0.0,0.0,0.0
25931.10657420027,0.0,1133.6447074686573,5299.248718331076,0.0,0.0,0.0
25931.10657420027,0.0,326.6447074686561,5299.248718331076,0.0,0.0,0.0
25931.10657420027,0.0,0.0,5374.615811214006,0.0,0.0,0.0
25931.106574200265,0.0,0.0,5534.770883590233,0.0,0.0,0.0
25931.10657420027,0.0,773.9975211000286,5906.895904699706,0.0,0.0,0.0
25931.106574200265,0.0,1247.1383142246955,6429.755111575038,0.0,0.0,0.0
25931.106574200272,0.0,879.1715198944906,6820.721905905242,0.0,0.0,0.0
25931.10657420027,0.0,614.1477774338092,6966.745648365921,0.0,0.0,0.0
25931.106574200265,0.0,531.2015711612532,7032.691854638483,0.0,0.0,0.0
25931.10657420027,0.0,400.073395648739,7225.820030150995,0.0,0.0,0.0
23229.964794939264,0.0,0.0,6962.035205060736,0.0,0.0,0.0
19597.221145964286,0.0,0.0,6575.778854035717,0.0,0.0,0.0
25931.10657420027,0.0,0.0,0.0,0.0,0.0,0.0
23229.047147169815,0.0,0.0,5661.95285283018,0.0,0.0,0.0
22042.62310615642,0.0,0.0,5492.376893843585,0.0,0.0,0.0
16394.464879377145,0.0,0.0,5473.535120622852,0.0,0.0,0.0
25558.0,0.0,0.0,0.0,0.0,0.0,0.0
22590.70379674757,0.0,0.0,5591.296203252433,0.0,0.0,0.0
25931.10657420027,0.0,0.0,5459.403790707303,0.0,0.0,0.0
25931.10657420027,0.0,1335.9042128967128,5091.989212903016,0.0,0.0,0.0
25931.106574200272,0.0,2777.170027130854,5242.723398668877,0.0,0.0,0.0
25931.106574200265,0.0,2001.2063872036913,5812.687038596041,0.0,0.0,0.0
25931.10657420027,0.0,1272.4990983015496,5996.394327498186,0.0,0.0,0.0
25931.10657420027,0.0,1363.1019541518592,5859.791471647874,0.0,0.0,0.0
25931.10657420027,0.0,1477.4927894954687,5638.400636304264,0.0,0.0,0.0
25931.10657420027,0.0,1208.7791917872466,5464.114234012487,0.0,0.0,0.0
25931.10657420027,0.0,1262.3583051768776,5473.535120622852,0.0,0.0,0.0
25931.10657420027,0.0,1168.651016274735,5657.242409524996,0.0,0.0,0.0
25931.10657420027,0.0,2556.442150171071,5751.45127562866,0.0,0.0,0.0
25931.10657420027,0.0,3711.728552462849,5577.164873336883,0.0,0.0,0.0
25931.10657420027,0.0,3512.6178106049406,5266.275615194793,0.0,0.0,0.0
25931.10657420027,0.0,2987.0561308699057,4752.837294929827,0.0,0.0,0.0
25931.106574200265,0.0,2051.6051929927758,4550.288232806951,0.0,0.0,0.0
25931.10657420027,0.0,676.8915952845592,4376.0018305151725,0.0,0.0,0.0
25931.10657420027,0.0,0.0,3961.4828196590524,0.0,0.0,0.0
23869.248211703773,0.0,0.0,3631.75178829623,0.0,0.0,0.0
25931.106574200265,0.0,0.0,0.0,0.0,0.0,0.0
24297.0,0.0,0.0,0.0,0.0,0.0,0.0
18910.953239589642,0.0,0.0,3782.4859740620923,0.0,0.0,0.0
16533.957974020628,0.0,0.0,3980.3245928797855,0.0,0.0,0.0
14306.466541016553,0.0,0.0,4074.5334589834492,0.0,0.0,0.0
13574.789303381162,0.0,0.0,4470.210696618835,0.0,0.0,0.0
20529.935375167544,0.0,0.0,4870.598377559407,0.0,0.0,0.0
25931.10657420027,0.0,0.0,0.0,0.0,0.0,0.0
19047.78282569932,0.0,0.0,7089.217174300683,0.0,0.0,0.0
24682.564705529207,0.0,0.0,8403.430856446792,0.0,0.0,0.0
25931.10657420027,0.0,0.0,2887.2660102062764,0.0,0.0,0.0
23176.955162854367,0.0,0.0,9402.044837145624,0.0,0.0,0.0
23488.776348017473,0.0,0.0,9708.223651982531,0.0,0.0,0.0
17944.967780466537,0.0,0.0,10118.032219533467,0.0,0.0,0.0
14734.081676727483,0.0,0.0,10607.918323272517,0.0,0.0,0.0
14091.74778951435,0.0,0.0,11074.25221048565,0.0,0.0,0.0
18561.070551878965,0.0,0.0,11469.929448121036,0.0,0.0,0.0
25931.10657420027,0.0,0.0,1996.89342579973,0.0,0.0,0.0
18553.646448598538,0.0,0.0,11446.377231595121,0.0,0.0,0.0
21065.113489316584,0.0,0.0,11328.616148965542,0.0,0.0,0.0
22732.761355808532,0.0,0.0,11507.612994562503,0.0,0.0,0.0
19140.366417379857,0.0,0.0,11832.633582620141,0.0,0.0,0.0
18896.65912847771,0.0,0.0,12016.340871522289,0.0,0.0,0.0
25931.10657420027,0.0,0.0,0.0,0.0,0.0,0.0
9233.187602542954,0.0,0.0,12138.81239745705,0.0,0.0,0.0
7899.405931855735,0.0,0.0,12581.594068144268,0.0,0.0,0.0
7748.214499406668,0.0,0.0,12171.785500593332,0.0,0.0,0.0
12993.21134500363,0.0,0.0,11992.788654996371,0.0,0.0,0.0
12319.423365510327,0.0,0.0,12077.576634489671,0.0,0.0,0.0
11328.322086861544,0.0,0.0,12303.67791313846,0.0,0.0,0.0
11768.32328033263,0.0,0.0,12383.755449326578,0.0,0.0,0.0
25931.10657420027,0.0,0.0,0.0,0.0,0.0,0.0
14351.538546948495,0.0,0.0,13636.7333685053,0.0,0.0,0.0
12658.356785294973,0.0,0.0,14272.64321470503,0.0,0.0,0.0
13689.5118576712,0.0,0.0,14112.488142328799,0.0,0.0,0.0
12648.893229805692,0.0,0.0,13354.106770194305,0.0,0.0,0.0
16320.770420954977,0.0,0.0,12435.570325683591,0.0,0.0,0.0
14196.076860685042,0.0,0.0,11827.92313931496,0.0,0.0,0.0
25931.106574200265,0.0,0.0,2295.893425799732,0.0,0.0,0.0
25931.10657420027,0.0,0.0,0.0,0.0,0.0,0.0
25931.10657420027,0.0,0.0,0.0,0.0,0.0,0.0
15612.622768404879,0.0,0.0,11446.377231595121,0.0,0.0,0.0
20530.27547319767,0.0,0.0,10838.730045226494,0.0,0.0,0.0
23972.96147166045,0.0,0.0,9760.038528339544,0.0,0.0,0.0
24515.79693607511,0.0,0.0,9383.20306392489,0.0,0.0,0.0
24212.277925218994,0.0,0.0,9797.72207478101,0.0,0.0,0.0
20897.16402895804,0.0,0.0,9307.835971041959,0.0,0.0,0.0
13128.670422202003,0.0,0.0,8177.329577797997,0.0,0.0,0.0
13161.10874246697,0.0,0.0,7663.891257533031,0.0,0.0,0.0
19793.985541942424,0.0,0.0,0.0,0.0,0.0,0.0
22583.0,0.0,0.0,0.0,0.0,0.0,0.0
12670.167352236851,0.0,0.0,6509.832647763151,0.0,0.0,0.0
13633.507548256062,0.0,0.0,6401.492451743939,0.0,0.0,0.0
18870.0,0.0,0.0,0.0,0.0,0.0,0.0
19641.357593715853,0.0,0.0,6288.441812419544,0.0,0.0,0.0
25931.106574200265,0.0,0.0,5954.000337751538,0.0,0.0,0.0
25931.106574200265,0.0,0.0,6208.364276231428,0.0,0.0,0.0
25115.820847411556,0.0,0.0,6260.179152588443,0.0,0.0,0.0
24098.824001814595,0.0,0.0,6439.175998185404,0.0,0.0,0.0
25931.106574200265,0.0,0.0,6684.11905005493,0.0,0.0,0.0
25931.10657420027,0.0,0.0,6806.590575989692,0.0,0.0,0.0
25931.106574200272,0.0,0.0,6995.008308197018,0.0,0.0,0.0
25931.10657420027,0.0,0.0,7418.948205663505,0.0,0.0,0.0
25911.79859771452,0.0,0.0,7984.201402285487,0.0,0.0,0.0
25003.62293728064,0.0,0.0,8469.377062719353,0.0,0.0,0.0
25931.10657420027,0.0,0.0,8624.8216917904,0.0,0.0,0.0
25931.10657420027,0.0,167.43793163946904,8417.562186362338,0.0,0.0,0.0
25931.10657420027,0.0,0.0,7913.54475270774,0.0,0.0,0.0
25931.106574200265,0.0,0.0,7654.470370922665,0.0,0.0,0.0
25931.106574200265,0.0,0.0,7734.547907110778,0.0,0.0,0.0
19655.994846206024,0.0,0.0,7174.005153793981,0.0,0.0,0.0
20020.824001814595,0.0,0.0,6439.175998185404,0.0,0.0,0.0
20001.26232207956,0.0,0.0,5925.737677920439,0.0,0.0,0.0
25584.999999999996,0.0,0.0,0.0,0.0,0.0,0.0
25379.0,0.0,0.0,0.0,0.0,0.0,0.0
19186.023404709147,0.0,0.0,5807.976595290859,0.0,0.0,0.0
24797.0,0.0,0.0,0.0,0.0,0.0,0.0
19405.0,0.0,0.0,0.0,0.0,0.0,0.0
19369.556441451896,0.0,0.0,5822.107925206408,0.0,0.0,0.0
24148.363600728346,0.0,0.0,5699.636399271645,0.0,0.0,0.0
25217.18794029448,0.0,0.0,6184.812059705512,0.0,0.0,0.0
25931.106574200272,0.0,0.0,6820.721905905242,0.0,0.0,0.0
25931.10657420027,0.0,0.0,3524.893425799732,0.0,0.0,0.0
22685.915648378505,0.0,0.0,8653.0843516215,0.0,0.0,0.0
25718.588069971443,0.0,0.0,9477.411930028555,0.0,0.0,0.0
18375.441662919646,0.0,0.0,10141.584436059382,0.0,0.0,0.0
23093.660790117123,0.0,0.0,10617.33920988288,0.0,0.0,0.0
22741.11488239728,0.0,0.0,10998.88511760272,0.0,0.0,0.0
24140.93606756038,0.0,0.0,11305.063932439629,0.0,0.0,0.0
20383.021743211288,0.0,0.0,11672.478510243915,0.0,0.0,0.0
25154.81420085394,0.0,0.0,11856.18579914606,0.0,0.0,0.0
25549.807892047862,0.0,0.0,11498.192107952138,0.0,0.0,0.0
23373.673407729275,0.0,0.0,11333.326592270727,0.0,0.0,0.0
23987.938251676987,0.0,0.0,11794.950036178676,0.0,0.0,0.0
21692.416504191897,0.0,0.0,11644.215850412817,0.0,0.0,0.0
16246.30000604027,0.0,0.0,11050.699993959735,0.0,0.0,0.0
24740.0,0.0,0.0,0.0,0.0,0.0,0.0
15877.293697234185,0.0,0.0,10692.706302765815,0.0,0.0,0.0
13641.63704765644,0.0,0.0,10763.362952343563,0.0,0.0,0.0
25931.10657420027,0.0,0.0,0.0,0.0,0.0,0.0
12864.80158324178,0.0,0.0,11140.198416758216,0.0,0.0,0.0
14117.744746735305,0.0,0.0,11352.168365491458,0.0,0.0,0.0
19964.727201456706,0.0,0.0,11399.272798543288,0.0,0.0,0.0
24500.11322075788,0.0,0.0,12397.886779242126,0.0,0.0,0.0
24335.50239446208,0.0,0.0,13575.49760553792,0.0,0.0,0.0
21087.19374247326,0.0,0.0,15473.80625752674,0.0,0.0,0.0
19327.497409543867,0.0,0.0,17772.502590456126,0.0,0.0,0.0
17229.427674925475,0.0,0.0,19788.57232507453,0.0,0.0,0.0
15998.153890245843,0.0,0.0,20678.84610975415,0.0,0.0,0.0
15309.655467447372,0.0,0.0,20768.344532552637,0.0,0.0,0.0
13264.914972875427,0.0,0.0,20561.085027124573,0.0,0.0,0.0
13803.672901101963,0.0,0.0,20264.327098898033,0.0,0.0,0.0
15625.952994587671,0.0,0.0,19732.047005412333,0.0,0.0,0.0
17423.717792581967,0.0,0.0,18846.483664037893,0.0,0.0,0.0
21337.64617311403,0.0,0.0,17254.35382688598,0.0,0.0,0.0
23431.026052484875,0.0,0.0,14917.973947515122,0.0,0.0,0.0
23502.01658927576,0.0,0.0,14380.983410724244,0.0,0.0,0.0
22463.496812556597,0.0,0.0,13749.784007829698,0.0,0.0,0.0
22135.641694823116,0.0,0.0,12520.358305176886,0.0,0.0,0.0
25931.10657420027,0.0,0.0,2283.893425799732,0.0,0.0,0.0
17312.89339868146,0.0,0.0,10377.106601318541,0.0,0.0,0.0
