Lignite,Coal,Gas,WindOnshore,WindOffshore,PVGround,PVRoof
13751.842114062876,0.0,7050.725014744826,10929.766204192301,0.0,0.0,0.0
13751.842114062876,0.0,5838.838455458457,10272.652763478667,0.0,0.0,0.0
13751.842114062876,0.0,5642.7917067703875,9718.699512166737,0.0,0.0,0.0
13751.842114062876,0.0,6190.7073190144165,8918.783899922704,0.0,0.0,0.0
13751.842114062876,0.0,7470.20694208399,8263.284276853139,0.0,0.0,0.0
13751.842114062876,0.0,10284.1754545397,8066.315764397416,0.0,0.0,0.0
13751.842114062876,0.0,15603.98240898213,8062.508809954994,0.0,0.0,0.0
13751.842114062876,0.0,19513.860942295716,8348.278672774159,0.0,790.667252576356,0.0
13751.842114062876,0.0,15083.694450502715,7704.489572609001,0.0,7068.307195825415,0.0
13751.842114062876,0.0,11748.286129354661,5517.06320592108,0.0,13387.141883661376,0.0
13751.842114062876,0.0,6222.696283866385,5642.568562702218,0.0,18405.22637236852,0.0
13751.842114062876,0.0,1946.7148622860693,6308.578690428034,0.0,21436.197666223023,0.0
13751.842114062876,0.0,0.0,7540.500872007732,0.0,22015.663436399514,0.0
13751.842114062876,0.0,0.0,9136.442382174197,0.0,20155.647529668295,0.0
13751.842114062876,0.0,271.89652607079154,10824.371498052653,0.0,15842.223194813676,0.0
13751.842114062876,0.0,5673.028307544904,11433.73248847765,0.0,9553.730422914567,0.0
13751.842114062876,0.0,12266.198093605659,11895.69813407759,0.0,2660.5949912538704,0.0
13751.842114062878,0.0,13946.828877858861,14993.069372383445,0.0,2.5929686948101915,0.0
13751.842114062876,0.0,13571.657962254141,17606.833256682985,0.0,0.0,0.0
13751.842114062878,0.0,11007.500557944997,20247.990660992127,0.0,0.0,0.0
13751.842114062876,0.0,7082.557703101621,23292.933515835502,0.0,0.0,0.0
13751.842114062878,0.0,1506.2375546491237,26205.253664287997,0.0,0.0,0.0
13751.842114062878,0.0,0.0,25677.324551937127,0.0,0.0,0.0
13751.842114062876,0.0,0.0,21291.49121893712,0.0,0.0,0.0
13751.842114062876,0.0,0.0,18130.49121893712,0.0,0.0,0.0
13751.842114062878,0.0,0.0,18315.991218937128,0.0,0.0,0.0
13751.842114062878,0.0,0.0,15794.324551937121,0.0,0.0,0.0
13751.842114062878,0.0,0.0,16482.991218937124,0.0,0.0,0.0
13751.842114062878,0.0,0.0,16377.99121893712,0.0,0.0,0.0
13751.842114062878,0.0,0.0,16930.99121893712,0.0,0.0,0.0
13751.842114062876,0.0,0.0,18439.991218937124,0.0,0.0,0.0
13751.842114062876,0.0,0.0,19006.32455193712,0.0,0.0,0.0
13751.842114062876,0.0,0.0,22536.32455193712,0.0,0.0,0.0
13751.842114062876,0.0,0.0,11111.286554121718,0.0,13202.204664815394,0.0
13751.842114062878,0.0,0.0,26822.991218937117,0.0,0.0,0.0
13751.842114062876,0.0,0.0,26143.99121893713,0.0,0.0,0.0
13751.842114062878,0.0,0.0,25966.99121893712,0.0,0.0,0.0
13751.842114062876,0.0,0.0,2970.4228567483433,0.0,22068.568362188787,0.0
13751.842114062878,0.0,0.0,23598.99121893712,0.0,0.0,0.0
13751.842114062878,0.0,0.0,22790.99121893712,0.0,0.0,0.0
13751.842114062876,0.0,0.0,20423.49121893712,0.0,0.0,0.0
13751.842114062876,0.0,0.0,25635.99121893712,0.0,0.0,0.0
13751.842114062878,0.0,0.0,26221.49121893712,0.0,0.0,0.0
13751.842114062878,0.0,0.0,29222.991218937117,0.0,0.0,0.0
13751.842114062876,0.0,0.0,28868.991218937124,0.0,0.0,0.0
13751.842114062878,0.0,0.0,26294.865102873086,0.0,0.0,0.0
13751.842114062878,0.0,0.0,24452.991218937124,0.0,0.0,0.0
13751.842114062878,0.0,0.0,18703.491218937124,0.0,0.0,0.0
13751.842114062878,0.0,0.0,18167.991218937124,0.0,0.0,0.0
13751.842114062878,0.0,0.0,14922.15788593712,0.0,0.0,0.0
13751.842114062876,0.0,0.0,14911.991218937126,0.0,0.0,0.0
13751.842114062876,0.0,0.0,14266.991218937123,0.0,0.0,0.0
13751.842114062876,0.0,0.0,11992.491218937124,0.0,0.0,0.0
13751.842114062878,0.0,0.0,14719.991218937123,0.0,0.0,0.0
13751.842114062878,0.0,0.0,13762.554850446983,0.0,0.0,0.0
13751.842114062876,0.0,0.0,16051.991218937128,0.0,0.0,0.0
13751.842114062876,0.0,0.0,16919.937026778527,0.0,0.0,0.0
13751.842114062878,0.0,0.0,18675.491218937124,0.0,0.0,0.0
13751.842114062878,0.0,0.0,19673.491218937128,0.0,0.0,0.0
13751.842114062876,0.0,0.0,21969.991218937117,0.0,0.0,0.0
13751.842114062876,0.0,0.0,21635.921812185585,0.0,0.0,0.0
13751.842114062878,0.0,0.0,21656.99121893713,0.0,0.0,0.0
13751.842114062878,0.0,0.0,20502.991218937117,0.0,0.0,0.0
13751.842114062878,0.0,0.0,19658.991218937117,0.0,0.0,0.0
13751.842114062876,0.0,0.0,19344.991218937124,0.0,0.0,0.0
13751.842114062878,0.0,0.0,22469.99121893712,0.0,0.0,0.0
13751.842114062878,0.0,0.0,23954.491218937124,0.0,0.0,0.0
13751.842114062878,0.0,0.0,27839.991218937117,0.0,0.0,0.0
13751.842114062876,0.0,0.0,26811.32455193712,0.0,0.0,0.0
13751.842114062878,0.0,0.0,26759.99121893712,0.0,0.0,0.0
13751.842114062876,0.0,0.0,21299.491218937128,0.0,0.0,0.0
13751.842114062878,0.0,0.0,19792.99121893712,0.0,0.0,0.0
13751.842114062878,0.0,0.0,14774.491218937124,0.0,0.0,0.0
13751.842114062876,0.0,0.0,15424.991218937123,0.0,0.0,0.0
13751.842114062878,0.0,0.0,14956.991218937124,0.0,0.0,0.0
13751.842114062878,0.0,0.0,12456.491218937124,0.0,0.0,0.0
13751.842114062878,0.0,0.0,15645.991218937128,0.0,0.0,0.0
13751.842114062878,0.0,0.0,18838.991218937117,0.0,0.0,0.0
13751.842114062878,0.0,0.0,22268.491218937113,0.0,0.0,0.0
13751.842114062878,0.0,0.0,26619.491218937128,0.0,0.0,0.0
13751.842114062876,0.0,0.0,29962.324551937123,0.0,0.0,0.0
13751.842114062878,0.0,0.0,32084.99121893712,0.0,0.0,0.0
13751.842114062878,0.0,0.0,30602.324551937123,0.0,0.0,0.0
13751.842114062878,0.0,0.0,28959.491218937128,0.0,0.0,0.0
13751.842114062878,0.0,0.0,28279.49121893712,0.0,0.0,0.0
13751.842114062878,0.0,0.0,29310.99121893712,0.0,0.0,0.0
13751.842114062878,0.0,0.0,28894.991218937128,0.0,0.0,0.0
13751.842114062874,0.0,0.0,28621.99121893712,0.0,0.0,0.0
13751.842114062876,0.0,0.0,26700.491218937124,0.0,0.0,0.0
13751.842114062876,0.0,0.0,28708.491218937124,0.0,0.0,0.0
13751.842114062878,0.0,0.0,31526.491218937124,0.0,0.0,0.0
13751.842114062878,0.0,0.0,31885.49121893712,0.0,0.0,0.0
13751.842114062876,0.0,0.0,30775.49121893712,0.0,0.0,0.0
13751.842114062878,0.0,0.0,27648.491218937117,0.0,0.0,0.0
13751.842114062878,0.0,0.0,25879.991218937124,0.0,0.0,0.0
13751.842114062876,0.0,0.0,22141.991218937124,0.0,0.0,0.0
13751.842114062878,0.0,0.0,19183.991218937128,0.0,0.0,0.0
13751.842114062878,0.0,0.0,15194.491218937128,0.0,0.0,0.0
13751.842114062878,0.0,0.0,16831.991218937124,0.0,0.0,0.0
13751.842114062878,0.0,0.0,16664.991218937124,0.0,0.0,0.0
13751.842114062878,0.0,0.0,17340.991218937128,0.0,0.0,0.0
13751.842114062878,0.0,0.0,20103.99121893712,0.0,0.0,0.0
13751.842114062878,0.0,0.0,25417.991218937128,0.0,0.0,0.0
13751.842114062876,0.0,0.0,28428.58919234363,0.0,988.4020265934946,0.0
13751.842114062876,0.0,0.0,31405.991218937124,0.0,0.0,0.0
13751.842114062878,0.0,0.0,31996.991218937117,0.0,0.0,0.0
13751.842114062878,0.0,0.0,31692.99121893712,0.0,0.0,0.0
13751.842114062876,0.0,0.0,31048.991218937117,0.0,0.0,0.0
13751.842114062878,0.0,0.0,30349.991218937113,0.0,0.0,0.0
13751.842114062876,0.0,0.0,29217.991218937124,0.0,0.0,0.0
13751.842114062878,0.0,0.0,28793.991218937124,0.0,0.0,0.0
13751.842114062876,0.0,0.0,28447.991218937128,0.0,0.0,0.0
13751.842114062876,0.0,0.0,28591.991218937124,0.0,0.0,0.0
13751.842114062878,0.0,0.0,30400.77488953106,0.0,58.216329406061085,0.0
13751.842114062878,0.0,0.0,33467.991218937124,0.0,0.0,0.0
13751.842114062878,0.0,0.0,34017.99121893712,0.0,0.0,0.0
13751.842114062878,0.0,0.0,32881.991218937124,0.0,0.0,0.0
13751.842114062878,0.0,0.0,29873.991218937128,0.0,0.0,0.0
13751.842114062878,0.0,0.0,25969.99121893712,0.0,0.0,0.0
13751.842114062876,0.0,0.0,22500.991218937124,0.0,0.0,0.0
13751.842114062876,0.0,0.0,17295.491218937117,0.0,0.0,0.0
13751.842114062878,0.0,0.0,17911.991218937124,0.0,0.0,0.0
13751.842114062878,0.0,0.0,17026.991218937117,0.0,0.0,0.0
13751.842114062878,0.0,0.0,16798.99121893712,0.0,0.0,0.0
13751.842114062878,0.0,0.0,15665.895964916679,0.0,0.0,0.0
13751.842114062878,0.0,0.0,20180.991218937124,0.0,0.0,0.0
12872.744367303414,0.0,0.0,26259.088965696592,0.0,0.0,0.0
13751.842114062876,0.0,2242.822778543035,25735.46721010526,0.0,1399.7012302888309,0.0
13751.842114062876,0.0,0.0,23602.538223859396,0.0,7682.452995077723,0.0
13751.842114062878,0.0,0.0,27196.841156720046,0.0,4649.1500622170815,0.0
13751.842114062876,0.0,0.0,30688.68735915203,0.0,773.3038597850954,0.0
13751.842114062876,0.0,0.0,28410.491218937128,0.0,0.0,0.0
13751.842114062878,0.0,0.0,27596.491218937124,0.0,0.0,0.0
13751.842114062876,0.0,0.0,26361.491218937128,0.0,0.0,0.0
13751.842114062878,0.0,0.0,28238.031635484855,0.0,0.0,0.0
13751.842114062878,0.0,0.0,27932.99121893712,0.0,0.0,0.0
13751.842114062876,0.0,0.0,26228.46781039885,0.0,1879.5234085382683,0.0
13751.842114062878,0.0,463.43786178896437,29740.300523653557,0.0,79.2528334946018,0.0
13751.842114062876,0.0,318.6544866571812,31743.503399279947,0.0,0.0,0.0
13751.842114062878,0.0,2353.233806308053,31213.75741262906,0.0,0.0,0.0
13751.842114062878,0.0,1596.96657750397,30646.024641433152,0.0,0.0,0.0
13751.842114062878,0.0,0.0,29173.991218937124,0.0,0.0,0.0
13751.842114062876,0.0,0.0,25462.99121893712,0.0,0.0,0.0
13751.842114062878,0.0,0.0,19626.491218937124,0.0,0.0,0.0
13751.842114062878,0.0,0.0,16857.491218937117,0.0,0.0,0.0
13751.842114062878,0.0,0.0,17203.743070576904,0.0,0.0,0.0
13751.842114062878,0.0,0.0,16012.636307539442,0.0,0.0,0.0
13751.842114062878,0.0,0.0,16506.991218937124,0.0,0.0,0.0
13751.842114062878,0.0,0.0,17093.99121893712,0.0,0.0,0.0
13751.842114062878,0.0,0.0,19756.99121893712,0.0,0.0,0.0
13751.842114062878,0.0,0.0,24943.991218937117,0.0,0.0,0.0
13751.842114062876,0.0,0.0,27706.602956617236,0.0,889.3882623198958,0.0
13751.842114062876,0.0,0.0,26511.589357084154,0.0,3869.4018618529713,0.0
13751.842114062876,0.0,0.0,30721.21199167098,0.0,292.77922726613104,0.0
13751.842114062876,0.0,0.0,30883.99121893712,0.0,0.0,0.0
13751.842114062878,0.0,0.0,30715.991218937124,0.0,0.0,0.0
13751.842114062878,0.0,0.0,28091.491218937117,0.0,0.0,0.0
13751.842114062876,0.0,0.0,27052.49121893713,0.0,0.0,0.0
13751.842114062878,0.0,0.0,29075.991218937117,0.0,0.0,0.0
13751.842114062878,0.0,0.0,28919.99121893712,0.0,0.0,0.0
13751.842114062876,0.0,0.0,29316.991218937124,0.0,0.0,0.0
13751.842114062878,0.0,0.0,30903.97959631103,0.0,76.01162262608908,0.0
13751.842114062878,0.0,0.0,33308.99121893712,0.0,0.0,0.0
13751.842114062878,0.0,0.0,33431.991218937124,0.0,0.0,0.0
13751.842114062876,0.0,0.0,32293.99121893712,0.0,0.0,0.0
13751.842114062876,0.0,0.0,29279.99121893712,0.0,0.0,0.0
13751.842114062876,0.0,0.0,25662.991218937124,0.0,0.0,0.0
13751.842114062878,0.0,0.0,22253.991218937117,0.0,0.0,0.0
