Price
115.53477218225429
115.53477218225429
115.5347721822543
115.53477218225429
115.53477218225429
115.53477218225429
115.53477218225429
115.53477218225427
81.64748201438856
81.64748201438856
81.64748201438856
81.64748201438856
81.64748201438856
81.64748201438856
81.64748201438856
81.64748201438856
81.64748201438856
115.5347721822543
115.53477218225429
115.53477218225429
115.53477218225429
115.53477218225429
115.53477218225427
81.64748201438856
81.64748201438856
81.64748201438856
81.64748201438856
115.53477218225429
115.53477218225429
115.5347721822543
115.53477218225429
81.64748201438856
81.64748201438856
81.64748201438856
81.64748201438856
81.64748201438854
81.64748201438856
81.64748201438856
81.64748201438856
81.64748201438856
81.64748201438856
81.64748201438856
81.64748201438856
81.64748201438856
81.64748201438856
81.64748201438856
81.64748201438856
81.64748201438854
81.64748201438854
81.64748201438854
81.64748201438854
81.64748201438856
81.64748201438856
81.64748201438856
81.64748201438856
81.64748201438856
81.64748201438856
81.64748201438856
81.64748201438856
81.64748201438856
81.64748201438856
81.64748201438856
81.64748201438854
81.64748201438856
81.64748201438854
81.64748201438856
81.64748201438856
81.64748201438856
81.64748201438856
81.64748201438856
81.64748201438856
81.64748201438857
81.64748201438856
81.64748201438857
81.64748201438856
81.64748201438856
81.64748201438856
81.64748201438856
81.64748201438856
81.64748201438856
81.64748201438856
81.64748201438856
81.64748201438854
81.64748201438856
81.64748201438856
81.64748201438856
81.64748201438856
81.64748201438856
81.64748201438856
81.64748201438856
81.64748201438856
81.64748201438856
81.64748201438856
81.64748201438856
81.64748201438856
81.64748201438856
81.64748201438854
81.64748201438856
81.64748201438854
81.64748201438856
81.64748201438856
81.64748201438854
81.64748201438856
81.64748201438854
81.64748201438856
81.64748201438856
81.64748201438856
81.64748201438856
81.64748201438856
81.64748201438856
81.64748201438856
81.64748201438856
81.64748201438854
81.64748201438856
81.64748201438856
81.64748201438856
81.64748201438856
81.64748201438856
81.64748201438856
81.64748201438856
81.64748201438854
81.64748201438856
81.64748201438856
81.64748201438857
81.64748201438856
81.64748201438856
81.64748201438856
81.64748201438857
81.64748201438856
81.64748201438857
81.64748201438856
81.64748201438857
81.64748201438857
81.64748201438856
81.64748201438856
81.64748201438856
81.64748201438856
81.64748201438854
81.64748201438856
81.64748201438856
81.64748201438856
81.64748201438856
81.64748201438856
81.64748201438856
81.64748201438856
81.64748201438856
81.64748201438856
81.64748201438856
81.64748201438856
81.64748201438856
81.64748201438857
81.64748201438856
81.64748201438856
81.64748201438856
81.64748201438856
81.64748201438854
81.64748201438854
81.64748201438857
81.64748201438856
81.64748201438856
81.64748201438856
115.53477218225429
115.53477218225429
115.53477218225429
115.5347721822543
115.53477218225429
115.53477218225429
115.53477218225429
