PumpedStor,BatteryStor
5994.0,0.0
5994.0,0.0
0.0,0.0
0.0,0.0
0.0,0.0
1438.5600000000004,0.0
345.2543999999998,0.0
82.86105599999973,0.0
19.886653440000373,0.0
4.7727968256003805,0.0
1.1454712381437275,0.0
0.27491309715423995,0.0
0.06597914331723587,0.0
0.01583499439584557,0.0
0.0038003986546755186,0.0
0.0009120956774495426,0.0
0.00021890296284254873,0.0
5.253671133687021e-5,0.0
1.2608810720848851e-5,0.0
3.026114427484572e-6,0.0
0.0,0.0
0.0,0.0
0.0,0.0
0.0,0.0
0.0,0.0
0.0,0.0
0.0,0.0
0.0,0.0
0.0,0.0
0.0,0.0
0.0,0.0
0.0,0.0
0.0,0.0
0.0,0.0
0.0,0.0
0.0,0.0
0.0,0.0
0.0,0.0
5994.0,0.0
0.0,0.0
0.0,0.0
0.0,0.0
0.0,0.0
0.0,0.0
0.0,0.0
0.0,0.0
0.0,0.0
1438.5600000000004,0.0
345.2543999999998,0.0
82.86105599999973,0.0
19.886653440000373,0.0
0.0,0.0
0.0,0.0
0.0,0.0
4.7727968256003805,0.0
1.1454712381437275,0.0
0.27491309715423995,0.0
0.06597914331723587,0.0
0.0,0.0
0.01583499439584557,0.0
0.0038003986546755186,0.0
0.0009120956774495426,0.0
0.00021890296284254873,0.0
5.253671133687021e-5,0.0
1.2608810720848851e-5,0.0
3.026114427484572e-6,0.0
7.262678991537541e-7,0.0
1.743046595947817e-7,0.0
4.183311830274761e-8,0.0
1.0039912012871355e-8,0.0
0.0,0.0
2136.3826208853798,0.0
512.7318290124913,0.0
123.05563896299645,0.0
0.0,0.0
0.0,0.0
0.0,0.0
0.0,0.0
0.0,0.0
0.0,0.0
0.0,0.0
0.0,0.0
0.0,0.0
0.0,0.0
0.0,0.0
0.0,0.0
0.0,0.0
0.0,0.0
0.0,0.0
0.0,0.0
0.0,0.0
0.0,0.0
0.0,0.0
0.0,0.0
0.0,0.0
0.0,0.0
0.0,0.0
0.0,0.0
0.0,0.0
0.0,0.0
0.0,0.0
0.0,0.0
0.0,0.0
0.0,0.0
0.0,0.0
0.0,0.0
0.0,0.0
0.0,0.0
0.0,0.0
0.0,0.0
4791.477224947444,0.0
2352.4773090399426,0.0
564.5945541695864,0.0
135.50269300070067,0.0
32.52064632016845,0.0
7.804955116840574,0.0
1.8731892280420652,0.0
0.4495654147303867,0.0
0.10789569953522005,0.0
0.025894967888234532,0.0
0.0062147922935764655,0.0
0.0014915501506038709,0.0
0.00035797203599940985,0.0
8.591328878537752e-5,0.0
2.0619188944692723e-5,0.0
4.948605237586889e-6,0.0
1.1876652570208533e-6,0.0
0.0,0.0
0.0,0.0
0.0,0.0
0.0,0.0
5994.0,0.0
0.0,0.0
0.0,0.0
0.0,0.0
0.0,0.0
0.0,0.0
0.0,0.0
0.0,0.0
0.0,0.0
0.0,0.0
0.0,0.0
0.0,0.0
0.0,0.0
0.0,0.0
0.0,0.0
0.0,0.0
0.0,0.0
0.0,0.0
0.0,0.0
0.0,0.0
0.0,0.0
0.0,0.0
0.0,0.0
0.0,0.0
0.0,0.0
0.0,0.0
0.0,0.0
0.0,0.0
0.0,0.0
0.0,0.0
0.0,0.0
0.0,0.0
1438.5600000000004,0.0
0.0,0.0
0.0,0.0
0.0,0.0
345.2543999999998,0.0
82.86105599999973,0.0
19.886653440000373,0.0
4.7727968256003805,0.0
1.1454712381437275,0.0
0.27491309715423995,0.0
0.06597914331723587,0.0
0.01583499439584557,0.0
0.0038003986546755186,0.0
0.0009120956774495426,0.0
0.0,0.0
67.06468982097522,0.0
16.095525557034307,0.0
3.8629261336882337,0.0
0.9271022720849942,0.0
0.2225045453005805,0.0
0.05340109087213932,0.0
0.0,0.0
0.0,0.0
0.0,0.0
0.0,0.0
0.0,0.0
0.0,0.0
0.0,0.0
4938.054660126138,0.0
2241.0784583041386,0.0
537.8588299929934,0.0
129.08611919831856,0.0
30.98066860759627,0.0
7.435360465822669,0.0
1.7844865117976951,0.0
0.4282767628314468,0.0
0.0,0.0
0.0,0.0
0.0,0.0
0.0,0.0
0.0,0.0
1431.3209530483582,0.0
0.0,0.0
4906.196075683249,0.0
1177.4870581639798,0.0
282.59689395935493,0.0
67.82325455024511,0.0
16.277581092058426,0.0
0.0,0.0
0.0,0.0
0.0,0.0
3.9066194620936585,0.0
0.937588670902187,0.0
0.22502128101677954,0.0
0.0,0.0
0.0,0.0
0.0,0.0
0.05400510744402709,0.0
0.01296122578696668,0.0
0.0031106941887628636,0.0
0.0007465666049029096,0.0
0.00017917598506755894,0.0
4.3002236452593934e-5,0.0
1.0320536603103392e-5,0.0
3.25911682203265e-6,0.0
0.0,0.0
0.0,0.0
0.0,0.0
0.0,0.0
0.0,0.0
0.0,0.0
0.0,0.0
0.0,0.0
0.0,0.0
0.0,0.0
0.0,0.0
0.0,0.0
0.0,0.0
0.0,0.0
0.0,0.0
0.0,0.0
0.0,0.0
0.0,0.0
0.0,0.0
0.0,0.0
0.0,0.0
0.0,0.0
0.0,0.0
0.0,0.0
0.0,0.0
0.0,0.0
0.0,0.0
0.0,0.0
0.0,0.0
0.0,0.0
0.0,0.0
0.0,0.0
0.0,0.0
0.0,0.0
0.0,0.0
0.0,0.0
0.0,0.0
0.0,0.0
0.0,0.0
0.0,0.0
0.0,0.0
0.0,0.0
0.0,0.0
0.0,0.0
0.0,0.0
0.0,0.0
0.0,0.0
0.0,0.0
0.0,0.0
0.0,0.0
0.0,0.0
0.0,0.0
0.0,0.0
0.0,0.0
0.0,0.0
0.0,0.0
0.0,0.0
0.0,0.0
0.0,0.0
0.0,0.0
0.0,0.0
0.0,0.0
0.0,0.0
0.0,0.0
0.0,0.0
0.0,0.0
0.0,0.0
0.0,0.0
0.0,0.0
0.0,0.0
0.0,0.0
0.0,0.0
0.0,0.0
0.0,0.0
0.0,0.0
0.0,0.0
0.0,0.0
0.0,0.0
0.0,0.0
0.0,0.0
0.0,0.0
0.0,0.0
0.0,0.0
0.0,0.0
0.0,0.0
0.0,0.0
0.0,0.0
0.0,0.0
0.0,0.0
0.0,0.0
0.0,0.0
0.0,0.0
0.0,0.0
0.0,0.0
0.0,0.0
0.0,0.0
0.0,0.0
0.0,0.0
0.0,0.0
0.0,0.0
0.0,0.0
0.0,0.0
0.0,0.0
0.0,0.0
0.0,0.0
0.0,0.0
0.0,0.0
0.0,0.0
0.0,0.0
0.0,0.0
0.0,0.0
0.0,0.0
0.0,0.0
0.0,0.0
0.0,0.0
0.0,0.0
0.0,0.0
0.0,0.0
0.0,0.0
0.0,0.0
0.0,0.0
0.0,0.0
0.0,0.0
0.0,0.0
0.0,0.0
0.0,0.0
0.0,0.0
0.0,0.0
0.0,0.0
0.0,0.0
0.0,0.0
0.0,0.0
0.0,0.0
0.0,0.0
0.0,0.0
0.0,0.0
0.0,0.0
0.0,0.0
0.0,0.0
0.0,0.0
0.0,0.0
0.0,0.0
0.0,0.0
0.0,0.0
0.0,0.0
0.0,0.0
0.0,0.0
0.0,0.0
0.0,0.0
0.0,0.0
0.0,0.0
0.0,0.0
5994.0,0.0
1438.5600000000004,0.0
345.2543999999998,0.0
82.86105599999973,0.0
19.886653440000373,0.0
4.7727968256003805,0.0
1.1454712381437275,0.0
0.27491309715423995,0.0
0.0,0.0
0.0,0.0
0.0,0.0
0.0,0.0
0.0,0.0
0.0,0.0
0.0,0.0
0.0,0.0
4281.967063770142,0.0
2739.7050315346896,0.0
657.5292075683255,0.0
0.0,0.0
0.0,0.0
0.0,0.0
0.0,0.0
0.0,0.0
0.0,0.0
0.0,0.0
0.0,0.0
0.0,0.0
0.0,0.0
1276.7241908816359,0.0
0.0,0.0
1298.4779257182963,0.0
0.0,0.0
0.0,0.0
0.0,0.0
5994.0,0.0
0.0,0.0
0.0,0.0
0.0,0.0
1438.5600000000004,0.0
0.0,0.0
0.0,0.0
345.2543999999998,0.0
0.0,0.0
0.0,0.0
0.0,0.0
0.0,0.0
0.0,0.0
82.86105599999973,0.0
19.886653440000373,0.0
4.7727968256003805,0.0
1.1454712381437275,0.0
0.27491309715423995,0.0
0.06597914331723587,0.0
0.01583499439584557,0.0
0.0038003986546755186,0.0
0.0009120956774495426,0.0
0.00021890296284254873,0.0
5.253671133687021e-5,0.0
1.2608810720848851e-5,0.0
3.026114427484572e-6,0.0
7.262678991537541e-7,0.0
1.743046595947817e-7,0.0
4.183311830274761e-8,0.0
1.0039912012871355e-8,0.0
2.409251464996487e-9,0.0
0.0,0.0
0.0,0.0
0.0,0.0
0.0,0.0
0.0,0.0
0.0,0.0
0.0,0.0
0.0,0.0
4988.127540294321,0.0
2203.023069376315,0.0
528.7255366503159,0.0
126.89412879607607,0.0
30.454590911058403,0.0
7.309101818654199,0.0
1.7541844364768622,0.0
0.4210042647546288,0.0
0.10104102354125644,0.0
0.024249845650047064,0.0
0.005819962955683877,0.0
0.0013967911090730922,0.0
0.0003352298663230613,0.0
8.04551679175347e-5,0.0
0.0,0.0
0.0,0.0
0.0,0.0
0.0,0.0
0.0,0.0
0.0,0.0
2611.851200209123,0.0
0.0,0.0
0.0,0.0
0.0,0.0
0.0,0.0
4545.682860115696,0.0
2539.28102631207,0.0
609.4274463148968,0.0
146.26258711557512,0.0
35.10302090773803,0.0
8.424725017856872,0.0
2.0219340042858676,0.0
0.485264161028681,0.0
0.11646339864728361,0.0
0.027951215675784624,0.0
0.00670829176215193,0.0
0.0016099900230983621,0.0
0.0003863976053253282,0.0
9.273542491428088e-5,0.0
0.0,0.0
0.0,0.0
2.225650223408593e-5,0.0
5.341560608940199e-6,0.0
1.281974618905224e-6,0.0
3.0767478165216744e-7,0.0
7.384187483694404e-8,0.0
1.772241375874728e-8,0.0
4.253706720191985e-9,0.0
1.0213625500909984e-9,0.0
2.455635694786906e-10,0.0
5.911715561524034e-11,0.0
1.4551915228366852e-11,0.0
3.637978807091713e-12,0.0
1.8189894035458565e-12,0.0
9.094947017729282e-13,0.0
9.094947017729282e-13,0.0
9.094947017729282e-13,0.0
9.094947017729282e-13,0.0
0.0,0.0
0.0,0.0
0.0,0.0
0.0,0.0
0.0,0.0
0.0,0.0
0.0,0.0
0.0,0.0
0.0,0.0
0.0,0.0
0.0,0.0
0.0,0.0
0.0,0.0
0.0,0.0
0.0,0.0
0.0,0.0
0.0,0.0
0.0,0.0
0.0,0.0
0.0,0.0
0.0,0.0
0.0,0.0
0.0,0.0
0.0,0.0
0.0,0.0
0.0,0.0
0.0,0.0
0.0,0.0
0.0,0.0
0.0,0.0
0.0,0.0
0.0,0.0
0.0,0.0
0.0,0.0
0.0,0.0
0.0,0.0
0.0,0.0
0.0,0.0
0.0,0.0
0.0,0.0
0.0,0.0
0.0,0.0
0.0,0.0
0.0,0.0
0.0,0.0
0.0,0.0
0.0,0.0
0.0,0.0
0.0,0.0
0.0,0.0
0.0,0.0
0.0,0.0
0.0,0.0
0.0,0.0
0.0,0.0
0.0,0.0
0.0,0.0
0.0,0.0
0.0,0.0
0.0,0.0
0.0,0.0
0.0,0.0
0.0,0.0
0.0,0.0
0.0,0.0
0.0,0.0
0.0,0.0
0.0,0.0
0.0,0.0
0.0,0.0
0.0,0.0
0.0,0.0
0.0,0.0
0.0,0.0
0.0,0.0
0.0,0.0
0.0,0.0
0.0,0.0
0.0,0.0
0.0,0.0
0.0,0.0
0.0,0.0
0.0,0.0
0.0,0.0
0.0,0.0
0.0,0.0
0.0,0.0
0.0,0.0
0.0,0.0
0.0,0.0
0.0,0.0
0.0,0.0
0.0,0.0
0.0,0.0
0.0,0.0
0.0,0.0
0.0,0.0
0.0,0.0
0.0,0.0
0.0,0.0
0.0,0.0
0.0,0.0
0.0,0.0
0.0,0.0
0.0,0.0
1219.2276479539462,0.0
5067.386987555001,0.0
0.0,0.0
0.0,0.0
0.0,0.0
0.0,0.0
0.0,0.0
0.0,0.0
0.0,0.0
0.0,0.0
0.0,0.0
0.0,0.0
2137.961981411878,0.0
3185.7502995719587,0.0
0.0,0.0
0.0,0.0
0.0,0.0
0.0,0.0
0.0,0.0
0.0,0.0
0.0,0.0
0.0,0.0
0.0,0.0
0.0,0.0
0.0,0.0
0.0,0.0
0.0,0.0
0.0,0.0
0.0,0.0
0.0,0.0
0.0,0.0
0.0,0.0
0.0,0.0
0.0,0.0
0.0,0.0
0.0,0.0
0.0,0.0
0.0,0.0
0.0,0.0
0.0,0.0
0.0,0.0
0.0,0.0
0.0,0.0
0.0,0.0
0.0,0.0
0.0,0.0
0.0,0.0
0.0,0.0
5994.0,0.0
1438.5600000000004,0.0
345.2543999999998,0.0
0.0,0.0
0.0,0.0
0.0,0.0
0.0,0.0
2903.1983181499672,0.0
0.0,0.0
0.0,0.0
0.0,0.0
0.0,0.0
0.0,0.0
0.0,0.0
0.0,0.0
0.0,0.0
3787.569278206025,0.0
909.0166267694458,0.0
218.16399042466674,0.0
52.35935770192009,0.0
12.566245848461222,0.0
3.015899003630693,0.0
0.7238157608717302,0.0
0.17371578260917886,0.0
0.041691787826493965,0.0
0.010006029078795109,0.0
0.002401446979092725,0.0
0.0,0.0
0.0,0.0
2838.4302733006334,0.0
2030.3681871778663,0.0
487.28836492268783,0.0
116.94920758144508,0.0
28.06780981954671,0.0
6.736274356690956,0.0
1.616705845605793,0.0
0.38800940294549946,0.0
0.09312225670873886,0.0
0.0,0.0
0.0,0.0
0.0,0.0
0.0,0.0
0.0,0.0
0.0,0.0
0.0,0.0
0.0,0.0
5994.0,0.0
1438.5600000000004,0.0
345.2543999999998,0.0
82.86105599999973,0.0
19.886653440000373,0.0
4.7727968256003805,0.0
1.1454712381437275,0.0
0.27491309715423995,0.0
0.06597914331723587,0.0
0.01583499439584557,0.0
0.0038003986546755186,0.0
0.0009120956774495426,0.0
0.00021890296284254873,0.0
5.253671133687021e-5,0.0
1.2608810720848851e-5,0.0
3.026114427484572e-6,0.0
7.262678991537541e-7,0.0
1.743046595947817e-7,0.0
4.183311830274761e-8,0.0
0.0,0.0
0.0,0.0
0.0,0.0
0.0,0.0
0.0,0.0
0.0,0.0
0.0,0.0
3852.8328906746933,0.0
3065.847003087233,0.0
735.8032807409363,0.0
176.5927873778246,0.0
42.382268970677615,0.0
10.171744552962991,0.0
2.441218692711118,0.0
0.5858924862504864,0.0
0.14061419669997122,0.0
0.03374740720799309,0.0
0.0,0.0
0.0,0.0
0.0,0.0
5982.945304987006,0.0
0.0,0.0
0.0,0.0
0.0,0.0
0.0,0.0
0.0,0.0
0.0,0.0
0.0,0.0
0.0,0.0
0.0,0.0
0.0,0.0
0.0,0.0
0.0,0.0
0.0,0.0
0.0,0.0
0.0,0.0
0.0,0.0
0.0,0.0
5994.0,0.0
1438.5600000000004,0.0
345.2543999999998,0.0
82.86105599999973,0.0
19.886653440000373,0.0
0.0,0.0
0.0,0.0
4.7727968256003805,0.0
1.1454712381437275,0.0
0.27491309715423995,0.0
0.06597914331723587,0.0
0.01583499439584557,0.0
0.0,0.0
0.0,0.0
0.0,0.0
0.0,0.0
0.0,0.0
0.0,0.0
0.0,0.0
0.0,0.0
0.0,0.0
0.0,0.0
0.0,0.0
0.0,0.0
0.0,0.0
0.0,0.0
0.0,0.0
0.0,0.0
0.0,0.0
0.0,0.0
0.0,0.0
0.0,0.0
0.0,0.0
0.0,0.0
0.0,7.275957614183426e-12
0.0,0.0
0.0,0.0
0.0,0.0
0.0,0.0
0.0,0.0
0.0,0.0
0.0,0.0
0.0038003986546755186,0.0
0.0009120956774495426,0.0
0.00021890296284254873,0.0
5.253671133687021e-5,0.0
1.2608810720848851e-5,0.0
3.026114427484572e-6,0.0
7.262678991537541e-7,0.0
1.743046595947817e-7,0.0
4.183311830274761e-8,0.0
1.0039912012871355e-8,0.0
2.409251464996487e-9,0.0
5.784386303275824e-10,0.0
1.3915268937125802e-10,0.0
3.3651303965598345e-11,0.0
0.0,0.0
0.0,0.0
0.0,0.0
1701.473020322359,0.0
1635.0028030833928,0.0
0.0,0.0
0.0,0.0
0.0,0.0
0.0,0.0
5994.0,0.0
1438.5600000000004,0.0
345.2543999999998,0.0
0.0,0.0
0.0,0.0
0.0,0.0
0.0,0.0
0.0,0.0
0.0,0.0
0.0,0.0
0.0,0.0
0.0,0.0
0.0,0.0
0.0,0.0
0.0,0.0
0.0,0.0
0.0,0.0
0.0,0.0
0.0,0.0
0.0,0.0
0.0,0.0
0.0,0.0
0.0,0.0
0.0,0.0
0.0,0.0
0.0,0.0
0.0,0.0
0.0,0.0
0.0,0.0
0.0,0.0
5994.0,0.0
1438.5600000000004,0.0
345.2543999999998,0.0
82.86105599999973,0.0
19.886653440000373,0.0
0.0,0.0
2808.2126045720997,0.0
2493.1143294812173,0.0
598.3474390754918,0.0
0.0,0.0
0.0,0.0
5994.0,0.0
1438.5600000000004,0.0
345.2543999999998,0.0
82.86105599999973,0.0
19.886653440000373,0.0
4.7727968256003805,0.0
1.1454712381437275,0.0
0.27491309715423995,0.0
0.06597914331723587,0.0
0.01583499439584557,0.0
0.0038003986546755186,0.0
0.0009120956774495426,0.0
0.00021890296284254873,0.0
5.253671133687021e-5,0.0
1.2608810720848851e-5,0.0
3.0261145730037244e-6,0.0
0.0,0.0
0.0,0.0
0.0,0.0
0.0,0.0
0.0,0.0
0.0,0.0
0.0,0.0
0.0,0.0
0.0,0.0
0.0,0.0
0.0,0.0
0.0,0.0
0.0,0.0
0.0,0.0
0.0,0.0
0.0,0.0
0.0,0.0
0.0,0.0
0.0,0.0
0.0,0.0
0.0,0.0
0.0,0.0
0.0,0.0
0.0,0.0
0.0,0.0
0.0,0.0
0.0,0.0
0.0,0.0
0.0,0.0
0.0,0.0
5994.0,0.0
0.0,0.0
0.0,0.0
0.0,0.0
0.0,0.0
593.182347951155,0.0
4377.705676243873,0.0
1050.649362298529,0.0
252.1558469516467,0.0
60.517403268395356,0.0
14.524176784414522,0.0
3.485802428259376,0.0
0.836592582782032,0.0
0.20078221986750577,0.0
0.048187732768383285,0.0
0.011565055864593887,0.0
0.0027756134077208117,0.0
0.000666147217998514,0.0
0.0001598753324287827,0.0
3.8370079892047215e-5,0.0
9.20881939237006e-6,0.0
2.2101166905486025e-6,0.0
5.30428224010393e-7,0.0
1.2730277376249433e-7,0.0
0.0,0.0
0.0,0.0
0.0,0.0
0.0,0.0
0.0,0.0
0.0,0.0
0.0,0.0
0.0,0.0
0.0,0.0
4836.558449648153,0.0
2318.215578267404,0.0
556.3717387841752,0.0
0.0,0.0
0.0,0.0
0.0,0.0
0.0,0.0
0.0,0.0
0.0,0.0
0.0,0.0
2855.8276136578515,0.0
3823.5710136200328,0.0
917.6570432688077,0.0
220.23769038451428,0.0
52.857045692283435,0.0
0.0,0.0
0.0,0.0
0.0,0.0
0.0,0.0
0.0,0.0
0.0,0.0
0.0,0.0
0.0,0.0
0.0,0.0
0.0,0.0
0.0,0.0
0.0,0.0
0.0,0.0
0.0,0.0
0.0,0.0
0.0,0.0
0.0,0.0
0.0,0.0
0.0,0.0
0.0,0.0
0.0,0.0
2894.5393743724176,0.0
3794.1500754769627,0.0
910.596018114471,0.0
0.0,0.0
220.70385507765695,0.0
52.968925218638105,0.0
12.712542052473509,0.0
3.0510100925939696,0.0
0.0,0.0
0.0,0.0
0.0,0.0
3218.397896018959,0.0
0.0,0.0
436.2531661222747,0.0
0.0,0.0
0.0,0.0
0.0,0.0
0.0,0.0
5994.0,0.0
0.0,0.0
0.0,0.0
0.0,0.0
0.0,0.0
0.0,0.0
0.0,0.0
0.0,0.0
0.0,0.0
0.0,0.0
0.0,0.0
0.0,0.0
0.0,0.0
0.0,0.0
0.0,0.0
0.0,0.0
0.0,0.0
0.0,0.0
0.0,0.0
1438.5600000000004,0.0
345.2543999999998,0.0
82.86105599999973,0.0
19.886653440000373,0.0
0.0,0.0
4.7727968256003805,0.0
1.1454712381437275,0.0
0.27491309715423995,0.0
0.06597914331723587,0.0
0.01583499439584557,0.0
0.0038003986546755186,0.0
0.0,0.0
0.0,0.0
0.0,0.0
0.0,0.0
0.0,0.0
0.0,0.0
0.0,0.0
0.0,0.0
0.0,0.0
0.0,0.0
0.0009120956774495426,0.0
0.00021890296284254873,0.0
5.253671133687021e-5,0.0
1.2608810720848851e-5,0.0
3.026114427484572e-6,0.0
7.262678991537541e-7,0.0
1.743046595947817e-7,0.0
4.183311830274761e-8,0.0
1.0039912012871355e-8,0.0
2.409251464996487e-9,0.0
5.784386303275824e-10,0.0
1.3915268937125802e-10,0.0
0.0,0.0
0.0,0.0
125.92622263280737,0.0
30.222293431873368,0.0
7.253350423649607,0.0
0.0,0.0
0.0,0.0
0.0,0.0
5994.0,0.0
1438.5600000000004,0.0
345.2543999999998,0.0
82.86105599999973,0.0
19.886653440000373,0.0
4.7727968256003805,0.0
1.1454712381437275,0.0
0.27491309715423995,0.0
0.06597914331723587,0.0
0.0,0.0
0.0,0.0
0.0,0.0
0.0,0.0
0.0,0.0
0.0,0.0
0.0,0.0
0.0,0.0
0.0,0.0
0.0,0.0
0.0,0.0
0.0,0.0
0.0,0.0
0.0,0.0
0.0,0.0
0.0,0.0
0.0,0.0
0.0,0.0
0.0,0.0
0.0,0.0
0.0,0.0
0.0,0.0
0.0,0.0
0.0,0.0
0.0,0.0
0.0,0.0
0.0,0.0
0.0,0.0
0.0,0.0
0.0,0.0
0.0,0.0
0.0,0.0
0.0,0.0
0.0,0.0
5994.0,0.0
1438.5600000000004,0.0
345.2543999999998,0.0
82.86105599999973,0.0
19.886653440000373,0.0
4.7727968256003805,0.0
1.1454712381437275,0.0
0.27491309715423995,0.0
0.06597914331723587,0.0
0.01583499439584557,0.0
0.0038003986546755186,0.0
0.0009120956774495426,0.0
0.0,0.0
0.0,0.0
0.00021890296284254873,0.0
0.0,0.0
0.0,0.0
0.0,0.0
0.0,0.0
0.0,0.0
0.0,0.0
5.253671133687021e-5,0.0
0.0,0.0
0.0,0.0
1.2608810720848851e-5,0.0
3.026114427484572e-6,0.0
7.262678991537541e-7,0.0
1.743046595947817e-7,0.0
4.183311830274761e-8,0.0
1.0039912012871355e-8,0.0
2.409251464996487e-9,0.0
5.784386303275824e-10,0.0
1.3915268937125802e-10,0.0
3.3651303965598345e-11,0.0
8.185452315956354e-12,0.0
1.8189894035458565e-12,0.0
0.0,0.0
0.0,0.0
0.0,0.0
0.0,0.0
0.0,0.0
1576.8360196215835,0.0
2248.2852137351074,0.0
0.0,0.0
0.0,0.0
0.0,0.0
0.0,0.0
2744.2985741386237,0.0
3908.333083654646,0.0
937.9999400771148,0.0
225.1199856185076,0.0
0.0,0.0
0.0,0.0
2028.166082690961,0.0
1359.0070077084856,0.0
0.0,0.0
0.0,0.0
0.0,0.0
5994.0,0.0
1438.5600000000004,0.0
345.2543999999998,0.0
82.86105599999973,0.0
0.0,0.0
0.0,0.0
0.0,0.0
0.0,0.0
0.0,0.0
0.0,0.0
0.0,0.0
0.0,0.0
0.0,0.0
5994.0,0.0
1438.5600000000004,0.0
345.2543999999998,0.0
82.86105599999973,0.0
0.0,0.0
51.69210310868584,0.0
12.406104746084566,0.0
2.977465139059859,0.0
0.7145916333747664,0.0
0.17150199200994398,0.0
0.0,0.0
0.0,0.0
0.0,0.0
0.0,0.0
0.0,0.0
0.0,0.0
5994.0,0.0
0.0,0.0
0.0,0.0
0.0,0.0
0.0,0.0
0.0,0.0
1438.5600000000004,0.0
345.2543999999998,0.0
82.86105599999973,0.0
19.886653440000373,0.0
4.7727968256003805,0.0
1.1454712381437275,0.0
0.27491309715423995,0.0
0.06597914331723587,0.0
0.01583499439584557,0.0
0.0038003986546755186,0.0
0.0009120956774495426,0.0
0.00021890296284254873,0.0
0.0,0.0
1911.4113933954923,0.0
458.7387344149183,0.0
110.09729625958062,0.0
26.42335110229942,0.0
6.3416042645518615,0.0
0.0,0.0
0.0,0.0
5994.0,0.0
1438.5600000000004,0.0
345.2543999999998,0.0
82.86105599999973,0.0
19.886653440000373,0.0
4.7727968256003805,0.0
1.1454712381437275,0.0
0.27491309715423995,0.0
0.06597914331723587,0.0
0.0,0.0
0.0,0.0
0.0,0.0
0.0,0.0
0.0,0.0
0.0,0.0
0.0,0.0
0.0,0.0
0.0,0.0
5994.0,0.0
1438.5600000000004,0.0
345.2543999999998,0.0
82.86105599999973,0.0
19.886653440000373,0.0
4.7727968256003805,0.0
1.1454712381437275,0.0
0.27491309715423995,0.0
0.06597914331723587,0.0
0.01583499439584557,0.0
0.0,0.0
0.0,0.0
4794.729542250192,0.0
1150.735090140046,0.0
276.1764216336105,0.0
66.28234119206653,0.0
0.0,0.0
0.0,0.0
0.0,0.0
0.0,0.0
0.0,0.0
0.0,0.0
0.0,0.0
0.0,0.0
5363.437829339549,0.0
1917.7872497019425,0.0
0.0,0.0
0.0,0.0
0.0,0.0
0.0,0.0
0.0,0.0
0.0,0.0
0.0,0.0
0.0,0.0
0.0,0.0
0.0,0.0
5994.0,0.0
1438.5600000000004,0.0
345.2543999999998,0.0
0.0,0.0
0.0,0.0
0.0,0.0
1794.7974772249509,0.0
4296.053959355293,0.0
1364.952908199015,0.0
0.0,0.0
0.0,0.0
2845.5446867817227,0.0
0.0,0.0
0.0,0.0
0.0,0.0
0.0,0.0
0.0,0.0
0.0,0.0
0.0,0.0
0.0,0.0
0.0,0.0
0.0,0.0
0.0,0.0
0.0,0.0
0.0,0.0
0.0,0.0
0.0,0.0
0.0,0.0
0.0,0.0
0.0,0.0
0.0,0.0
0.0,0.0
0.0,0.0
3831.386038045891,0.0
919.5326491310134,0.0
220.68783579144292,0.0
52.96508058994641,0.0
12.711619341586811,0.0
3.050788641980944,0.0
0.7321892740756084,0.0
0.1757254257781824,0.0
0.04217410218643636,0.0
0.010121784524926625,0.0
0.0024292282860187697,0.0
0.0005830147883898462,0.0
0.000139923548886145,0.0
3.358165213285247e-5,0.0
8.059596439125016e-6,0.0
1.9343033272889443e-6,0.0
4.64232471131254e-7,0.0
1.1141579307150098e-7,0.0
0.0,0.0
0.0,0.0
0.0,0.0
0.0,0.0
0.0,0.0
333.86054660125956,0.0
474.4758234057493,0.0
0.0,0.0
2781.2511616313313,0.0
3880.2491171601882,0.0
931.2597881184447,0.0
223.50234914842622,0.0
53.640563795622285,0.0
0.0,0.0
0.0,0.0
5994.0,0.0
1438.5600000000004,0.0
345.25440000000003,0.0
0.0,0.0
0.0,0.0
0.0,0.0
5994.0,0.0
1438.5600000000004,0.0
345.25440000000003,0.0
0.0,0.0
0.0,0.0
0.0,0.0
0.0,0.0
0.0,0.0
0.0,0.0
0.0,0.0
0.0,0.0
0.0,0.0
1134.179003469475,0.0
4824.446941635804,0.0
0.0,0.0
0.0,0.0
0.0,0.0
0.0,0.0
0.0,0.0
0.0,0.0
0.0,0.0
0.0,0.0
0.0,0.0
821.0316069899127,0.0
5370.015978687667,0.0
1288.8038348850396,0.0
309.3129203724095,0.0
0.0,0.0
0.0,0.0
0.0,0.0
0.0,0.0
0.0,0.0
0.0,0.0
0.0,0.0
0.0,0.0
0.0,0.0
5553.255770668013,0.0
1773.52561429231,0.0
0.0,0.0
0.0,0.0
0.0,0.0
0.0,0.0
0.0,0.0
0.0,0.0
0.0,0.0
0.0,0.0
0.0,0.0
0.0,0.0
5994.0,0.0
1438.5600000000004,0.0
345.2543999999998,0.0
0.0,0.0
0.0,0.0
0.0,0.0
0.0,0.0
0.0,0.0
717.4484933426756,0.0
138.48142957253003,0.0
0.0,0.0
5994.0,0.0
1438.5600000000004,0.0
345.2543999999998,0.0
82.86105599999973,0.0
19.886653440000373,0.0
0.0,0.0
0.0,0.0
0.0,0.0
0.0,0.0
0.0,0.0
0.0,0.0
0.0,0.0
0.0,0.0
5994.0,0.0
1438.5600000000004,0.0
345.2543999999998,0.0
82.86105599999973,0.0
0.0,0.0
0.0,0.0
3442.4057463209538,0.0
3377.7716327960757,0.0
810.6651918710577,0.0
194.5596460490542,0.0
0.0,0.0
5994.0,0.0
1438.5600000000004,0.0
345.2543999999998,0.0
82.86105599999973,0.0
19.886653439999932,0.0
0.0,0.0
0.0,0.0
0.0,0.0
994.8234057463231,0.0
0.0,0.0
0.0,0.0
0.0,0.0
0.0,0.0
0.0,0.0
0.0,0.0
0.0,0.0
0.0,0.0
0.0,0.0
5237.934211632794,0.0
0.0,0.0
0.0,0.0
0.0,0.0
0.0,0.0
0.0,0.0
0.0,0.0
0.0,0.0
0.0,0.0
0.0,0.0
0.0,0.0
0.0,0.0
0.0,0.0
0.0,0.0
0.0,0.0
0.0,0.0
0.0,0.0
0.0,0.0
0.0,0.0
0.0,0.0
0.0,0.0
0.0,0.0
0.0,0.0
0.0,0.0
0.0,0.0
0.0,0.0
0.0,0.0
0.0,0.0
0.0,0.0
0.0,0.0
0.0,0.0
0.0,0.0
0.0,0.0
1257.104210791871,0.0
301.7050105900489,0.0
72.4092025416121,0.0
17.37820860998727,0.0
4.170770066397381,0.0
1.000984815935226,0.0
0.24023635582489078,0.0
0.057656725398373965,0.0
0.01383761409579165,0.0
0.003321027383208275,0.0
0.0007970465721882647,0.0
0.00019129117754346225,0.0
4.590988282870967e-5,0.0
1.101837187889032e-5,0.0
2.6444095055921935e-6,0.0
0.0,0.0
1475.4057469556083,0.0
354.097379269346,0.0
84.98337102464302,0.0
0.0,0.0
0.0,0.0
0.0,0.0
2143.7096346385088,0.0
4186.53488003471,0.0
0.0,0.0
0.0,0.0
0.0,0.0
0.0,0.0
0.0,0.0
0.0,0.0
0.0,0.0
0.0,0.0
0.0,0.0
0.0,0.0
5994.0,0.0
1438.5600000000004,0.0
345.2543999999998,0.0
0.0,0.0
0.0,0.0
0.0,0.0
0.0,0.0
0.0,0.0
0.0,0.0
0.0,0.0
0.0,0.0
3432.337422174496,0.0
3385.4235591473835,0.0
812.5016541953719,0.0
195.00039700688922,0.0
46.8000952816534,0.0
0.0,0.0
0.0,0.0
0.0,0.0
0.0,0.0
0.0,0.0
2253.5894231128987,0.0
0.0,0.0
0.0,0.0
0.0,0.0
4281.272038434197,0.0
0.0,0.0
0.0,0.0
0.0,0.0
0.0,0.0
0.0,0.0
0.0,0.0
0.0,0.0
0.0,0.0
0.0,0.0
0.0,0.0
0.0,0.0
0.0,0.0
0.0,0.0
0.0,0.0
0.0,0.0
0.0,0.0
0.0,0.0
0.0,0.0
0.0,0.0
0.0,0.0
0.0,0.0
0.0,0.0
0.0,0.0
0.0,0.0
0.0,0.0
0.0,0.0
0.0,0.0
0.0,0.0
0.0,0.0
0.0,0.0
0.0,0.0
0.0,0.0
0.0,0.0
0.0,0.0
1027.5052892242074,0.0
0.0,0.0
246.60126941380986,0.0
59.184304659313966,0.0
14.204233118235607,0.0
3.409015948376691,0.0
0.8181638276100784,0.0
0.19635931862649159,0.0
0.04712623646992142,0.0
0.011310296752526483,0.0
0.0027144712203153176,0.0
0.0006514730930575752,0.0
0.0001563535424793372,0.0
3.752485008590156e-5,0.0
9.005963875097223e-6,0.0
2.1614313300233333e-6,0.0
0.0,0.0
0.0,0.0
0.0,0.0
0.0,0.0
0.0,0.0
1586.1123172358275,0.0
0.0,0.0
5603.590423971418,0.0
0.0,0.0
1344.8617017531406,0.0
322.7668084207535,0.0
77.46403402098076,0.0
18.59136816503542,0.0
4.461928359608464,0.0
1.0708628063057404,0.0
0.2570070735137051,0.0
0.061681697643507505,0.0
0.014803607434259902,0.0
0.003552865784513415,0.0
0.00085268778821046,0.0
0.00020464506906137103,0.0
4.9114816647488624e-5,0.0
1.1787556104536634e-5,0.0
2.8290134650887915e-6,0.0
0.0,0.0
0.0,0.0
0.0,0.0
0.0,0.0
0.0,0.0
0.0,0.0
0.0,0.0
0.0,0.0
5994.0,0.0
1438.5600000000004,0.0
345.2543999999998,0.0
0.0,0.0
0.0,0.0
0.0,0.0
0.0,0.0
0.0,0.0
0.0,0.0
0.0,0.0
0.0,0.0
0.0,0.0
3735.250682063402,0.0
3155.2094816318145,0.0
757.2502755916357,0.0
181.74006614199254,0.0
0.0,0.0
0.0,0.0
0.0,0.0
0.0,0.0
0.0,0.0
0.0,0.0
0.0,0.0
941.0070221182685,0.0
5278.834663190116,0.0
1266.920319165628,0.0
304.0608765997504,0.0
72.97461038394007,0.0
0.0,0.0
0.0,0.0
87.23545900490717,0.0
0.0,0.0
0.0,0.0
0.0,0.0
0.0,0.0
0.0,0.0
0.0,0.0
0.0,0.0
604.5056307020117,0.0
0.0,0.0
0.0,0.0
0.0,0.0
0.0,0.0
0.0,0.0
0.0,0.0
0.0,0.0
0.0,0.0
0.0,0.0
0.0,0.0
0.0,0.0
0.0,0.0
0.0,0.0
0.0,0.0
0.0,0.0
0.0,0.0
0.0,0.0
0.0,0.0
0.0,0.0
0.0,0.0
0.0,0.0
0.0,0.0
0.0,0.0
5994.0,0.0
1438.5600000000004,0.0
345.2543999999998,0.0
82.86105599999973,0.0
19.886653440000373,0.0
4.7727968256003805,0.0
1.1454712381437275,0.0
0.27491309715423995,0.0
0.06597914331723587,0.0
0.01583499439584557,0.0
0.0038003986546755186,0.0
0.0009120956774495426,0.0
0.00021890296284254873,0.0
5.253671133687021e-5,0.0
0.0,0.0
0.0,0.0
0.0,0.0
0.0,0.0
0.0,0.0
457.6837753852478,0.0
109.11835948836597,0.0
5563.230377496053,0.0
1335.1752905990525,0.0
320.44206974377266,0.0
76.90609673850577,0.0
18.45746321724164,0.0
4.429791172137811,0.0
0.0,0.0
115.74141555711321,0.0
0.0,0.0
343.98177995795413,0.0
2249.960923429916,0.0
1291.507942557294,0.0
309.9619062137508,0.0
74.39085749130027,0.0
17.853805797912173,0.0
4.284913391498776,0.0
1.028379213959706,0.0
0.0,0.0
0.0,0.0
0.0,0.0
0.0,0.0
0.0,0.0
0.0,0.0
0.0,0.0
5994.0,0.0
1438.5600000000004,0.0
345.2543999999998,0.0
82.86105599999973,0.0
0.0,0.0
0.0,0.0
0.0,0.0
0.0,0.0
0.0,0.0
0.0,0.0
0.0,0.0
0.0,0.0
0.0,0.0
0.0,0.0
651.8183865888841,0.0
0.0,0.0
0.0,0.0
0.0,0.0
0.0,0.0
0.0,0.0
0.0,0.0
0.0,0.0
0.0,0.0
0.0,0.0
0.0,0.0
5994.0,0.0
1438.5600000000004,0.0
345.2543999999998,0.0
0.0,0.0
0.0,0.0
0.0,0.0
0.0,0.0
0.0,0.0
0.0,0.0
0.0,0.0
0.0,0.0
0.0,0.0
0.0,0.0
4100.658488984351,0.0
2877.499548371894,0.0
690.5998916092544,0.0
0.0,0.0
0.0,0.0
0.0,0.0
0.0,0.0
0.0,0.0
0.0,0.0
0.0,0.0
0.0,0.0
0.0,0.0
0.0,0.0
4296.396796830048,0.0
1723.753094565638,0.0
0.0,0.0
0.0,0.0
4569.448474200405,0.0
0.0,0.0
0.0,0.0
0.0,0.0
0.0,0.0
0.0,0.0
0.0,0.0
0.0,0.0
0.0,0.0
0.0,0.0
0.0,0.0
0.0,0.0
0.0,0.0
0.0,0.0
0.0,0.0
0.0,0.0
0.0,0.0
0.0,0.0
0.0,0.0
0.0,0.0
1096.667633808097,0.0
263.20023211394346,0.0
63.168055707346866,0.0
15.160333369763066,0.0
3.6384800087434996,0.0
0.8732352020988401,0.0
0.20957644850386714,0.0
0.050298347640818974,0.0
0.012071603433469136,0.0
0.0028971848241781117,0.0
0.0006953243573661894,0.0
0.0001668778459134046,0.0
4.005068331025541e-5,0.0
9.612163994461296e-6,0.0
0.0,0.0
0.0,0.0
0.0,0.0
0.0,0.0
0.0,0.0
0.0,0.0
0.0,0.0
0.0,0.0
0.0,0.0
0.0,0.0
357.83182965909145,0.0
0.0,0.0
0.0,0.0
0.0,0.0
0.0,0.0
0.0,0.0
0.0,0.0
0.0,0.0
0.0,0.0
0.0,0.0
5542.298536218121,0.0
1781.8531124742285,0.0
427.6447469938148,0.0
62.09692252386958,0.0
0.0,0.0
0.0,0.0
0.0,0.0
0.0,0.0
0.0,0.0
0.0,0.0
0.0,0.0
0.0,0.0
1461.3687331317014,0.0
3555.2282381832156,0.0
0.0,0.0
0.0,0.0
0.0,0.0
0.0,0.0
0.0,0.0
0.0,0.0
0.0,0.0
0.0,0.0
0.0,0.0
0.0,0.0
0.0,0.0
0.0,0.0
0.0,0.0
0.0,0.0
0.0,0.0
0.0,0.0
0.0,0.0
0.0,0.0
0.0,0.0
0.0,0.0
0.0,0.0
0.0,0.0
0.0,0.0
0.0,0.0
0.0,0.0
0.0,0.0
0.0,0.0
0.0,0.0
0.0,0.0
0.0,0.0
0.0,0.0
0.0,0.0
5994.0,0.0
0.0,0.0
0.0,0.0
0.0,0.0
1438.5600000000004,0.0
345.2543999999998,0.0
82.86105599999973,0.0
19.886653440000373,0.0
4.7727968256003805,0.0
1.1454712381437275,0.0
0.27491309715423995,0.0
0.06597914331723587,0.0
0.01583499439584557,0.0
0.0038003986546755186,0.0
0.0009120956774495426,0.0
0.00021890296284254873,0.0
5.253671133687021e-5,0.0
1.2608810720848851e-5,0.0
0.0,0.0
0.0,0.0
0.0,0.0
0.0,0.0
0.0,0.0
0.0,0.0
0.0,0.0
0.0,0.0
835.8613957676716,0.0
1532.7814489878274,0.0
0.0,0.0
0.0,0.0
0.0,0.0
0.0,0.0
0.0,0.0
0.0,0.0
0.0,0.0
0.0,0.0
0.0,0.0
0.0,0.0
0.0,0.0
985.994513914804,0.0
0.0,0.0
0.0,0.0
0.0,0.0
0.0,0.0
0.0,0.0
0.0,0.0
0.0,0.0
0.0,0.0
0.0,0.0
0.0,0.0
0.0,0.0
0.0,0.0
0.0,0.0
0.0,0.0
0.0,0.0
0.0,0.0
0.0,0.0
0.0,0.0
0.0,0.0
0.0,0.0
0.0,0.0
0.0,0.0
0.0,0.0
3471.5364003939703,0.0
0.0,0.0
0.0,0.0
0.0,0.0
0.0,0.0
0.0,0.0
0.0,0.0
0.0,0.0
0.0,0.0
0.0,0.0
0.0,0.0
0.0,0.0
0.0,0.0
0.0,0.0
0.0,0.0
0.0,0.0
0.0,0.0
0.0,0.0
0.0,0.0
0.0,0.0
0.0,0.0
0.0,0.0
0.0,0.0
0.0,0.0
0.0,0.0
0.0,0.0
0.0,0.0
0.0,0.0
0.0,0.0
0.0,0.0
0.0,0.0
0.0,0.0
0.0,0.0
0.0,0.0
0.0,0.0
1921.0980876944413,0.0
0.0,0.0
0.0,0.0
0.0,0.0
0.0,0.0
0.0,0.0
0.0,0.0
0.0,0.0
0.0,0.0
0.0,0.0
0.0,0.0
0.0,0.0
871.5256714203824,0.0
4110.661110807745,0.0
582.3448204641281,0.0
0.0,0.0
0.0,0.0
0.0,0.0
0.0,0.0
0.0,0.0
0.0,0.0
0.0,0.0
0.0,0.0
0.0,0.0
5994.0,0.0
1438.5600000000004,0.0
345.2543999999998,0.0
82.86105599999973,0.0
0.0,0.0
0.0,0.0
0.0,0.0
0.0,0.0
0.0,0.0
0.0,0.0
0.0,0.0
0.0,0.0
5173.567559921974,0.0
2062.0886544593,0.0
0.0,0.0
0.0,0.0
0.0,0.0
0.0,0.0
0.0,0.0
0.0,0.0
0.0,0.0
0.0,0.0
0.0,0.0
5994.0,0.0
1438.5600000000004,0.0
345.2543999999998,0.0
82.86105599999973,0.0
19.886653440000373,0.0
0.0,0.0
0.0,0.0
0.0,0.0
0.0,0.0
0.0,0.0
0.0,0.0
0.0,0.0
639.9190369507477,0.0
5507.661531917432,0.0
1321.8387676601833,0.0
317.24130423844394,0.0
0.0,0.0
0.0,0.0
0.0,0.0
0.0,0.0
0.0,0.0
0.0,0.0
0.0,0.0
0.0,0.0
0.0,0.0
3844.5064737878324,0.0
3072.1750799212473,0.0
737.3220191810992,0.0
0.0,0.0
0.0,0.0
0.0,0.0
0.0,0.0
0.0,0.0
0.0,0.0
0.0,0.0
0.0,0.0
0.0,0.0
4720.822619022338,0.0
2406.174809543024,0.0
577.4819542903258,0.0
0.0,0.0
0.0,0.0
0.0,0.0
0.0,0.0
0.0,0.0
0.0,0.0
0.0,0.0
0.0,0.0
0.0,0.0
0.0,0.0
0.0,0.0
0.0,0.0
0.0,0.0
0.0,0.0
0.0,0.0
5994.0,0.0
1438.5600000000004,0.0
345.2543999999998,0.0
82.86105599999973,0.0
0.0,0.0
19.886653440000373,0.0
4.7727968256003805,0.0
1.1454712381437275,0.0
0.27491309715423995,0.0
0.0,0.0
0.0,0.0
0.0,0.0
0.0,0.0
0.0,0.0
0.0,0.0
0.0,0.0
0.0,0.0
0.0,0.0
0.0,0.0
4733.088080979989,0.0
2396.853058455208,0.0
0.0,0.0
0.0,0.0
0.0,0.0
0.0,0.0
0.0,0.0
0.0,0.0
0.0,0.0
0.0,0.0
0.0,0.0
0.0,0.0
0.0,0.0
0.0,0.0
0.0,0.0
0.0,0.0
0.0,0.0
0.0,0.0
0.0,0.0
0.0,0.0
0.0,0.0
296.2104216152911,0.0
0.0,0.0
673.4372810091154,0.0
5257.06774600545,0.0
1261.6962590413077,0.0
302.8071021699143,0.0
72.67370452077921,0.0
17.441689084987047,0.0
4.186005380396637,0.0
1.0046412912952292,0.0
0.24111390991129156,0.0
0.05786733837885549,0.0
0.013888161211070837,0.0
0.003333158691020799,0.0
0.0007999580857358524,0.0
0.000191989940503845,0.0
4.607758546626428e-5,0.0
1.1058620511903424e-5,0.0
0.0,0.0
0.0,0.0
0.0,0.0
0.0,0.0
0.0,0.0
0.0,0.0
0.0,0.0
0.0,0.0
5994.0,0.0
1438.5600000000004,0.0
345.2543999999998,0.0
82.86105599999973,0.0
0.0,0.0
0.0,0.0
5994.0,0.0
1438.5600000000004,0.0
345.2543999999998,0.0
82.86105599999973,0.0
19.886653440000373,0.0
4.7727968256003805,0.0
1.1454712381437275,0.0
0.27491309715423995,0.0
0.06597914331723587,0.0
0.01583499439584557,0.0
0.0038003986546755186,0.0
0.0009120956774495426,0.0
0.00021890296284254873,0.0
5.253671133687021e-5,0.0
1.2608810720848851e-5,0.0
3.026114427484572e-6,0.0
7.262678991537541e-7,0.0
1.743046595947817e-7,0.0
4.183311830274761e-8,0.0
1.0039912012871355e-8,0.0
2.409251464996487e-9,0.0
5.784386303275824e-10,0.0
1.3915268937125802e-10,0.0
0.0,0.0
1889.6054660126174,0.0
0.0,0.0
0.0,0.0
0.0,0.0
0.0,0.0
0.0,0.0
151.9526218739593,0.0
5512.294975483132,0.0
0.0,0.0
0.0,0.0
0.0,0.0
0.0,0.0
0.0,0.0
0.0,0.0
0.0,0.0
0.0,0.0
0.0,0.0
1109.0437921107166,0.0
5151.126717995855,0.0
1236.2704123190051,0.0
296.704898956561,0.0
71.20917574957463,0.0
0.0,0.0
0.0,0.0
0.0,0.0
0.0,0.0
0.0,0.0
5994.0,0.0
397.74411954159933,0.0
1136.274469148385,0.0
272.70587259561216,0.0
65.4494094229467,0.0
15.707858261506772,0.0
3.7698859827614797,0.0
0.9047726358630825,0.0
0.0,0.0
0.0,0.0
3873.99229152067,0.0
1459.1517842322537,0.0
350.1964282157405,0.0
84.04714277177754,0.0
20.17131426522701,0.0
4.841115423654628,0.0
1.1618677016767833,0.0
0.2788482484020278,0.0
0.06692357961648668,0.0
0.0,0.0
0.0,0.0
0.0,0.0
772.91941135249,0.0
0.0,0.0
0.0,0.0
0.0,0.0
0.0,0.0
2908.645940332348,0.0
3783.4290853474154,0.0
0.0,0.0
0.0,0.0
0.0,0.0
0.0,0.0
0.0,0.0
0.0,0.0
0.0,0.0
0.0,0.0
0.0,0.0
2166.405259927334,0.0
4347.532002455226,0.0
1043.4076805892546,0.0
250.41784334142085,0.0
60.100282401941,0.0
0.0,0.0
0.0,0.0
0.0,0.0
961.3237561317474,0.0
2137.4372810091154,0.0
0.0,0.0
0.0,0.0
5994.0,0.0
1438.5600000000004,0.0
345.2543999999998,0.0
82.86105599999973,0.0
19.886653440000373,0.0
4.7727968256003805,0.0
1.1454712381437275,0.0
0.27491309715423995,0.0
0.06597914331723587,0.0
0.01583499439584557,0.0
0.0038003986546755186,0.0
0.0,0.0
0.0,0.0
4159.496684465487,0.0
998.2792042717174,0.0
239.58700902521218,0.0
0.0,0.0
0.0,0.0
0.0,0.0
0.0,0.0
0.0,0.0
0.0,0.0
0.0,0.0
0.0,0.0
948.4902063987573,0.0
5273.147443136944,0.0
1265.5553863528667,0.0
303.733292724688,0.0
72.8959902539251,0.0
0.0,0.0
0.0,0.0
0.0,0.0
2149.4078486334947,0.0
3821.9004905395923,0.0
1455.805662228453,0.0
349.39335893482894,0.0
83.85440614435902,0.0
20.125057474646383,0.0
4.830013793914986,0.0
1.1592033105398514,0.0
0.27820879452974623,0.0
0.0667701106867753,0.0
0.0,0.0
2572.623552308345,0.0
1048.2249474421842,0.0
251.57398738612392,0.0
0.0,0.0
0.0,0.0
1672.2091882136992,0.0
401.33020517128807,0.0
96.31924924110899,0.0
23.11661981786615,0.0
0.0,0.0
0.0,0.0
0.0,0.0
0.0,0.0
0.0,0.0
0.0,0.0
0.0,0.0
0.0,0.0
0.0,0.0
5994.0,0.0
1438.5600000000004,0.0
345.2543999999998,0.0
0.0,0.0
0.0,0.0
0.0,0.0
0.0,0.0
0.0,0.0
4668.324215981007,0.0
0.0,0.0
0.0,0.0
0.0,0.0
0.0,0.0
5994.0,0.0
1438.5600000000004,0.0
345.2543999999998,0.0
82.86105599999973,0.0
19.886653440000373,0.0
4.7727968256003805,0.0
1.1454712381437275,0.0
0.27491309715423995,0.0
0.06597914331723587,0.0
0.01583499439584557,0.0
0.0038003986546755186,0.0
0.0009120956774495426,0.0
0.00021890296284254873,0.0
5.253671133687021e-5,0.0
1.2608810720848851e-5,0.0
0.0,0.0
0.0,0.0
0.0,0.0
2322.3784162578886,0.0
0.0,0.0
0.0,0.0
0.0,0.0
0.0,0.0
0.0,0.0
0.0,0.0
0.0,0.0
0.0,0.0
0.0,0.0
0.0,0.0
0.0,0.0
0.0,0.0
0.0,0.0
0.0,0.0
0.0,0.0
0.0,0.0
885.5180069288344,0.0
4367.403019836973,0.0
2001.7800196579865,0.0
480.42720471791654,0.0
0.0,0.0
0.0,0.0
0.0,0.0
0.0,0.0
5480.07471186663,0.0
1315.2179308479908,0.0
315.6523034035181,0.0
75.7565528168443,0.0
0.0,0.0
0.0,0.0
0.0,0.0
0.0,0.0
18.18157267604238,0.0
4.363577442250062,0.0
1.047258586139833,0.0
0.2513420606737782,0.0
0.060322094561342965,0.0
0.0,0.0
0.0,0.0
0.0,0.0
0.0,0.0
0.01447730269501335,0.0
0.0034745526463666465,0.0
0.0008338926354554133,0.0
0.0002001342327275779,0.0
4.803221600013785e-5,0.0
1.1527731658134144e-5,0.0
2.7666555979521945e-6,0.0
6.63997525407467e-7,0.0
1.5935984265524894e-7,0.0
3.824607119895518e-8,0.0
9.178620530292392e-9,0.0
2.202796167694032e-9,0.0
5.284164217300713e-10,0.0
1.2641976354643703e-10,0.0
3.0340743251144885e-11,0.0
0.0,0.0
0.0,0.0
0.0,0.0
174.32235459004733,0.0
4395.997897687459,0.0
2520.5566082690957,0.0
604.9335859845833,0.0
145.18406063630027,0.0
34.8441745527125,0.0
8.362601892650673,0.0
2.0070244542357614,0.0
0.4816858690164736,0.0
0.11560460856395366,0.0
0.0,0.0
0.0,0.0
1267.9481429572552,0.0
2020.6734407848671,0.0
0.0,0.0
0.0,0.0
1039.2507182142797,0.0
5204.169454157147,0.0
1249.0006689977163,0.0
299.76016055945195,0.0
0.0,0.0
0.0,0.0
0.0,0.0
0.0,0.0
0.0,0.0
0.0,0.0
0.0,0.0
0.0,0.0
0.0,0.0
0.0,0.0
522.6675904100593,0.0
0.0,0.0
0.0,0.0
0.0,0.0
0.0,0.0
0.0,0.0
0.0,0.0
0.0,0.0
1263.1530979532072,0.0
0.0,0.0
5334.722151184491,0.0
0.0,0.0
0.0,0.0
0.0,0.0
0.0,0.0
0.0,7.275957614183426e-12
0.0,0.0
0.0,0.0
0.0,0.0
0.0,0.0
0.0,0.0
0.0,0.0
0.0,0.0
0.0,0.0
0.0,0.0
0.0,0.0
0.0,0.0
0.0,0.0
834.7607128872987,0.0
782.5963559915908,0.0
187.82312543798162,0.0
45.07755010511573,0.0
10.818612025227594,0.0
0.0,0.0
0.0,0.0
2.596466886054259,0.0
0.6231520526525856,0.0
0.14955649263629311,0.0
0.03589355823260121,0.0
0.008614453975496872,0.0
0.00206746895401011,0.0
0.0004961925487805274,0.0
0.00011908621127076913,0.0
2.858069092326332e-5,0.0
6.85936538502574e-6,0.0
1.6462472558487207e-6,0.0
3.950990503653884e-7,0.0
9.48239176068455e-8,0.0
2.275737642776221e-8,0.0
5.461515684146434e-9,0.0
1.310763764195144e-9,0.0
0.0,0.0
0.0,0.0
0.0,0.0
0.0,0.0
0.0,0.0
0.0,0.0
0.0,0.0
0.0,0.0
0.0,0.0
552.4573594084832,0.0
2399.205729585374,0.0
0.0,0.0
0.0,0.0
0.0,0.0
0.0,0.0
3028.31254379818,0.0
2957.2137351086167,0.0
0.0,0.0
0.0,0.0
3939.443028240155,0.0
3000.0232985374823,0.0
720.0055916489964,0.0
172.80134199575878,0.0
41.4723220789821,0.0
0.0,0.0
0.0,0.0
0.0,0.0
0.0,0.0
0.0,0.0
0.0,0.0
0.0,0.0
0.0,0.0
0.0,0.0
0.0,0.0
0.0,0.0
0.0,0.0
0.0,0.0
0.0,0.0
0.0,0.0
0.0,0.0
0.0,0.0
0.0,0.0
0.0,0.0
0.0,0.0
0.0,0.0
0.0,0.0
0.0,0.0
0.0,0.0
0.0,0.0
0.0,0.0
0.0,0.0
0.0,0.0
0.0,0.0
0.0,0.0
0.0,0.0
0.0,0.0
0.0,0.0
0.0,0.0
5994.0,0.0
0.0,0.0
0.0,0.0
0.0,0.0
1438.5600000000004,0.0
0.0,0.0
0.0,0.0
0.0,0.0
0.0,0.0
0.0,0.0
345.2543999999998,0.0
82.86105599999973,0.0
19.886653440000373,0.0
4.7727968256003805,0.0
1.1454712381437275,0.0
0.27491309715423995,0.0
0.06597914331723587,0.0
0.01583499439584557,0.0
0.0038003986546755186,0.0
0.0009120956774495426,0.0
0.0,0.0
2746.0301508179664,0.0
659.047236196312,0.0
158.1713366871145,0.0
37.961120804907296,0.0
9.11066899317775,0.0
0.0,0.0
0.0,0.0
0.0,0.0
0.0,0.0
0.0,0.0
0.0,0.0
0.0,0.0
5994.0,0.0
1438.5600000000004,0.0
345.2543999999998,0.0
82.86105599999973,0.0
19.886653440000373,0.0
0.0,0.0
0.0,0.0
2710.28170988087,0.0
2966.3882270497525,0.0
1679.7308479327276,0.0
37.12336625844182,0.0
0.0,0.0
3898.379419153391,0.0
935.6110605968133,0.0
224.5466545432355,0.0
53.89119709037641,0.0
12.93388730169034,0.0
0.0,0.0
0.0,0.0
0.0,0.0
0.0,0.0
0.0,0.0
0.0,0.0
0.0,0.0
1120.2566724912538,0.0
5142.604928906647,0.0
1234.2251829375955,0.0
296.2140439050229,0.0
0.0,0.0
0.0,0.0
0.0,0.0
5994.0,0.0
1438.5600000000004,0.0
345.2543999999998,0.0
82.86105599999973,0.0
19.886653440000373,0.0
4.7727968256003805,0.0
1.1454712381437275,0.0
0.27491309715423995,0.0
0.06597914331723587,0.0
0.01583499439584557,0.0
0.0038003986546755186,0.0
0.0009120956774495426,0.0
0.00021890296284254873,0.0
5.253671133687021e-5,0.0
1.2608810720848851e-5,0.0
3.026114427484572e-6,0.0
7.262678991537541e-7,0.0
1.743046595947817e-7,0.0
4.183311830274761e-8,0.0
1.0039912012871355e-8,0.0
2.409251464996487e-9,0.0
0.0,0.0
0.0,0.0
0.0,0.0
0.0,0.0
0.0,0.0
0.0,0.0
0.0,0.0
0.0,0.0
988.9409873588228,0.0
5242.404849607295,0.0
1258.1771639057506,0.0
0.0,0.0
0.0,0.0
0.0,0.0
0.0,0.0
0.0,0.0
0.0,0.0
0.0,0.0
0.0,0.0
0.0,0.0
0.0,0.0
0.0,0.0
1855.3055836167296,0.0
0.0,0.0
0.0,0.0
0.0,0.0
0.0,0.0
0.0,0.0
0.0,0.0
0.0,0.0
0.0,0.0
0.0,0.0
0.0,0.0
5994.0,0.0
1438.5600000000004,0.0
345.2543999999998,0.0
82.86105599999973,0.0
0.0,0.0
0.0,0.0
3750.255586539137,0.0
900.0613407693927,0.0
83.83111422564616,0.0
0.0,0.0
0.0,0.0
0.0,0.0
0.0,0.0
0.0,0.0
0.0,0.0
0.0,0.0
0.0,0.0
0.0,0.0
0.0,0.0
0.0,0.0
0.0,0.0
0.0,0.0
0.0,0.0
0.0,0.0
0.0,0.0
0.0,0.0
0.0,0.0
0.0,0.0
0.0,0.0
0.0,0.0
5994.0,0.0
0.0,0.0
0.0,0.0
1438.5600000000004,0.0
0.0,0.0
0.0,0.0
0.0,0.0
0.0,0.0
0.0,0.0
0.0,0.0
0.0,0.0
0.0,0.0
0.0,0.0
0.0,0.0
0.0,0.0
0.0,0.0
0.0,0.0
0.0,0.0
0.0,0.0
345.2543999999998,0.0
82.86105599999973,0.0
19.886653440000373,0.0
0.0,0.0
4.7727968256003805,0.0
1.1454712381437275,0.0
0.27491309715423995,0.0
0.06597914331723587,0.0
0.01583499439584557,0.0
0.0038003986546755186,0.0
0.0009120956774495426,0.0
0.00021890296284254873,0.0
5.253671133687021e-5,0.0
1.2608810720848851e-5,0.0
3.026114427484572e-6,0.0
0.0,0.0
0.0,0.0
0.0,0.0
0.0,0.0
0.0,0.0
0.0,0.0
0.0,0.0
0.0,0.0
0.0,0.0
2218.017012653312,0.0
1474.563244569028,0.0
0.0,0.0
0.0,0.0
0.0,0.0
0.0,0.0
0.0,0.0
541.0567624386858,0.0
0.0,0.0
0.0,0.0
0.0,0.0
1238.6353771977483,0.0
4816.043750145363,0.0
1060.5555737573977,0.0
0.0,0.0
0.0,0.0
0.0,0.0
0.0,0.0
0.0,0.0
0.0,0.0
0.0,0.0
0.0,0.0
0.0,0.0
1566.7218680447477,0.0
4102.877559254579,0.0
0.0,0.0
0.0,0.0
0.0,0.0
0.0,0.0
5994.0,0.0
1438.5600000000004,0.0
345.2543999999998,0.0
82.86105599999973,0.0
19.886653440000373,0.0
4.7727968256003805,0.0
1.1454712381437275,0.0
0.27491309715423995,0.0
0.06597914331723587,0.0
0.01583499439584557,0.0
0.0038003986546755186,0.0
0.0009120956774495426,0.0
0.00021890296284254873,0.0
5.253671133687021e-5,0.0
1.2608810720848851e-5,0.0
0.0,0.0
0.0,0.0
0.0,0.0
5994.0,0.0
1438.5600000000004,0.0
345.2543999999998,0.0
0.0,0.0
0.0,0.0
0.0,0.0
0.0,0.0
0.0,0.0
0.0,0.0
0.0,0.0
0.0,0.0
0.0,0.0
0.0,0.0
0.0,0.0
0.0,0.0
0.0,0.0
0.0,0.0
0.0,0.0
0.0,0.0
0.0,0.0
0.0,0.0
0.0,0.0
0.0,0.0
4634.757783309117,0.0
2471.5840846850706,0.0
593.180180324417,0.0
142.36324327786042,0.0
34.16717838668683,0.0
8.200122812804693,0.0
1.9680294750733083,0.0
0.47232707401781227,0.0
0.11335849776423856,0.0
0.027206039463635534,0.0
0.006529449471599946,0.0
0.0015670678731112275,0.0
0.00037609628998325206,0.0
9.026310999615816e-5,0.0
2.1663146071659867e-5,0.0
5.199155057198369e-6,0.0
0.0,0.0
0.0,0.0
0.0,0.0
0.0,0.0
0.0,0.0
0.0,0.0
0.0,0.0
0.0,0.0
2874.403869003377,0.0
3809.4530595574333,0.0
914.2687342937843,0.0
219.42449623050823,0.0
0.0,0.0
0.0,0.0
0.0,0.0
0.0,0.0
0.0,0.0
5994.0,0.0
0.0,0.0
0.0,0.0
0.0,0.0
0.0,0.0
1438.5600000000004,0.0
0.0,0.0
0.0,0.0
0.0,0.0
345.2543999999998,0.0
0.0,0.0
0.0,0.0
0.0,0.0
0.0,0.0
0.0,0.0
0.0,0.0
0.0,0.0
82.86105599999973,0.0
19.886653440000373,0.0
4.7727968256003805,0.0
0.0,0.0
0.0,0.0
1077.6002720240558,0.0
258.6240652857732,0.0
62.06977566858586,0.0
14.89674616046068,0.0
3.5752190785105995,0.0
0.8580525788429441,0.0
0.2059326189219064,0.0
0.0494238285409665,0.0
0.011861718850013858,0.0
0.0028468125237850472,0.0
0.0006832350054537528,0.0
0.0,0.0
0.0,0.0
0.0,0.0
0.0,0.0
0.0,0.0
0.0,0.0
0.0,0.0
3127.9905484416713,0.0
3616.72718318433,0.0
868.0145239642388,0.0
208.32348575141714,0.0
34.34847650597294,0.0
23.89279443580108,0.0
5.734270664592259,0.0
1.3762249595019966,0.0
0.33029399028055195,0.0
0.07927055766776903,0.0
0.019024933840228186,0.0
0.004565984121654765,0.0
0.0010958361890516244,0.0
0.00026300068566342816,0.0
6.312016455922275e-5,0.0
0.0,0.0
0.0,0.0
0.0,0.0
0.0,0.0
1022.1702873160502,0.0
4708.078486334969,0.0
1639.010932025225,0.0
393.36262368605367,0.0
94.40702968465303,0.0
22.657687124316908,0.0
5.437844909835803,0.0
1.3050827783608838,0.0
0.3132198668063211,0.0
0.0,0.0
0.0,0.0
5132.934828311143,0.0
1860.3687521295687,0.0
446.4885005110964,0.0
107.1572401226631,0.0
0.0,0.0
0.0,0.0
4152.834410781157,0.0
2837.8458478063203,0.0
681.0830034735168,0.0
0.0,0.0
0.0,0.0
0.0,0.0
0.0,0.0
0.0,0.0
0.0,0.0
0.0,0.0
0.0,0.0
0.0,0.0
0.0,0.0
1242.1984210409246,0.0
0.0,0.0
0.0,0.0
0.0,0.0
0.0,0.0
0.0,0.0
0.0,0.0
5994.0,0.0
0.0,0.0
0.0,0.0
0.0,0.0
0.0,0.0
1438.5600000000004,0.0
0.0,0.0
0.0,0.0
0.0,0.0
0.0,0.0
0.0,0.0
0.0,0.0
0.0,0.0
0.0,0.0
0.0,0.0
0.0,0.0
0.0,0.0
0.0,0.0
0.0,0.0
0.0,0.0
0.0,0.0
0.0,0.0
0.0,0.0
0.0,0.0
0.0,0.0
345.2543999999998,0.0
0.0,0.0
0.0,0.0
0.0,0.0
82.86105599999973,0.0
0.0,0.0
0.0,0.0
0.0,0.0
19.886653440000373,0.0
0.0,0.0
0.0,0.0
0.0,0.0
0.0,0.0
0.0,0.0
0.0,0.0
0.0,0.0
0.0,0.0
0.0,0.0
0.0,0.0
0.0,0.0
0.0,0.0
4.7727968256003805,0.0
0.0,0.0
1.1454712381437275,0.0
0.27491309715423995,0.0
0.06597914331723587,0.0
0.01583499439584557,0.0
0.0038003986546755186,0.0
0.0009120956774495426,0.0
0.00021890296284254873,0.0
5.253671133687021e-5,0.0
1.2608810720848851e-5,0.0
3.026114427484572e-6,0.0
7.262678991537541e-7,0.0
1.743046595947817e-7,0.0
4.183311830274761e-8,0.0
1.0039912012871355e-8,0.0
0.0,0.0
5994.0,0.0
1438.5600000000004,0.0
345.2543999999998,0.0
82.86105599999973,0.0
19.886653440000373,0.0
0.0,0.0
0.0,0.0
0.0,0.0
0.0,0.0
0.0,0.0
0.0,0.0
0.0,0.0
0.0,0.0
0.0,0.0
0.0,0.0
0.0,0.0
5994.0,0.0
0.0,0.0
0.0,0.0
0.0,0.0
0.0,0.0
0.0,0.0
0.0,0.0
0.0,0.0
0.0,0.0
0.0,0.0
0.0,0.0
0.0,0.0
0.0,0.0
0.0,0.0
0.0,0.0
0.0,0.0
0.0,0.0
0.0,0.0
0.0,0.0
0.0,0.0
0.0,0.0
0.0,0.0
0.0,0.0
0.0,0.0
0.0,0.0
0.0,0.0
0.0,0.0
0.0,0.0
0.0,0.0
0.0,0.0
0.0,0.0
0.0,0.0
0.0,0.0
0.0,0.0
1438.5600000000004,0.0
0.0,0.0
0.0,0.0
0.0,0.0
345.2543999999998,0.0
82.86105599999973,0.0
0.0,0.0
0.0,0.0
19.886653440000373,0.0
0.0,0.0
0.0,0.0
0.0,0.0
4.7727968256003805,0.0
0.0,0.0
0.0,0.0
0.0,0.0
1.1454712381437275,0.0
0.27491309715423995,0.0
0.06597914331723587,0.0
0.01583499439584557,0.0
0.0038003986546755186,0.0
0.0009120956774495426,0.0
0.00021890296284254873,0.0
5.253671133687021e-5,0.0
1.2608810720848851e-5,0.0
3.026114427484572e-6,0.0
7.262678991537541e-7,0.0
1.743046595947817e-7,0.0
4.183311830274761e-8,0.0
1.0039912012871355e-8,0.0
2.409251464996487e-9,0.0
5.784386303275824e-10,0.0
1.3882527127861975e-10,0.0
0.0,0.0
1219.0302309813521,0.0
5067.537024454172,0.0
1216.2088858690022,0.0
291.8901326085605,0.0
0.0,0.0
0.0,0.0
0.0,0.0
0.0,0.0
0.0,0.0
0.0,0.0
0.0,0.0
0.0,0.0
0.0,0.0
0.0,0.0
0.0,0.0
0.0,0.0
0.0,0.0
0.0,0.0
0.0,0.0
0.0,0.0
3818.969866853542,0.0
3091.5829011913083,0.0
741.979896285914,0.0
0.0,0.0
0.0,0.0
5994.0,0.0
1438.5600000000004,0.0
345.25440000000003,0.0
0.0,0.0
0.0,0.0
0.0,0.0
0.0,0.0
5994.0,0.0
1438.5600000000004,0.0
345.2543999999998,0.0
82.86105599999973,0.0
19.886653440000373,0.0
4.7727968256003805,0.0
1.1454712381437275,0.0
0.27491309715423995,0.0
0.06597914331723587,0.0
0.0,0.0
0.0,0.0
923.7605481847568,0.0
0.0,0.0
0.0,0.0
0.0,0.0
0.0,0.0
0.0,0.0
0.0,0.0
5994.0,0.0
0.0,0.0
0.0,0.0
0.0,0.0
0.0,0.0
1382.9414288002586,0.0
3404.459004905395,0.0
2355.5756703837014,0.0
0.0,0.0
0.0,0.0
0.0,0.0
3783.264942193991,0.0
3118.718643932567,0.0
748.4924745438161,0.0
0.0,0.0
0.0,0.0
4513.906797477233,0.0
2563.4308339173003,0.0
0.0,0.0
0.0,0.0
0.0,0.0
0.0,0.0
0.0,0.0
0.0,0.0
0.0,0.0
0.0,0.0
0.0,0.0
0.0,0.0
615.2234001401521,0.0
0.0,0.0
0.0,0.0
0.0,0.0
0.0,0.0
0.0,0.0
0.0,0.0
0.0,0.0
147.65361603363635,0.0
0.0,0.0
0.0,0.0
0.0,0.0
0.0,0.0
0.0,0.0
0.0,0.0
0.0,0.0
0.0,0.0
0.0,0.0
0.0,0.0
35.436867848072325,0.0
8.504848283537285,0.0
2.0411635880491303,0.0
0.48987926113204594,0.0
0.11757102267165465,0.0
0.028217045441124355,0.0
0.006772090905542427,0.0
0.0016253018175120815,0.0
0.00039007243594824104,0.0
9.361738466395764e-5,0.0
2.246817257400835e-5,0.0
5.392361345002428e-6,0.0
1.29416639538249e-6,0.0
3.105997166130692e-7,0.0
7.454400474671274e-8,0.0
1.789067027857527e-8,0.0
0.0,0.0
0.0,0.0
3796.4183601962177,0.0
1787.4886895628042,0.0
428.9972854950729,0.0
0.0,0.0
0.0,0.0
0.0,0.0
0.0,0.0
2529.794495436209,0.0
0.0,0.0
3431.9689790082193,0.0
0.0,0.0
5004.08969866854,0.0
1200.9815276804493,0.0
288.2355666433077,0.0
69.17653599439382,0.0
16.602368638654298,0.0
3.9845684732772497,0.0
0.9562964335864308,0.0
0.22951114406077977,0.0
0.055082674574805424,0.0
0.013219841897807783,0.0
0.0031727620553283487,0.0
0.0,0.0
0.0,0.0
1266.6517168885766,0.0
535.3132445690244,0.0
757.8591450595632,0.0
247.49379580065943,0.0
0.0,0.0
0.0,0.0
3537.2647846001937,0.0
848.9435483040465,0.0
0.0,0.0
0.0,0.0
0.0,0.0
0.0,0.0
0.0,0.0
0.0,0.0
0.0,0.0
0.0,0.0
0.0,0.0
0.0,0.0
0.0,0.0
0.0,0.0
0.0,0.0
0.0,0.0
0.0,0.0
0.0,0.0
0.0,0.0
0.0,0.0
0.0,0.0
0.0,0.0
0.0,0.0
0.0,0.0
0.0,0.0
0.0,0.0
0.0,0.0
0.0,0.0
0.0,0.0
0.0,0.0
0.0,0.0
3971.0105115627225,0.0
2976.032011212331,0.0
714.2476826909588,0.0
0.0,0.0
1072.1960443184662,0.0
257.3270506364315,0.0
61.7584921527432,0.0
14.822038116658405,0.0
3.5572891479978352,0.0
0.8537493955191167,0.0
0.2048998549244061,0.0
0.04917596518225764,0.0
0.011802231643741834,0.0
0.0028325355942797614,0.0
0.0006798085426271429,0.0
0.0,0.0
0.0,0.0
5994.0,0.0
1438.5600000000004,0.0
345.25440000000003,0.0
0.0,0.0
0.0,0.0
0.0,0.0
0.0,0.0
4770.803083391733,0.0
0.0,0.0
0.0,0.0
0.0,0.0
0.0,0.0
0.0,0.0
2368.189656622282,0.0
0.0,0.0
0.0,0.0
0.0,0.0
568.3655175893473,0.0
136.40772422144346,0.0
0.0,0.0
0.0,0.0
32.7378538131461,0.0
7.857084915154701,0.0
1.8857003796374556,0.0
0.4525680911128802,0.0
0.10861634186676383,0.0
0.0260679220482416,0.0
0.0062563012916143634,0.0
0.0015015123099146876,0.0
0.0003603629547797027,0.0
8.64871090016095e-5,0.0
2.0756906451424584e-5,0.0
4.981657184544019e-6,0.0
1.1955980880884454e-6,0.0
2.869437594199553e-7,0.0
6.886693881824613e-8,0.0
1.6528247215319425e-8,0.0
3.966779331676662e-9,0.0
0.0,0.0
0.0,0.0
0.0,0.0
0.0,0.0
5960.468114926418,0.0
0.0,0.0
1464.0442326559241,0.0
0.0,0.0
0.0,0.0
0.0,0.0
0.0,0.0
0.0,0.0
0.0,0.0
0.0,0.0
0.0,0.0
0.0,0.0
0.0,0.0
0.0,0.0
0.0,0.0
0.0,0.0
0.0,0.0
0.0,0.0
0.0,0.0
0.0,0.0
0.0,0.0
0.0,0.0
0.0,0.0
0.0,0.0
0.0,0.0
0.0,0.0
0.0,0.0
0.0,0.0
0.0,0.0
0.0,0.0
0.0,0.0
0.0,0.0
0.0,0.0
0.0,0.0
0.0,0.0
0.0,0.0
0.0,0.0
0.0,0.0
0.0,0.0
2886.032061862391,0.0
692.6476948469735,0.0
166.235446763274,0.0
39.896507223185836,0.0
9.575161733564528,0.0
2.2980388160558505,0.0
0.5515293158532586,0.0
0.13236703580514586,0.0
0.03176808859279845,0.0
0.007624341262271628,0.0
0.0018298419026905322,0.0
0.00043916205686400644,0.0
0.00010539889353822218,0.0
2.529573430365417e-5,0.0
6.070976269256789e-6,0.0
1.4570341591024771e-6,0.0
3.496879799058661e-7,0.0
8.392511517740787e-8,0.0
0.0,0.0
0.0,0.0
0.0,0.0
0.0,0.0
0.0,0.0
0.0,0.0
0.0,0.0
0.0,0.0
0.0,0.0
0.0,0.0
0.0,0.0
0.0,0.0
0.0,0.0
0.0,0.0
0.0,0.0
651.2634898388242,0.0
3977.1590749824827,0.0
2476.398850735808,0.0
594.3357241765934,0.0
0.0,0.0
0.0,0.0
2772.9490055222377,0.0
3886.5587558030993,0.0
932.7741013927439,0.0
0.0,0.0
0.0,0.0
0.0,0.0
5994.0,0.0
1438.5600000000004,0.0
345.2543999999998,0.0
82.86105599999973,0.0
0.0,0.0
0.0,0.0
2218.7290398225923,0.0
4307.76592973483,0.0
846.4746496398584,0.0
0.0,0.0
0.0,0.0
0.0,0.0
0.0,0.0
0.0,0.0
0.0,0.0
0.0,0.0
0.0,0.0
0.0,0.0
2600.791719123364,0.0
4017.398293466243,0.0
964.175590431898,0.0
0.0,0.0
0.0,0.0
164.68745620182744,0.0
5868.837533286611,0.0
1408.5210079887866,0.0
338.0450419173085,0.0
81.13081006015364,0.0
0.0,0.0
871.5809686672819,0.0
1354.6465926351511,0.0
325.1151822324364,0.0
78.02764373578472,0.0
0.0,0.0
0.0,0.0
0.0,0.0
5994.0,0.0
1438.5600000000004,0.0
345.2543999999998,0.0
82.86105599999973,0.0
19.886653440000373,0.0
4.7727968256003805,0.0
0.0,0.0
0.0,0.0
0.0,0.0
0.0,0.0
0.0,0.0
0.0,0.0
0.0,0.0
0.0,0.0
0.0,0.0
0.0,0.0
0.0,0.0
0.0,0.0
5994.0,0.0
1438.5600000000004,0.0
0.0,0.0
0.0,0.0
0.0,0.0
0.0,0.0
0.0,0.0
0.0,0.0
0.0,0.0
0.0,0.0
0.0,0.0
0.0,0.0
0.0,0.0
0.0,0.0
0.0,0.0
0.0,0.0
0.0,0.0
345.2543999999998,0.0
82.86105599999973,0.0
19.886653440000373,0.0
4.7727968256003805,0.0
1.1454712381437275,0.0
0.27491309715423995,0.0
0.06597914331723587,0.0
0.01583499439584557,0.0
0.0038003986546755186,0.0
0.0009120956774495426,0.0
0.00021890296284254873,0.0
5.253671133687021e-5,0.0
1.2608810720848851e-5,0.0
3.026114427484572e-6,0.0
7.262678991537541e-7,0.0
1.743046595947817e-7,0.0
4.183311830274761e-8,0.0
0.0,0.0
0.0,0.0
0.0,0.0
4319.6847878626095,0.0
2711.0395612244165,0.0
650.6494946938601,0.0
156.15587872652668,0.0
37.477410894366585,0.0
8.994578614648162,0.0
2.1586988675153407,0.0
0.5180877282036818,0.0
0.12434105476888363,0.0
0.0,0.0
0.0,0.0
0.0,0.0
0.0,0.0
0.0,0.0
0.0,0.0
0.0,0.0
0.0,0.0
0.0,0.0
0.0,0.0
0.0,0.0
0.0,0.0
0.0,0.0
399.4141555711321,0.0
5690.4452417659395,0.0
1365.7068580238256,0.0
327.7696459257186,0.0
78.66471502217246,0.0
18.879531605321063,0.0
4.531087585277419,0.0
1.087461020466435,0.0
0.2609906449115442,0.0
0.06263775477873423,0.0
0.015033061146823457,0.0
0.003607934675528668,0.0
0.0008659043223815388,0.0
0.00020781703733518953,0.0
4.9876089178724214e-5,0.0
1.1970261402893813e-5,0.0
0.0,0.0
0.0,0.0
0.0,0.0
0.0,0.0
0.0,0.0
0.0,0.0
0.0,0.0
0.0,0.0
0.0,0.0
0.0,0.0
0.0,0.0
0.0,0.0
0.0,0.0
0.0,0.0
0.0,0.0
0.0,0.0
0.0,0.0
0.0,0.0
0.0,0.0
0.0,0.0
0.0,0.0
0.0,0.0
4438.996524206927,0.0
2620.362641602736,0.0
0.0,0.0
0.0,0.0
0.0,0.0
0.0,0.0
0.0,0.0
0.0,0.0
0.0,0.0
0.0,0.0
5994.0,0.0
1438.5600000000004,0.0
345.2543999999998,0.0
82.86105599999973,0.0
19.886653440000373,0.0
4.7727968256003805,0.0
1.1454712381437275,0.0
0.27491309715423995,0.0
0.06597914331723587,0.0
0.01583499439584557,0.0
0.0038003986546755186,0.0
0.0009120956774495426,0.0
0.00021890296284254873,0.0
5.253671133687021e-5,0.0
1.2608810720848851e-5,0.0
3.026114427484572e-6,0.0
0.0,0.0
0.0,0.0
0.0,0.0
0.0,0.0
0.0,0.0
0.0,0.0
80.39173090399709,0.0
0.0,0.0
0.0,0.0
0.0,0.0
0.0,0.0
0.0,0.0
0.0,0.0
0.0,0.0
0.0,0.0
1338.8983882270513,0.0
4976.43722494744,0.0
1194.344933987386,0.0
286.642784156973,0.0
68.79426819767377,0.0
0.0,0.0
2293.2318735496265,0.0
550.3756496519104,0.0
0.0,0.0
0.0,0.0
0.0,0.0
0.0,0.0
0.0,0.0
0.0,0.0
0.0,0.0
0.0,0.0
0.0,0.0
0.0,0.0
0.0,0.0
0.0,0.0
0.0,0.0
0.0,0.0
0.0,0.0
0.0,0.0
0.0,0.0
0.0,0.0
0.0,0.0
0.0,0.0
0.0,0.0
0.0,0.0
0.0,0.0
0.0,0.0
0.0,0.0
0.0,0.0
0.0,0.0
0.0,0.0
0.0,0.0
0.0,0.0
0.0,0.0
0.0,0.0
0.0,0.0
0.0,0.0
0.0,0.0
0.0,0.0
0.0,0.0
0.0,0.0
0.0,0.0
0.0,0.0
0.0,0.0
0.0,0.0
0.0,0.0
0.0,0.0
0.0,0.0
0.0,0.0
0.0,0.0
0.0,0.0
0.0,0.0
0.0,0.0
0.0,0.0
0.0,0.0
0.0,0.0
0.0,0.0
0.0,0.0
0.0,0.0
0.0,0.0
0.0,0.0
0.0,0.0
0.0,0.0
0.0,0.0
0.0,0.0
0.0,0.0
0.0,0.0
0.0,0.0
0.0,0.0
0.0,0.0
0.0,0.0
0.0,0.0
0.0,0.0
0.0,0.0
0.0,0.0
0.0,0.0
0.0,0.0
0.0,0.0
0.0,0.0
0.0,0.0
0.0,0.0
0.0,0.0
0.0,0.0
0.0,0.0
0.0,0.0
0.0,0.0
0.0,0.0
0.0,0.0
0.0,0.0
0.0,0.0
0.0,0.0
0.0,0.0
0.0,0.0
0.0,0.0
0.0,0.0
0.0,0.0
0.0,0.0
0.0,0.0
0.0,0.0
0.0,0.0
0.0,0.0
0.0,0.0
0.0,0.0
0.0,0.0
0.0,0.0
0.0,0.0
0.0,0.0
0.0,0.0
0.0,0.0
0.0,0.0
0.0,0.0
0.0,0.0
0.0,0.0
0.0,0.0
0.0,0.0
0.0,0.0
0.0,0.0
0.0,0.0
0.0,0.0
0.0,0.0
0.0,0.0
0.0,0.0
0.0,0.0
0.0,0.0
0.0,0.0
0.0,0.0
0.0,0.0
0.0,0.0
0.0,0.0
0.0,0.0
0.0,0.0
0.0,0.0
0.0,0.0
0.0,0.0
0.0,0.0
0.0,0.0
0.0,0.0
0.0,0.0
0.0,0.0
0.0,0.0
0.0,0.0
0.0,0.0
0.0,0.0
0.0,0.0
0.0,0.0
0.0,0.0
0.0,0.0
0.0,0.0
0.0,0.0
0.0,0.0
0.0,0.0
0.0,0.0
0.0,0.0
5994.0,0.0
0.0,0.0
1438.5600000000004,0.0
345.2543999999998,0.0
82.86105599999973,0.0
19.886653440000373,0.0
4.7727968256003805,0.0
1.1454712381437275,0.0
0.27491309715423995,0.0
0.06597914331723587,0.0
0.01583499439584557,0.0
0.0038003986546755186,0.0
0.0009120956774495426,0.0
0.0,0.0
0.0,0.0
0.0,0.0
0.0,0.0
0.0,0.0
0.0,0.0
0.0,0.0
0.0,0.0
0.0,0.0
0.0,0.0
0.0,0.0
0.0,0.0
0.0,0.0
0.0,0.0
0.0,0.0
0.0,0.0
0.0,0.0
0.0,0.0
0.0,0.0
0.0,0.0
0.0,0.0
0.0,0.0
0.0,0.0
0.0,0.0
0.0,0.0
0.0,0.0
0.0,0.0
0.0,0.0
0.00021890296284254873,0.0
5.253671133687021e-5,0.0
1.2608810720848851e-5,0.0
3.026114427484572e-6,0.0
7.262678991537541e-7,0.0
1.743046595947817e-7,0.0
4.183311830274761e-8,0.0
1.0039912012871355e-8,0.0
2.409251464996487e-9,0.0
5.784386303275824e-10,0.0
1.3915268937125802e-10,0.0
3.3651303965598345e-11,0.0
8.185452315956354e-12,0.0
1.8189894035458565e-12,0.0
0.0,0.0
0.0,0.0
0.0,0.0
0.0,0.0
0.0,0.0
0.0,0.0
0.0,3.637978807091713e-12
0.0,0.0
0.0,0.0
0.0,0.0
0.0,0.0
0.0,0.0
0.0,0.0
0.0,0.0
0.0,0.0
0.0,0.0
5994.0,0.0
1438.5600000000004,0.0
345.2543999999998,0.0
82.86105599999973,0.0
19.886653440000373,0.0
4.7727968256003805,0.0
1.1454712381437275,0.0
0.27491309715423995,0.0
0.06597914331723587,0.0
0.01583499439584557,0.0
0.0038003986546755186,0.0
0.0009120956774495426,0.0
0.00021890296284254873,0.0
5.253671133687021e-5,0.0
1.2608810720848851e-5,0.0
3.026114427484572e-6,0.0
7.262678991537541e-7,0.0
1.743046595947817e-7,0.0
4.183311830274761e-8,0.0
1.0039912012871355e-8,0.0
0.0,0.0
0.0,0.0
0.0,0.0
0.0,0.0
0.0,0.0
0.0,0.0
0.0,0.0
5994.0,0.0
0.0,0.0
0.0,0.0
0.0,0.0
0.0,0.0
0.0,0.0
0.0,0.0
0.0,0.0
0.0,0.0
0.0,0.0
0.0,0.0
0.0,0.0
0.0,0.0
0.0,0.0
0.0,0.0
0.0,0.0
0.0,0.0
0.0,0.0
0.0,0.0
0.0,0.0
0.0,0.0
0.0,0.0
0.0,0.0
0.0,0.0
0.0,0.0
0.0,0.0
0.0,0.0
0.0,0.0
0.0,0.0
0.0,0.0
0.0,0.0
0.0,0.0
0.0,0.0
0.0,0.0
0.0,0.0
0.0,0.0
0.0,0.0
0.0,0.0
0.0,0.0
0.0,0.0
0.0,0.0
0.0,0.0
0.0,0.0
0.0,0.0
0.0,0.0
0.0,0.0
0.0,0.0
0.0,0.0
1438.5600000000004,0.0
345.2543999999998,0.0
82.86105599999973,0.0
19.886653440000373,0.0
4.7727968256003805,0.0
1.1454712381437275,0.0
0.27491309715423995,0.0
0.06597914331723587,0.0
0.01583499439584557,0.0
0.0038003986546755186,0.0
0.0009120956774495426,0.0
0.0,0.0
0.0,0.0
0.0,0.0
0.00021890296284254873,0.0
5.253671133687021e-5,0.0
1.2608810720848851e-5,0.0
3.026114427484572e-6,0.0
0.0,0.0
0.0,0.0
0.0,0.0
0.0,0.0
0.0,0.0
0.0,0.0
0.0,0.0
0.0,0.0
0.0,0.0
7.262678991537541e-7,0.0
1.743046595947817e-7,0.0
4.183311830274761e-8,0.0
1.0039912012871355e-8,0.0
2.409251464996487e-9,0.0
5.784386303275824e-10,0.0
1.3915268937125802e-10,0.0
3.3651303965598345e-11,0.0
8.185452315956354e-12,0.0
1.8189894035458565e-12,0.0
0.0,0.0
0.0,0.0
0.0,0.0
0.0,0.0
0.0,0.0
0.0,0.0
0.0,0.0
0.0,0.0
0.0,0.0
0.0,0.0
0.0,0.0
0.0,0.0
0.0,0.0
0.0,0.0
0.0,0.0
0.0,0.0
0.0,0.0
0.0,0.0
0.0,0.0
0.0,0.0
0.0,0.0
0.0,0.0
0.0,0.0
0.0,0.0
0.0,0.0
0.0,0.0
0.0,0.0
0.0,0.0
0.0,0.0
0.0,0.0
0.0,0.0
0.0,0.0
0.0,0.0
0.0,0.0
0.0,0.0
0.0,0.0
0.0,0.0
0.0,0.0
0.0,0.0
0.0,0.0
0.0,0.0
0.0,0.0
0.0,0.0
0.0,0.0
2474.5704274702184,0.0
4113.326475122634,0.0
987.1983540294323,0.0
236.9276049670625,0.0
0.0,0.0
0.0,0.0
0.0,0.0
0.0,0.0
0.0,0.0
0.0,0.0
0.0,0.0
0.0,0.0
0.0,0.0
0.0,0.0
0.0,0.0
0.0,0.0
0.0,0.0
0.0,0.0
0.0,0.0
0.0,0.0
0.0,0.0
0.0,0.0
0.0,0.0
0.0,0.0
0.0,0.0
0.0,0.0
0.0,0.0
0.0,0.0
0.0,0.0
0.0,0.0
0.0,0.0
0.0,0.0
0.0,0.0
0.0,0.0
513.7470217238952,0.0
5603.552263489837,0.0
0.0,0.0
0.0,0.0
1344.852543237561,0.0
322.76461037701483,0.0
77.46350649048327,0.0
18.591241557715875,0.0
4.461897973851592,0.0
1.070855513724382,0.0
0.25700532329392445,0.0
0.06168127759065101,0.0
0.014803506621319684,0.0
0.0035528415892258636,0.0
0.0008526819810867892,0.0
0.00020464367571548792,0.0
4.911448195343837e-5,0.0
1.1787476069002878e-5,0.0
0.0,0.0
1388.8019306085262,0.0
958.310036987772,0.0
0.0,0.0
0.0,0.0
0.0,0.0
0.0,0.0
0.0,0.0
483.374912403644,0.0
1950.3419761737896,0.0
3426.4793272599854,0.0
0.0,0.0
0.0,0.0
0.0,0.0
0.0,0.0
0.0,0.0
0.0,0.0
0.0,0.0
0.0,0.0
0.0,0.0
0.0,0.0
0.0,0.0
0.0,0.0
0.0,0.0
0.0,0.0
0.0,0.0
0.0,0.0
5994.0,0.0
1438.5600000000004,0.0
0.0,0.0
1145.5367904695158,0.0
1486.5658505956544,0.0
356.775804142957,0.0
85.62619299430935,0.0
20.55028631863388,0.0
4.932068716471804,0.0
1.1836964919530146,0.0
0.2840871580683597,0.0
0.06818091793684289,0.0
0.016363420304514875,0.0
0.003927220873265469,0.0
0.0009425330099475104,0.0
0.0,0.0
0.0002262079224237823,0.0
5.42899015272269e-5,0.0
1.3029576621192973e-5,0.0
3.1270983890863127e-6,0.0
0.0,0.0
0.0,0.0
0.0,0.0
0.0,0.0
0.0,0.0
0.0,0.0
0.0,0.0
0.0,0.0
0.0,0.0
0.0,0.0
0.0,0.0
0.0,0.0
0.0,0.0
0.0,0.0
0.0,0.0
0.0,0.0
0.0,0.0
0.0,0.0
0.0,0.0
0.0,0.0
0.0,0.0
0.0,0.0
0.0,0.0
0.0,0.0
0.0,0.0
0.0,0.0
0.0,0.0
0.0,0.0
0.0,0.0
0.0,0.0
0.0,0.0
0.0,0.0
0.0,0.0
0.0,0.0
0.0,0.0
0.0,0.0
0.0,0.0
0.0,0.0
0.0,0.0
0.0,0.0
0.0,0.0
0.0,0.0
0.0,0.0
0.0,0.0
0.0,0.0
0.0,0.0
0.0,0.0
0.0,0.0
0.0,0.0
0.0,0.0
0.0,0.0
0.0,0.0
0.0,0.0
0.0,0.0
0.0,0.0
0.0,0.0
0.0,0.0
0.0,0.0
0.0,0.0
0.0,0.0
0.0,0.0
0.0,0.0
0.0,0.0
0.0,0.0
0.0,0.0
0.0,0.0
0.0,0.0
0.0,0.0
0.0,0.0
0.0,0.0
0.0,0.0
0.0,0.0
0.0,0.0
0.0,0.0
0.0,0.0
0.0,0.0
0.0,0.0
0.0,0.0
0.0,0.0
0.0,0.0
0.0,0.0
0.0,0.0
0.0,0.0
0.0,0.0
0.0,0.0
0.0,0.0
0.0,0.0
0.0,0.0
0.0,0.0
0.0,0.0
0.0,0.0
0.0,0.0
0.0,0.0
0.0,0.0
0.0,0.0
0.0,0.0
0.0,0.0
0.0,0.0
0.0,0.0
0.0,0.0
0.0,0.0
0.0,0.0
0.0,0.0
2517.406447091802,0.0
4080.7711002102333,0.0
979.3850640504561,0.0
235.05241537210895,0.0
56.41257968930586,0.0
13.539019125433697,0.0
3.249364590104051,0.0
0.7798475016252269,0.0
0.18716340039009083,0.0
0.04491921609362179,0.0
0.0,0.0
0.0,0.0
0.0,0.0
0.0,0.0
0.0,0.0
0.0,0.0
0.0,0.0
0.0,0.0
0.0,0.0
0.0,0.0
0.0,0.0
0.0,0.0
0.0,0.0
0.0,0.0
0.0,0.0
5994.0,0.0
0.0,0.0
0.0,0.0
0.0,0.0
1438.5600000000004,0.0
0.0,0.0
0.0,0.0
0.0,0.0
0.0,0.0
0.0,0.0
0.0,0.0
0.0,0.0
0.0,0.0
0.0,0.0
0.0,0.0
0.0,0.0
0.0,0.0
0.0,0.0
345.2543999999998,0.0
0.0,0.0
0.0,0.0
0.0,0.0
0.0,0.0
0.0,0.0
0.0,0.0
0.0,0.0
0.0,0.0
0.0,0.0
0.0,0.0
0.0,0.0
0.0,0.0
82.86105599999973,0.0
19.886653440000373,0.0
0.0,0.0
4.7727968256003805,0.0
1.1454712381437275,0.0
0.27491309715423995,0.0
0.06597914331723587,0.0
0.01583499439584557,0.0
0.0038003986546755186,0.0
0.0009120956774495426,0.0
0.00021890296284254873,0.0
5.253671133687021e-5,0.0
1.2608810720848851e-5,0.0
3.026114427484572e-6,0.0
7.262678991537541e-7,0.0
1.743046595947817e-7,0.0
4.183311830274761e-8,0.0
1.0039912012871355e-8,0.0
2.409251464996487e-9,0.0
5.784386303275824e-10,0.0
1.3915268937125802e-10,0.0
3.3651303965598345e-11,0.0
8.185452315956354e-12,0.0
0.0,0.0
0.0,0.0
0.0,0.0
0.0,0.0
0.0,0.0
0.0,0.0
0.0,0.0
5994.0,0.0
1438.5600000000004,0.0
345.2543999999998,0.0
82.86105599999973,0.0
19.886653440000373,0.0
4.7727968256003805,0.0
1.1454712381437275,0.0
0.27491309715423995,0.0
0.0,0.0
0.0,0.0
0.0,0.0
0.0,0.0
0.0,0.0
0.0,0.0
0.0,0.0
0.0,0.0
0.0,0.0
0.0,0.0
0.0,0.0
0.0,0.0
0.0,0.0
0.0,0.0
0.0,0.0
0.0,0.0
0.0,0.0
0.0,0.0
0.0,0.0
0.0,0.0
0.0,0.0
0.0,0.0
0.0,0.0
0.0,0.0
0.0,0.0
0.0,0.0
0.0,0.0
0.0,0.0
0.0,0.0
0.0,0.0
0.0,0.0
0.0,0.0
0.0,0.0
0.0,0.0
0.0,0.0
0.0,0.0
0.0,0.0
0.0,0.0
0.0,0.0
0.0,0.0
0.0,0.0
0.0,0.0
0.0,0.0
0.0,0.0
0.0,0.0
0.0,0.0
0.0,0.0
0.0,0.0
0.0,0.0
0.0,0.0
0.0,0.0
0.0,0.0
0.0,0.0
0.0,0.0
0.0,0.0
0.0,0.0
0.0,0.0
0.0,0.0
0.0,0.0
0.0,0.0
0.0,0.0
0.0,0.0
0.0,0.0
0.0,0.0
0.0,0.0
0.0,0.0
0.0,0.0
0.0,0.0
0.0,0.0
0.0,0.0
0.0,0.0
0.0,0.0
0.0,0.0
0.0,0.0
0.0,0.0
0.0,0.0
0.0,0.0
5062.019885882979,0.0
0.0,0.0
0.0,0.0
0.0,0.0
0.0,0.0
0.0,0.0
0.0,0.0
0.0,0.0
0.0,0.0
0.0,0.0
0.0,0.0
0.0,0.0
0.0,0.0
0.0,0.0
0.0,0.0
0.0,0.0
0.0,0.0
0.0,0.0
0.0,0.0
0.0,0.0
0.0,0.0
0.0,0.0
0.0,0.0
