PumpedStor,BatteryStor
0.0,0.0
4555.44,0.0
4555.44,0.0
4555.44,0.0
4555.44,0.0
5648.7456,0.0
5911.138944,0.0
5974.11334656,0.0
5989.2272031744,0.0
5992.854528761856,0.0
5993.725086902846,0.0
5993.934020856683,0.0
5993.984165005604,0.0
5993.996199601345,0.0
5993.999087904323,0.0
5993.999781097037,0.0
5993.999947463289,0.0
5993.999987391189,0.0
5993.999996973886,0.0
5993.999999273732,0.0
3651.756831789502,0.0
3651.756831789502,0.0
3651.756831789502,0.0
0.0,0.0
0.0,0.0
0.0,0.0
0.0,0.0
0.0,0.0
0.0,0.0
0.0,0.0
0.0,0.0
0.0,0.0
0.0,0.0
0.0,0.0
0.0,0.0
0.0,0.0
0.0,0.0
0.0,0.0
4555.44,0.0
4555.44,0.0
4555.44,0.0
4555.44,0.0
4555.44,0.0
4555.44,0.0
4555.44,0.0
4555.44,0.0
4555.44,0.0
5648.7456,0.0
5911.138944,0.0
5974.11334656,0.0
5989.2272031744,0.0
5989.2272031744,0.0
5989.2272031744,0.0
5989.2272031744,0.0
5992.854528761856,0.0
5993.725086902846,0.0
5993.934020856683,0.0
5993.984165005604,0.0
5993.984165005604,0.0
5993.996199601345,0.0
5993.999087904323,0.0
5993.999781097037,0.0
5993.999947463289,0.0
5993.999987391189,0.0
5993.999996973886,0.0
5993.999999273732,0.0
5993.999999825695,0.0
5993.999999958167,0.0
5993.99999998996,0.0
5993.999999997591,0.0
3857.6173791146202,0.0
5481.268170987509,0.0
5870.944361037004,0.0
5964.466646648881,0.0
5964.466646648881,0.0
0.0,0.0
0.0,0.0
0.0,0.0
0.0,0.0
0.0,0.0
0.0,0.0
0.0,0.0
0.0,0.0
0.0,0.0
0.0,0.0
0.0,0.0
0.0,0.0
0.0,0.0
0.0,0.0
0.0,0.0
0.0,0.0
0.0,0.0
0.0,0.0
0.0,0.0
0.0,0.0
0.0,0.0
0.0,0.0
0.0,0.0
0.0,0.0
0.0,0.0
0.0,0.0
0.0,0.0
0.0,0.0
0.0,0.0
0.0,0.0
0.0,0.0
0.0,0.0
0.0,0.0
0.0,0.0
0.0,0.0
3641.5226909600574,0.0
5429.405445830414,0.0
5858.497306999299,0.0
5961.479353679832,0.0
5986.195044883159,0.0
5992.126810771958,0.0
5993.55043458527,0.0
5993.892104300465,0.0
5993.974105032112,0.0
5993.993785207706,0.0
5993.998508449849,0.0
5993.999642027964,0.0
5993.999914086711,0.0
5993.999979380811,0.0
5993.999995051395,0.0
5993.9999988123345,0.0
5993.99999971496,0.0
2649.6341209857337,0.0
0.0,0.0
0.0,0.0
0.0,0.0
4555.44,0.0
4555.44,0.0
4555.44,0.0
4555.44,0.0
4555.44,0.0
4555.44,0.0
4555.44,0.0
4555.44,0.0
4555.44,0.0
4555.44,0.0
4555.44,0.0
4555.44,0.0
4555.44,0.0
4555.44,0.0
4555.44,0.0
4555.44,0.0
4555.44,0.0
4555.44,0.0
4555.44,0.0
4555.44,0.0
4555.44,0.0
4555.44,0.0
4555.44,0.0
4555.44,0.0
4555.44,0.0
4555.44,0.0
4555.44,0.0
4555.44,0.0
4555.44,0.0
4555.44,0.0
4555.44,0.0
4555.44,0.0
5648.7456,0.0
5648.7456,0.0
5648.7456,0.0
5648.7456,0.0
5911.138944,0.0
5974.11334656,0.0
5989.2272031744,0.0
5992.854528761856,0.0
5993.725086902846,0.0
5993.934020856683,0.0
5993.984165005604,0.0
5993.996199601345,0.0
5993.999087904323,0.0
5993.999781097037,0.0
5926.935310179025,0.0
5977.904474442966,0.0
5990.137073866312,0.0
5993.072897727915,0.0
5993.777495454699,0.0
5993.946598909128,0.0
5993.987183738191,0.0
717.7793879911587,0.0
717.7793879911587,0.0
717.7793879911587,0.0
0.0,0.0
0.0,0.0
0.0,0.0
0.0,0.0
3752.9215416958614,0.0
5456.141170007007,0.0
5864.913880801681,0.0
5963.019331392404,0.0
5986.564639534177,0.0
5992.215513488202,0.0
5993.571723237169,0.0
5993.897213576921,0.0
4643.6846954635685,0.0
0.0,0.0
0.0,0.0
0.0,0.0
0.0,0.0
1087.8039243167514,0.0
1087.8039243167514,0.0
4816.51294183602,0.0
5711.403106040645,0.0
5926.176745449755,0.0
5977.722418907942,0.0
5990.093380537906,0.0
5990.093380537906,0.0
5990.093380537906,0.0
5990.093380537906,0.0
5993.062411329098,0.0
5993.774978718983,0.0
5993.945994892556,0.0
5993.945994892556,0.0
5993.945994892556,0.0
5993.945994892556,0.0
5993.987038774213,0.0
5993.996889305811,0.0
5993.999253433395,0.0
5993.999820824015,0.0
5993.999956997764,0.0
5993.999989679463,0.0
5993.999997523071,0.0
5994.0,0.0
5994.0,0.0
5994.0,0.0
5994.0,0.0
5994.0,0.0
1284.0797584413594,0.0
1284.0797584413594,0.0
1284.0797584413594,0.0
1284.0797584413594,0.0
1284.0797584413594,0.0
1284.0797584413594,0.0
1284.0797584413594,0.0
1284.0797584413594,0.0
1284.0797584413594,0.0
1284.0797584413594,0.0
1284.0797584413594,0.0
1284.0797584413594,0.0
1284.0797584413594,0.0
1284.0797584413594,0.0
1284.0797584413594,0.0
1284.0797584413594,0.0
1284.0797584413594,0.0
1284.0797584413594,0.0
1284.0797584413594,0.0
1284.0797584413594,0.0
1284.0797584413594,0.0
1284.0797584413594,0.0
1284.0797584413594,0.0
1284.0797584413594,0.0
1284.0797584413594,0.0
1284.0797584413594,0.0
1284.0797584413594,0.0
1284.0797584413594,0.0
1284.0797584413594,0.0
1284.0797584413594,0.0
1284.0797584413594,0.0
1284.0797584413594,0.0
1284.0797584413594,0.0
1284.0797584413594,0.0
1284.0797584413594,0.0
1284.0797584413594,0.0
1284.0797584413594,0.0
1284.0797584413594,0.0
1284.0797584413594,0.0
1284.0797584413594,0.0
1284.0797584413594,0.0
1284.0797584413594,0.0
1284.0797584413594,0.0
1284.0797584413594,0.0
1284.0797584413594,0.0
1284.0797584413594,0.0
1284.0797584413594,0.0
1284.0797584413594,0.0
1284.0797584413594,0.0
1284.0797584413594,0.0
1284.0797584413594,0.0
1284.0797584413594,0.0
1284.0797584413594,0.0
1284.0797584413594,0.0
1284.0797584413594,0.0
1284.0797584413594,0.0
1284.0797584413594,0.0
1284.0797584413594,0.0
1284.0797584413594,0.0
1284.0797584413594,0.0
1284.0797584413594,0.0
1284.0797584413594,0.0
1284.0797584413594,0.0
1284.0797584413594,0.0
1284.0797584413594,0.0
1284.0797584413594,0.0
1284.0797584413594,0.0
1284.0797584413594,0.0
1284.0797584413594,0.0
1284.0797584413594,0.0
1284.0797584413594,0.0
1284.0797584413594,0.0
1284.0797584413594,0.0
1284.0797584413594,0.0
1284.0797584413594,0.0
1284.0797584413594,0.0
1284.0797584413594,0.0
0.0,0.0
0.0,0.0
0.0,0.0
0.0,0.0
0.0,0.0
0.0,0.0
0.0,0.0
0.0,0.0
0.0,0.0
0.0,0.0
0.0,0.0
0.0,0.0
0.0,0.0
0.0,0.0
0.0,0.0
0.0,0.0
0.0,0.0
0.0,0.0
0.0,0.0
0.0,0.0
0.0,0.0
0.0,0.0
0.0,0.0
0.0,0.0
0.0,0.0
0.0,0.0
0.0,0.0
0.0,0.0
0.0,0.0
0.0,0.0
0.0,0.0
0.0,0.0
0.0,0.0
0.0,0.0
0.0,0.0
0.0,0.0
0.0,0.0
0.0,0.0
0.0,0.0
0.0,0.0
0.0,0.0
0.0,0.0
0.0,0.0
0.0,0.0
0.0,0.0
0.0,0.0
0.0,0.0
0.0,0.0
0.0,0.0
0.0,0.0
0.0,0.0
0.0,0.0
0.0,0.0
0.0,0.0
0.0,0.0
0.0,0.0
0.0,0.0
0.0,0.0
0.0,0.0
0.0,0.0
0.0,0.0
0.0,0.0
0.0,0.0
0.0,0.0
0.0,0.0
0.0,0.0
0.0,0.0
0.0,0.0
0.0,0.0
0.0,0.0
0.0,0.0
4555.44,0.0
5648.7456,0.0
5911.138944,0.0
5974.11334656,0.0
5989.2272031744,0.0
5992.854528761856,0.0
5993.725086902846,0.0
5993.934020856683,0.0
3908.771132335878,0.0
3908.771132335878,0.0
0.0,0.0
0.0,0.0
0.0,0.0
0.0,0.0
0.0,0.0
0.0,0.0
3254.2949684653104,0.0
5336.470792431674,0.0
5836.192990183602,0.0
0.0,0.0
0.0,0.0
0.0,0.0
0.0,0.0
0.0,0.0
0.0,0.0
0.0,0.0
0.0,0.0
0.0,0.0
0.0,0.0
970.3103850700433,0.0
970.3103850700433,0.0
1957.1536086159472,0.0
0.0,0.0
0.0,0.0
0.0,0.0
4555.44,0.0
4555.44,0.0
4555.44,0.0
4555.44,0.0
5648.7456,0.0
5648.7456,0.0
5648.7456,0.0
5911.138944,0.0
5911.138944,0.0
5911.138944,0.0
5911.138944,0.0
5911.138944,0.0
5911.138944,0.0
5974.11334656,0.0
5989.2272031744,0.0
5992.854528761856,0.0
5993.725086902846,0.0
5993.934020856683,0.0
5993.984165005604,0.0
5993.996199601345,0.0
5993.999087904323,0.0
5993.999781097037,0.0
5993.999947463289,0.0
5993.999987391189,0.0
5993.999996973886,0.0
5993.999999273732,0.0
5993.999999825695,0.0
5993.999999958167,0.0
5993.99999998996,0.0
5993.999999997591,0.0
5993.999999999422,0.0
5993.999999999422,0.0
0.0,0.0
0.0,0.0
0.0,0.0
0.0,0.0
0.0,0.0
0.0,0.0
0.0,0.0
3790.976930623685,0.0
5465.274463349684,0.0
5867.105871203924,0.0
5963.545409088942,0.0
5986.690898181346,0.0
5992.245815563523,0.0
5993.578995735245,0.0
5993.898958976459,0.0
5993.97575015435,0.0
5993.994180037044,0.0
5993.998603208891,0.0
5993.999664770134,0.0
5993.999919544832,0.0
5993.999980690759,0.0
5993.999980690759,0.0
3565.5304642226483,0.0
3565.5304642226483,0.0
0.0,0.0
0.0,0.0
0.0,0.0
1985.0069121589333,0.0
701.7244087283909,0.0
0.0,0.0
0.0,0.0
0.0,0.0
3454.71897368793,0.0
5384.572553685103,0.0
5847.737412884425,0.0
5958.896979092262,0.0
5985.575274982143,0.0
5991.978065995714,0.0
5993.514735838971,0.0
5993.883536601353,0.0
5993.972048784324,0.0
5993.993291708238,0.0
5993.998390009977,0.0
5993.999613602395,0.0
5993.999907264575,0.0
5993.999977743498,0.0
5993.999977743498,0.0
5993.999977743498,0.0
5993.999994658439,0.0
5993.999998718025,0.0
5993.999999692325,0.0
5993.999999926158,0.0
5993.999999982278,0.0
5993.999999995746,0.0
5993.999999998979,0.0
5993.999999999754,0.0
5993.999999999941,0.0
5993.999999999985,0.0
5993.999999999996,0.0
5993.999999999998,0.0
5993.999999999999,0.0
5993.999999999999,0.0
5993.999999999999,0.0
5993.999999999999,0.0
5993.999999999999,0.0
5466.406188221183,0.0
485.92558885480685,0.0
0.0,0.0
0.0,0.0
0.0,0.0
0.0,0.0
0.0,0.0
0.0,0.0
0.0,0.0
0.0,0.0
0.0,0.0
0.0,0.0
0.0,0.0
0.0,0.0
0.0,0.0
0.0,0.0
0.0,0.0
0.0,0.0
0.0,0.0
0.0,0.0
0.0,0.0
0.0,0.0
0.0,0.0
0.0,0.0
0.0,0.0
0.0,0.0
0.0,0.0
0.0,0.0
0.0,0.0
0.0,0.0
0.0,0.0
0.0,0.0
0.0,0.0
0.0,0.0
0.0,0.0
0.0,0.0
0.0,0.0
0.0,0.0
0.0,0.0
0.0,0.0
0.0,0.0
0.0,0.0
0.0,0.0
0.0,0.0
0.0,0.0
0.0,0.0
0.0,0.0
0.0,0.0
0.0,0.0
0.0,0.0
0.0,0.0
0.0,0.0
0.0,0.0
0.0,0.0
0.0,0.0
0.0,0.0
0.0,0.0
0.0,0.0
0.0,0.0
0.0,0.0
0.0,0.0
0.0,0.0
0.0,0.0
0.0,0.0
0.0,0.0
0.0,0.0
0.0,0.0
0.0,0.0
0.0,0.0
0.0,0.0
0.0,0.0
0.0,0.0
0.0,0.0
0.0,0.0
0.0,0.0
0.0,0.0
0.0,0.0
0.0,0.0
0.0,0.0
0.0,0.0
0.0,0.0
0.0,0.0
0.0,0.0
0.0,0.0
0.0,0.0
0.0,0.0
0.0,0.0
0.0,0.0
0.0,0.0
0.0,0.0
0.0,0.0
0.0,0.0
0.0,0.0
0.0,0.0
0.0,0.0
0.0,0.0
0.0,0.0
0.0,0.0
0.0,0.0
0.0,0.0
0.0,0.0
0.0,0.0
0.0,0.0
0.0,0.0
0.0,0.0
926.6130124449992,0.0
4777.8271229868,0.0
2731.4586196533373,0.0
2731.4586196533373,0.0
2731.4586196533373,0.0
2731.4586196533373,0.0
1183.3985945550141,0.0
1183.3985945550141,0.0
1183.3985945550141,0.0
1183.3985945550141,0.0
1183.3985945550141,0.0
1183.3985945550141,0.0
2808.2497004280413,0.0
5229.41992810273,0.0
1586.1177138488692,0.0
1586.1177138488692,0.0
1586.1177138488692,0.0
1586.1177138488692,0.0
1586.1177138488692,0.0
1586.1177138488692,0.0
1586.1177138488692,0.0
1586.1177138488692,0.0
1586.1177138488692,0.0
1586.1177138488692,0.0
1586.1177138488692,0.0
1586.1177138488692,0.0
1586.1177138488692,0.0
1586.1177138488692,0.0
1586.1177138488692,0.0
1586.1177138488692,0.0
0.0,0.0
0.0,0.0
0.0,0.0
0.0,0.0
0.0,0.0
0.0,0.0
0.0,0.0
0.0,0.0
0.0,0.0
0.0,0.0
0.0,0.0
0.0,0.0
0.0,0.0
0.0,0.0
0.0,0.0
0.0,0.0
0.0,0.0
0.0,0.0
4555.44,0.0
5648.7456,0.0
5911.138944,0.0
468.6928752941185,0.0
468.6928752941185,0.0
468.6928752941185,0.0
0.0,0.0
2206.430721793975,0.0
2206.430721793975,0.0
2206.430721793975,0.0
2206.430721793975,0.0
2206.430721793975,0.0
2206.430721793975,0.0
2206.430721793975,0.0
2206.430721793975,0.0
2206.430721793975,0.0
5084.983373230554,0.0
5775.836009575333,0.0
5941.64064229808,0.0
5981.433754151539,0.0
5990.984100996369,0.0
5993.276184239128,0.0
5993.826284217391,0.0
5993.9583082121735,0.0
5993.989993970921,0.0
5993.997598553021,0.0
5993.999423652725,0.0
5883.770985912533,0.0
1806.4248051136547,0.0
3963.6318128221337,0.0
5506.711635077312,0.0
5877.050792418555,0.0
5965.932190180453,0.0
5987.263725643309,0.0
5992.383294154394,0.0
5993.6119905970545,0.0
5993.906877743291,0.0
5993.97765065839,0.0
4393.4439132947655,0.0
0.0,0.0
0.0,0.0
0.0,0.0
0.0,0.0
0.0,0.0
0.0,0.0
0.0,0.0
4555.44,0.0
5648.7456,0.0
5911.138944,0.0
5974.11334656,0.0
5989.2272031744,0.0
5992.854528761856,0.0
5993.725086902846,0.0
5993.934020856683,0.0
5993.984165005604,0.0
5993.996199601345,0.0
5993.999087904323,0.0
5993.999781097037,0.0
5993.999947463289,0.0
5993.999987391189,0.0
5993.999996973886,0.0
5993.999999273732,0.0
5993.999999825695,0.0
5993.999999958167,0.0
5993.99999998996,0.0
4802.454800280306,0.0
0.0,0.0
0.0,0.0
0.0,0.0
0.0,0.0
0.0,0.0
0.0,0.0
2928.152996912767,0.0
5258.196719259064,0.0
5817.407212622175,0.0
5951.617731029322,0.0
5983.828255447037,0.0
5991.558781307289,0.0
5993.4141075137495,0.0
5993.8593858033,0.0
5993.966252592792,0.0
5993.991900622271,0.0
3176.455810923603,0.0
0.0,0.0
0.0,0.0
4547.038431790124,0.0
2895.467617530807,0.0
2895.467617530807,0.0
2895.467617530807,0.0
2895.467617530807,0.0
2895.467617530807,0.0
2895.467617530807,0.0
2895.467617530807,0.0
0.0,0.0
0.0,0.0
0.0,0.0
0.0,0.0
0.0,0.0
0.0,0.0
0.0,0.0
0.0,0.0
0.0,0.0
0.0,0.0
4555.44,0.0
5648.7456,0.0
5911.138944,0.0
5974.11334656,0.0
5989.2272031744,0.0
5989.2272031744,0.0
5989.2272031744,0.0
5992.854528761856,0.0
5993.725086902846,0.0
5993.934020856683,0.0
5993.984165005604,0.0
5993.996199601345,0.0
5993.996199601345,0.0
5993.996199601345,0.0
5993.996199601345,0.0
5993.996199601345,0.0
5993.996199601345,0.0
5993.996199601345,0.0
5993.996199601345,0.0
5993.996199601345,0.0
5993.996199601345,0.0
5993.996199601345,0.0
5993.996199601345,0.0
5993.996199601345,0.0
5993.996199601345,0.0
5993.996199601345,0.0
5993.996199601345,0.0
5993.996199601345,0.0
5993.996199601345,0.0
5993.996199601345,0.0
5993.996199601345,0.0
5993.996199601345,0.0
5993.996199601345,0.0
5993.996199601345,-6.5483618527650835e-12
5993.996199601345,0.0
5993.996199601345,0.0
5993.996199601345,0.0
5993.996199601345,0.0
5993.996199601345,0.0
5993.996199601345,0.0
5993.996199601345,0.0
5993.996199601345,0.0
5993.999087904323,0.0
5993.999781097037,0.0
5993.999947463289,0.0
5993.999987391189,0.0
5993.999996973886,0.0
5993.999999273732,0.0
5993.999999825695,0.0
5993.999999958167,0.0
5993.99999998996,0.0
5993.999999997591,0.0
5993.999999999422,0.0
5993.999999999861,0.0
5993.999999999966,0.0
5993.999999999992,0.0
5993.999999999992,0.0
3065.8777014716143,0.0
3065.8777014716143,0.0
4358.997196916607,0.0
5601.599327259986,0.0
5601.599327259986,0.0
1552.1294421338243,0.0
1552.1294421338243,0.0
0.0,0.0
4555.44,0.0
5648.7456,0.0
5911.138944,0.0
243.84249207993344,0.0
243.84249207993344,0.0
243.84249207993344,0.0
243.84249207993344,0.0
243.84249207993344,0.0
243.84249207993344,0.0
243.84249207993344,0.0
243.84249207993344,0.0
243.84249207993344,0.0
243.84249207993344,0.0
243.84249207993344,0.0
243.84249207993344,0.0
243.84249207993344,0.0
243.84249207993344,0.0
243.84249207993344,0.0
243.84249207993344,0.0
243.84249207993344,0.0
243.84249207993344,0.0
243.84249207993344,0.0
243.84249207993344,0.0
243.84249207993344,0.0
243.84249207993344,0.0
243.84249207993344,0.0
243.84249207993344,0.0
243.84249207993344,0.0
243.84249207993344,0.0
0.0,0.0
4555.44,0.0
5648.7456,0.0
5911.138944,0.0
5974.11334656,0.0
5989.2272031744,0.0
1366.644091043987,0.0
3500.8856705187827,0.0
5395.652560924508,0.0
5850.396614621882,0.0
2336.7623806008196,0.0
0.0,0.0
4555.44,0.0
5648.7456,0.0
5911.138944,0.0
5974.11334656,0.0
5989.2272031744,0.0
5992.854528761856,0.0
5993.725086902846,0.0
5993.934020856683,0.0
5993.984165005604,0.0
5993.996199601345,0.0
5993.999087904323,0.0
5993.999781097037,0.0
5993.999947463289,0.0
5993.999987391189,0.0
5993.999996973886,0.0
5993.999999273733,0.0
5993.999999273733,0.0
0.0,0.0
0.0,0.0
0.0,0.0
0.0,0.0
0.0,0.0
0.0,0.0
0.0,0.0
0.0,0.0
0.0,0.0
0.0,0.0
0.0,0.0
0.0,0.0
0.0,0.0
0.0,0.0
0.0,0.0
0.0,0.0
0.0,0.0
0.0,0.0
0.0,0.0
0.0,0.0
0.0,0.0
0.0,0.0
0.0,0.0
0.0,0.0
0.0,0.0
0.0,0.0
0.0,0.0
0.0,0.0
0.0,0.0
4555.44,0.0
4555.44,0.0
1707.7644569025988,0.0
1165.4757393132504,0.0
1165.4757393132504,0.0
1616.2943237561267,0.0
4943.350637701471,0.0
5741.844153048353,0.0
5933.482596731605,0.0
5979.4758232155855,0.0
5990.514197571741,0.0
5993.163407417218,0.0
5993.7992177801325,0.0
5993.951812267232,0.0
5993.988434944135,0.0
5993.997224386592,0.0
5993.999333852782,0.0
5993.999840124668,0.0
5993.99996162992,0.0
5993.999990791181,0.0
5993.999997789883,0.0
5993.999999469572,0.0
5993.999999872697,0.0
5993.999999969447,0.0
0.0,0.0
0.0,0.0
0.0,0.0
0.0,0.0
0.0,0.0
0.0,0.0
0.0,0.0
0.0,0.0
0.0,0.0
3675.7844217325965,0.0
5437.628261215825,0.0
5860.470782691798,0.0
5860.470782691798,0.0
0.0,0.0
0.0,0.0
0.0,0.0
0.0,0.0
0.0,0.0
0.0,0.0
2170.4289863799672,0.0
5076.342956731192,0.0
5773.762309615486,0.0
5941.1429543077165,0.0
5981.314309033852,0.0
2916.0860364693863,0.0
2916.0860364693863,0.0
2916.0860364693863,0.0
2916.0860364693863,0.0
2916.0860364693863,0.0
2916.0860364693863,0.0
2916.0860364693863,0.0
0.0,0.0
0.0,0.0
0.0,0.0
0.0,0.0
0.0,0.0
0.0,0.0
0.0,0.0
0.0,0.0
0.0,0.0
0.0,0.0
0.0,0.0
0.0,0.0
0.0,0.0
0.0,0.0
2199.8499245230373,0.0
5083.403981885529,0.0
5775.456955652527,0.0
5773.296144922343,0.0
5941.031074781362,0.0
5981.2874579475265,0.0
5990.948989907406,0.0
5993.267757577777,0.0
5993.267757577777,0.0
5687.767407192357,0.0
0.0,0.0
2445.982400974409,0.0
2445.982400974409,0.0
2777.5348072273373,0.0
2777.5348072273373,0.0
2777.5348072273373,0.0
125.21653819200583,0.0
0.0,0.0
4555.44,0.0
4555.44,0.0
4555.44,0.0
4555.44,0.0
4555.44,0.0
4555.44,0.0
4555.44,0.0
4555.44,0.0
4555.44,0.0
4555.44,0.0
4555.44,0.0
4555.44,0.0
4555.44,0.0
4555.44,0.0
4555.44,0.0
4555.44,0.0
4555.44,0.0
4555.44,0.0
4555.44,0.0
5648.7456,0.0
5911.138944,0.0
5974.11334656,0.0
5989.2272031744,0.0
5989.2272031744,0.0
5992.854528761856,0.0
5993.725086902846,0.0
5993.934020856683,0.0
5993.984165005604,0.0
5993.996199601345,0.0
5993.999087904323,0.0
5993.999087904323,0.0
5993.999087904323,0.0
5993.999087904323,0.0
5993.999087904323,0.0
5993.999087904323,0.0
5993.999087904323,0.0
5993.999087904323,0.0
5993.999087904323,0.0
5993.999087904323,0.0
5993.999087904323,0.0
5993.999781097037,0.0
5993.999947463289,0.0
5993.999987391189,0.0
5993.999996973886,0.0
5993.999999273732,0.0
5993.999999825695,0.0
5993.999999958167,0.0
5993.99999998996,0.0
5993.999999997591,0.0
5993.999999999422,0.0
5993.999999999861,0.0
5993.999999999966,0.0
5993.999999999966,0.0
5868.073777367193,0.0
5963.777706568127,0.0
5986.74664957635,0.0
5992.259195898324,0.0
0.0,0.0
0.0,0.0
0.0,0.0
4555.44,0.0
5648.7456,0.0
5911.138944,0.0
5974.11334656,0.0
5989.2272031744,0.0
5992.854528761856,0.0
5993.725086902846,0.0
5993.934020856683,0.0
5993.984165005604,0.0
5993.984165005604,0.0
0.0,0.0
0.0,0.0
0.0,0.0
0.0,0.0
0.0,0.0
0.0,0.0
0.0,0.0
0.0,0.0
0.0,0.0
0.0,0.0
0.0,0.0
0.0,0.0
0.0,0.0
0.0,0.0
0.0,0.0
0.0,0.0
0.0,0.0
0.0,0.0
0.0,0.0
0.0,0.0
0.0,0.0
0.0,0.0
0.0,0.0
0.0,0.0
0.0,0.0
0.0,0.0
0.0,0.0
0.0,0.0
0.0,0.0
0.0,0.0
0.0,0.0
0.0,0.0
0.0,0.0
4555.44,0.0
5648.7456,0.0
5911.138944,0.0
5974.11334656,0.0
5989.2272031744,0.0
5992.854528761856,0.0
5993.725086902846,0.0
5993.934020856683,0.0
5993.984165005604,0.0
5993.996199601345,0.0
5993.999087904323,0.0
5993.999781097037,0.0
5993.999781097037,0.0
5993.999781097037,0.0
5993.999947463289,0.0
5993.999947463289,0.0
5993.999947463289,0.0
5993.999947463289,0.0
5993.999947463289,0.0
5993.999947463289,0.0
5993.999947463289,0.0
5993.999987391189,0.0
5993.999987391189,0.0
5993.999987391189,0.0
5993.999996973886,0.0
5993.999999273732,0.0
5993.999999825695,0.0
5993.999999958167,0.0
5993.99999998996,0.0
5993.999999997591,0.0
5993.999999999422,0.0
5993.999999999861,0.0
5993.999999999966,0.0
5993.999999999992,0.0
5993.999999999998,0.0
5994.0,0.0
5994.0,0.0
5994.0,0.0
5669.6033093473525,0.0
2547.319411352489,0.0
2547.319411352489,0.0
3745.7147862648926,0.0
5454.411548703574,0.0
2451.9280168184996,0.0
2451.9280168184996,0.0
0.0,0.0
0.0,0.0
2085.666916345354,0.0
5056.000059922885,0.0
5768.880014381492,0.0
5939.971203451558,0.0
604.2393026536083,0.0
0.0,0.0
1541.4062228451305,0.0
2574.25154870358,0.0
2574.25154870358,0.0
2574.25154870358,0.0
0.0,0.0
4555.44,0.0
5648.7456,0.0
5911.138944,0.0
5974.11334656,0.0
0.0,0.0
0.0,0.0
0.0,0.0
0.0,0.0
0.0,0.0
0.0,0.0
0.0,0.0
0.0,0.0
0.0,0.0
4555.44,0.0
5648.7456,0.0
5911.138944,0.0
5974.11334656,0.0
5942.307896891314,0.0
5981.593895253915,0.0
5991.02253486094,0.0
5993.285408366625,0.0
5993.82849800799,0.0
5993.958839521917,0.0
0.0,0.0
0.0,0.0
0.0,0.0
0.0,0.0
0.0,0.0
0.0,0.0
4555.44,0.0
4555.44,0.0
4555.44,0.0
4555.44,0.0
4555.44,0.0
4555.44,0.0
5648.7456,0.0
5911.138944,0.0
5974.11334656,0.0
5989.2272031744,0.0
5992.854528761856,0.0
5993.725086902846,0.0
5993.934020856683,0.0
5993.984165005604,0.0
5993.996199601345,0.0
5993.999087904323,0.0
5993.999781097037,0.0
5993.999947463289,0.0
4082.5886066045077,0.0
5535.261265585082,0.0
5883.902703740419,0.0
5967.576648897701,0.0
5987.658395735448,0.0
5992.478014976507,0.0
0.0,0.0
0.0,0.0
4555.44,0.0
5648.7456,0.0
5911.138944,0.0
5974.11334656,0.0
5989.2272031744,0.0
5992.854528761856,0.0
5993.725086902846,0.0
5993.934020856683,0.0
5993.984165005604,0.0
3438.340224600448,0.0
3438.340224600448,0.0
3438.340224600448,0.0
0.0,0.0
0.0,0.0
0.0,0.0
0.0,0.0
0.0,0.0
0.0,0.0
4555.44,0.0
5648.7456,0.0
5911.138944,0.0
5974.11334656,0.0
5989.2272031744,0.0
5992.854528761856,0.0
5993.725086902846,0.0
5993.934020856683,0.0
5993.984165005604,0.0
5993.996199601345,0.0
1363.4124908550584,0.0
1199.270457749808,0.0
4843.264909859954,0.0
5717.8235783663895,0.0
5927.717658807934,0.0
5978.092238113904,0.0
5978.092238113904,0.0
5978.092238113904,0.0
2191.5736676864344,0.0
1864.624823958331,0.0
1611.7474588567184,0.0
1611.7474588567184,0.0
0.0,0.0
0.0,0.0
4076.2127502980575,0.0
5533.731060071534,0.0
4294.263209324603,0.0
0.0,0.0
0.0,0.0
0.0,0.0
0.0,0.0
0.0,0.0
0.0,0.0
0.0,0.0
0.0,0.0
0.0,0.0
4555.44,0.0
5648.7456,0.0
5911.138944,0.0
4272.930410320025,0.0
0.0,0.0
0.0,0.0
1364.0460826909627,0.0
4629.047091800985,0.0
5666.411302032237,0.0
4818.218590049055,0.0
0.0,0.0
2162.613961954109,0.0
2162.613961954109,0.0
2162.613961954109,0.0
2162.613961954109,0.0
2162.613961954109,0.0
2162.613961954109,0.0
2162.613961954109,0.0
2162.613961954109,0.0
2162.613961954109,0.0
2162.613961954109,0.0
2162.613961954109,0.0
2162.613961954109,0.0
2162.613961954109,0.0
2162.613961954109,0.0
2162.613961954109,0.0
2162.613961954109,0.0
2162.613961954109,0.0
2162.613961954109,0.0
2162.613961954109,0.0
2162.613961954109,0.0
2162.613961954109,0.0
2162.613961954109,0.0
5074.467350868987,0.0
5773.312164208557,0.0
5941.034919410054,0.0
5981.288380658413,0.0
5990.949211358019,0.0
5993.267810725924,0.0
5993.824274574222,0.0
5993.957825897814,0.0
5993.989878215475,0.0
5993.997570771714,0.0
5993.999416985212,0.0
5993.999860076451,0.0
5993.999966418348,0.0
5993.999991940404,0.0
5993.999998065697,0.0
5993.9999995357675,0.0
5993.999999888584,0.0
5993.99999997326,0.0
5993.99999997326,0.0
5993.99999997326,0.0
0.0,0.0
0.0,0.0
0.0,0.0
253.73401541695728,0.0
614.3356412053267,0.0
0.0,0.0
2113.7508828398118,0.0
5062.740211881555,0.0
5770.497650851574,0.0
5940.359436204378,0.0
5981.126264689051,0.0
2061.3285872843844,0.0
0.0,0.0
4555.44,0.0
5648.7456,0.0
5911.138944,0.0
5911.138944,0.0
3540.757331043944,0.0
0.0,0.0
4555.44,0.0
5648.7456,0.0
5911.138944,0.0
307.5770157273947,0.0
307.5770157273947,0.0
307.5770157273947,0.0
307.5770157273947,0.0
307.5770157273947,0.0
307.5770157273947,0.0
307.5770157273947,0.0
307.5770157273947,0.0
307.5770157273947,0.0
1169.5530583641957,0.0
4836.132734007408,0.0
4622.284364184443,0.0
0.0,0.0
0.0,0.0
0.0,0.0
0.0,0.0
0.0,0.0
0.0,0.0
0.0,0.0
0.0,0.0
623.9840213123337,0.0
4705.19616511496,0.0
5684.687079627591,0.0
5919.764899110622,0.0
0.0,0.0
0.0,0.0
0.0,0.0
0.0,0.0
0.0,0.0
0.0,0.0
0.0,0.0
0.0,0.0
0.0,0.0
4220.47438570769,0.0
5568.353852569846,0.0
2593.0154712594976,0.0
2593.0154712594976,0.0
2593.0154712594976,0.0
2593.0154712594976,0.0
0.0,0.0
0.0,0.0
0.0,0.0
0.0,0.0
0.0,0.0
0.0,0.0
4555.44,0.0
5648.7456,0.0
5911.138944,0.0
0.0,0.0
0.0,0.0
0.0,0.0
0.0,0.0
0.0,0.0
545.2608549404335,0.0
650.5067414155563,0.0
0.0,0.0
4555.44,0.0
5648.7456,0.0
5911.138944,0.0
5974.11334656,0.0
5989.2272031744,0.0
5989.2272031744,0.0
5989.2272031744,0.0
4525.94128866844,0.0
4525.94128866844,0.0
4525.94128866844,0.0
4525.94128866844,0.0
4525.94128866844,0.0
0.0,0.0
4555.44,0.0
5648.7456,0.0
5911.138944,0.0
5974.11334656,0.0
5005.412754029436,0.0
0.0,0.0
2616.228367203925,0.0
5183.334808128942,0.0
5799.440353950946,0.0
5947.305684948227,0.0
0.0,0.0
4555.44,0.0
5648.7456,0.0
5911.138944,0.0
5974.11334656,0.0
5989.2272031744,0.0
5989.2272031744,0.0
0.0,0.0
0.0,0.0
756.0657883672056,0.0
756.0657883672056,0.0
756.0657883672056,0.0
756.0657883672056,0.0
756.0657883672056,0.0
756.0657883672056,0.0
756.0657883672056,0.0
756.0657883672056,0.0
756.0657883672056,0.0
756.0657883672056,0.0
4736.895789208129,0.0
4736.895789208129,0.0
4736.895789208129,0.0
4736.895789208129,0.0
4736.895789208129,0.0
4736.895789208129,0.0
4736.895789208129,0.0
4736.895789208129,0.0
4736.895789208129,0.0
4736.895789208129,0.0
4736.895789208129,0.0
4736.895789208129,0.0
4736.895789208129,0.0
4736.895789208129,0.0
4736.895789208129,0.0
4736.895789208129,0.0
4736.895789208129,0.0
4736.895789208129,0.0
4736.895789208129,0.0
4736.895789208129,0.0
4736.895789208129,0.0
4736.895789208129,0.0
4736.895789208129,0.0
4736.895789208129,0.0
4736.895789208129,0.0
4736.895789208129,0.0
4736.895789208129,0.0
4736.895789208129,0.0
4736.895789208129,0.0
4736.895789208129,0.0
4736.895789208129,0.0
4736.895789208129,0.0
4736.895789208129,0.0
5692.294989409951,0.0
5921.590797458388,0.0
5976.621791390013,0.0
5989.829229933603,0.0
5992.999015184065,0.0
5993.759763644175,0.0
5993.942343274602,0.0
5993.986162385904,0.0
5993.996678972617,0.0
5993.999202953428,0.0
5993.9998087088225,0.0
5993.999954090117,0.0
5993.999988981628,0.0
5993.9999973555905,0.0
5993.999999365342,0.0
4518.594253044392,0.0
5639.902620730654,0.0
5909.016628975357,0.0
5973.603990954086,0.0
5973.603990954086,0.0
178.24579764002328,0.0
178.24579764002328,0.0
1807.46511996529,0.0
4989.231628791669,0.0
4352.254003150943,0.0
0.0,0.0
0.0,0.0
0.0,0.0
0.0,0.0
0.0,0.0
0.0,0.0
0.0,0.0
0.0,0.0
0.0,0.0
4555.44,0.0
5648.7456,0.0
5911.138944,0.0
5911.138944,0.0
5911.138944,0.0
5911.138944,0.0
0.0,0.0
0.0,0.0
0.0,0.0
0.0,0.0
0.0,0.0
2608.576440852617,0.0
5181.498345804628,0.0
5798.999602993111,0.0
5947.199904718346,0.0
5982.767977132403,0.0
5982.767977132403,0.0
1678.3573931324463,0.0
665.2803083391736,0.0
0.0,0.0
0.0,0.0
1712.7279615658028,0.0
1712.7279615658028,0.0
1712.7279615658028,0.0
1712.7279615658028,0.0
4966.494710775793,0.0
4966.494710775793,0.0
4966.494710775793,0.0
4966.494710775793,0.0
4966.494710775793,0.0
4966.494710775793,0.0
4966.494710775793,0.0
4966.494710775793,0.0
4966.494710775793,0.0
4966.494710775793,0.0
4966.494710775793,0.0
4966.494710775793,0.0
4966.494710775793,0.0
4966.494710775793,0.0
4966.494710775793,0.0
4966.494710775793,0.0
4966.494710775793,0.0
4966.494710775793,0.0
4966.494710775793,0.0
4966.494710775793,0.0
4966.494710775793,0.0
4966.494710775793,0.0
4966.494710775793,0.0
4966.494710775793,0.0
4966.494710775793,0.0
4966.494710775793,0.0
4966.494710775793,0.0
4966.494710775793,0.0
4966.494710775793,0.0
4966.494710775793,0.0
4966.494710775793,0.0
4966.494710775793,0.0
4966.494710775793,0.0
4966.494710775793,0.0
4966.494710775793,0.0
5747.39873058619,0.0
5747.39873058619,0.0
5934.815695340686,0.0
5979.795766881764,0.0
5990.590984051623,0.0
5993.18183617239,0.0
5993.8036406813735,0.0
5993.95287376353,0.0
5993.9886897032475,0.0
5993.99728552878,0.0
5993.999348526907,0.0
5993.9998436464575,0.0
5993.99996247515,0.0
5993.999990994036,0.0
5993.999997838569,0.0
5993.999999481256,0.0
5993.999999481256,0.0
5993.999999481256,0.0
983.2270497547288,0.0
0.0,0.0
0.0,0.0
1205.4453610992289,0.0
390.40957602858157,0.0
4649.138298246859,0.0
4649.138298246859,0.0
5671.2331915792465,0.0
5916.535965979019,0.0
5975.408631834965,0.0
5989.5380716403915,0.0
5992.929137193694,0.0
5993.742992926486,0.0
5993.9383183023565,0.0
5993.985196392566,0.0
5993.9964471342155,0.0
5993.999147312212,0.0
5993.999795354931,0.0
5993.999950885183,0.0
5993.999988212444,0.0
5993.999997170987,0.0
5993.999999321037,0.0
5993.999999321037,0.0
5993.999999321037,0.0
0.0,0.0
0.0,0.0
0.0,0.0
0.0,0.0
0.0,0.0
0.0,0.0
4555.44,0.0
5648.7456,0.0
5911.138944,0.0
2103.6673568197584,0.0
2103.6673568197584,0.0
2103.6673568197584,0.0
0.0,0.0
0.0,0.0
0.0,0.0
0.0,0.0
0.0,0.0
0.0,0.0
2838.7905183681855,0.0
5236.749724408364,0.0
5812.259933858008,0.0
5950.382384125922,0.0
1871.3405746320968,0.0
1871.3405746320968,0.0
0.0,0.0
0.0,0.0
0.0,0.0
0.0,0.0
0.0,0.0
715.1653368098841,0.0
4727.079680834372,0.0
5689.93912340025,0.0
5921.02538961606,0.0
5976.486093507855,0.0
494.5784162578832,0.0
494.5784162578832,0.0
560.8773651016127,0.0
560.8773651016127,0.0
0.0,0.0
0.0,0.0
0.0,0.0
0.0,0.0
0.0,0.0
0.0,0.0
459.4242793335289,0.0
459.4242793335289,0.0
459.4242793335289,0.0
0.0,0.0
0.0,0.0
0.0,0.0
0.0,0.0
0.0,0.0
0.0,0.0
0.0,0.0
0.0,0.0
0.0,0.0
0.0,0.0
0.0,0.0
0.0,0.0
0.0,0.0
0.0,0.0
0.0,0.0
0.0,0.0
0.0,0.0
0.0,0.0
0.0,0.0
0.0,0.0
0.0,0.0
4555.44,0.0
5648.7456,0.0
5911.138944,0.0
5974.11334656,0.0
5989.2272031744,0.0
5992.854528761856,0.0
5993.725086902846,0.0
5993.934020856683,0.0
5993.984165005604,0.0
5993.996199601345,0.0
5993.999087904323,0.0
5993.999781097037,0.0
5993.999947463289,0.0
5993.999987391189,0.0
5993.999987391189,0.0
4825.256482130339,0.0
546.7105816397998,0.0
0.0,0.0
0.0,0.0
347.83966929278836,0.0
430.7696225039472,0.0
4658.8247094009475,0.0
5673.557930256227,0.0
5917.093903261494,0.0
5975.542536782758,0.0
5989.570208827862,0.0
5992.936850118687,0.0
3349.003885979346,0.0
3436.967361802752,0.0
2731.0956028679248,0.0
2992.52175563597,0.0
4702.492057442706,0.0
5684.038093786249,0.0
5919.6091425087,0.0
5976.146194202088,0.0
5989.715086608501,0.0
5992.97162078604,0.0
5993.7531889886495,0.0
5993.7531889886495,0.0
1749.7252978276083,0.0
1749.7252978276083,0.0
0.0,0.0
0.0,0.0
0.0,0.0
0.0,0.0
4555.44,0.0
5648.7456,0.0
5911.138944,0.0
5974.11334656,0.0
1293.3454174945946,0.0
1293.3454174945946,0.0
1293.3454174945946,0.0
1293.3454174945946,0.0
1293.3454174945946,0.0
1293.3454174945946,0.0
1293.3454174945946,0.0
1293.3454174945946,0.0
1293.3454174945946,0.0
1293.3454174945946,0.0
1788.7273913021465,0.0
1321.7500271470428,0.0
1321.7500271470428,0.0
0.0,0.0
0.0,0.0
0.0,0.0
0.0,0.0
0.0,0.0
0.0,0.0
0.0,0.0
0.0,0.0
4555.44,0.0
5648.7456,0.0
5911.138944,0.0
0.0,0.0
0.0,0.0
0.0,0.0
0.0,0.0
0.0,0.0
0.0,0.0
0.0,0.0
0.0,0.0
0.0,0.0
0.0,0.0
3116.5004516281065,0.0
5303.400108390746,0.0
5828.25602601378,0.0
2161.740014015417,0.0
2161.740014015417,0.0
0.0,0.0
0.0,0.0
0.0,0.0
0.0,0.0
0.0,0.0
0.0,0.0
0.0,0.0
0.0,0.0
3265.261565590836,0.0
4575.313917460721,0.0
1424.5515257995949,0.0
1424.5515257995949,0.0
4897.332366191903,0.0
4897.332366191903,0.0
4897.332366191903,0.0
4897.332366191903,0.0
4897.332366191903,0.0
4897.332366191903,0.0
4897.332366191903,0.0
4897.332366191903,0.0
4897.332366191903,0.0
4897.332366191903,0.0
4897.332366191903,0.0
4897.332366191903,0.0
4897.332366191903,0.0
4897.332366191903,0.0
4897.332366191903,0.0
4897.332366191903,0.0
4897.332366191903,0.0
4897.332366191903,0.0
4897.332366191903,0.0
4897.332366191903,0.0
5730.7997678860565,0.0
5930.831944292653,0.0
5978.839666630237,0.0
5990.3615199912565,0.0
5993.126764797901,0.0
5993.790423551496,0.0
5993.949701652359,0.0
5993.9879283965665,0.0
5993.997102815176,0.0
5993.999304675643,0.0
5993.999833122154,0.0
5993.999959949317,0.0
5993.999990387836,0.0
5993.99999769308,0.0
5993.99999769308,0.0
5993.99999769308,0.0
690.8172558501208,0.0
690.8172558501208,0.0
690.8172558501208,0.0
690.8172558501208,0.0
690.8172558501208,0.0
690.8172558501208,0.0
690.8172558501208,0.0
690.8172558501208,0.0
962.7694463910302,0.0
962.7694463910302,0.0
962.7694463910302,0.0
962.7694463910302,0.0
188.25998598458318,0.0
0.0,0.0
0.0,0.0
0.0,0.0
0.0,0.0
0.0,0.0
4212.1468875257715,0.0
5566.355253006185,0.0
5891.365260721484,0.0
5938.558921839625,0.0
4392.193893242155,0.0
4392.193893242155,0.0
1328.1315246366912,0.0
1328.1315246366912,0.0
1328.1315246366912,0.0
1328.1315246366912,0.0
1328.1315246366912,0.0
1328.1315246366912,0.0
2438.7717618167844,0.0
5140.745222836029,0.0
5140.745222836029,0.0
0.0,0.0
0.0,0.0
0.0,0.0
0.0,0.0
0.0,0.0
0.0,0.0
0.0,0.0
0.0,0.0
0.0,0.0
0.0,0.0
0.0,0.0
0.0,0.0
0.0,0.0
0.0,0.0
0.0,0.0
0.0,0.0
0.0,0.0
0.0,0.0
0.0,0.0
0.0,0.0
0.0,0.0
0.0,0.0
0.0,0.0
0.0,0.0
0.0,0.0
0.0,0.0
0.0,0.0
0.0,0.0
0.0,0.0
0.0,0.0
0.0,0.0
4555.44,0.0
4555.44,0.0
4555.44,0.0
4555.44,0.0
5648.7456,0.0
5911.138944,0.0
5974.11334656,0.0
5989.2272031744,0.0
5992.854528761856,0.0
5993.725086902846,0.0
5993.934020856683,0.0
5993.984165005604,0.0
5993.996199601345,0.0
5993.999087904323,0.0
5993.999781097037,0.0
5993.999947463289,0.0
5993.999987391189,0.0
5993.999996973886,0.0
5993.999996973886,0.0
5993.999996973886,0.0
4869.140851914322,0.0
4869.140851914322,0.0
4869.140851914322,0.0
0.0,0.0
0.0,0.0
0.0,0.0
635.2546607834305,0.0
1800.1685620141793,0.0
1800.1685620141793,0.0
1800.1685620141793,0.0
1800.1685620141793,0.0
1800.1685620141793,0.0
1800.1685620141793,0.0
1800.1685620141793,0.0
1800.1685620141793,0.0
1800.1685620141793,0.0
1800.1685620141793,0.0
1800.1685620141793,0.0
1800.1685620141793,0.0
2549.52439258943,0.0
2549.52439258943,0.0
2549.52439258943,0.0
2549.52439258943,0.0
2549.52439258943,0.0
2549.52439258943,0.0
2549.52439258943,0.0
2549.52439258943,0.0
2549.52439258943,0.0
0.0,0.0
0.0,0.0
0.0,0.0
0.0,0.0
0.0,0.0
0.0,0.0
0.0,0.0
0.0,0.0
0.0,0.0
0.0,0.0
0.0,0.0
0.0,0.0
0.0,0.0
0.0,0.0
0.0,0.0
2638.3676642994174,0.0
2638.3676642994174,0.0
2638.3676642994174,0.0
2638.3676642994174,0.0
2638.3676642994174,0.0
2638.3676642994174,0.0
2638.3676642994174,0.0
2638.3676642994174,0.0
2638.3676642994174,0.0
2638.3676642994174,0.0
2638.3676642994174,0.0
2638.3676642994174,0.0
2638.3676642994174,0.0
2638.3676642994174,0.0
2638.3676642994174,0.0
2638.3676642994174,0.0
2638.3676642994174,0.0
0.0,0.0
0.0,0.0
0.0,0.0
0.0,0.0
0.0,0.0
0.0,0.0
0.0,0.0
0.0,0.0
0.0,0.0
0.0,0.0
0.0,0.0
0.0,0.0
0.0,0.0
0.0,0.0
0.0,0.0
0.0,0.0
0.0,0.0
0.0,0.0
1460.0345466477754,0.0
1460.0345466477754,0.0
1460.0345466477754,0.0
1460.0345466477754,0.0
1460.0345466477754,0.0
1460.0345466477754,0.0
0.0,0.0
0.0,0.0
0.0,0.0
0.0,0.0
0.0,0.0
0.0,0.0
662.3595102794907,0.0
3786.461954493377,0.0
4229.044018046115,0.0
0.0,0.0
0.0,0.0
0.0,0.0
0.0,0.0
0.0,0.0
0.0,0.0
0.0,0.0
0.0,0.0
0.0,0.0
4555.44,0.0
5648.7456,0.0
5911.138944,0.0
5974.11334656,0.0
5974.11334656,0.0
5974.11334656,0.0
104.99984745993788,0.0
104.99984745993788,0.0
104.99984745993788,0.0
0.0,0.0
0.0,0.0
0.0,0.0
3931.9113455407,0.0
5499.098722929768,0.0
3895.6256727766195,0.0
0.0,0.0
0.0,0.0
0.0,0.0
0.0,0.0
0.0,0.0
0.0,0.0
0.0,0.0
0.0,0.0
4555.44,0.0
5648.7456,0.0
5911.138944,0.0
5974.11334656,0.0
5989.2272031744,0.0
5989.2272031744,0.0
5989.2272031744,0.0
0.0,0.0
0.0,0.0
0.0,0.0
0.0,0.0
0.0,0.0
486.3384680825683,0.0
4672.161232339817,0.0
5676.758695761556,0.0
5917.862086982774,0.0
4152.89762531737,0.0
4152.89762531737,0.0
4152.89762531737,0.0
0.0,0.0
0.0,0.0
0.0,0.0
0.0,0.0
0.0,0.0
0.0,0.0
2921.8249200787527,0.0
5256.6779808189,0.0
5817.042715396536,0.0
0.0,0.0
0.0,0.0
0.0,0.0
0.0,0.0
0.0,0.0
0.0,0.0
0.0,0.0
0.0,0.0
0.0,0.0
3587.8251904569765,0.0
5416.518045709674,0.0
5855.404330970322,0.0
2229.472745367576,0.0
2229.472745367576,0.0
2229.472745367576,0.0
2229.472745367576,0.0
2229.472745367576,0.0
2229.472745367576,0.0
2229.472745367576,0.0
0.0,0.0
0.0,0.0
0.0,0.0
0.0,0.0
0.0,0.0
0.0,0.0
0.0,0.0
0.0,0.0
4555.44,0.0
5648.7456,0.0
5911.138944,0.0
5974.11334656,0.0
5974.11334656,0.0
5989.2272031744,0.0
5992.854528761856,0.0
5993.725086902846,0.0
5993.934020856683,0.0
2435.8498355761076,0.0
2435.8498355761076,0.0
2435.8498355761076,0.0
0.0,0.0
0.0,0.0
0.0,0.0
0.0,0.0
0.0,0.0
0.0,0.0
0.0,0.0
3597.146941544792,0.0
5418.75526597075,0.0
1526.6790265518366,0.0
1526.6790265518366,0.0
1526.6790265518366,0.0
0.0,0.0
0.0,0.0
0.0,0.0
0.0,0.0
0.0,0.0
0.0,0.0
0.0,0.0
0.0,0.0
0.0,0.0
0.0,0.0
0.0,0.0
0.0,0.0
0.0,0.0
0.0,0.0
0.0,0.0
0.0,0.0
225.11992042762125,0.0
225.11992042762125,0.0
736.9322539945497,0.0
4732.303740958692,0.0
5691.192897830086,0.0
5921.326295479221,0.0
5976.558310915013,0.0
5989.813994619603,0.0
5992.995358708705,0.0
5993.758886090089,0.0
5993.942132661621,0.0
5993.986111838789,0.0
5993.996666841309,0.0
5993.999200041914,0.0
5993.9998080100595,0.0
5993.9999539224145,0.0
5993.999988941379,0.0
5993.999997345931,0.0
5993.999997345931,0.0
5993.999997345931,0.0
2495.5402916696876,0.0
2495.5402916696876,0.0
2495.5402916696876,0.0
2495.5402916696876,0.0
0.0,0.0
0.0,0.0
4555.44,0.0
5648.7456,0.0
5911.138944,0.0
5974.11334656,0.0
3399.2159259023288,0.0
0.0,0.0
4555.44,0.0
5648.7456,0.0
5911.138944,0.0
5974.11334656,0.0
5989.2272031744,0.0
5992.854528761856,0.0
5993.725086902846,0.0
5993.934020856683,0.0
5993.984165005604,0.0
5993.996199601345,0.0
5993.999087904323,0.0
5993.999781097037,0.0
5993.999947463289,0.0
5993.999987391189,0.0
5993.999996973886,0.0
5993.999999273732,0.0
5993.999999825695,0.0
5993.999999958167,0.0
5993.99999998996,0.0
5993.999999997591,0.0
5993.999999999422,0.0
5993.999999999861,0.0
5993.999999999966,0.0
4104.394533987383,0.0
5540.494688156972,0.0
5331.725241765946,0.0
3226.8443728100956,0.0
0.0,0.0
0.0,0.0
0.0,0.0
115.48399262420907,0.0
4304.828173991389,0.0
1420.628493484246,0.0
1420.628493484246,0.0
1420.628493484246,0.0
0.0,0.0
0.0,0.0
0.0,0.0
0.0,0.0
0.0,0.0
0.0,0.0
842.8732820041447,0.0
4757.729587680995,0.0
5697.295101043439,0.0
5922.790824250425,0.0
5976.9097978201025,0.0
3372.598577374505,0.0
0.0,0.0
0.0,0.0
0.0,0.0
0.0,0.0
4555.44,0.0
4857.725530851615,0.0
5721.294127404388,0.0
5928.550590577053,0.0
5978.292141738493,0.0
5990.2301140172385,0.0
5993.095227364137,0.0
5993.782854567393,0.0
2466.5026516472117,0.0
1590.6140742120388,0.0
4534.848215767746,0.0
5643.8035717842595,0.0
5909.9528572282225,0.0
5973.828685734773,0.0
5989.158884576345,0.0
5992.838132298323,0.0
5993.721151751598,0.0
5993.933076420383,0.0
5993.983938340892,0.0
5535.215870739256,0.0
4008.1415442542298,0.0
4008.1415442542298,0.0
4595.560296882122,0.0
3961.326239418915,0.0
3961.326239418915,0.0
3961.326239418915,0.0
0.0,0.0
2210.5709146525846,0.0
5085.97701951662,0.0
4547.004726256666,0.0
0.0,0.0
0.0,0.0
0.0,0.0
0.0,0.0
0.0,0.0
0.0,0.0
0.0,0.0
0.0,0.0
1646.467997544774,0.0
4950.592319410745,0.0
5743.582156658579,0.0
5933.899717598059,0.0
5979.575932223534,0.0
1393.927119831813,0.0
1393.927119831813,0.0
0.0,0.0
730.606054660128,0.0
2355.058388227057,0.0
890.8205816903742,0.0
0.0,0.0
4555.44,0.0
5648.7456,0.0
5911.138944,0.0
5974.11334656,0.0
5989.2272031744,0.0
5992.854528761856,0.0
5993.725086902846,0.0
5993.934020856683,0.0
5993.984165005604,0.0
5993.996199601345,0.0
5993.999087904323,0.0
1834.5033155345127,0.0
1834.5033155345127,0.0
4995.720795728283,0.0
5754.412990974788,0.0
5936.49911783395,0.0
0.0,0.0
0.0,0.0
0.0,0.0
0.0,0.0
0.0,0.0
0.0,0.0
0.0,0.0
0.0,0.0
720.8525568630556,0.0
4728.444613647133,0.0
5690.266707275312,0.0
5921.104009746075,0.0
5976.504962339058,0.0
5976.504962339058,0.0
0.0,0.0
0.0,0.0
1633.549964961456,0.0
4538.194337771547,0.0
5644.606641065171,0.0
5910.145593855641,0.0
5973.874942525354,0.0
5989.169986206085,0.0
5992.84079668946,0.0
5993.72179120547,0.0
5993.933229889313,0.0
5993.983975173435,0.0
2990.5811528034737,0.0
4945.775052557816,0.0
5742.426012613876,0.0
5933.62224302733,0.0
5702.932572015481,0.0
4321.790811786301,0.0
5592.669794828712,0.0
5897.680750758891,0.0
5970.883380182134,0.0
5988.452011243712,0.0
4815.048514114041,0.0
0.0,0.0
0.0,0.0
0.0,0.0
0.0,0.0
0.0,0.0
0.0,0.0
0.0,0.0
0.0,0.0
4555.44,0.0
5648.7456,0.0
5911.138944,0.0
3676.1251682406073,0.0
830.4286030289878,0.0
0.0,0.0
0.0,0.0
0.0,0.0
3547.9264041455654,0.0
3547.9264041455654,0.0
0.0,0.0
0.0,0.0
0.0,0.0
4555.44,0.0
5648.7456,0.0
5911.138944,0.0
5974.11334656,0.0
5989.2272031744,0.0
5992.854528761856,0.0
5993.725086902846,0.0
5993.934020856683,0.0
5993.984165005604,0.0
5993.996199601345,0.0
5993.999087904323,0.0
5993.999781097037,0.0
5993.999947463289,0.0
5993.999987391189,0.0
5993.999996973886,0.0
5993.999996973886,0.0
0.0,0.0
0.0,0.0
1765.0075963559952,0.0
1765.0075963559952,0.0
1765.0075963559952,0.0
0.0,0.0
0.0,0.0
0.0,0.0
0.0,0.0
0.0,0.0
0.0,0.0
0.0,0.0
0.0,0.0
0.0,0.0
0.0,0.0
0.0,0.0
0.0,0.0
0.0,0.0
0.0,0.0
672.9936852659142,0.0
3992.2199803420135,0.0
5513.5727952820835,0.0
5878.6974708677,0.0
5504.564704117208,0.0
1214.9729405510252,0.0
513.9252881333696,0.0
513.9252881333696,0.0
4678.782069152009,0.0
5678.347696596482,0.0
5918.243447183156,0.0
5975.818427323958,0.0
5975.818427323958,0.0
5975.818427323958,0.0
5975.818427323958,0.0
5975.818427323958,0.0
5989.63642255775,0.0
5992.95274141386,0.0
5993.748657939326,0.0
5993.939677905439,0.0
5993.985522697305,0.0
5993.985522697305,0.0
5993.985522697305,0.0
5993.985522697305,0.0
5993.985522697305,0.0
5993.996525447354,0.0
5993.9991661073645,0.0
5993.999799865767,0.0
5993.999951967784,0.0
5993.999988472268,0.0
5993.999997233344,0.0
5993.9999993360025,0.0
5993.99999984064,0.0
5993.999999961754,0.0
5993.999999990821,0.0
5993.999999997797,0.0
5993.999999999472,0.0
5993.999999999874,0.0
5993.99999999997,0.0
5993.999999999993,0.0
5993.999999999993,0.0
0.0,0.0
0.0,0.0
132.48498948843596,0.0
3473.4433917309043,0.0
5389.066414015417,0.0
5848.8159393637,0.0
5959.1558254472875,0.0
5985.637398107349,0.0
5991.992975545764,0.0
5993.5183141309835,0.0
5993.884395391436,0.0
5993.972254893944,0.0
4690.41139865973,0.0
2938.1030594866397,0.0
3901.743648134154,0.0
5437.455463130653,0.0
5437.455463130653,0.0
0.0,0.0
789.8305458428526,0.0
4744.999331002284,0.0
5694.239839440548,0.0
5922.057561465732,0.0
0.0,0.0
0.0,0.0
0.0,0.0
0.0,0.0
0.0,0.0
0.0,0.0
0.0,0.0
0.0,0.0
0.0,0.0
0.0,0.0
397.2273687116451,0.0
397.2273687116451,0.0
397.2273687116451,0.0
397.2273687116451,0.0
397.2273687116451,0.0
0.0,0.0
0.0,0.0
0.0,0.0
959.9963544444374,0.0
522.5966673138475,0.0
4576.985502214061,0.0
4576.985502214061,0.0
4576.985502214061,0.0
4576.985502214061,0.0
4576.985502214061,0.0
4576.985502214061,0.0
4576.985502214061,0.0
4576.985502214061,0.0
4576.985502214061,0.0
4576.985502214061,0.0
4576.985502214061,0.0
4576.985502214061,0.0
4576.985502214061,0.0
4576.985502214061,0.0
4576.985502214061,0.0
4576.985502214061,0.0
4576.985502214061,0.0
4576.985502214061,0.0
5211.403644008409,0.0
5806.176874562018,0.0
5948.922449894884,0.0
5983.181387974772,0.0
5991.403533113946,0.0
5991.403533113946,0.0
5991.403533113946,0.0
5993.376847947347,0.0
5993.850443507364,0.0
5993.964106441767,0.0
5993.9913855460245,0.0
5993.997932531046,0.0
5993.999503807451,0.0
5993.999880913789,0.0
5993.999971419309,0.0
5993.999993140635,0.0
5993.999998353753,0.0
5993.999999604901,0.0
5993.999999905176,0.0
5993.999999977243,0.0
5993.9999999945385,0.0
5993.999999998689,0.0
5993.999999999685,0.0
5993.999999999685,0.0
5993.999999999685,0.0
1985.6320953045233,0.0
1985.6320953045233,0.0
1985.6320953045233,0.0
1985.6320953045233,0.0
289.1289713331073,0.0
289.1289713331073,0.0
289.1289713331073,0.0
708.9965644835545,0.0
2532.3929189684386,0.0
735.2687316047668,0.0
735.2687316047668,0.0
735.2687316047668,0.0
735.2687316047668,0.0
3036.7862648913833,0.0
5284.268703573932,0.0
4534.953775081884,0.0
0.0,0.0
2993.9767014625177,0.0
5273.994408351004,0.0
5821.198658004241,0.0
5952.527677921018,0.0
5984.046642701044,0.0
5984.046642701044,0.0
5984.046642701044,0.0
4398.548394628165,0.0
2307.4404759175823,0.0
2307.4404759175823,0.0
2307.4404759175823,0.0
0.0,0.0
0.0,0.0
0.0,0.0
0.0,0.0
0.0,0.0
0.0,0.0
0.0,0.0
0.0,0.0
0.0,0.0
0.0,0.0
0.0,0.0
0.0,0.0
0.0,0.0
0.0,0.0
0.0,0.0
0.0,0.0
0.0,0.0
0.0,0.0
0.0,0.0
0.0,0.0
0.0,0.0
0.0,0.0
0.0,0.0
0.0,0.0
0.0,0.0
0.0,0.0
0.0,0.0
0.0,0.0
4555.44,0.0
4555.44,0.0
4555.44,0.0
4555.44,0.0
5648.7456,0.0
5648.7456,0.0
5648.7456,0.0
5648.7456,0.0
5648.7456,0.0
5648.7456,0.0
5911.138944,0.0
5974.11334656,0.0
5989.2272031744,0.0
5992.854528761856,0.0
5993.725086902846,0.0
5993.934020856683,0.0
5993.984165005604,0.0
5993.996199601345,0.0
5993.999087904323,0.0
5993.999781097037,0.0
3247.9698491820336,0.0
5334.952763803688,0.0
5835.8286633128855,0.0
5956.038879195093,0.0
5984.889331006822,0.0
5991.8134394416375,0.0
3709.74718095124,0.0
2871.226104176047,0.0
890.9219696280456,0.0
890.9219696280456,0.0
890.9219696280456,0.0
97.57971107292542,0.0
0.0,0.0
4555.44,0.0
5648.7456,0.0
5911.138944,0.0
5974.11334656,0.0
5989.2272031744,0.0
5234.712683952348,0.0
0.0,0.0
2059.8140995094614,0.0
4314.269152067272,0.0
5590.864596496145,0.0
5619.078354852561,0.0
2095.620580846609,0.0
5058.388939403187,0.0
5769.4533454567645,0.0
5940.108802909624,0.0
5981.06611269831,0.0
5990.895867047594,0.0
5990.895867047594,0.0
3868.3111422564834,0.0
0.0,0.0
0.0,0.0
0.0,0.0
0.0,0.0
0.0,0.0
851.395071093353,0.0
4759.7748170624045,0.0
5697.785956094977,0.0
5922.908629462795,0.0
2815.279001265718,0.0
0.0,0.0
0.0,0.0
4555.44,0.0
5648.7456,0.0
5911.138944,0.0
5974.11334656,0.0
5989.2272031744,0.0
5992.854528761856,0.0
5993.725086902846,0.0
5993.934020856683,0.0
5993.984165005604,0.0
5993.996199601345,0.0
5993.999087904323,0.0
5993.999781097037,0.0
5993.999947463289,0.0
5993.999987391189,0.0
5993.999996973886,0.0
5993.999999273732,0.0
5993.999999825695,0.0
5993.999999958167,0.0
5993.99999998996,0.0
5993.999999997591,0.0
5993.999999999422,0.0
3446.7362505315723,0.0
3446.7362505315723,0.0
0.0,0.0
0.0,0.0
0.0,0.0
0.0,0.0
0.0,0.0
0.0,0.0
751.5951503927054,0.0
4735.822836094249,0.0
5692.03748066262,0.0
5692.03748066262,0.0
0.0,0.0
0.0,0.0
0.0,0.0
0.0,0.0
0.0,0.0
0.0,0.0
0.0,0.0
0.0,0.0
0.0,0.0
0.0,0.0
1410.0322435487144,0.0
1410.0322435487144,0.0
1410.0322435487144,0.0
1410.0322435487144,0.0
1410.0322435487144,0.0
0.0,0.0
0.0,0.0
0.0,0.0
0.0,0.0
0.0,0.0
0.0,0.0
4555.44,0.0
5648.7456,0.0
5911.138944,0.0
5974.11334656,0.0
2279.632290125195,0.0
2243.744413460863,0.0
5093.938659230607,0.0
5777.985278215346,0.0
5841.696925026837,0.0
1246.8433861340554,0.0
1246.8433861340554,0.0
0.0,0.0
0.0,0.0
0.0,0.0
0.0,0.0
0.0,0.0
0.0,0.0
0.0,0.0
0.0,0.0
0.0,0.0
0.0,0.0
0.0,0.0
0.0,0.0
0.0,0.0
0.0,0.0
0.0,0.0
0.0,0.0
0.0,0.0
0.0,0.0
0.0,0.0
4555.44,0.0
4555.44,0.0
4555.44,0.0
5648.7456,0.0
5648.7456,0.0
5648.7456,0.0
5648.7456,0.0
5648.7456,0.0
5648.7456,0.0
5648.7456,0.0
5648.7456,0.0
5648.7456,0.0
5648.7456,0.0
5648.7456,0.0
5648.7456,0.0
5648.7456,0.0
5648.7456,0.0
5648.7456,0.0
5648.7456,0.0
5911.138944,0.0
5974.11334656,0.0
5989.2272031744,0.0
5989.2272031744,0.0
5992.854528761856,0.0
5993.725086902846,0.0
5993.934020856683,0.0
5993.984165005604,0.0
5993.996199601345,0.0
5993.999087904323,0.0
5993.999781097037,0.0
5993.999947463289,0.0
5993.999987391189,0.0
5993.999996973886,0.0
5993.999999273732,0.0
5993.999999273732,0.0
5993.999999273732,0.0
355.2291513410055,0.0
355.2291513410055,0.0
355.2291513410055,0.0
355.2291513410055,0.0
355.2291513410055,0.0
355.2291513410055,0.0
355.2291513410055,0.0
2040.9220809575227,0.0
3161.590146829984,0.0
181.64821303433564,0.0
181.64821303433564,0.0
181.64821303433564,0.0
181.64821303433564,0.0
0.0,0.0
411.20313945340126,0.0
411.20313945340126,0.0
236.59336318434782,0.0
236.59336318434782,0.0
1177.9562498546366,0.0
4838.149499965113,0.0
5644.171736020736,0.0
0.0,0.0
0.0,0.0
0.0,0.0
0.0,0.0
0.0,0.0
0.0,0.0
0.0,0.0
0.0,0.0
0.0,0.0
1190.7086197140084,0.0
4308.895564747489,0.0
3476.2756409120793,0.0
0.0,0.0
0.0,0.0
0.0,0.0
4555.44,0.0
5648.7456,0.0
5911.138944,0.0
5974.11334656,0.0
5989.2272031744,0.0
5992.854528761856,0.0
5993.725086902846,0.0
5993.934020856683,0.0
5993.984165005604,0.0
5993.996199601345,0.0
5993.999087904323,0.0
5993.999781097037,0.0
5993.999947463289,0.0
5993.999987391189,0.0
5993.999996973886,0.0
1439.620879945156,0.0
1305.7086578064154,0.0
0.0,0.0
4555.44,0.0
5648.7456,0.0
5911.138944,0.0
0.0,0.0
0.0,0.0
0.0,0.0
0.0,0.0
0.0,0.0
0.0,0.0
0.0,0.0
0.0,0.0
0.0,0.0
0.0,0.0
0.0,0.0
0.0,0.0
0.0,0.0
0.0,0.0
0.0,0.0
0.0,0.0
0.0,0.0
0.0,0.0
0.0,0.0
0.0,0.0
3522.4159153149294,0.0
5400.819819675583,0.0
5851.63675672214,0.0
5959.832821613313,0.0
5985.799877187195,0.0
5992.031970524927,0.0
5993.527672925982,0.0
5993.886641502236,0.0
5993.972793960536,0.0
5993.993470550528,0.0
5993.998432932127,0.0
5993.99962390371,0.0
5993.99990973689,0.0
5993.999978336854,0.0
5993.999994800845,0.0
5993.999998752203,0.0
0.0,0.0
0.0,0.0
0.0,0.0
0.0,0.0
0.0,0.0
0.0,0.0
0.0,0.0
0.0,0.0
2184.5469404425667,0.0
5079.731265706216,0.0
5774.575503769492,0.0
5941.338120904678,0.0
1933.4779246888402,0.0
0.0,0.0
0.0,0.0
0.0,0.0
0.0,0.0
4555.44,0.0
4555.44,0.0
4555.44,0.0
4555.44,0.0
4555.44,0.0
5648.7456,0.0
5648.7456,0.0
5648.7456,0.0
5648.7456,0.0
5911.138944,0.0
5911.138944,0.0
5911.138944,0.0
5911.138944,0.0
5911.138944,0.0
5911.138944,0.0
5911.138944,0.0
5911.138944,0.0
5974.11334656,0.0
5989.2272031744,0.0
5992.854528761856,0.0
4916.399727975944,0.0
4916.399727975944,0.0
5735.375934714227,0.0
5931.930224331414,0.0
5979.103253839539,0.0
5990.424780921489,0.0
5993.141947421157,0.0
5993.794067381078,0.0
5993.950576171459,0.0
5993.98813828115,0.0
5993.997153187476,0.0
5993.999316764995,0.0
5993.999836023599,0.0
5616.304671342448,0.0
5616.304671342448,0.0
5011.685890683726,0.0
2213.7377477264745,0.0
2213.7377477264745,0.0
2213.7377477264745,0.0
0.0,0.0
2377.27281681567,0.0
5125.985476035761,0.0
5785.676514248583,0.0
5944.00236341966,0.0
5970.107205564199,0.0
5988.265729335408,0.0
5992.623775040498,0.0
5993.669706009719,0.0
5993.920729442332,0.0
5993.98097506616,0.0
5993.995434015878,0.0
5993.998904163811,0.0
5993.999736999314,0.0
5993.999936879835,0.0
5993.999984851161,0.0
0.0,0.0
0.0,0.0
0.0,0.0
0.0,0.0
776.8494183601982,0.0
4354.989067974775,0.0
5600.637376313946,0.0
5899.592970315347,0.0
5971.342312875683,0.0
5988.562155090164,0.0
5992.694917221639,0.0
5993.686780133194,0.0
5993.924827231966,0.0
749.9700845908219,0.0
232.60077835395987,0.0
4133.631247870431,0.0
5547.511499488904,0.0
5886.842759877337,0.0
5968.282262370561,0.0
5968.282262370561,0.0
0.0,0.0
3156.1541521936797,0.0
5312.916996526483,0.0
5830.540079166356,0.0
3472.254266540148,0.0
3472.254266540148,0.0
3472.254266540148,0.0
0.0,0.0
0.0,0.0
0.0,0.0
0.0,0.0
0.0,0.0
0.0,0.0
0.0,0.0
944.0707999911027,0.0
944.0707999911027,0.0
0.0,0.0
0.0,0.0
0.0,0.0
0.0,0.0
0.0,0.0
4555.44,0.0
4555.44,0.0
4555.44,0.0
4555.44,0.0
4555.44,0.0
5648.7456,0.0
5648.7456,0.0
5648.7456,0.0
5648.7456,0.0
5648.7456,0.0
5648.7456,0.0
5648.7456,0.0
5648.7456,0.0
5648.7456,0.0
5648.7456,0.0
5648.7456,0.0
5648.7456,0.0
5648.7456,0.0
5648.7456,0.0
5648.7456,0.0
5648.7456,0.0
5648.7456,0.0
5648.7456,0.0
5648.7456,0.0
5648.7456,0.0
5911.138944,0.0
5911.138944,0.0
5911.138944,0.0
5911.138944,0.0
5974.11334656,0.0
5974.11334656,0.0
5974.11334656,0.0
5974.11334656,0.0
5989.2272031744,0.0
5989.2272031744,0.0
5989.2272031744,0.0
5989.2272031744,0.0
5989.2272031744,0.0
5989.2272031744,0.0
5989.2272031744,0.0
5989.2272031744,0.0
5989.2272031744,0.0
5989.2272031744,0.0
5989.2272031744,0.0
5989.2272031744,0.0
5989.2272031744,0.0
5992.854528761856,0.0
5992.854528761856,0.0
5993.725086902846,0.0
5993.934020856683,0.0
5993.984165005604,0.0
5993.996199601345,0.0
5993.999087904323,0.0
5993.999781097037,0.0
5993.999947463289,0.0
5993.999987391189,0.0
5993.999996973886,0.0
5993.999999273732,0.0
5993.999999825695,0.0
5993.999999958167,0.0
5993.99999998996,0.0
5993.999999997591,0.0
0.0,0.0
4555.44,0.0
5648.7456,0.0
5911.138944,0.0
5974.11334656,0.0
5989.2272031744,0.0
5989.2272031744,0.0
422.70007007708773,0.0
422.70007007708773,0.0
0.0,0.0
0.0,0.0
0.0,0.0
0.0,0.0
0.0,0.0
0.0,0.0
0.0,0.0
0.0,0.0
4555.44,0.0
4555.44,0.0
4555.44,0.0
4555.44,0.0
4555.44,0.0
4555.44,0.0
4555.44,0.0
4555.44,0.0
4555.44,0.0
4555.44,0.0
4555.44,0.0
4555.44,0.0
4555.44,0.0
4555.44,0.0
4555.44,0.0
4555.44,0.0
4555.44,0.0
4555.44,0.0
4555.44,0.0
4555.44,0.0
4555.44,0.0
4555.44,0.0
4555.44,0.0
4555.44,0.0
4555.44,0.0
4555.44,0.0
4555.44,0.0
4555.44,0.0
4555.44,0.0
4555.44,0.0
4555.44,0.0
4555.44,0.0
4555.44,0.0
4555.44,0.0
5648.7456,0.0
5648.7456,0.0
5648.7456,0.0
5648.7456,0.0
5911.138944,0.0
5974.11334656,0.0
5974.11334656,0.0
5974.11334656,0.0
5989.2272031744,0.0
5989.2272031744,0.0
5989.2272031744,0.0
5989.2272031744,0.0
5992.854528761856,0.0
5992.854528761856,0.0
5992.854528761856,0.0
5992.854528761856,0.0
5993.725086902846,0.0
5993.934020856683,0.0
5993.984165005604,0.0
5993.996199601345,0.0
5993.999087904323,0.0
5993.999781097037,0.0
5993.999947463289,0.0
5993.999987391189,0.0
5993.999996973886,0.0
5993.999999273732,0.0
5993.999999825695,0.0
5993.999999958167,0.0
5993.99999998996,0.0
5993.999999997591,0.0
5993.999999999422,0.0
5993.999999999861,0.0
5993.999999999966,0.0
0.0,0.0
926.4629755458277,0.0
4777.791114130998,0.0
5702.109867391439,0.0
5923.946368173945,0.0
0.0,0.0
0.0,0.0
0.0,0.0
0.0,0.0
0.0,0.0
0.0,0.0
0.0,0.0
0.0,0.0
0.0,0.0
0.0,0.0
0.0,0.0
0.0,0.0
0.0,0.0
0.0,0.0
0.0,0.0
0.0,0.0
2902.4170988086917,0.0
5252.020103714086,0.0
5815.924824891381,0.0
5703.15075168544,0.0
0.0,0.0
4555.44,0.0
5648.7456,0.0
5911.138944,0.0
0.0,0.0
0.0,0.0
0.0,0.0
0.0,0.0
4555.44,0.0
5648.7456,0.0
5911.138944,0.0
5974.11334656,0.0
5989.2272031744,0.0
5992.854528761856,0.0
5993.725086902846,0.0
5993.934020856683,0.0
5993.984165005604,0.0
5993.984165005604,0.0
5070.239451815243,0.0
5772.297468435659,0.0
5772.297468435659,0.0
5772.297468435659,0.0
3090.3028399761597,0.0
0.0,0.0
0.0,0.0
0.0,0.0
4555.44,0.0
4173.667846338042,0.0
0.0,0.0
0.0,0.0
0.0,0.0
1051.0354858881965,0.0
3638.4243296162986,0.0
5428.661839107912,0.0
5277.083002387522,0.0
2715.212361122489,0.0
0.0,0.0
2875.281356067433,0.0
5245.507525456183,0.0
5814.361806109484,0.0
657.6080941980972,0.0
0.0,0.0
3430.5691660826997,0.0
5378.776599859848,0.0
5378.776599859848,0.0
5378.776599859848,0.0
5378.776599859848,0.0
5378.776599859848,0.0
5378.776599859848,0.0
5378.776599859848,0.0
5378.776599859848,0.0
5378.776599859848,0.0
5378.776599859848,0.0
5378.776599859848,0.0
5846.346383966364,0.0
5846.346383966364,0.0
5846.346383966364,0.0
5846.346383966364,0.0
5846.346383966364,0.0
5846.346383966364,0.0
5846.346383966364,0.0
5846.346383966364,0.0
5958.563132151928,0.0
5958.563132151928,0.0
5958.563132151928,0.0
5958.563132151928,0.0
5958.563132151928,0.0
5958.563132151928,0.0
5958.563132151928,0.0
5958.563132151928,0.0
5958.563132151928,0.0
5958.563132151928,0.0
5958.563132151928,0.0
5985.495151716463,0.0
5991.958836411951,0.0
5993.510120738868,0.0
5993.882428977328,0.0
5993.971782954559,0.0
5993.9932279090945,0.0
5993.9983746981825,0.0
5993.999609927564,0.0
5993.999906382615,0.0
5993.999977531827,0.0
5993.999994607639,0.0
5993.999998705834,0.0
5993.9999996894,0.0
5993.999999925456,0.0
5993.999999982109,0.0
5993.999999995706,0.0
3185.0679747679605,0.0
1321.2333566880698,0.0
4206.511310437196,0.0
5565.002714504927,0.0
5891.040651481182,0.0
5891.040651481182,0.0
3217.2881545963173,0.0
0.0,0.0
0.0,0.0
1922.643816531519,0.0
1922.643816531519,0.0
4530.9402405777655,0.0
989.9103013314598,0.0
4793.018472319551,0.0
5705.764433356692,0.0
5924.823464005606,0.0
5977.397631361346,0.0
5990.015431526723,0.0
5993.043703566414,0.0
5993.770488855939,0.0
5993.944917325425,0.0
5993.986780158102,0.0
5993.996827237945,0.0
5993.999238537107,0.0
4093.8079280956254,0.0
3801.039883246296,0.0
4763.695188081612,0.0
5170.533253954072,0.0
5746.506204199341,0.0
5934.601489007841,0.0
5219.380797004215,0.0
2456.7352153998063,0.0
5145.056451695953,0.0
5790.253548407029,0.0
5210.235354150924,0.0
0.0,0.0
0.0,0.0
0.0,0.0
0.0,0.0
0.0,0.0
0.0,0.0
0.0,0.0
0.0,0.0
0.0,0.0
0.0,0.0
0.0,0.0
0.0,0.0
0.0,0.0
0.0,0.0
0.0,0.0
0.0,0.0
0.0,0.0
0.0,0.0
0.0,0.0
0.0,0.0
0.0,0.0
0.0,0.0
0.0,0.0
0.0,0.0
0.0,0.0
0.0,0.0
0.0,0.0
0.0,0.0
3017.967988787669,0.0
5279.752317309041,0.0
5822.58055615417,0.0
4921.803955681534,0.0
5736.6729493635685,0.0
5932.241507847257,0.0
5979.177961883342,0.0
5990.442710852002,0.0
5993.146250604481,0.0
5993.795100145076,0.0
5993.950824034818,0.0
5993.988197768356,0.0
5993.997167464406,0.0
5993.999320191458,0.0
5993.99983684595,0.0
1742.6167177835014,0.0
0.0,0.0
4555.44,0.0
5648.7456,0.0
5911.138944,0.0
0.0,0.0
0.0,0.0
0.0,0.0
0.0,0.0
3625.810343377718,0.0
3625.810343377718,0.0
3625.810343377718,0.0
3625.810343377718,0.0
3625.810343377718,0.0
3625.810343377718,0.0
5425.634482410653,0.0
5425.634482410653,0.0
5425.634482410653,0.0
5425.634482410653,0.0
5857.5922757785565,0.0
5961.262146186854,0.0
5961.262146186854,0.0
5961.262146186854,0.0
5986.142915084845,0.0
5992.1142996203625,0.0
5993.547431908887,0.0
5993.891383658133,0.0
5993.973932077952,0.0
5993.993743698708,0.0
5993.99849848769,0.0
5993.999639637045,0.0
5993.999913512891,0.0
5993.999979243094,0.0
5993.999995018343,0.0
5993.999998804402,0.0
5993.999999713056,0.0
5993.999999931133,0.0
5993.999999983472,0.0
5993.999999996033,0.0
5993.999999999048,0.0
3804.9375641478973,0.0
0.0,0.0
0.0,0.0
0.0,0.0
4529.955767344076,0.0
4529.955767344076,0.0
5642.629384162578,0.0
5642.629384162578,0.0
3488.138681258072,0.0
3107.967938137609,0.0
3107.967938137609,0.0
3107.967938137609,0.0
3107.967938137609,0.0
3107.967938137609,0.0
3107.967938137609,0.0
3107.967938137609,0.0
3107.967938137609,0.0
3107.967938137609,0.0
3107.967938137609,0.0
3107.967938137609,0.0
3107.967938137609,0.0
3107.967938137609,0.0
3107.967938137609,0.0
3107.967938137609,0.0
3107.967938137609,0.0
3107.967938137609,0.0
3107.967938137609,0.0
3107.967938137609,0.0
3107.967938137609,0.0
3107.967938137609,0.0
3107.967938137609,0.0
3107.967938137609,0.0
3107.967938137609,0.0
3107.967938137609,0.0
3107.967938137609,0.0
3107.967938137609,0.0
3107.967938137609,0.0
3107.967938137609,0.0
3107.967938137609,0.0
3107.967938137609,0.0
3107.967938137609,0.0
3107.967938137609,0.0
3107.967938137609,0.0
5301.3523051530265,0.0
5827.764553236726,0.0
5954.103492776814,0.0
5984.4248382664355,0.0
5991.701961183944,0.0
5993.448470684147,0.0
5993.867632964195,0.0
5993.968231911407,0.0
5993.992375658738,0.0
5993.998170158097,0.0
5993.999560837943,0.0
5993.9998946011065,0.0
5993.999974704266,0.0
5993.999993929024,0.0
5993.999998542966,0.0
5993.999999650312,0.0
5993.999999916075,0.0
5993.999999979857,0.0
117.02086586162022,0.0
117.02086586162022,0.0
117.02086586162022,0.0
117.02086586162022,0.0
117.02086586162022,0.0
117.02086586162022,0.0
117.02086586162022,0.0
0.0,0.0
0.0,0.0
0.0,0.0
0.0,0.0
0.0,0.0
0.0,0.0
0.0,0.0
0.0,0.0
494.96025227750636,0.0
3517.601149264192,0.0
5399.664275823407,0.0
5851.359426197618,0.0
5851.359426197618,0.0
0.0,0.0
2107.4412441969007,0.0
5061.225898607256,0.0
5770.134215665741,0.0
359.3784162578813,0.0
359.3784162578813,0.0
0.0,0.0
4555.44,0.0
5648.7456,0.0
5911.138944,0.0
5974.11334656,0.0
5974.11334656,0.0
0.0,0.0
1686.23407026517,0.0
4960.136176863641,0.0
5603.456910589933,0.0
0.0,0.0
0.0,0.0
0.0,0.0
0.0,0.0
0.0,0.0
0.0,0.0
0.0,0.0
0.0,0.0
0.0,0.0
1976.601706533757,0.0
5029.824409568102,0.0
5762.597858296344,0.0
988.418538064293,0.0
0.0,0.0
125.16246671338887,0.0
4585.478992011213,0.0
5655.9549580826915,0.0
5912.869189939846,0.0
5974.528605585563,0.0
3976.9518711777146,0.0
4639.353407364849,0.0
5668.884817767564,0.0
5915.972356264216,0.0
5975.273365503412,0.0
166.26489138051693,0.0
166.26489138051693,0.0
0.0,0.0
4555.44,0.0
5648.7456,0.0
5911.138944,0.0
5974.11334656,0.0
5989.2272031744,0.0
5992.854528761856,0.0
5992.854528761856,0.0
5992.854528761856,0.0
0.0,0.0
0.0,0.0
0.0,0.0
0.0,0.0
0.0,0.0
0.0,0.0
0.0,0.0
0.0,0.0
0.0,0.0
0.0,0.0
4555.44,0.0
5648.7456,0.0
5648.7456,0.0
5648.7456,0.0
5648.7456,0.0
5648.7456,0.0
5648.7456,0.0
5648.7456,0.0
5648.7456,0.0
5648.7456,0.0
5648.7456,0.0
5648.7456,0.0
5648.7456,0.0
5648.7456,0.0
5648.7456,0.0
5648.7456,0.0
5648.7456,0.0
5911.138944,0.0
5974.11334656,0.0
5989.2272031744,0.0
5992.854528761856,0.0
5993.725086902846,0.0
5993.934020856683,0.0
5993.984165005604,0.0
5993.996199601345,0.0
5993.999087904323,0.0
5993.999781097037,0.0
5993.999947463289,0.0
5993.999987391189,0.0
5993.999996973886,0.0
5993.999999273732,0.0
5993.999999825695,0.0
5993.999999958167,0.0
5993.99999998996,0.0
0.0,0.0
0.0,0.0
0.0,0.0
3282.9604387755835,0.0
5343.35050530614,0.0
5837.844121273473,0.0
5956.522589105633,0.0
5985.005421385352,0.0
5991.841301132485,0.0
5993.481912271796,0.0
5993.875658945231,0.0
5993.970158146856,0.0
0.0,0.0
0.0,0.0
0.0,0.0
0.0,0.0
0.0,0.0
0.0,0.0
0.0,0.0
0.0,0.0
0.0,0.0
0.0,0.0
0.0,0.0
0.0,0.0
0.0,0.0
303.5547582340604,0.0
4628.293141976174,0.0
5666.230354074281,0.0
5915.3352849778275,0.0
5975.120468394679,0.0
5989.468912414723,0.0
5992.912538979534,0.0
5993.7390093550885,0.0
5993.937362245221,0.0
5993.984966938853,0.0
5993.9963920653245,0.0
5993.999134095678,0.0
5993.999792182963,0.0
5993.999950123911,0.0
5993.999988029738,0.0
5993.999997127137,0.0
0.0,0.0
0.0,0.0
0.0,0.0
0.0,0.0
0.0,0.0
0.0,0.0
0.0,0.0
0.0,0.0
0.0,0.0
0.0,0.0
0.0,0.0
0.0,0.0
0.0,0.0
0.0,0.0
0.0,0.0
0.0,0.0
0.0,0.0
0.0,0.0
0.0,0.0
0.0,0.0
0.0,0.0
0.0,0.0
3373.637358397264,0.0
5365.112966015344,0.0
1125.8948843728067,0.0
0.0,0.0
0.0,0.0
0.0,0.0
0.0,0.0
0.0,0.0
0.0,0.0
0.0,0.0
4555.44,0.0
5648.7456,0.0
5911.138944,0.0
5974.11334656,0.0
5989.2272031744,0.0
5992.854528761856,0.0
5993.725086902846,0.0
5993.934020856683,0.0
5993.984165005604,0.0
5993.996199601345,0.0
5993.999087904323,0.0
5993.999781097037,0.0
5993.999947463289,0.0
5993.999987391189,0.0
5993.999996973886,0.0
5993.999999273732,0.0
913.8826629292163,0.0
913.8826629292163,0.0
913.8826629292163,0.0
913.8826629292163,0.0
913.8826629292163,0.0
913.8826629292163,0.0
974.9803784162541,0.0
0.0,0.0
0.0,0.0
0.0,0.0
0.0,0.0
0.0,0.0
0.0,0.0
0.0,0.0
0.0,0.0
1017.56277505256,0.0
4799.655066012614,0.0
5707.357215843027,0.0
5925.205731802326,0.0
5977.489375632558,0.0
3700.7681264503735,0.0
5443.624350348089,0.0
5861.909844083541,0.0
5861.909844083541,0.0
5861.909844083541,0.0
1771.4988194084217,0.0
1771.4988194084217,0.0
1771.4988194084217,0.0
1771.4988194084217,0.0
1771.4988194084217,0.0
1771.4988194084217,0.0
1771.4988194084217,0.0
1771.4988194084217,0.0
1771.4988194084217,0.0
1771.4988194084217,0.0
1771.4988194084217,0.0
1771.4988194084217,0.0
1771.4988194084217,0.0
1771.4988194084217,0.0
1771.4988194084217,0.0
1771.4988194084217,0.0
1771.4988194084217,0.0
1771.4988194084217,0.0
1771.4988194084217,0.0
1771.4988194084217,0.0
1771.4988194084217,0.0
1771.4988194084217,0.0
1771.4988194084217,0.0
1771.4988194084217,0.0
1771.4988194084217,0.0
1771.4988194084217,0.0
1771.4988194084217,0.0
1771.4988194084217,0.0
1771.4988194084217,0.0
1771.4988194084217,0.0
1771.4988194084217,0.0
1771.4988194084217,0.0
1771.4988194084217,0.0
1771.4988194084217,0.0
1771.4988194084217,0.0
1771.4988194084217,0.0
1771.4988194084217,0.0
1771.4988194084217,0.0
1771.4988194084217,0.0
1771.4988194084217,0.0
1771.4988194084217,0.0
1771.4988194084217,0.0
1771.4988194084217,0.0
1771.4988194084217,0.0
1771.4988194084217,0.0
1771.4988194084217,0.0
1771.4988194084217,0.0
1771.4988194084217,0.0
1771.4988194084217,0.0
1771.4988194084217,0.0
1771.4988194084217,0.0
1771.4988194084217,0.0
1771.4988194084217,0.0
1771.4988194084217,0.0
1771.4988194084217,0.0
1771.4988194084217,0.0
1771.4988194084217,0.0
1771.4988194084217,0.0
1771.4988194084217,0.0
1771.4988194084217,0.0
0.0,0.0
0.0,0.0
0.0,0.0
0.0,0.0
0.0,0.0
0.0,0.0
0.0,0.0
0.0,0.0
0.0,0.0
0.0,0.0
0.0,0.0
0.0,0.0
0.0,0.0
0.0,0.0
0.0,0.0
0.0,0.0
0.0,0.0
0.0,0.0
0.0,0.0
0.0,0.0
0.0,0.0
0.0,0.0
0.0,0.0
0.0,0.0
0.0,0.0
0.0,0.0
0.0,0.0
0.0,0.0
0.0,0.0
0.0,0.0
0.0,0.0
0.0,0.0
0.0,0.0
0.0,0.0
0.0,0.0
0.0,0.0
0.0,0.0
0.0,0.0
0.0,0.0
0.0,0.0
0.0,0.0
0.0,0.0
0.0,0.0
0.0,0.0
0.0,0.0
0.0,0.0
0.0,0.0
0.0,0.0
0.0,0.0
0.0,0.0
0.0,0.0
0.0,0.0
0.0,0.0
0.0,0.0
0.0,0.0
0.0,0.0
0.0,0.0
0.0,0.0
0.0,0.0
0.0,0.0
0.0,0.0
0.0,0.0
0.0,0.0
0.0,0.0
0.0,0.0
0.0,0.0
0.0,0.0
0.0,0.0
0.0,0.0
0.0,0.0
0.0,0.0
0.0,0.0
0.0,0.0
0.0,0.0
0.0,0.0
0.0,0.0
0.0,0.0
0.0,0.0
0.0,0.0
0.0,0.0
0.0,0.0
0.0,0.0
0.0,0.0
0.0,0.0
0.0,0.0
0.0,0.0
0.0,0.0
0.0,0.0
4555.44,0.0
4555.44,0.0
5648.7456,0.0
5911.138944,0.0
5974.11334656,0.0
5989.2272031744,0.0
5992.854528761856,0.0
5993.725086902846,0.0
5993.934020856683,0.0
5993.984165005604,0.0
5993.996199601345,0.0
5993.999087904323,0.0
5993.999781097037,0.0
5993.999781097037,0.0
5993.999781097037,0.0
5993.999781097037,0.0
5993.999781097037,0.0
5993.999781097037,0.0
5993.999781097037,0.0
5993.999781097037,0.0
5993.999781097037,0.0
5993.999781097037,0.0
5993.999781097037,0.0
5993.999781097037,0.0
5993.999781097037,0.0
5993.999781097037,0.0
5993.999781097037,0.0
5993.999781097037,0.0
5993.999781097037,0.0
5993.999781097037,0.0
5993.999781097037,0.0
5993.999781097037,0.0
5993.999781097037,0.0
5993.999781097037,0.0
5993.999781097037,0.0
5993.999781097037,0.0
5993.999781097037,0.0
5993.999781097037,0.0
5993.999781097037,0.0
5993.999781097037,0.0
5993.999781097037,0.0
5993.999947463289,0.0
5993.999987391189,0.0
5993.999996973886,0.0
5993.999999273732,0.0
5993.999999825695,0.0
5993.999999958167,0.0
5993.99999998996,0.0
5993.999999997591,0.0
5993.999999999422,0.0
5993.999999999861,0.0
5993.999999999966,0.0
5993.999999999992,0.0
5993.999999999998,0.0
5994.0,0.0
5894.7766037590845,0.0
5894.7766037590845,0.0
0.0,0.0
0.0,0.0
0.0,0.0
0.0,0.0
0.0,0.0
0.0,0.0
0.0,0.0
0.0,0.0
0.0,0.0
0.0,0.0
0.0,0.0
0.0,0.0
0.0,0.0
0.0,0.0
4555.44,0.0
5648.7456,0.0
5911.138944,0.0
5974.11334656,0.0
5989.2272031744,0.0
5992.854528761856,0.0
5993.725086902846,0.0
5993.934020856683,0.0
5993.984165005604,0.0
5993.996199601345,0.0
5993.999087904323,0.0
5993.999781097037,0.0
5993.999947463289,0.0
5993.999987391189,0.0
5993.999996973886,0.0
5993.999999273732,0.0
5993.999999825695,0.0
5993.999999958167,0.0
5993.99999998996,0.0
5993.999999997591,0.0
0.0,0.0
0.0,0.0
0.0,0.0
0.0,0.0
0.0,0.0
0.0,0.0
0.0,0.0
4555.44,0.0
4555.44,0.0
4555.44,0.0
4555.44,0.0
4555.44,0.0
4555.44,0.0
4555.44,0.0
4555.44,0.0
4555.44,0.0
4555.44,0.0
4555.44,0.0
4555.44,0.0
4555.44,0.0
4555.44,0.0
4555.44,0.0
4555.44,0.0
4555.44,0.0
4555.44,0.0
4555.44,0.0
4555.44,0.0
4555.44,0.0
4555.44,0.0
4555.44,0.0
4555.44,0.0
4555.44,0.0
4555.44,0.0
4555.44,0.0
4555.44,0.0
4555.44,0.0
4555.44,0.0
4555.44,0.0
4555.44,0.0
4555.44,0.0
4555.44,0.0
4555.44,0.0
4555.44,0.0
4555.44,0.0
4555.44,0.0
4555.44,0.0
4555.44,0.0
4555.44,0.0
4555.44,0.0
4555.44,0.0
4555.44,0.0
4555.44,0.0
4555.44,0.0
4555.44,0.0
4555.44,0.0
5648.7456,0.0
5911.138944,0.0
5974.11334656,0.0
5989.2272031744,0.0
5992.854528761856,0.0
5993.725086902846,0.0
5993.934020856683,0.0
5993.984165005604,0.0
5993.996199601345,0.0
5993.999087904323,0.0
5993.999781097037,0.0
5993.999781097037,0.0
5993.999781097037,0.0
5993.999781097037,0.0
5993.999947463289,0.0
5993.999987391189,0.0
5993.999996973886,0.0
5993.999999273732,0.0
5993.999999273732,0.0
5993.999999273732,0.0
5993.999999273732,0.0
5993.999999273732,0.0
5993.999999273732,0.0
5993.999999273732,0.0
5993.999999273732,0.0
5993.999999273732,0.0
5993.999999273732,0.0
5993.999999825695,0.0
5993.999999958167,0.0
5993.99999998996,0.0
5993.999999997591,0.0
5993.999999999422,0.0
5993.999999999861,0.0
5993.999999999966,0.0
5993.999999999992,0.0
5993.999999999998,0.0
5994.0,0.0
5994.0,0.0
5994.0,0.0
5994.0,0.0
5994.0,0.0
2143.603557600236,0.0
2143.603557600236,0.0
2143.603557600236,0.0
2143.603557600236,0.0
2143.603557600236,0.0
2143.603557600236,0.0
2143.603557600236,0.0
2143.603557600236,0.0
2143.603557600236,0.0
2143.603557600236,0.0
2143.603557600236,0.0
2143.603557600236,0.0
2143.603557600236,0.0
2143.603557600236,0.0
2143.603557600236,0.0
0.0,0.0
0.0,0.0
0.0,0.0
0.0,0.0
0.0,0.0
0.0,0.0
0.0,0.0
0.0,0.0
0.0,0.0
0.0,0.0
0.0,0.0
0.0,0.0
0.0,0.0
0.0,0.0
0.0,0.0
0.0,0.0
0.0,0.0
0.0,0.0
0.0,0.0
0.0,0.0
0.0,0.0
0.0,0.0
0.0,0.0
0.0,0.0
0.0,0.0
1880.6735248773657,0.0
5006.801645970568,0.0
5757.0723950329375,0.0
5937.137374807905,0.0
1926.3772492758853,0.0
1926.3772492758853,0.0
1926.3772492758853,0.0
1926.3772492758853,0.0
1926.3772492758853,0.0
1926.3772492758853,0.0
1926.3772492758853,0.0
1926.3772492758853,0.0
1926.3772492758853,0.0
1926.3772492758853,0.0
1926.3772492758853,0.0
0.0,0.0
0.0,0.0
0.0,0.0
0.0,0.0
0.0,0.0
0.0,0.0
0.0,0.0
0.0,0.0
0.0,0.0
0.0,0.0
0.0,0.0
0.0,0.0
0.0,0.0
0.0,0.0
0.0,0.0
0.0,0.0
0.0,0.0
0.0,0.0
0.0,0.0
390.44773651016294,0.0
4649.147456762439,0.0
4649.147456762439,0.0
4649.147456762439,0.0
5671.235389622985,0.0
5916.536493509517,0.0
5975.408758442284,0.0
5989.538102026148,0.0
5992.929144486276,0.0
5993.742994676706,0.0
5993.938318722409,0.0
5993.985196493379,0.0
5993.996447158411,0.0
5993.999147318019,0.0
5993.999795356324,0.0
5993.999950885518,0.0
5993.999988212524,0.0
5993.999997171006,0.0
3980.2004957497484,0.0
5035.689963012228,0.0
5764.005591122935,0.0
5361.338112199153,0.0
3171.83636027204,0.0
2133.1019524234052,0.0
717.8958374211651,0.0
717.8958374211651,0.0
1085.2607708479345,0.0
2567.5206727400146,0.0
5171.644961457603,0.0
3261.369558514367,0.0
3261.369558514367,0.0
0.0,0.0
0.0,0.0
0.0,0.0
0.0,0.0
0.0,0.0
0.0,0.0
0.0,0.0
0.0,0.0
0.0,0.0
0.0,0.0
0.0,0.0
0.0,0.0
0.0,0.0
0.0,0.0
4555.44,0.0
5648.7456,0.0
3636.826188647514,0.0
4507.434149404346,0.0
5637.224195857043,0.0
5908.373807005691,0.0
5973.449713681366,0.0
5989.067931283528,0.0
5992.816303508047,0.0
5993.715912841932,0.0
5993.931819082063,0.0
5993.9836365796955,0.0
5993.996072779127,0.0
5993.99905746699,0.0
5993.999773792078,0.0
5993.999773792078,0.0
5993.9999457100985,0.0
5993.999986970423,0.0
5993.999996872902,0.0
5993.999999249497,0.0
4308.583741365824,0.0
4308.583741365824,0.0
4308.583741365824,0.0
4308.583741365824,0.0
4308.583741365824,0.0
4308.583741365824,0.0
4308.583741365824,0.0
4308.583741365824,0.0
0.0,0.0
0.0,0.0
0.0,0.0
0.0,0.0
0.0,0.0
0.0,0.0
0.0,0.0
0.0,0.0
0.0,0.0
0.0,0.0
0.0,0.0
0.0,0.0
0.0,0.0
0.0,0.0
0.0,0.0
0.0,0.0
0.0,0.0
0.0,0.0
0.0,0.0
0.0,0.0
0.0,0.0
0.0,0.0
0.0,0.0
0.0,0.0
0.0,0.0
0.0,0.0
0.0,0.0
0.0,0.0
0.0,0.0
0.0,0.0
0.0,0.0
0.0,0.0
0.0,0.0
0.0,0.0
0.0,0.0
0.0,0.0
0.0,0.0
0.0,0.0
0.0,0.0
0.0,0.0
0.0,0.0
0.0,0.0
0.0,0.0
0.0,0.0
0.0,0.0
0.0,0.0
0.0,0.0
0.0,0.0
0.0,0.0
0.0,0.0
0.0,0.0
0.0,0.0
0.0,0.0
0.0,0.0
0.0,0.0
0.0,0.0
0.0,0.0
0.0,0.0
0.0,0.0
0.0,0.0
0.0,0.0
0.0,0.0
0.0,0.0
0.0,0.0
0.0,0.0
0.0,0.0
0.0,0.0
0.0,0.0
0.0,0.0
0.0,0.0
0.0,0.0
0.0,0.0
0.0,0.0
0.0,0.0
0.0,0.0
0.0,0.0
0.0,0.0
0.0,0.0
0.0,0.0
0.0,0.0
0.0,0.0
0.0,0.0
0.0,0.0
0.0,0.0
0.0,0.0
0.0,0.0
0.0,0.0
0.0,0.0
0.0,0.0
0.0,0.0
0.0,0.0
0.0,0.0
0.0,0.0
0.0,0.0
0.0,0.0
1913.2288997897667,0.0
5014.614935949544,0.0
5758.947584627891,0.0
5937.587420310694,0.0
5980.460980874566,0.0
5990.750635409896,0.0
5993.220152498375,0.0
5993.81283659961,0.0
5993.955080783906,0.0
5993.989219388137,0.0
3623.9506769915006,0.0
0.0,0.0
0.0,0.0
0.0,0.0
0.0,0.0
0.0,0.0
0.0,0.0
0.0,0.0
0.0,0.0
0.0,0.0
0.0,0.0
0.0,0.0
0.0,0.0
0.0,0.0
0.0,0.0
4555.44,0.0
4555.44,0.0
4555.44,0.0
4555.44,0.0
5648.7456,0.0
5648.7456,0.0
5648.7456,0.0
5648.7456,0.0
5648.7456,0.0
5648.7456,0.0
5648.7456,0.0
5648.7456,0.0
5648.7456,0.0
5648.7456,0.0
5648.7456,0.0
5648.7456,0.0
5648.7456,0.0
5648.7456,0.0
5911.138944,0.0
5911.138944,0.0
5911.138944,0.0
5911.138944,0.0
5911.138944,0.0
5911.138944,0.0
5911.138944,0.0
5911.138944,0.0
5911.138944,0.0
5911.138944,0.0
5911.138944,0.0
5911.138944,0.0
5911.138944,0.0
5974.11334656,0.0
5989.2272031744,0.0
5989.2272031744,0.0
5992.854528761856,0.0
5993.725086902846,0.0
5993.934020856683,0.0
5993.984165005604,0.0
5993.996199601345,0.0
5993.999087904323,0.0
5993.999781097037,0.0
5993.999947463289,0.0
5993.999987391189,0.0
5993.999996973886,0.0
5993.999999273732,0.0
5993.999999825695,0.0
5993.999999958167,0.0
5993.99999998996,0.0
5993.999999997591,0.0
5993.999999999422,0.0
5993.999999999861,0.0
5993.999999999966,0.0
5993.999999999992,0.0
5993.999999999998,0.0
5231.467585809034,0.0
5231.467585809034,0.0
0.0,0.0
0.0,0.0
0.0,0.0
0.0,0.0
0.0,0.0
4555.44,0.0
5648.7456,0.0
5911.138944,0.0
5974.11334656,0.0
5989.2272031744,0.0
5992.854528761856,0.0
5993.725086902846,0.0
5993.934020856683,0.0
5993.934020856683,0.0
166.9976658463529,0.0
166.9976658463529,0.0
0.0,0.0
0.0,0.0
0.0,0.0
0.0,0.0
0.0,0.0
0.0,0.0
0.0,0.0
0.0,0.0
0.0,0.0
0.0,0.0
0.0,0.0
0.0,0.0
0.0,0.0
0.0,0.0
0.0,0.0
0.0,0.0
0.0,0.0
0.0,0.0
0.0,0.0
0.0,0.0
0.0,0.0
0.0,0.0
0.0,0.0
0.0,0.0
0.0,0.0
0.0,0.0
0.0,0.0
0.0,0.0
0.0,0.0
0.0,0.0
0.0,0.0
0.0,0.0
0.0,0.0
0.0,0.0
0.0,0.0
0.0,0.0
0.0,0.0
0.0,0.0
0.0,0.0
0.0,0.0
0.0,0.0
0.0,0.0
0.0,0.0
0.0,0.0
0.0,0.0
0.0,0.0
0.0,0.0
0.0,0.0
0.0,0.0
0.0,0.0
0.0,0.0
0.0,0.0
0.0,0.0
0.0,0.0
0.0,0.0
0.0,0.0
0.0,0.0
0.0,0.0
0.0,0.0
0.0,0.0
0.0,0.0
0.0,0.0
0.0,0.0
0.0,0.0
0.0,0.0
0.0,0.0
0.0,0.0
0.0,0.0
0.0,0.0
0.0,0.0
0.0,0.0
0.0,0.0
0.0,0.0
0.0,0.0
3847.1351132710624,0.0
3847.1351132710624,0.0
3847.1351132710624,0.0
3847.1351132710624,0.0
0.0,0.0
0.0,0.0
0.0,0.0
0.0,0.0
0.0,0.0
0.0,0.0
0.0,0.0
0.0,0.0
0.0,0.0
0.0,0.0
0.0,0.0
0.0,0.0
0.0,0.0
0.0,0.0
0.0,0.0
0.0,0.0
0.0,0.0
0.0,0.0
0.0,0.0
