DK,FR,DE,IB,LU,UK
0.0,0.0,0.0,0.0,1016.0,0.0
0.0,0.0,0.0,0.0,0.0,0.0
0.0,0.0,0.0,0.0,1015.9999999999999,0.0
0.0,0.0,0.0,0.0,0.0,0.0
0.0,0.0,0.0,0.0,1016.0,0.0
0.0,0.0,0.0,0.0,1016.0,0.0
0.0,0.0,0.0,0.0,0.0,0.0
0.0,0.0,0.0,0.0,0.0,0.0
0.0,2000.0,0.0,0.0,1015.9999999999999,0.0
0.0,2000.0,0.0,0.0,1016.0,0.0
0.0,2000.0,0.0,0.0,0.0,0.0
0.0,2000.0,0.0,0.0,1016.0,0.0
0.0,0.0,0.0,0.0,1016.0,0.0
0.0,2000.0,0.0,0.0,1016.0,0.0
0.0,2000.0,0.0,0.0,1016.0,0.0
0.0,0.0,0.0,0.0,0.0,0.0
0.0,0.0,0.0,0.0,1016.0,0.0
0.0,0.0,0.0,0.0,1016.0,0.0
0.0,0.0,0.0,0.0,1016.0,0.0
0.0,0.0,0.0,0.0,1016.0000000000001,0.0
0.0,0.0,0.0,0.0,1016.0,0.0
0.0,0.0,0.0,0.0,1016.0,0.0
0.0,0.0,0.0,0.0,1016.0,0.0
0.0,0.0,0.0,0.0,1016.0,0.0
0.0,789.5305060393979,0.0,0.0,1016.0,0.0
0.0,2000.0,0.0,0.0,1016.0,0.0
0.0,2000.0,0.0,0.0,1016.0,0.0
0.0,0.0,0.0,0.0,1016.0,0.0
0.0,0.0,0.0,0.0,886.4668350318717,0.0
0.0,2000.0,0.0,0.0,1016.0,0.0
0.0,2000.0,0.0,0.0,1016.0,0.0
0.0,1215.458298150551,0.0,0.0,1016.0,0.0
0.0,2000.0,0.0,0.0,1016.0,0.0
0.0,0.0,0.0,0.0,0.0,0.0
0.0,0.0,0.0,0.0,0.0,0.0
0.0,0.0,0.0,0.0,1016.0,0.0
0.0,2000.0000000000002,0.0,0.0,1016.0,0.0
0.0,2000.0,0.0,0.0,1016.0,0.0
0.0,2000.0,0.0,0.0,0.0,0.0
0.0,2000.0,0.0,0.0,1016.0,0.0
0.0,0.0,0.0,0.0,0.0,0.0
0.0,0.0,0.0,0.0,0.0,0.0
0.0,0.0,0.0,0.0,0.0,0.0
0.0,0.0,0.0,0.0,0.0,0.0
0.0,0.0,0.0,0.0,0.0,0.0
0.0,2000.0,0.0,0.0,1016.0,0.0
0.0,0.0,0.0,0.0,0.0,0.0
0.0,2000.0,0.0,0.0,1016.0,0.0
0.0,0.0,0.0,0.0,1016.0,0.0
0.0,0.0,0.0,0.0,1016.0,0.0
0.0,0.0,0.0,0.0,1016.0,0.0
0.0,2000.0,0.0,0.0,1016.0,0.0
0.0,0.0,0.0,0.0,1016.0,0.0
0.0,0.0,0.0,0.0,1016.0,0.0
0.0,0.0,0.0,0.0,1016.0,0.0
0.0,0.0,0.0,0.0,0.0,0.0
0.0,0.0,0.0,0.0,0.0,0.0
0.0,2000.0,0.0,0.0,1016.0,0.0
0.0,0.0,0.0,0.0,1016.0,0.0
0.0,2000.0,0.0,0.0,0.0,0.0
0.0,2000.0,0.0,0.0,1015.9999999999999,0.0
0.0,0.0,0.0,0.0,0.0,0.0
0.0,2000.0,0.0,0.0,1016.0,0.0
0.0,0.0,0.0,0.0,1016.0,0.0
0.0,2000.0,0.0,0.0,1016.0,0.0
0.0,0.0,0.0,0.0,0.0,0.0
0.0,2000.0000000000002,0.0,0.0,0.0,0.0
0.0,0.0,0.0,0.0,0.0,0.0
0.0,0.0,0.0,0.0,1016.0000000000001,0.0
0.0,0.0,0.0,0.0,0.0,0.0
0.0,2000.0,0.0,0.0,1016.0,0.0
0.0,2000.0000000000002,0.0,0.0,1016.0,0.0
0.0,0.0,0.0,0.0,0.0,0.0
0.0,0.0,0.0,0.0,0.0,0.0
0.0,0.0,0.0,0.0,0.0,0.0
0.0,2000.0,0.0,0.0,1016.0,0.0
0.0,0.0,0.0,0.0,0.0,0.0
0.0,0.0,0.0,0.0,0.0,0.0
0.0,0.0,0.0,0.0,0.0,0.0
0.0,0.0,0.0,0.0,1016.0,0.0
0.0,0.0,0.0,0.0,1016.0,0.0
0.0,0.0,0.0,0.0,1016.0,0.0
0.0,0.0,0.0,0.0,1016.0,0.0
0.0,0.0,0.0,0.0,0.0,0.0
0.0,0.0,0.0,0.0,1016.0,0.0
0.0,0.0,0.0,0.0,1016.0,0.0
0.0,0.0,0.0,0.0,113.47212986251718,0.0
0.0,0.0,0.0,0.0,1016.0,0.0
0.0,0.0,0.0,0.0,1016.0,0.0
0.0,0.0,0.0,0.0,0.0,0.0
0.0,0.0,0.0,0.0,1015.9999999999999,0.0
0.0,0.0,0.0,0.0,1016.0000000000001,0.0
0.0,0.0,0.0,0.0,1016.0,0.0
0.0,0.0,0.0,0.0,1016.0,0.0
0.0,0.0,0.0,0.0,1016.0,0.0
0.0,0.0,0.0,0.0,1016.0,0.0
0.0,0.0,0.0,0.0,1016.0,0.0
0.0,0.0,0.0,0.0,1016.0,0.0
0.0,0.0,0.0,0.0,1016.0000000000001,0.0
0.0,0.0,0.0,0.0,1016.0,0.0
0.0,0.0,0.0,0.0,1016.0,0.0
0.0,0.0,0.0,0.0,1016.0,0.0
0.0,0.0,0.0,0.0,0.0,0.0
0.0,0.0,0.0,0.0,1016.0000000000001,0.0
0.0,0.0,0.0,0.0,1016.0000000000001,0.0
0.0,0.0,0.0,0.0,1016.0,0.0
0.0,2000.0,0.0,0.0,0.0,0.0
0.0,2000.0,0.0,0.0,1016.0,0.0
0.0,2000.0,0.0,0.0,1016.0,0.0
0.0,2000.0,0.0,0.0,1016.0,0.0
0.0,920.362447378405,0.0,0.0,1016.0,0.0
0.0,2000.0,0.0,0.0,1016.0,0.0
0.0,0.0,0.0,0.0,1016.0000000000001,0.0
0.0,2000.0000000000002,0.0,0.0,1016.0,0.0
0.0,0.0,0.0,0.0,1016.0,0.0
0.0,0.0,0.0,0.0,1016.0,0.0
0.0,0.0,0.0,0.0,1016.0,0.0
0.0,1999.9999999999998,0.0,0.0,1016.0,0.0
0.0,2000.0,0.0,0.0,0.0,0.0
0.0,0.0,0.0,0.0,1016.0,0.0
0.0,2000.0,0.0,0.0,0.0,0.0
0.0,0.0,0.0,0.0,1016.0,0.0
0.0,1999.9999999999998,0.0,0.0,0.0,0.0
0.0,2000.0,0.0,0.0,1016.0,0.0
0.0,2000.0,0.0,0.0,1016.0,0.0
0.0,0.0,0.0,0.0,1016.0,0.0
0.0,2000.0,0.0,0.0,1016.0,0.0
0.0,0.0,0.0,0.0,1016.0,0.0
0.0,2000.0,0.0,0.0,1016.0,0.0
0.0,2000.0,0.0,0.0,1016.0,0.0
0.0,0.0,0.0,0.0,1016.0,0.0
0.0,2000.0,0.0,0.0,1016.0,0.0
0.0,2000.0,0.0,0.0,0.0,0.0
0.0,2000.0,0.0,0.0,1016.0,0.0
0.0,2000.0,0.0,0.0,1016.0,0.0
0.0,2000.0,0.0,0.0,1016.0,0.0
0.0,2000.0,0.0,0.0,1016.0,0.0
0.0,2000.0,0.0,0.0,0.0,0.0
0.0,2000.0,0.0,0.0,1015.9999999999999,0.0
0.0,2000.0,0.0,0.0,1016.0000000000001,0.0
0.0,2000.0000000000002,0.0,0.0,1016.0,0.0
0.0,2000.0,0.0,0.0,1016.0,0.0
0.0,2000.0,0.0,0.0,1016.0,0.0
0.0,2000.0,0.0,0.0,1016.0,0.0
0.0,2000.0,0.0,0.0,1016.0,0.0
0.0,0.0,0.0,0.0,1016.0,0.0
0.0,2000.0,0.0,0.0,1016.0,0.0
0.0,0.0,0.0,0.0,1015.9999999999999,0.0
0.0,0.0,0.0,0.0,1016.0,0.0
0.0,0.0,0.0,0.0,1016.0000000000001,0.0
0.0,0.0,0.0,0.0,0.0,0.0
0.0,0.0,0.0,0.0,0.0,0.0
0.0,0.0,0.0,0.0,1016.0,0.0
0.0,0.0,0.0,0.0,1016.0,0.0
0.0,0.0,0.0,0.0,1016.0000000000001,0.0
0.0,0.0,0.0,0.0,1016.0,0.0
0.0,0.0,0.0,0.0,0.0,0.0
0.0,0.0,0.0,0.0,0.0,0.0
0.0,0.0,0.0,0.0,1016.0,0.0
0.0,0.0,0.0,0.0,1016.0,0.0
0.0,0.0,0.0,0.0,0.0,0.0
0.0,0.0,0.0,0.0,0.0,0.0
0.0,0.0,0.0,0.0,1016.0,0.0
0.0,0.0,0.0,0.0,1016.0,0.0
0.0,0.0,0.0,0.0,0.0,0.0
0.0,0.0,0.0,0.0,0.0,0.0
0.0,0.0,0.0,0.0,0.0,0.0
0.0,580.5895757562922,0.0,0.0,0.0,0.0
