Price
48.98848920863318
48.98848920863319
48.98848920863319
48.98848920863319
48.98848920863319
48.98848920863319
48.98848920863319
48.98848920863319
48.98848920863318
48.98848920863319
48.98848920863318
48.98848920863318
48.98848920863319
48.98848920863319
48.98848920863319
48.98848920863319
48.9884892086332
48.98848920863319
48.98848920863319
48.98848920863319
48.98848920863319
48.98848920863319
48.98848920863319
48.98848920863318
48.98848920863319
48.98848920863319
48.98848920863319
48.98848920863319
48.98848920863319
48.98848920863319
48.98848920863319
48.9884892086332
48.98848920863319
48.98848920863319
48.98848920863319
48.98848920863319
48.98848920863318
48.98848920863319
48.98848920863319
48.98848920863319
48.98848920863319
48.98848920863319
48.98848920863319
48.98848920863318
48.98848920863319
48.98848920863319
48.98848920863319
48.9884892086332
48.98848920863319
48.98848920863319
48.98848920863319
48.98848920863319
48.98848920863319
48.98848920863318
48.98848920863319
48.98848920863319
48.98848920863318
48.98848920863319
48.98848920863319
48.98848920863319
48.98848920863319
48.98848920863319
48.98848920863319
48.98848920863318
48.98848920863319
48.98848920863319
48.98848920863319
48.98848920863319
48.98848920863319
48.98848920863319
48.98848920863318
48.98848920863319
48.98848920863319
48.98848920863319
48.98848920863319
48.98848920863319
48.98848920863319
48.98848920863319
48.98848920863319
48.9884892086332
48.98848920863319
48.98848920863319
48.9884892086332
48.98848920863319
48.98848920863319
48.98848920863319
48.9884892086332
48.98848920863318
48.9884892086332
48.98848920863319
48.98848920863319
48.98848920863319
48.98848920863319
48.98848920863319
48.98848920863319
48.98848920863319
48.98848920863319
48.98848920863319
48.98848920863319
48.98848920863319
48.98848920863319
48.98848920863319
48.98848920863319
48.98848920863319
48.9884892086332
48.98848920863319
48.98848920863319
48.98848920863319
48.98848920863319
48.98848920863319
48.98848920863318
48.9884892086332
48.98848920863319
48.98848920863319
48.98848920863319
48.98848920863318
48.98848920863319
48.98848920863319
48.98848920863319
48.98848920863319
48.98848920863319
48.98848920863319
48.98848920863319
48.98848920863319
48.98848920863319
48.98848920863319
48.98848920863319
48.98848920863318
48.98848920863318
48.98848920863319
48.98848920863318
48.98848920863319
48.98848920863319
48.98848920863319
48.98848920863319
48.98848920863318
48.9884892086332
48.98848920863319
48.98848920863319
48.98848920863319
48.98848920863319
48.98848920863319
48.98848920863319
48.98848920863319
48.98848920863319
48.98848920863319
48.98848920863319
48.98848920863319
48.98848920863319
48.98848920863319
48.98848920863319
48.98848920863319
48.98848920863318
48.98848920863319
48.98848920863318
48.98848920863319
48.98848920863319
48.98848920863318
48.98848920863318
48.98848920863318
48.98848920863319
48.98848920863319
48.98848920863319
48.98848920863319
48.98848920863319
48.98848920863319
48.98848920863318
48.98848920863319
