DK,FR,DE,IB,LU,UK
0.0,2000.0,0.0,0.0,1016.0,0.0
0.0,2000.0,0.0,0.0,1016.0,0.0
0.0,0.0,0.0,0.0,1016.0000000000001,0.0
0.0,2000.0,0.0,0.0,0.0,0.0
0.0,0.0,0.0,0.0,1016.0,0.0
0.0,0.0,0.0,0.0,1016.0000000000001,0.0
0.0,0.0,0.0,0.0,0.0,0.0
0.0,0.0,0.0,0.0,0.0,0.0
0.0,2000.0000000000002,0.0,0.0,0.0,0.0
0.0,0.0,0.0,0.0,1016.0000000000001,0.0
0.0,2000.0,0.0,0.0,1016.0,0.0
0.0,2000.0,0.0,0.0,0.0,0.0
0.0,2000.0,0.0,0.0,0.0,0.0
0.0,2000.0,0.0,0.0,0.0,0.0
0.0,2000.0,0.0,0.0,0.0,0.0
0.0,1999.9999999999998,0.0,0.0,1015.9999999999999,0.0
0.0,0.0,0.0,0.0,1016.0000000000001,0.0
0.0,0.0,0.0,0.0,1016.0,0.0
0.0,0.0,0.0,0.0,1016.0,0.0
0.0,2000.0,0.0,0.0,1015.9999999999999,0.0
0.0,2000.0,0.0,0.0,1016.0,0.0
0.0,2000.0,0.0,0.0,1016.0,0.0
0.0,0.0,0.0,0.0,1015.9999999999999,0.0
0.0,0.0,0.0,0.0,0.0,0.0
0.0,0.0,0.0,0.0,0.0,0.0
0.0,0.0,0.0,0.0,536.7846283272908,0.0
0.0,0.0,0.0,0.0,1016.0,0.0
0.0,0.0,0.0,0.0,1016.0,0.0
0.0,317.5770683605811,0.0,0.0,0.0,0.0
0.0,0.0,0.0,0.0,1008.2691916329181,0.0
0.0,0.0,0.0,0.0,0.0,0.0
0.0,0.0,0.0,0.0,0.0,0.0
0.0,0.0,0.0,0.0,0.0,0.0
0.0,2000.0000000000002,0.0,0.0,696.4604718233379,0.0
0.0,0.0,0.0,0.0,0.0,0.0
0.0,0.0,0.0,0.0,996.9027845301473,0.0
0.0,1999.9999999999998,0.0,0.0,1016.0,0.0
0.0,0.0,0.0,0.0,0.0,0.0
0.0,0.0,0.0,0.0,1016.0,0.0
0.0,0.0,0.0,0.0,0.0,0.0
0.0,2000.0,0.0,0.0,1016.0,0.0
0.0,2000.0,0.0,0.0,1016.0000000000001,0.0
0.0,2000.0000000000002,0.0,0.0,1016.0000000000001,0.0
0.0,2000.0,0.0,0.0,1016.0,0.0
0.0,0.0,0.0,0.0,1008.1056078591853,0.0
0.0,2000.0,0.0,0.0,0.0,0.0
0.0,0.0,0.0,0.0,0.0,0.0
0.0,2000.0,0.0,0.0,1016.0,0.0
0.0,0.0,0.0,0.0,1016.0,0.0
0.0,2000.0,0.0,0.0,1016.0,0.0
0.0,0.0,0.0,0.0,1016.0,0.0
0.0,0.0,0.0,0.0,943.3906697442441,0.0
0.0,2000.0,0.0,0.0,0.0,0.0
0.0,0.0,0.0,0.0,0.0,0.0
0.0,0.0,0.0,0.0,0.0,0.0
0.0,0.0,0.0,0.0,1015.9999999999998,0.0
0.0,0.0,0.0,0.0,1016.0000000000001,0.0
0.0,2000.0,0.0,0.0,209.8158002455954,0.0
0.0,0.0,0.0,0.0,1016.0,0.0
0.0,0.0,0.0,0.0,0.0,0.0
0.0,1531.9823986901365,0.0,0.0,0.0,0.0
0.0,2000.0000000000002,0.0,0.0,1016.0,0.0
0.0,0.0,0.0,0.0,0.0,0.0
0.0,0.0,0.0,0.0,0.0,0.0
0.0,0.0,0.0,0.0,0.0,0.0
0.0,1671.1900351805832,0.0,0.0,0.0,0.0
0.0,1999.9999999999998,0.0,0.0,189.81129758492662,0.0
0.0,353.59844453540813,0.0,0.0,1016.0,0.0
0.0,289.05853458861196,0.0,0.0,1015.9999999999999,0.0
0.0,2000.0,0.0,0.0,0.0,0.0
0.0,0.0,0.0,0.0,1016.0,0.0
0.0,0.0,0.0,0.0,1016.0,0.0
0.0,0.0,0.0,0.0,715.080064500831,0.0
0.0,761.254686610632,0.0,0.0,1015.9999999999999,0.0
0.0,0.0,0.0,0.0,1016.0,0.0
0.0,1.862261699595049,0.0,0.0,1016.0,0.0
0.0,0.0,0.0,0.0,1016.0,0.0
0.0,0.0,0.0,0.0,0.0,0.0
0.0,0.0,0.0,0.0,0.0,0.0
0.0,0.0,0.0,0.0,0.0,0.0
0.0,0.0,0.0,0.0,0.0,0.0
0.0,0.0,0.0,0.0,0.0,0.0
0.0,0.0,0.0,0.0,0.0,0.0
0.0,0.0,0.0,0.0,0.0,0.0
0.0,0.0,0.0,0.0,0.0,0.0
0.0,0.0,0.0,0.0,0.0,0.0
0.0,0.0,0.0,0.0,0.0,0.0
0.0,0.0,0.0,0.0,0.0,0.0
0.0,0.0,0.0,0.0,0.0,0.0
0.0,0.0,0.0,0.0,0.0,0.0
0.0,0.0,0.0,0.0,0.0,0.0
0.0,0.0,0.0,0.0,0.0,0.0
0.0,0.0,0.0,0.0,820.5849561382905,0.0
0.0,0.0,0.0,0.0,1016.0,0.0
0.0,0.0,0.0,0.0,0.0,0.0
0.0,0.0,0.0,0.0,0.0,0.0
0.0,0.0,0.0,0.0,0.0,0.0
0.0,0.0,0.0,0.0,0.0,0.0
0.0,0.0,0.0,0.0,0.0,0.0
0.0,0.0,0.0,0.0,0.0,0.0
0.0,0.0,0.0,0.0,0.0,0.0
0.0,0.0,0.0,0.0,0.0,0.0
0.0,0.0,0.0,0.0,0.0,0.0
0.0,0.0,0.0,0.0,0.0,0.0
0.0,0.0,0.0,0.0,1015.9999999999999,0.0
0.0,0.0,0.0,0.0,0.0,0.0
0.0,2000.0,0.0,0.0,0.0,0.0
0.0,0.0,0.0,0.0,65.20098239868679,0.0
0.0,1763.2382316823484,0.0,0.0,0.0,0.0
0.0,2000.0,0.0,0.0,0.0,0.0
0.0,2000.0,0.0,0.0,1016.0,0.0
0.0,0.0,0.0,0.0,1016.0,0.0
0.0,1999.9999999999995,0.0,0.0,4.740539781631955,0.0
0.0,1999.9999999999998,0.0,0.0,0.0,0.0
0.0,0.0,0.0,0.0,318.9195969158327,0.0
0.0,0.0,0.0,0.0,0.0,0.0
0.0,0.0,0.0,0.0,1016.0000000000001,0.0
0.0,2000.0000000000002,0.0,0.0,0.0,0.0
0.0,0.0,0.0,0.0,0.0,0.0
0.0,0.0,0.0,0.0,0.0,0.0
0.0,0.0,0.0,0.0,0.0,0.0
0.0,0.0,0.0,0.0,0.0,0.0
0.0,0.0,0.0,0.0,0.0,0.0
0.0,0.0,0.0,0.0,0.0,0.0
0.0,0.0,0.0,0.0,0.0,0.0
0.0,0.0,0.0,0.0,0.0,0.0
0.0,0.0,0.0,0.0,893.3859374747021,0.0
0.0,2000.0,0.0,0.0,0.0,0.0
0.0,1999.9999999999998,0.0,0.0,1015.9999999999999,0.0
0.0,2000.0,0.0,0.0,485.8744873241107,0.0
0.0,2000.0,0.0,0.0,53.860429667838844,0.0
0.0,2000.0,0.0,0.0,240.2833609536187,0.0
0.0,1999.9999999999998,0.0,0.0,14.71933756689086,0.0
0.0,1795.7253376995436,0.0,0.0,0.0,0.0
0.0,2000.0000000000002,0.0,0.0,0.0,0.0
0.0,2000.0,0.0,0.0,900.0622185836836,0.0
0.0,0.0,0.0,0.0,0.0,0.0
0.0,0.0,0.0,0.0,0.0,0.0
0.0,0.0,0.0,0.0,0.0,0.0
0.0,2000.0,0.0,0.0,0.0,0.0
0.0,0.0,0.0,0.0,0.0,0.0
0.0,2000.0,0.0,0.0,1016.0,0.0
0.0,1665.0945558739154,0.0,0.0,1016.0,0.0
0.0,0.0,0.0,0.0,0.0,0.0
0.0,0.0,0.0,0.0,0.0,0.0
0.0,1518.0519852640066,0.0,0.0,1016.0,0.0
0.0,1133.558329922227,0.0,0.0,0.0,0.0
0.0,0.0,0.0,0.0,0.0,0.0
0.0,0.0,0.0,0.0,0.0,0.0
0.0,573.0753244137753,0.0,0.0,0.0,0.0
0.0,110.92041597671113,0.0,0.0,1016.0000000000001,0.0
0.0,0.0,0.0,0.0,1016.0000000000001,0.0
0.0,0.0,0.0,0.0,1016.0,0.0
0.0,370.6487876536999,0.0,0.0,1016.0,0.0
0.0,0.0,0.0,0.0,0.0,0.0
0.0,2000.0,0.0,0.0,0.0,0.0
0.0,0.0,0.0,0.0,1016.0,0.0
0.0,1885.5304352262822,0.0,0.0,0.0,0.0
0.0,2000.0,0.0,0.0,1006.365390035718,0.0
0.0,0.0,0.0,0.0,23.736829213229388,0.0
0.0,921.0726578289093,0.0,0.0,0.0,0.0
0.0,0.0,0.0,0.0,79.07767345651554,0.0
0.0,568.0899096097368,0.0,0.0,945.4914144405449,0.0
0.0,0.0,0.0,0.0,0.0,0.0
0.0,0.0,0.0,0.0,1016.0,0.0
0.0,2000.0000000000002,0.0,0.0,1016.0,0.0
0.0,0.0,0.0,0.0,1016.0,0.0
0.0,0.0,0.0,0.0,0.0,0.0
