Lignite,Coal,Gas,WindOnshore,WindOffshore,PVGround,PVRoof
6803.588620548499,0.0,0.0,17049.4113794515,0.0,0.0,0.0
7486.458862054845,0.0,0.0,17602.541137945154,0.0,0.0,0.0
7038.622185837079,0.0,0.0,18703.37781416292,0.0,0.0,0.0
5304.612771182971,0.0,0.0,19370.38722881703,0.0,0.0,0.0
4001.4768726974985,0.0,0.0,19782.523127302502,0.0,0.0,0.0
3102.668031109287,0.0,0.0,20639.33196889071,0.0,0.0,0.0
6250.439623413838,0.0,0.0,20693.560376586167,0.0,0.0,0.0
7169.803929594755,0.0,0.0,20227.196070405244,0.0,0.0,0.0
4838.096602537858,0.0,0.0,22531.903397462138,0.0,0.0,0.0
5224.070814572249,0.0,0.0,27238.92918542775,0.0,0.0,0.0
1568.1260744985657,0.0,0.0,28507.87392550143,0.0,0.0,0.0
4158.493246009006,0.0,0.0,28990.506753991,0.0,0.0,0.0
5198.641424478085,0.0,0.0,28860.358575521906,0.0,0.0,0.0
5424.851412198117,0.0,0.0,28383.148587801887,0.0,0.0,0.0
4837.8051575931195,0.0,0.0,28204.194842406883,0.0,0.0,0.0
2982.99345067539,0.0,0.0,28112.006549324604,0.0,0.0,0.0
9421.595579205887,0.0,0.0,26924.40442079411,0.0,0.0,0.0
13201.126483831355,0.0,0.0,26750.873516168653,0.0,0.0,0.0
14671.894801473582,0.0,0.0,27613.10519852641,0.0,0.0,0.0
11931.255832992216,0.0,0.0,27954.744167007786,0.0,0.0,0.0
8157.123209169058,0.0,0.0,27558.876790830946,0.0,0.0,0.0
7951.367171510433,0.0,0.0,26978.632828489564,0.0,0.0,0.0
6993.308636921814,0.0,0.0,26517.691363078193,0.0,0.0,0.0
6128.089643880473,0.0,0.0,25904.910356119522,0.0,0.0,0.0
5079.308636921811,0.0,0.0,26517.691363078193,0.0,0.0,0.0
4262.496173964971,0.0,0.0,26761.71919770774,0.0,0.0,0.0
2717.518624641825,0.0,0.0,26040.48137535817,0.0,0.0,0.0
1398.0339746213647,0.0,0.0,26392.966025378635,0.0,0.0,0.0
380.7315685612319,0.0,0.0,26517.691363078193,0.0,0.0,0.0
3349.7586429966386,0.0,0.0,26251.97216537045,0.0,0.0,0.0
10636.145313139581,0.0,0.0,25416.85468686042,0.0,0.0,0.0
16560.389275480964,0.0,0.0,24836.610724519036,0.0,0.0,0.0
20061.77855096193,0.0,0.0,23177.221449038072,0.0,0.0,0.0
13965.259135217177,0.0,0.0,24473.28039295948,0.0,0.0,0.0
19876.343020875964,0.0,0.0,24657.656979124033,0.0,0.0,0.0
19717.668644041274,0.0,0.0,24603.428571428576,0.0,0.0,0.0
18369.603687601797,0.0,0.0,24299.749488334015,0.0,0.0,0.0
21917.287760949646,0.0,0.0,23388.712239050354,0.0,0.0,0.0
22397.08759721653,0.0,0.0,21441.91240278347,0.0,0.0,0.0
25139.467867376177,0.0,0.0,18356.316004911998,0.0,0.0,0.0
25139.467867376174,0.0,2221.633647155128,14695.898485468691,0.0,0.0,0.0
25139.467867376177,0.0,2099.6614817846857,14451.870650839133,0.0,0.0,0.0
25139.46786737618,0.0,2615.9852640196423,15704.546868604179,0.0,0.0,0.0
25139.467867376177,0.0,834.1178878428125,16100.41424478101,0.0,0.0,0.0
25139.467867376174,0.0,0.0,15818.42652476464,0.0,0.0,0.0
21872.77118297175,0.0,0.0,15059.228817028248,0.0,0.0,0.0
22381.92263610315,0.0,0.0,14121.077363896851,0.0,0.0,0.0
12647.252967662711,0.0,0.0,13757.74703233729,0.0,0.0,0.0
17673.524764633647,0.0,0.0,12933.475235366357,0.0,0.0,0.0
12976.975440032744,0.0,0.0,12684.024559967256,0.0,0.0,0.0
16392.12361850184,0.0,0.0,12553.87638149816,0.0,0.0,0.0
16868.80703799215,0.0,0.0,12488.802292263612,0.0,0.0,0.0
14130.78714695047,0.0,0.0,12776.21285304953,0.0,0.0,0.0
18370.645108473193,0.0,0.0,13047.354891526813,0.0,0.0,0.0
24228.13589848547,0.0,0.0,12835.864101514535,0.0,0.0,0.0
25139.467867376174,0.0,2863.038477282034,12510.493655341796,0.0,0.0,0.0
25139.467867376177,0.0,3316.8118561943247,12521.339336880885,0.0,0.0,0.0
25139.467867376174,0.0,0.0,14462.716332378224,0.0,0.0,0.0
25139.467867376174,0.0,0.0,15617.781416291444,0.0,0.0,0.0
25139.467867376177,0.0,0.0,15444.250511665987,0.0,0.0,0.0
25139.467867376177,0.0,0.0,14755.54973393369,0.0,0.0,0.0
19637.31436758084,0.0,0.0,15167.68563241916,0.0,0.0,0.0
24541.060990585345,0.0,0.0,16414.93900941466,0.0,0.0,0.0
24520.50839132215,0.0,0.0,16973.491608677858,0.0,0.0,0.0
25139.467867376177,0.0,0.0,16707.77241097012,0.0,0.0,0.0
25139.467867376177,0.0,0.0,18806.411788784284,0.0,0.0,0.0
25139.467867376174,0.0,0.0,20541.720835038894,0.0,0.0,0.0
25139.467867376177,0.0,0.0,20069.933688088415,0.0,0.0,0.0
25139.467867376177,0.0,0.0,19153.473598035205,0.0,0.0,0.0
19906.93696275072,0.0,0.0,18866.06303724929,0.0,0.0,0.0
17940.208759721645,0.0,0.0,18041.79124027835,0.0,0.0,0.0
13745.853868194841,0.0,0.0,17841.146131805162,0.0,0.0,0.0
13762.020631364905,0.0,0.0,18209.899304134266,0.0,0.0,0.0
9506.988047732388,0.0,0.0,17938.757265656983,0.0,0.0,0.0
10413.558326765336,0.0,0.0,17841.146131805162,0.0,0.0,0.0
10780.738638832538,0.0,0.0,17331.39909946787,0.0,0.0,0.0
10007.881702824398,0.0,0.0,17597.11829717561,0.0,0.0,0.0
13559.29840360213,0.0,0.0,17450.70159639787,0.0,0.0,0.0
18946.338518215307,0.0,0.0,17488.661481784693,0.0,0.0,0.0
23141.45558739255,0.0,0.0,18410.544412607454,0.0,0.0,0.0
23822.5820712239,0.0,0.0,18665.4179287761,0.0,0.0,0.0
24740.110110519854,0.0,0.0,17542.88988948015,0.0,0.0,0.0
25139.467867376177,0.0,0.0,15872.654932460093,0.0,0.0,0.0
25139.467867376174,0.0,0.0,16474.59025787966,0.0,0.0,0.0
23951.180925092107,0.0,0.0,18285.8190749079,0.0,0.0,0.0
24145.76422431436,0.0,0.0,18432.235775685636,0.0,0.0,0.0
24110.171510437987,0.0,0.0,18952.828489562016,0.0,0.0,0.0
23345.38108882522,0.0,0.0,20232.618911174784,0.0,0.0,0.0
23542.69545640606,0.0,0.0,22152.304543593942,0.0,0.0,0.0
23111.21653704461,0.0,0.0,24402.783462955394,0.0,0.0,0.0
23574.558739255008,0.0,0.0,26078.441260744996,0.0,0.0,0.0
21127.866966844038,0.0,0.0,27857.133033155966,0.0,0.0,0.0
14685.562403665224,0.0,0.0,29879.85264019649,0.0,0.0,0.0
8360.902988129359,0.0,0.0,32217.097011870646,0.0,0.0,0.0
3577.738845681535,0.0,0.0,34630.26115431846,0.0,0.0,0.0
0.0,0.0,0.0,34078.00000000001,0.0,0.0,0.0
0.0,0.0,0.0,33110.0,0.0,0.0,0.0
0.0,0.0,0.0,32465.000000000004,0.0,0.0,0.0
0.0,0.0,0.0,31355.999999999996,0.0,0.0,0.0
0.0,0.0,0.0,30327.999999999996,0.0,0.0,0.0
0.0,0.0,0.0,29605.000000000004,0.0,0.0,0.0
0.0,0.0,0.0,30708.999999999996,0.0,0.0,0.0
0.0,0.0,0.0,35829.99999999999,0.0,0.0,0.0
2303.231682357746,0.0,0.0,38881.76831764225,0.0,0.0,0.0
848.0184199754228,0.0,0.0,40166.98158002457,0.0,0.0,0.0
2246.2067130577125,0.0,0.0,40074.79328694229,0.0,0.0,0.0
0.0,0.0,0.0,39190.87024150635,0.0,0.0,0.0
0.0,0.0,0.0,38176.79901760131,0.0,0.0,0.0
0.0,0.0,0.0,37265.76176831765,0.0,0.0,0.0
2706.068767908297,0.0,0.0,36023.931232091694,0.0,0.0,0.0
3516.812934916069,0.0,0.0,34565.18706508393,0.0,0.0,0.0
7064.776094965195,0.0,0.0,33719.2239050348,0.0,0.0,0.0
8659.526345195847,0.0,0.0,33507.73311502252,0.0,0.0,0.0
10564.627916496105,0.0,0.0,33849.3720835039,0.0,0.0,0.0
14582.344013399354,0.0,0.0,34315.73638968482,0.0,0.0,0.0
13053.562832582877,0.0,0.0,35004.43716741711,0.0,0.0,0.0
7416.130577159212,0.0,0.0,35676.86942284078,0.0,0.0,0.0
1855.096602537853,0.0,0.0,35779.90339746215,0.0,0.0,0.0
1987.5010233319647,0.0,0.0,35351.49897666803,0.0,0.0,0.0
0.0,0.0,0.0,33513.0,0.0,0.0,0.0
0.0,0.0,0.0,32698.0,0.0,0.0,0.0
0.0,0.0,0.0,32249.999999999996,0.0,0.0,0.0
0.0,0.0,0.0,31227.0,0.0,0.0,0.0
0.0,0.0,0.0,30476.0,0.0,0.0,0.0
0.0,0.0,0.0,29951.999999999996,0.0,0.0,0.0
0.0,0.0,0.0,31525.0,0.0,0.0,0.0
3901.745458350097,0.0,0.0,32162.8686041752,0.0,0.0,0.0
7915.625051166596,0.0,0.0,32900.37494883341,0.0,0.0,0.0
2472.6737617683193,0.0,0.0,35785.32623823168,0.0,0.0,0.0
2044.1783166054847,0.0,0.0,38306.94719607041,0.0,0.0,0.0
1078.435927270343,0.0,0.0,39483.70364306182,0.0,0.0,0.0
290.29993826865285,0.0,0.0,39890.41670077773,0.0,0.0,0.0
160.21271319037047,0.0,0.0,39950.067949242744,0.0,0.0,0.0
0.0,0.0,0.0,39619.27466230045,0.0,0.0,0.0
117.30577159229652,0.0,0.0,38816.6942284077,0.0,0.0,0.0
0.0,0.0,0.0,37639.93778141631,0.0,0.0,0.0
7602.155137126469,0.0,0.0,36240.84486287353,0.0,0.0,0.0
10623.248055669252,0.0,0.0,34841.751944330754,0.0,0.0,0.0
14230.245190339734,0.0,0.0,33892.75480966026,0.0,0.0,0.0
9146.402783462952,0.0,0.0,33095.59721653705,0.0,0.0,0.0
9804.109701187064,0.0,0.0,32547.890298812938,0.0,0.0,0.0
2966.3074089234447,0.0,0.0,31788.692591076553,0.0,0.0,0.0
0.0,0.0,0.0,31316.905444126085,0.0,0.0,0.0
3130.6410151453124,0.0,0.0,30617.35898485469,0.0,0.0,0.0
3257.1350798198946,0.0,0.0,29597.864920180105,0.0,0.0,0.0
0.0,0.0,0.0,28572.948014735986,0.0,0.0,0.0
0.0,0.0,0.0,27835.441670077777,0.0,0.0,0.0
2702.225133033153,0.0,0.0,27249.774866966847,0.0,0.0,0.0
2493.314776913629,0.0,0.0,26658.68522308637,0.0,0.0,0.0
2229.1252486521284,0.0,0.0,26685.7994269341,0.0,0.0,0.0
3367.1720932332705,0.0,0.0,26853.907490790018,0.0,0.0,0.0
4757.002865329506,0.0,0.0,27444.997134670495,0.0,0.0,0.0
4809.924682767087,0.0,0.0,31832.075317232913,0.0,0.0,0.0
1533.0188341228018,0.0,0.0,35644.3323782235,0.0,0.0,0.0
3126.6025378632817,0.0,0.0,36799.39746213671,0.0,0.0,0.0
1516.5223086369288,0.0,0.0,36723.47769136308,0.0,0.0,0.0
2009.960704052386,0.0,0.0,36192.03929594761,0.0,0.0,0.0
2278.319339640683,0.0,0.0,35411.15022513304,0.0,0.0,0.0
1336.098793345366,0.0,0.0,34505.53581661891,0.0,0.0,0.0
5757.882081961553,0.0,0.0,32759.381088825223,0.0,0.0,0.0
7827.734955760932,0.0,0.0,30910.192386410155,0.0,0.0,0.0
10123.338208655645,0.0,0.0,29863.58411788784,0.0,0.0,0.0
11709.331488065964,0.0,0.0,29793.08718788376,0.0,0.0,0.0
15107.632009823996,0.0,0.0,29527.367990176008,0.0,0.0,0.0
10699.224723700363,0.0,0.0,29006.77527629963,0.0,0.0,0.0
4820.564469914024,0.0,0.0,27976.435530085964,0.0,0.0,0.0
8026.743757674975,0.0,0.0,26794.256242325017,0.0,0.0,0.0
7639.105198526394,0.0,0.0,25378.8948014736,0.0,0.0,0.0
