Lignite,Coal,Gas,WindOnshore,WindOffshore,PVGround,PVRoof
16466.313958248058,0.0,0.0,3676.686041751945,0.0,0.0,0.0
15912.582480556694,0.0,0.0,3660.4175194433087,0.0,0.0,0.0
16495.273843634874,0.0,0.0,3638.726156365126,0.0,0.0,0.0
21282.34793286942,0.0,0.0,3573.652067130578,0.0,0.0,0.0
21877.388047482607,0.0,0.0,3611.6119525173976,0.0,0.0,0.0
25139.467867376177,0.0,0.0,3009.676627097831,0.0,0.0,0.0
25139.467867376174,0.0,5366.111747851007,2711.4203847728213,0.0,0.0,0.0
25139.46786737618,0.0,2870.0560785919,3199.4760540319285,0.0,0.0,0.0
25139.467867376177,0.0,2993.623823168239,3871.9083094555886,0.0,0.0,0.0
25139.467867376177,0.0,1403.4261154318378,4631.106017191978,0.0,0.0,0.0
25139.467867376174,0.0,1052.0863692181806,5661.445763405651,0.0,0.0,0.0
25139.467867376177,0.0,0.0,6887.007777322966,0.0,0.0,0.0
25139.467867376177,0.0,0.0,7863.119115841178,0.0,0.0,0.0
25139.46786737618,0.0,0.0,8779.579205894393,0.0,0.0,0.0
21138.327875562834,0.0,0.0,10178.672124437171,0.0,0.0,0.0
21284.309046254602,0.0,0.0,11512.690953745396,0.0,0.0,0.0
20525.373720835036,0.0,0.0,12114.62627916496,0.0,0.0,0.0
20784.169873106835,0.0,0.0,12732.830126893168,0.0,0.0,0.0
23081.225133033156,0.0,0.0,14001.774866966849,0.0,0.0,0.0
20426.02415063447,0.0,0.0,15568.975849365537,0.0,0.0,0.0
15592.103970528042,0.0,0.0,17401.896029471965,0.0,0.0,0.0
9476.3258288989,0.0,0.0,18963.67417110111,0.0,0.0,0.0
8676.016782644287,0.0,0.0,20698.98321735572,0.0,0.0,0.0
5809.090871878839,0.0,0.0,20633.909128121166,0.0,0.0,0.0
5094.924273434297,0.0,0.0,20341.0757265657,0.0,0.0,0.0
0.0,0.0,0.0,19988.591076545235,0.0,0.0,0.0
3205.4920180106396,0.0,0.0,21013.50798198936,0.0,0.0,0.0
1983.6831764224276,0.0,0.0,21870.316823577574,0.0,0.0,0.0
3730.788374948831,0.0,0.0,20753.211625051168,0.0,0.0,0.0
8795.683585755216,0.0,0.0,20113.316414244782,0.0,0.0,0.0
13796.593941874744,0.0,0.0,20704.406058125256,0.0,0.0,0.0
11082.997544003274,0.0,0.0,23790.00245599673,0.0,0.0,0.0
10080.839452716722,0.0,0.0,26962.364306180934,0.0,0.0,0.0
7724.020875972161,0.0,0.0,29624.979124027835,0.0,0.0,0.0
4430.119361208081,0.0,0.0,31739.88702415064,0.0,0.0,0.0
0.0,0.0,0.0,33301.665165779785,0.0,0.0,0.0
472.55996725337894,0.0,0.0,34055.44003274662,0.0,0.0,0.0
2089.097011870643,0.0,0.0,34022.90298812935,0.0,0.0,0.0
2580.5014326647374,0.0,0.0,33594.49856733526,0.0,0.0,0.0
0.0,0.0,0.0,33068.48301268932,0.0,0.0,0.0
5045.983217355703,0.0,0.0,32293.016782644303,0.0,0.0,0.0
7103.875562832565,0.0,0.0,30704.124437167433,0.0,0.0,0.0
3371.734343020875,0.0,0.0,27461.265656979125,0.0,0.0,0.0
7236.151862464178,0.0,0.0,23800.848137535824,0.0,0.0,0.0
13058.568972574702,0.0,0.0,21897.431027425297,0.0,0.0,0.0
11954.973393368808,0.0,0.0,21469.026606631192,0.0,0.0,0.0
6119.967253376992,0.0,0.0,21328.032746623005,0.0,0.0,0.0
3231.8530495292653,0.0,0.0,21355.146950470735,0.0,0.0,0.0
4056.261401508966,0.0,0.0,21306.341383544826,0.0,0.0,0.0
0.0,0.0,0.0,21165.34752353664,0.0,0.0,0.0
2489.233533089213,0.0,0.0,21089.427752763004,0.0,0.0,0.0
3368.3593941874706,0.0,0.0,20617.640605812525,0.0,0.0,0.0
3766.248465002042,0.0,0.0,19836.751534997962,0.0,0.0,0.0
6305.239394882514,0.0,0.0,19842.174375767503,0.0,0.0,0.0
4660.495708423694,0.0,0.0,24180.446991404016,0.0,0.0,0.0
10061.58043389274,0.0,0.0,25693.419566107248,0.0,0.0,0.0
10179.68849774867,0.0,0.0,25525.311502251334,0.0,0.0,0.0
9088.970264254958,0.0,0.0,25015.56446991405,0.0,0.0,0.0
10265.765861645512,0.0,0.0,24652.234138354488,0.0,0.0,0.0
8892.651657797784,0.0,0.0,24679.348342202215,0.0,0.0,0.0
5052.200982398678,0.0,0.0,24928.799017601315,0.0,0.0,0.0
5732.938600081859,0.0,0.0,25086.06139991814,0.0,0.0,0.0
4987.97871469504,0.0,0.0,25124.02128530496,0.0,0.0,0.0
5172.497339336874,0.0,0.0,24668.502660663125,0.0,0.0,0.0
13424.945149406465,0.0,0.0,23470.054850593537,0.0,0.0,0.0
15741.498158002456,0.0,0.0,21154.501841997546,0.0,0.0,0.0
18748.99590667212,0.0,0.0,17570.004093327876,0.0,0.0,0.0
18566.99058534588,0.0,0.0,13915.009414654116,0.0,0.0,0.0
21476.456815390917,0.0,0.0,13139.54318460909,0.0,0.0,0.0
19930.46909537454,0.0,0.0,13421.530904625462,0.0,0.0,0.0
12152.469095374538,0.0,0.0,13421.530904625462,0.0,0.0,0.0
12568.953745395007,0.0,0.0,13069.046254604997,0.0,0.0,0.0
10644.98772001637,0.0,0.0,12966.01227998363,0.0,0.0,0.0
9057.256242325006,0.0,0.0,12949.743757674993,0.0,0.0,0.0
10016.503069995904,0.0,0.0,13318.496930004096,0.0,0.0,0.0
8488.194433074086,0.0,0.0,13296.805566925912,0.0,0.0,0.0
10477.253376995497,0.0,0.0,12000.746623004505,0.0,0.0,0.0
15247.04487841394,0.0,0.0,11415.079819893574,0.0,0.0,0.0
19829.197298403593,0.0,0.0,14245.8027015964,0.0,0.0,0.0
19835.468891704648,0.0,0.0,14489.830536225954,0.0,0.0,0.0
22044.73683070994,0.0,0.0,13893.318051575932,0.0,0.0,0.0
23408.76545231272,0.0,0.0,13161.234547687276,0.0,0.0,0.0
23950.77486696684,0.0,0.0,12494.225133033158,0.0,0.0,0.0
23075.942153424152,0.0,0.0,12076.666393778143,0.0,0.0,0.0
21727.95088006549,0.0,0.0,12120.049119934507,0.0,0.0,0.0
15516.969300040928,0.0,0.0,12543.03069995907,0.0,0.0,0.0
15976.98772001637,0.0,0.0,12966.01227998363,0.0,0.0,0.0
21750.113774858455,0.0,0.0,12597.259107654525,0.0,0.0,0.0
21822.256651657797,0.0,0.0,11192.743348342206,0.0,0.0,0.0
25139.46786737618,0.0,0.0,9207.9836266885,0.0,0.0,0.0
25139.467867376177,0.0,0.0,6708.054031927958,0.0,0.0,0.0
25139.467867376177,0.0,0.0,4533.494883340156,0.0,0.0,0.0
25139.467867376177,0.0,0.0,3790.5656979124033,0.0,0.0,0.0
25139.467867376177,0.0,0.0,3627.880474826034,0.0,0.0,0.0
25139.467867376177,0.0,0.0,3275.3958248055674,0.0,0.0,0.0
24306.66598444535,0.0,0.0,2928.334015554647,0.0,0.0,0.0
23261.196889070812,0.0,0.0,2754.803110929186,0.0,0.0,0.0
18439.505525992627,0.0,0.0,2776.4944740073693,0.0,0.0,0.0
17533.551780597627,0.0,0.0,2955.4482194023744,0.0,0.0,0.0
16401.91281211625,0.0,0.0,3297.0871878837506,0.0,0.0,0.0
14039.113385182156,0.0,0.0,3486.8866148178477,0.0,0.0,0.0
22107.369627507163,0.0,0.0,3188.6303724928375,0.0,0.0,0.0
24245.243143675812,0.0,0.0,2933.7568563241925,0.0,0.0,0.0
25139.467867376174,0.0,0.0,3058.4821940237416,0.0,0.0,0.0
25139.467867376174,0.0,0.0,3497.7322963569386,0.0,0.0,0.0
25139.467867376177,0.0,0.0,4121.358984854687,0.0,0.0,0.0
25139.46786737618,0.0,0.0,5064.9332787556295,0.0,0.0,0.0
25139.467867376177,0.0,0.0,5802.439623413837,0.0,0.0,0.0
25139.467867376177,0.0,0.0,6420.64347114204,0.0,0.0,0.0
25139.467867376177,0.0,0.0,6995.464592713877,0.0,0.0,0.0
18197.976668031104,0.0,0.0,7413.023331968892,0.0,0.0,0.0
24319.498158002454,0.0,0.0,7906.501841997547,0.0,0.0,0.0
25116.476463364714,0.0,0.0,8291.523536635284,0.0,0.0,0.0
25139.467867376177,0.0,0.0,8069.187065083915,0.0,0.0,0.0
25139.467867376177,0.0,0.0,6859.893573475236,0.0,0.0,0.0
25139.467867376177,0.0,0.0,5862.090871878839,0.0,0.0,0.0
25139.467867376177,0.0,0.0,5477.069177241098,0.0,0.0,0.0
25139.467867376177,0.0,0.0,5590.948833401557,0.0,0.0,0.0
18826.331968890707,0.0,0.0,5856.668031109292,0.0,0.0,0.0
19804.23618501842,0.0,0.0,6306.763814981582,0.0,0.0,0.0
11737.225501684678,0.0,0.0,7158.149815800247,0.0,0.0,0.0
14391.0196479738,0.0,0.0,8399.980352026201,0.0,0.0,0.0
7648.942284076951,0.0,0.0,9273.057715923049,0.0,0.0,0.0
10586.58042035042,0.0,0.0,10086.483831354893,0.0,0.0,0.0
10451.060338525029,0.0,0.0,10357.625869832176,0.0,0.0,0.0
11182.09005321326,0.0,0.0,10899.90994678674,0.0,0.0,0.0
10046.944330740891,0.0,0.0,13736.055669259113,0.0,0.0,0.0
11165.62914449447,0.0,0.0,15330.370855505527,0.0,0.0,0.0
12415.968481375357,0.0,0.0,16057.031518624643,0.0,0.0,0.0
11782.536225951697,0.0,0.0,16729.46377404831,0.0,0.0,0.0
9626.141821493704,0.0,0.0,17483.238641015156,0.0,0.0,0.0
11414.878428162096,0.0,0.0,18405.121571837906,0.0,0.0,0.0
5469.384363487509,0.0,0.0,19424.61563651249,0.0,0.0,0.0
1972.7237003683942,0.0,0.0,20151.276299631605,0.0,0.0,0.0
5210.4560084497625,0.0,0.0,20135.00777732297,0.0,0.0,0.0
7412.3767096782985,0.0,0.0,19435.46131805158,0.0,0.0,0.0
11542.495702005728,0.0,0.0,18448.50429799427,0.0,0.0,0.0
13281.929455269343,0.0,0.0,16973.491608677858,0.0,0.0,0.0
15173.771783484675,0.0,0.0,14619.978714695051,0.0,0.0,0.0
19851.79042161277,0.0,0.0,11968.20957838723,0.0,0.0,0.0
20973.855505525993,0.0,0.0,10813.144494474007,0.0,0.0,0.0
13922.083913221446,0.0,0.0,10758.916086778554,0.0,0.0,0.0
16982.225951698732,0.0,0.0,10487.77404830127,0.0,0.0,0.0
11827.858780188293,0.0,0.0,10005.141219811709,0.0,0.0,0.0
12093.89275480966,0.0,0.0,9902.10724519034,0.0,0.0,0.0
12234.186989947873,0.0,0.0,9874.993041342612,0.0,0.0,0.0
9617.497748669668,0.0,0.0,9663.502251330334,0.0,0.0,0.0
7500.840360212852,0.0,0.0,9582.159639787149,0.0,0.0,0.0
9178.883921900551,0.0,0.0,9159.178059762591,0.0,0.0,0.0
20079.395665256598,0.0,0.0,8362.02046663938,0.0,0.0,0.0
24813.53172329103,0.0,0.0,9560.468276708969,0.0,0.0,0.0
25139.467867376177,0.0,0.0,10232.900532132624,0.0,0.0,0.0
25139.467867376177,0.0,0.0,11198.16618911175,0.0,0.0,0.0
24887.277936962746,0.0,0.0,12564.722063037252,0.0,0.0,0.0
20456.70495851775,0.0,0.0,14028.889070814574,0.0,0.0,0.0
17732.474826033573,0.0,0.0,15319.525173966435,0.0,0.0,0.0
18536.504322557907,0.0,0.0,16414.93900941466,0.0,0.0,0.0
13943.755218993032,0.0,0.0,17342.244781006964,0.0,0.0,0.0
12913.597625869827,0.0,0.0,18139.402374130175,0.0,0.0,0.0
13955.91854277528,0.0,0.0,18443.081457224725,0.0,0.0,0.0
15462.329103561193,0.0,0.0,18155.670896438805,0.0,0.0,0.0
20404.708964388043,0.0,0.0,17163.291035611957,0.0,0.0,0.0
19673.35448219402,0.0,0.0,15205.645517805977,0.0,0.0,0.0
22693.274662300446,0.0,0.0,13372.72533769955,0.0,0.0,0.0
22469.77486696684,0.0,0.0,12494.225133033158,0.0,0.0,0.0
15226.595988538684,0.0,0.0,11919.404011461322,0.0,0.0,0.0
14451.346675434554,0.0,0.0,10975.82971756038,0.0,0.0,0.0
12611.932869422837,0.0,0.0,9940.067130577161,0.0,0.0,0.0
