PumpedStor,BatteryStor
0.0,0.0
0.0,0.0
4555.4400000000005,0.0
1093.3055999999997,0.0
3724.527744000001,0.0
0.0,0.0
0.0,0.0
0.0,0.0
5748.0940174786565,0.0
0.0,0.0
0.0,0.0
0.0,0.0
49.91078771178742,0.0
2687.802986372741,0.0
2512.7097303567157,0.0
2645.7806049288956,0.0
2544.6467402540393,0.0
2621.508477406929,0.0
2563.0935571707337,0.0
2607.4888965502428,0.0
2573.7484386218157,0.0
2599.3911866474205,0.0
2579.9026981479606,0.0
2594.71394940755,0.0
2583.4573984502617,0.0
2592.0123771778008,0.0
2585.510593344871,0.0
0.0,0.0
0.0,0.0
313.9502064341397,0.0
2927.620770635301,0.0
0.0,0.0
0.0,0.0
0.0,0.0
0.0,0.0
0.0,0.0
0.0,0.0
0.0,0.0
0.0,0.0
0.0,0.0
0.0,0.0
0.0,0.0
0.0,0.0
0.0,0.0
0.0,0.0
0.0,0.0
0.0,0.0
0.0,0.0
0.0,0.0
0.0,0.0
0.0,0.0
0.0,0.0
0.0,0.0
0.0,0.0
0.0,0.0
0.0,0.0
0.0,0.0
0.0,0.0
0.0,0.0
0.0,0.0
0.0,0.0
0.0,0.0
5859.316017675774,0.0
0.0,0.0
0.0,0.0
0.0,0.0
0.0,0.0
0.0,0.0
0.0,0.0
0.0,0.0
0.0,0.0
0.0,0.0
0.0,0.0
0.0,0.0
0.0,0.0
0.0,0.0
4873.455791494766,0.0
0.0,0.0
0.0,0.0
5262.453663608912,0.0
0.0,0.0
0.0,0.0
0.0,0.0
0.0,0.0
0.0,0.0
0.0,0.0
0.0,0.0
0.0,0.0
0.0,0.0
0.0,0.0
0.0,0.0
0.0,0.0
0.0,0.0
0.0,0.0
0.0,0.0
0.0,0.0
4555.44,0.0
1093.3056,0.0
0.0,0.0
0.0,0.0
1818.7167325480937,0.0
0.0,0.0
0.0,0.0
0.0,0.0
5712.458213789343,0.0
0.0,0.0
0.0,0.0
0.0,0.0
0.0,0.0
1935.1708721686307,0.0
0.0,0.0
0.0,0.0
0.0,0.0
0.0,0.0
0.0,0.0
0.0,0.0
5826.424903899946,0.0
0.0,0.0
0.0,0.0
0.0,0.0
0.0,0.0
0.0,0.0
0.0,0.0
0.0,0.0
0.0,0.0
0.0,0.0
0.0,0.0
0.0,0.0
0.0,0.0
0.0,0.0
0.0,0.0
0.0,0.0
2247.0710616201395,0.0
2847.665993168693,0.0
2391.2138451917926,0.0
2738.1174776542375,0.0
2474.4707169827793,0.0
2674.842255093087,0.0
2522.5598861292533,0.0
2638.2944865417667,0.0
2550.336190228257,0.0
2617.184495426524,0.0
2566.3797834758416,0.0
2604.9913645583606,0.0
2575.646562935646,0.0
2597.9486121689088,0.0
2580.999054751629,0.0
2593.880718388761,0.0
2584.09065402454,0.0
2591.531102941349,0.0
2585.876361764574,0.0
2590.173965058924,0.0
2586.9077865552176,0.0
2589.390082218035,0.0
2587.5035375142934,0.0
2588.937311489137,0.0
2587.847643268256,0.0
2588.6757911161244,0.0
2588.046398751745,0.0
2588.5247369486733,0.0
2588.1611999190077,0.0
2588.4374880615533,0.0
2588.227509073219,0.0
2588.3870931043525,0.0
2588.265809240691,0.0
2588.3579849770745,0.0
2588.2879314174243,0.0
2588.3411721227576,0.0
2588.300709186704,0.0
2588.331461018104,0.0
2588.30808962624,0.0
2588.325851884058,0.0
2588.3123525681153,0.0
2588.322612048232,0.0
2588.314814843344,0.0
2588.3207407190584,0.0
2588.3162370535156,0.0
2588.319659839328,0.0
2588.317058522111,0.0
2588.319035523195,0.0
2588.3175330023714,0.0
2588.3186749181973,0.0
2588.31780706217,0.0
2588.3184666327506,0.0
2588.317965359109,0.0
2588.318346327076,0.0
2588.3180567914214,0.0
2588.3182768385195,0.0
2588.3181096027247,0.0
2588.318236701929,0.0
2588.3181401065335,0.0
2588.318213519033,0.0
2588.3181577255345,0.0
2588.318200128594,0.0
2588.318167902268,0.0
2588.3181923942766,0.0
2588.3181737803498,0.0
2588.318187926933,0.0
2588.3181771755303,0.0
2588.318185346597,0.0
2588.3181791365855,0.0
2588.3181838561936,0.0
2588.3181802692925,0.0
2588.3181829953373,0.0
2588.3181809235434,0.0
2588.318182498106,0.0
0.0,0.0
0.0,0.0
0.0,0.0
5797.832727242962,0.0
5.6308359534415317e-14,0.0
0.0,0.0
2816.5781542406753,0.0
2414.8406027770866,0.0
2720.161141889413,0.0
0.0,0.0
0.0,0.0
0.0,0.0
0.0,0.0
0.0,0.0
0.0,0.0
0.0,0.0
0.0,0.0
0.0,0.0
0.0,0.0
0.0,0.0
0.0,0.0
5792.061169852648,0.0
0.0,0.0
0.0,0.0
0.0,0.0
4396.174969769675,0.0
1214.347022975047,0.0
3632.536262538963,0.0
1794.712440470388,0.0
0.0,0.0
0.0,0.0
3412.1810972498524,0.0
2420.3925149561155,0.0
0.0,0.0
3363.812033523076,0.0
0.0,0.0
0.0,0.0
0.0,0.0
0.0,0.0
0.0,0.0
0.0,0.0
0.0,0.0
0.0,0.0
0.0,0.0
0.0,0.0
0.0,0.0
0.0,0.0
5763.884708420494,0.0
0.0,0.0
0.0,0.0
0.0,0.0
0.0,0.0
3332.6287638570393,0.0
2022.6421394686492,0.0
3018.2319740038265,0.0
2261.583699757092,0.0
2836.63638818461,0.0
0.0,0.0
0.0,0.0
0.0,0.0
569.8365251275522,0.0
0.0,0.0
0.0,0.0
0.0,0.0
0.0,0.0
5217.1258243432785,0.0
0.0,0.0
0.0,0.0
0.0,0.0
4555.439999999999,0.0
1093.3056000000006,0.0
3724.527743999999,0.0
1724.7989145600002,0.0
3244.5928249343992,0.0
2089.5494530498563,0.0
2967.3824156821092,0.0
2300.2293640815974,0.0
2807.265683297986,0.0
2421.91808069353,0.0
2714.7822586729167,0.0
2492.205483408582,0.0
2661.363832609477,0.0
2532.8034872167977,0.0
2630.509349715234,0.0
2556.252894216422,0.0
2612.687800395518,0.0
2569.7972716994063,0.0
2602.3940735084507,0.0
2577.6205041335766,0.0
2596.4484168584813,0.0
2582.1392031875544,0.0
2593.014205577459,0.0
2584.749203761131,0.0
2591.030605141541,0.0
2586.2567400924277,0.0
2589.884877529755,0.0
2587.1274930773857,0.0
2589.2231052611864,0.0
2587.630440001498,0.0
2588.840865598861,0.0
2587.920942144865,0.0
2588.620083969902,0.0
2588.0887361828745,0.0
2588.4925605010153,0.0
2588.185654019228,0.0
2588.4189029453864,0.0
2588.2416337615055,0.0
2588.376358341255,0.0
2588.273967660645,0.0
2588.3517845779093,0.0
2588.2926437207893,0.0
2588.3375907721997,0.0
2588.303431013128,0.0
2588.3293924300224,0.0
2588.3096617531824,0.0
2588.324657067581,0.0
2588.313260628638,0.0
2588.321921922234,0.0
2588.315339339102,0.0
2588.3203421022818,0.0
2588.316540002265,0.0
2588.3194295982785,0.0
2588.317233505308,0.0
2588.318902535965,0.0
2588.317634072666,0.0
2588.3185981047736,0.0
2588.317865440372,0.0
2588.3184222653176,0.0
2588.3179990783583,0.0
2588.318320700448,0.0
2588.3180762676593,0.0
2588.318262036579,0.0
2588.3181208521987,0.0
2588.318228152328,0.0
2588.3181466042297,0.0
2588.3182085807844,0.0
2588.318161478603,0.0
2588.3181972762613,0.0
2588.3181700700416,0.0
2588.3181907467683,0.0
2588.3181750324557,0.0
2588.3181869753334,0.0
2588.3181778987464,0.0
2588.318184796952,0.0
2588.318179554316,0.0
2588.3181835387195,0.0
2588.3181805105723,0.0
2588.318182811965,0.0
2588.3181810629067,0.0
2588.3181823921905,0.0
2588.318181381935,0.0
2588.318182149729,0.0
2588.3181815662056,0.0
2588.3181820096834,0.0
2588.3181816726396,0.0
2588.3181819287934,0.0
0.0,0.0
0.0,0.0
0.0,0.0
5797.832727267884,0.0
0.0,0.0
0.0,0.0
0.0,0.0
1161.5013110023403,0.0
3672.6990036382217,0.0
1764.1887572349513,0.0
3214.656544501437,0.0
2112.3010261789077,0.0
2950.09122010403,0.0
2313.370672720937,0.0
2797.2782887320873,0.0
2429.5085005636133,0.0
2709.0135395716543,0.0
2496.5897099255426,0.0
2658.0318204565874,0.0
2535.335816452993,0.0
2628.5847794957253,0.0
2557.715567583249,0.0
2611.576168636731,0.0
2570.642111836084,0.0
2601.7519950045757,0.0
2578.108483796522,0.0
2596.077552314644,0.0
2582.42106024087,0.0
2592.7999942169386,0.0
2584.9120043951266,0.0
2590.9068766597034,0.0
2586.3507737386244,0.0
2589.813411958645,0.0
2587.1818069114297,0.0
2589.1818267473136,0.0
2587.6618116720415,0.0
2588.8170231292474,0.0
2587.939062421772,0.0
2588.6063125594533,0.0
2588.099202454815,0.0
2588.4846061343396,0.0
2588.191699337902,0.0
2588.4143085031947,0.0
2588.2451255375713,0.0
2588.3737045914454,0.0
2588.2759845105006,0.0
2588.35025177202,0.0
2588.293808653265,0.0
2588.336705423518,0.0
2588.3041038781257,0.0
2588.328881052624,0.0
2588.3100504000054,0.0
2588.3243616959967,0.0
2588.3134851110426,0.0
2588.321751315607,0.0
1825.073596926218,0.0
3351.5621156338148,0.0
1901.6246012473678,0.0
3110.2053030520005,0.0
0.0,0.0
0.0,0.0
0.0,0.0
0.0,0.0
0.0,0.0
0.0,0.0
0.0,0.0
0.0,0.0
0.0,0.0
0.0,0.0
959.1231148958763,0.0
4815.8634817577195,0.0
0.0,0.0
4555.44,0.0
1093.3056000000001,0.0
3724.527744,0.0
1724.79891456,0.0
3244.5928249343997,0.0
1218.5040658261473,0.0
0.0,0.0
489.1990587075139,0.0
335.7886178391116,0.0
291.5092295195296,0.0
0.0,0.0
802.0779880880197,0.0
2013.4131574588314,0.0
3080.7261261023245,0.0
0.0,0.0
0.0,0.0
0.0,0.0
3634.4877908246335,0.0
1793.2292789732792,0.0
3192.585747980308,0.0
2129.074831534965,0.0
2937.3431280334257,0.0
2323.0592226945964,0.0
2789.9149907521064,0.0
2435.1046070283996,0.0
2704.7604986584165,0.0
2499.822021019603,0.0
2655.575264025101,0.0
2537.2027993409224,0.0
0.0,0.0
0.0,0.0
0.0,0.0
5800.070354256051,0.0
0.0,0.0
0.0,0.0
0.0,0.0
0.0,0.0
0.0,0.0
0.0,0.0
0.0,0.0
0.0,0.0
0.0,0.0
0.0,0.0
0.0,0.0
0.0,0.0
0.0,0.0
0.0,0.0
0.0,0.0
0.0,0.0
0.0,0.0
643.9651046700825,0.0
4066.0265204507373,0.0
1465.2598444574387,0.0
3441.8425182123465,0.0
851.2259455070157,0.0
0.0,0.0
0.0,0.0
0.0,0.0
0.0,0.0
0.0,0.0
0.0,0.0
0.0,0.0
0.0,0.0
0.0,0.0
0.0,0.0
0.0,0.0
1312.714954481543,0.0
3510.504895812035,0.0
0.0,0.0
0.0,0.0
0.0,0.0
0.0,0.0
0.0,0.0
0.0,0.0
0.0,0.0
0.0,0.0
0.0,0.0
0.0,0.0
1690.0868389639074,0.0
4303.901941015134,0.0
0.0,0.0
0.0,0.0
0.0,0.0
0.0,0.0
0.0,0.0
0.0,0.0
0.0,0.0
0.0,0.0
0.0,0.0
0.0,0.0
0.0,0.0
0.0,0.0
0.0,0.0
0.0,0.0
0.0,0.0
0.0,0.0
0.0,0.0
0.0,0.0
0.0,0.0
0.0,0.0
0.0,0.0
0.0,0.0
0.0,0.0
0.0,0.0
0.0,0.0
0.0,0.0
0.0,0.0
0.0,0.0
0.0,0.0
0.0,0.0
0.0,0.0
0.0,0.0
0.0,0.0
0.0,0.0
0.0,0.0
1281.6361575675903,0.0
0.0,0.0
0.0,0.0
1914.6323279692483,0.0
3100.3194307433705,0.0
2199.1972326350383,0.0
2884.0501031973704,0.0
2363.561921569998,0.0
2759.132939606801,0.0
0.0,0.0
0.0,0.0
0.0,0.0
0.0,0.0
5790.355140435772,0.0
0.0,0.0
0.0,0.0
0.0,0.0
0.0,0.0
0.0,0.0
0.0,0.0
0.0,0.0
0.0,0.0
0.0,0.0
1887.466560710581,0.0
4023.6723832894186,0.0
0.0,0.0
355.9674355940836,0.0
4284.904748948496,0.0
1298.9123907991434,0.0
3568.266582992651,0.0
1843.557396925585,0.0
3154.336378336555,0.0
2158.1443524642186,0.0
2915.2502921271935,0.0
2339.8497779833324,0.0
2777.1541687326676,0.0
2444.8028317631715,0.0
2697.389847859989,0.0
2505.423715626408,0.0
2651.3179761239294,0.0
2540.4383381458133,0.0
2624.7068630091817,0.0
2560.6627841130216,0.0
2609.336284074104,0.0
2572.3444241036805,0.0
2600.4582376812023,0.0
2579.0917393622863,0.0
2595.330278084662,0.0
2582.988988655657,0.0
2592.368368621701,0.0
2585.2400398475065,0.0
0.0,0.0
0.0,0.0
0.0,0.0
0.0,0.0
0.0,0.0
0.0,0.0
5521.667492556894,0.0
0.0,0.0
0.0,0.0
276.2999834587416,0.0
0.0,0.0
0.0,0.0
0.0,0.0
0.0,0.0
0.0,0.0
0.0,0.0
0.0,0.0
0.0,0.0
0.0,0.0
0.0,0.0
0.0,0.0
0.0,0.0
0.0,0.0
0.0,0.0
0.0,0.0
0.0,0.0
0.0,0.0
0.0,0.0
0.0,0.0
1258.4503546430467,0.0
3599.0177304712843,0.0
1820.1865248418237,0.0
3172.098241120214,0.0
2144.645336748637,0.0
2925.509544071035,0.0
2332.0527465060136,0.0
2783.07991265543,0.0
2440.299266381873,0.0
2700.8125575497766,0.0
2502.82245626217,0.0
2653.2949332407507,0.0
2538.935850737029,0.0
2625.8487534398587,0.0
0.0,0.0
0.0,0.0
5796.189788969416,0.0
0.0,0.0
0.0,0.0
0.0,0.0
0.0,0.0
0.0,0.0
0.0,0.0
0.0,0.0
0.0,0.0
0.0,0.0
0.0,0.0
0.0,0.0
0.0,0.0
0.0,0.0
0.0,0.0
1872.2126224154208,0.0
3132.558406964279,0.0
2174.695610707148,0.0
2902.6713358625675,0.0
2349.4097847444486,0.0
2769.8885635942192,0.0
2450.3246916683925,0.0
2693.1932343320223,0.0
2508.613141907663,0.0
2648.8940121501764,0.0
2542.2805507658654,0.0
2623.3067814179417,0.0
2561.726846122364,0.0
2608.5275969470035,0.0
2572.9590263202776,0.0
2599.991139996589,0.0
2579.446733602592,0.0
2595.06048246203,0.0
0.0,0.0
0.0,0.0
0.0,0.0
0.0,0.0
0.0,0.0
0.0,0.0
0.0,0.0
0.0,0.0
0.0,0.0
0.0,0.0
0.0,0.0
0.0,0.0
0.0,0.0
0.0,0.0
0.0,0.0
5797.537576319743,0.0
0.0,0.0
0.0,0.0
0.0,0.0
0.0,0.0
0.0,0.0
0.0,0.0
0.0,0.0
0.0,0.0
4555.44,0.0
1093.3056000000001,0.0
3724.527744,0.0
1724.7989145599995,0.0
3244.5928249344,0.0
2089.549453049856,0.0
2967.382415682109,0.0
2300.2293640815974,0.0
2807.2656832979856,0.0
2421.918080693531,0.0
2714.7822586729153,0.0
2492.2054834085843,0.0
0.0,0.0
0.0,0.0
0.0,0.0
0.0,0.0
0.0,0.0
0.0,0.0
0.0,0.0
0.0,0.0
0.0,0.0
5802.040156758305,0.0
0.0,0.0
0.0,0.0
0.0,0.0
0.0,0.0
0.0,0.0
0.0,0.0
0.0,0.0
0.0,0.0
0.0,0.0
0.0,0.0
0.0,0.0
0.0,0.0
0.0,0.0
0.0,0.0
1738.6398708522754,0.0
0.0,0.0
0.0,0.0
4172.499073147725,0.0
0.0,0.0
4046.989867405203,0.0
1479.7277007720452,0.0
3430.8469474132453,0.0
1947.9963199659328,0.0
3074.962796825891,0.0
2218.468274412323,0.0
2869.4041114466345,0.0
2374.6928753005573,0.0
2750.673414771576,0.0
2464.9282047736024,0.0
2682.094564372061,0.0
2517.048131077233,0.0
2642.4834203813025,0.0
2547.15260051021,0.0
2619.6040236122403,0.0
2564.540942054697,0.0
2606.3888840384298,0.0
2574.5844481307936,0.0
2598.755819420597,0.0
0.0,0.0
0.0,0.0
0.0,0.0
5797.375809249043,0.0
0.0,0.0
0.0,0.0
0.0,0.0
0.0,0.0
0.0,0.0
1158.5376074625508,0.0
593.1025467875548,0.0
3255.707979325159,0.0
2081.101935712879,0.0
2973.8025288582116,0.0
1225.4905499839588,0.0
1600.8086086156106,0.0
3886.031423884941,0.0
1242.5826468619923,0.0
3611.077188384886,0.0
1811.021336827486,0.0
3179.06378401111,0.0
2139.3515241515565,0.0
2929.5328416448165,0.0
2328.9950403499392,0.0
2785.403769334046,0.0
2438.5331353061247,0.0
2702.1548171673453,0.0
2501.8023389528175,0.0
2654.0702223958588,0.0
2538.3466309791474,0.0
2626.2965604558476,0.0
2559.4546140535554,0.0
2610.2544933192976,0.0
2571.646585077334,0.0
2600.9885953412263,0.0
2578.6886675406677,0.0
2595.6366126690923,0.0
2582.756174371489,0.0
2592.545307477668,0.0
2585.1055663169723,0.0
2590.7597695991003,0.0
2586.4625751046833,0.0
2589.7284429204396,0.0
2587.2463833804654,0.0
2589.1327486308455,0.0
2587.699111040557,0.0
2588.788675609176,0.0
2587.9606065370263,0.0
2588.58993903186,0.0
2588.1116463357857,0.0
2588.475148784803,0.0
2588.198886923549,0.0
2588.4088459381032,0.0
2588.2492770870417,0.0
2588.3705494138476,0.0
2588.2783824454755,0.0
2588.348429341438,0.0
2588.295193700507,0.0
2588.3356527876144,0.0
2588.3049038814124,0.0
2588.3282730501264,0.0
2588.310512481903,0.0
2588.324010513753,0.0
2588.3137520095474,0.0
2588.3215484727434,0.0
2588.3156231607154,0.0
2588.3201263978563,0.0
2588.3167039376285,0.0
2588.3193050074024,0.0
2588.317328194374,0.0
2588.3188305722747,0.0
2588.317688765071,0.0
2588.318556538546,0.0
2588.3178970307044,0.0
2588.3183982566648,0.0
2588.3180173249343,0.0
2588.3183068330495,0.0
2588.3180868068816,0.0
2588.31825402677,0.0
2588.3181269396546,0.0
2588.318223525862,0.0
2588.318150120345,0.0
2588.3182059085375,0.0
2588.3181635095107,0.0
0.0,0.0
0.0,0.0
5797.832728074208,0.0
0.0,0.0
0.0,0.0
0.0,0.0
0.0,0.0
0.0,0.0
0.0,0.0
0.0,0.0
0.0,0.0
0.0,0.0
0.0,0.0
0.0,0.0
0.0,0.0
0.0,0.0
0.0,0.0
0.0,0.0
0.0,0.0
0.0,0.0
0.0,0.0
0.0,0.0
0.0,0.0
0.0,0.0
0.0,0.0
0.0,0.0
1003.1101168424038,0.0
4908.028827157596,0.0
0.0,0.0
67.11935360177571,0.0
3677.970844790553,0.0
1760.1821579591797,0.0
2126.4726909151814,0.0
3201.2156834730636,0.0
1685.0385278833458,0.0
3274.810718808657,0.0
0.0,0.0
0.0,0.0
0.0,0.0
0.0,0.0
0.0,0.0
0.0,0.0
0.0,0.0
0.0,0.0
0.0,0.0
0.0,0.0
0.0,0.0
0.0,0.0
0.0,0.0
0.0,0.0
0.0,0.0
0.0,0.0
0.0,0.0
0.0,0.0
0.0,0.0
0.0,0.0
0.0,0.0
0.0,0.0
0.0,0.0
0.0,0.0
0.0,0.0
0.0,0.0
0.0,0.0
0.0,0.0
0.0,0.0
0.0,0.0
0.0,0.0
0.0,0.0
0.0,0.0
0.0,0.0
0.0,0.0
0.0,0.0
0.0,0.0
0.0,0.0
0.0,0.0
0.0,0.0
0.0,0.0
0.0,0.0
0.0,0.0
0.0,0.0
0.0,0.0
0.0,0.0
0.0,0.0
0.0,0.0
0.0,0.0
0.0,0.0
0.0,0.0
0.0,0.0
0.0,0.0
0.0,0.0
0.0,0.0
0.0,0.0
0.0,0.0
0.0,0.0
0.0,0.0
0.0,0.0
0.0,0.0
0.0,0.0
0.0,0.0
0.0,0.0
0.0,0.0
0.0,0.0
0.0,0.0
0.0,0.0
0.0,0.0
0.0,0.0
5939.707399193624,0.0
0.0,0.0
0.0,0.0
0.0,0.0
1317.197378465895,0.0
0.0,0.0
3455.614305444631,0.0
627.8304847589101,0.0
0.0,0.0
0.0,0.0
318.1305980482176,0.0
0.0,0.0
0.0,0.0
1543.143533260937,0.0
0.0,0.0
0.0,0.0
0.0,0.0
5843.586292687969,0.0
0.0,0.0
0.0,0.0
0.0,0.0
0.0,0.0
0.0,0.0
0.0,0.0
0.0,0.0
0.0,0.0
0.0,0.0
0.0,0.0
0.0,0.0
0.0,0.0
0.0,0.0
0.0,0.0
0.0,0.0
0.0,0.0
0.0,0.0
0.0,0.0
0.0,0.0
0.0,0.0
0.0,0.0
0.0,0.0
0.0,0.0
0.0,0.0
0.0,0.0
0.0,0.0
0.0,0.0
0.0,0.0
0.0,0.0
0.0,0.0
0.0,0.0
0.0,0.0
3105.1222755230933,0.0
0.0,0.0
0.0,0.0
0.0,0.0
0.0,0.0
0.0,0.0
0.0,0.0
0.0,0.0
0.0,0.0
0.0,0.0
0.0,0.0
0.0,0.0
0.0,0.0
0.0,0.0
0.0,0.0
0.0,0.0
0.0,0.0
0.0,0.0
0.0,0.0
0.0,0.0
0.0,0.0
0.0,0.0
0.0,0.0
0.0,0.0
0.0,0.0
0.0,0.0
0.0,0.0
0.0,0.0
0.0,0.0
0.0,0.0
0.0,0.0
0.0,0.0
0.0,0.0
0.0,0.0
0.0,0.0
0.0,0.0
0.0,0.0
0.0,0.0
0.0,0.0
0.0,0.0
0.0,0.0
0.0,0.0
0.0,0.0
0.0,0.0
0.0,0.0
0.0,0.0
0.0,0.0
0.0,0.0
4355.3621568254175,0.0
1245.3647608126828,0.0
2762.9820968816916,0.0
2658.6089707460746,0.0
2534.897182232983,0.0
2628.9181415029325,0.0
2557.4622124577713,0.0
2611.768718532094,0.0
1589.0626247748999,0.0
3583.296360964845,0.0
1832.1347656667178,0.0
3163.0175780932946,0.0
2151.546640649096,0.0
0.0,0.0
0.0,0.0
0.0,0.0
5816.952838258945,0.0
0.0,0.0
0.0,0.0
0.0,0.0
0.0,0.0
0.0,0.0
0.0,0.0
0.0,0.0
4555.44,0.0
1093.3056000000001,0.0
3724.527744,0.0
1724.7989145600004,0.0
3244.5928249343997,0.0
2089.5494530498568,0.0
2967.3824156821083,0.0
2300.229364081598,0.0
2807.2656832979856,0.0
2421.9180806935306,0.0
2714.782258672916,0.0
2492.2054834085834,0.0
2661.363832609477,0.0
2532.8034872167973,0.0
2630.5093497152347,0.0
2556.252894216422,0.0
2612.687800395519,0.0
2569.797271699405,0.0
2602.3940735084525,0.0
2577.6205041335757,0.0
2596.4484168584822,0.0
2582.1392031875525,0.0
2593.014205577459,0.0
2584.749203761131,0.0
2591.0306051415405,0.0
0.0,0.0
0.0,0.0
0.0,0.0
950.8841661391293,0.0
0.0,0.0
0.0,0.0
0.0,0.0
0.0,0.0
4846.829822090194,0.0
-7.365707394083576e-13,0.0
0.0,0.0
4555.4400000000005,0.0
1093.305599999999,0.0
10.563443056681745,0.0
5438.763215503318,0.0
421.97995621747765,0.0
1463.7374900278119,0.0
3442.999507578862,0.0
1938.7603742400647,0.0
3081.9821155775508,0.0
2213.133592161061,0.0
2873.4584699575926,0.0
2371.611562832229,0.0
0.0,0.0
0.0,0.0
0.0,0.0
0.0,0.0
0.0,0.0
0.0,0.0
0.0,0.0
0.0,0.0
0.0,0.0
0.0,0.0
931.6811131002238,0.0
0.0,0.0
0.0,0.0
0.0,0.0
0.0,0.0
0.0,0.0
0.0,0.0
0.0,0.0
0.0,0.0
0.0,0.0
0.0,0.0
0.0,0.0
5749.015197450135,0.0
0.0,0.0
0.0,0.0
0.0,0.0
0.0,0.0
0.0,0.0
0.0,0.0
5654.682449853229,0.0
0.0,0.0
0.0,0.0
0.0,0.0
0.0,0.0
0.0,0.0
0.0,0.0
0.0,0.0
0.0,0.0
0.0,0.0
0.0,0.0
0.0,0.0
0.0,0.0
0.0,0.0
0.0,0.0
0.0,0.0
0.0,0.0
0.0,0.0
0.0,0.0
0.0,0.0
0.0,0.0
0.0,0.0
0.0,0.0
5397.108988919127,0.0
0.0,0.0
0.0,0.0
0.0,0.0
0.0,0.0
0.0,0.0
0.0,0.0
0.0,0.0
0.0,0.0
0.0,0.0
0.0,0.0
0.0,0.0
5175.19971486861,0.0
0.0,0.0
0.0,0.0
0.0,0.0
0.0,0.0
0.0,0.0
0.0,0.0
0.0,0.0
0.0,0.0
0.0,0.0
0.0,0.0
0.0,0.0
0.0,0.0
0.0,0.0
0.0,0.0
0.0,0.0
1505.2093195607274,0.0
0.0,0.0
0.0,0.0
4555.44,0.0
1093.3056000000001,0.0
0.0,0.0
0.0,0.0
5863.2783980544,0.0
0.0,0.0
0.0,0.0
0.0,0.0
0.0,0.0
0.0,0.0
0.0,0.0
0.0,0.0
0.0,0.0
0.0,0.0
0.0,0.0
0.0,0.0
0.0,0.0
0.0,0.0
0.0,0.0
0.0,0.0
0.0,0.0
0.0,0.0
5155.557802667479,0.0
0.0,0.0
1110.1914078303814,0.0
3711.69453004891,0.0
1734.552157162828,0.0
3237.1803605562504,0.0
2095.18292597725,0.0
2963.10097625729,0.0
2303.48325804446,0.0
2804.7927238862103,0.0
2423.79752984648,0.0
2713.353877316675,0.0
2493.2910532393257,0.0
2660.538799538111,0.0
2533.4305123510358,0.0
2630.032810613213,0.0
2556.6150639339585,0.0
2612.4125514101916,0.0
2570.0064609282545,0.0
2602.235089694526,0.0
2577.74133183216,0.0
2596.356587807558,0.0
0.0,0.0
0.0,0.0
4213.335548379036,0.0
1584.1452896331,0.0
0.0,0.0
0.0,0.0
0.0,0.0
0.0,0.0
0.0,0.0
5911.138944,0.0
0.0,0.0
0.0,0.0
0.0,0.0
0.0,0.0
0.0,0.0
0.0,0.0
0.0,0.0
0.0,0.0
0.0,0.0
0.0,0.0
5911.138944,0.0
-1.5857581978855427e-12,0.0
0.0,0.0
0.0,0.0
0.0,0.0
0.0,0.0
5739.2219859866,0.0
-1.5857581978855425e-12,0.0
0.0,0.0
4555.4400000000005,0.0
1093.3055999999997,0.0
3400.0408225212027,0.0
2049.2858360387972,0.0
2997.9827646105136,0.0
2276.9730988960096,0.0
2824.940444839033,0.0
2408.4852619223343,0.0
43.060657026289206,0.0
5166.377231199076,0.0
628.9933042887019,0.0
4077.4050887405865,0.0
1456.612132557154,0.0
3448.414779256563,0.0
1234.5945331680268,0.0
2436.400697407684,0.0
2497.2107568248084,0.0
2418.502977407756,0.0
2805.2947595417927,0.0
2423.4159827482367,0.0
1991.6350412381269,0.0
2756.63245125739,0.0
2460.399337044383,0.0
2685.5365038462683,0.0
2514.432257076836,0.0
2644.471484621604,0.0
2545.641671687581,0.0
2620.7523295174383,0.0
2563.6682295667465,0.0
2607.0521455292724,0.0
2574.0803693977527,0.0
2599.1389192577076,0.0
2580.094421364143,0.0
2594.5682397632513,0.0
2583.5681377799287,0.0
2591.928215287254,0.0
2585.5745563816868,0.0
0.0,0.0
0.0,0.0
3223.8300116211417,0.0
0.0,0.0
0.0,0.0
0.0,0.0
0.0,0.0
5096.703644470323,0.0
752.2237311797609,0.0
0.0,0.0
2205.187840944453,0.0
0.0,0.0
0.0,0.0
2958.1690694127883,0.0
0.0,0.0
2441.5744761686674,0.0
0.0,0.0
0.0,0.0
0.0,0.0
0.0,0.0
0.0,0.0
0.0,0.0
0.0,0.0
0.0,0.0
0.0,0.0
0.0,0.0
0.0,0.0
0.0,0.0
0.0,0.0
0.0,0.0
0.0,0.0
0.0,0.0
0.0,0.0
0.0,0.0
0.0,0.0
0.0,0.0
0.0,0.0
0.0,0.0
0.0,0.0
0.0,0.0
0.0,0.0
4820.81930166939,0.0
0.0,0.0
0.0,0.0
0.0,0.0
0.0,0.0
0.0,0.0
0.0,0.0
0.0,0.0
0.0,0.0
0.0,0.0
4878.817173971869,0.0
0.0,0.0
0.0,0.0
0.0,0.0
0.0,0.0
0.0,0.0
0.0,0.0
4555.439999999999,0.0
1093.3056000000015,0.0
3724.5277439999986,0.0
1724.7989145600006,0.0
3244.5928249343983,0.0
2089.5494530498568,0.0
2967.382415682109,0.0
2300.2293640815974,0.0
2807.2656832979856,0.0
2421.918080693531,0.0
2714.7822586729167,0.0
2492.2054834085834,0.0
2661.3638326094765,0.0
2532.803487216798,0.0
2630.509349715234,0.0
2556.2528942164226,0.0
2612.687800395519,0.0
2569.797271699406,0.0
2602.3940735084516,0.0
2577.6205041335766,0.0
2596.448416858482,0.0
2582.139203187553,0.0
2593.014205577459,0.0
2584.7492037611314,0.0
2591.03060514154,0.0
2586.2567400924295,0.0
2589.884877529754,0.0
0.0,0.0
0.0,0.0
5353.00835247251,0.0
392.7462677469634,0.0
109.1828476026777,0.0
0.0,0.0
362.73791423141154,0.0
3124.686234469938,0.0
2180.6784618028464,0.0
2898.124369029836,0.0
2352.8654795373245,0.0
0.0,0.0
0.0,0.0
0.0,0.0
5808.139904767774,0.0
0.0,0.0
3821.9125379585766,0.0
1650.786471151481,0.0
3300.8422819248744,0.0
2046.7998657370958,0.0
2999.8721020398066,0.0
2275.5372024497474,0.0
2826.031726138192,0.0
0.0,0.0
0.0,0.0
0.0,0.0
5787.426579156574,0.0
0.0,0.0
0.0,0.0
0.0,0.0
0.0,0.0
0.0,0.0
0.0,0.0
0.0,0.0
0.0,0.0
0.0,0.0
0.0,0.0
0.0,0.0
0.0,0.0
0.0,0.0
0.0,0.0
0.0,0.0
3268.934314732222,0.0
2520.822369613207,0.0
0.0,0.0
2186.1657261362348,0.0
0.0,0.0
0.0,0.0
0.0,0.0
5815.4373531726615,0.0
0.0,0.0
0.0,0.0
0.0,0.0
0.0,0.0
0.0,0.0
0.0,0.0
0.0,0.0
4555.44,0.0
1093.3056,0.0
3724.527744,0.0
1724.79891456,0.0
2584.629923488151,0.0
2749.512354496105,0.0
2465.8106105829597,0.0
2681.42393595695,0.0
2517.557808672718,0.0
2642.0960654087344,0.0
2547.446990289361,0.0
2619.3802873800855,0.0
2564.7109815911354,0.0
2606.259653990737,0.0
2574.68266296704,0.0
2598.68117614505,0.0
2580.4423061297616,0.0
2594.303847341381,0.0
2583.76907602055,0.0
2591.775502224382,0.0
2585.690618309469,0.0
2590.3151300848035,0.0
2586.80050113555,0.0
2589.471619136982,0.0
2587.441569455894,0.0
2588.9844072135206,0.0
2587.811850517724,0.0
2588.702993606529,0.0
2588.0257248590383,0.0
2588.540449107131,0.0
2588.14925867858,0.0
2588.446563404279,0.0
2588.2206118127474,0.0
2588.3923350223117,0.0
2588.261825383043,0.0
2588.3610127088873,0.0
2588.285630341245,0.0
2588.3429209406536,0.0
2588.2993800851027,0.0
2588.3324711353216,0.0
2588.307321937155,0.0
2588.326435327762,0.0
2588.3119091509006,0.0
2588.3229490453155,0.0
2588.31455872556,0.0
2588.3209353685743,0.0
2588.316089119883,0.0
2588.3197722688883,0.0
2588.316973075645,0.0
2588.3191004625096,0.0
2588.3174836484927,0.0
2588.3187124271453,0.0
2588.3177785553694,0.0
2588.318488297919,0.0
2588.317948893582,0.0
0.0,0.0
0.0,0.0
0.0,0.0
0.0,0.0
4891.66729373279,0.0
906.1654437364443,0.0
0.0,0.0
4555.439999999999,0.0
1093.3056000000006,0.0
3724.5277439999995,0.0
1724.7989145600006,0.0
3244.5928249343992,0.0
2089.5494530498563,0.0
2967.3824156821083,0.0
2300.229364081598,0.0
2807.265683297985,0.0
2421.9180806935315,0.0
2714.782258672916,0.0
2492.2054834085834,0.0
0.0,0.0
0.0,0.0
0.0,0.0
0.0,0.0
5802.040156758306,0.0
0.0,0.0
0.0,0.0
0.0,0.0
0.0,0.0
0.0,0.0
4555.44,0.0
1093.3056,0.0
3724.527744,0.0
1724.7989145599997,0.0
3244.5928249344,0.0
2089.549453049856,0.0
2967.3824156821092,0.0
2300.229364081597,0.0
2807.2656832979856,0.0
2421.918080693531,0.0
2714.782258672917,0.0
2492.2054834085825,0.0
2661.363832609477,0.0
2532.8034872167973,0.0
2630.509349715234,0.0
2556.252894216422,0.0
2612.687800395519,0.0
2569.797271699405,0.0
2602.394073508452,0.0
2577.620504133576,0.0
2596.4484168584827,0.0
306.68621532719067,0.0
4868.467193437823,0.0
855.4049329872547,0.0
3905.332250929687,0.0
1587.3874892934384,0.0
0.0,0.0
0.0,0.0
5246.152011305954,0.0
595.4974579627361,0.0
0.0,0.0
808.4038547512215,0.0
3941.0530703890713,0.0
1560.239666504305,0.0
3369.6578534567284,0.0
1994.5000313728865,0.0
3039.619976156606,0.0
2245.32881812098,0.0
2848.9900982280546,0.0
2390.2075253466783,0.0
2419.143723181901,0.0
2793.628024194864,0.0
2432.282701611903,0.0
2706.9051467749528,0.0
2498.192088451035,0.0
2656.8140127772135,0.0
2536.2613502893173,0.0
2627.8813737801183,0.0
2558.25015592711,0.0
2611.169881495396,0.0
2570.9508900634987,0.0
2601.517323551741,0.0
2578.2868341006765,0.0
2595.9420060834855,0.0
2582.5240753765506,0.0
2592.7217027138213,0.0
2584.971505937495,0.0
2590.8616554875034,0.0
2586.385141829497,0.0
2589.787292209581,0.0
2587.2016579207175,0.0
0.0,0.0
0.0,0.0
1537.129697522274,0.0
32.35600528619106,0.0
0.0,0.0
0.0,0.0
0.0,0.0
0.0,0.0
0.0,0.0
0.0,0.0
0.0,0.0
0.0,0.0
0.0,0.0
0.0,0.0
5570.255016339454,0.0
0.0,0.0
0.0,0.0
0.0,0.0
4555.439999999999,0.0
1093.3056000000006,0.0
3724.5277439999995,0.0
1724.7989145600006,0.0
3244.5928249343992,0.0
2089.5494530498568,0.0
2967.3824156821092,0.0
2300.229364081598,0.0
2807.265683297986,0.0
2421.9180806935306,0.0
2714.782258672916,0.0
2492.205483408583,0.0
2661.3638326094756,0.0
2532.8034872167977,0.0
2630.509349715234,0.0
2556.2528942164217,0.0
2612.687800395519,0.0
2569.7972716994054,0.0
2602.3940735084516,0.0
2577.6205041335766,0.0
2596.448416858481,0.0
2582.139203187554,0.0
2593.014205577458,0.0
2584.749203761132,0.0
2591.0306051415396,0.0
2586.2567400924304,0.0
2589.884877529753,0.0
2587.1274930773875,0.0
2589.223105261185,0.0
2587.6304400014988,0.0
2588.8408655988605,0.0
2587.9209421448654,0.0
2588.6200839699018,0.0
2588.0887361828745,0.0
2588.492560501015,0.0
2588.185654019228,0.0
2588.418902945386,0.0
2588.2416337615064,0.0
2588.376358341255,0.0
2588.2739676606457,0.0
2588.3517845779093,0.0
2588.2926437207893,0.0
2588.3375907721997,0.0
0.0,0.0
0.0,0.0
2063.2980571270014,0.0
3734.533820499354,0.0
-4.2459372923859326e-13,0.0
3408.0077587931996,0.0
1965.3541033171684,0.0
3061.770881478952,0.0
2228.494130075997,0.0
2861.784461142242,0.0
2380.483809531896,0.0
2746.272304755759,0.0
2468.273048385622,0.0
2679.5524832269266,0.0
2518.9801127475357,0.0
2641.0151143118733,0.0
2548.2685131229764,0.0
2618.7559300265375,0.0
2194.0915118483886,0.0
0.0,0.0
5269.918321563546,0.0
0.0,0.0
3760.1594381892287,0.0
0.0,0.0
0.0,0.0
0.0,0.0
0.0,0.0
5746.534204433828,0.0
0.0,0.0
0.0,0.0
0.0,0.0
0.0,0.0
533.305487809323,0.0
0.0,0.0
4555.44,0.0
1093.3056,0.0
3724.527744,0.0
1724.7989145599997,0.0
3244.5928249343997,0.0
2089.549453049856,0.0
2967.3824156821092,0.0
2300.229364081597,0.0
2807.2656832979856,0.0
2421.918080693531,0.0
2714.782258672916,0.0
2492.2054834085825,0.0
2661.363832609477,0.0
2532.803487216798,0.0
0.0,0.0
0.0,0.0
0.0,0.0
0.0,0.0
5800.262938543598,0.0
0.0,0.0
0.0,0.0
0.0,0.0
0.0,0.0
0.0,0.0
2163.35784121992,0.0
0.0,0.0
0.0,0.0
2674.0660733381833,0.0
1621.1207986608172,0.0
0.0,0.0
0.0,0.0
0.0,0.0
0.0,0.0
0.0,0.0
1521.2489191437555,0.0
0.0,0.0
3732.6864018386605,0.0
0.0,0.0
0.0,0.0
0.0,0.0
0.0,0.0
0.0,0.0
5397.148821062508,0.0
0.0,0.0
0.0,0.0
0.0,0.0
0.0,0.0
350.5880430106024,0.0
0.0,0.0
481.5355341011875,0.0
0.0,0.0
0.0,0.0
0.0,0.0
0.0,0.0
0.0,0.0
0.0,0.0
0.0,0.0
0.0,0.0
0.0,0.0
0.0,0.0
0.0,0.0
0.0,0.0
0.0,0.0
0.0,0.0
0.0,0.0
0.0,0.0
5946.376899795772,0.0
0.0,0.0
0.0,0.0
0.0,0.0
0.0,0.0
0.0,0.0
2505.9723054101046,0.0
0.0,0.0
0.0,0.0
0.0,0.0
0.0,0.0
5801.437500358366,0.0
0.0,0.0
0.0,0.0
0.0,0.0
0.0,0.0
0.0,0.0
0.0,0.0
0.0,0.0
0.0,0.0
0.0,0.0
0.0,0.0
0.0,0.0
0.0,0.0
0.0,0.0
0.0,0.0
0.0,0.0
4517.061669789839,0.0
0.0,0.0
0.0,0.0
0.0,0.0
0.0,0.0
0.0,0.0
0.0,0.0
0.0,0.0
0.0,0.0
3768.960059709551,0.0
2107.3856685724622,0.0
0.0,0.0
0.0,0.0
0.0,0.0
0.0,0.0
3473.560733361807,0.0
1915.5338426450267,0.0
0.0,0.0
0.0,0.0
0.0,0.0
0.0,0.0
5827.284534504371,0.0
0.0,0.0
0.0,0.0
0.0,0.0
0.0,0.0
0.0,0.0
1623.281554695598,0.0
0.0,0.0
0.0,0.0
1527.2778361163062,0.0
0.0,0.0
0.0,0.0
3406.4475444047343,0.0
506.12097177039226,0.0
400.2318183702127,0.0
0.0,0.0
0.0,0.0
2.822057503246845e-27,0.0
0.0,0.0
4555.439999999999,0.0
0.0,0.0
0.0,0.0
1150.393862824534,0.0
0.0,0.0
0.0,0.0
4561.326139735465,0.0
0.0,0.0
0.0,0.0
0.0,0.0
0.0,0.0
1735.4122127024534,0.0
3236.5267183461356,0.0
2095.679694056937,0.0
2962.723432516728,0.0
2303.770191287287,0.0
2804.5746546216615,0.0
0.0,0.0
0.0,0.0
0.0,0.0
0.0,0.0
0.0,0.0
0.0,0.0
3758.766308913305,0.0
0.0,0.0
0.0,0.0
0.0,0.0
0.0,0.0
0.0,0.0
0.0,0.0
0.0,0.0
0.0,0.0
0.0,0.0
2029.5995750059767,0.0
0.0,0.0
4555.439999999999,0.0
1093.3056000000006,0.0
3724.527744,0.0
1724.79891456,0.0
3244.5928249343997,0.0
2089.549453049856,0.0
2967.3824156821092,0.0
2300.229364081597,0.0
2807.265683297986,0.0
2421.9180806935306,0.0
2714.7822586729167,0.0
2492.2054834085834,0.0
2661.363832609477,0.0
2532.803487216798,0.0
2630.509349715234,0.0
0.0,0.0
0.0,0.0
0.0,0.0
3196.5595339404476,0.0
2599.4262327664187,0.0
0.0,0.0
429.3307918193478,0.0
4199.316145073811,0.0
1363.9597297439022,0.0
3518.830605394633,0.0
1881.1287399000782,0.0
0.0,0.0
0.0,0.0
0.0,0.0
0.0,0.0
5828.790652282134,0.0
0.0,0.0
0.0,0.0
0.0,0.0
0.0,0.0
0.0,0.0
0.0,0.0
0.0,0.0
0.0,0.0
889.2723405287428,0.0
3067.590212393773,0.0
2418.952112693785,0.0
0.0,0.0
0.0,0.0
2222.375012753296,0.0
3582.87188356142,0.0
0.0,0.0
0.0,0.0
0.0,0.0
0.0,0.0
0.0,0.0
0.0,0.0
5772.389460428283,0.0
0.0,0.0
0.0,0.0
4555.439999999999,0.0
1093.3056000000006,0.0
3724.527744,0.0
1724.7989145599997,0.0
3244.5928249343992,0.0
2089.549453049856,0.0
2967.3824156821083,0.0
2300.2293640815974,0.0
2807.2656832979856,0.0
2421.918080693531,0.0
2714.7822586729158,0.0
2492.205483408583,0.0
2661.3638326094765,0.0
2532.8034872167977,0.0
2630.509349715234,0.0
2556.252894216423,0.0
2612.6878003955185,0.0
2569.7972716994054,0.0
2602.3940735084516,0.0
0.0,0.0
0.0,0.0
0.0,0.0
0.0,0.0
0.0,0.0
773.7913378130187,0.0
5023.425203225074,0.0
0.0,0.0
0.0,0.0
0.0,0.0
4555.4400000000005,0.0
1093.3055999999997,0.0
0.0,0.0
0.0,0.0
2884.532777704703,0.0
2978.7456203496968,0.0
0.0,0.0
3763.39672412403,0.0
1695.2584896657365,0.0
3267.04354785404,0.0
2072.4869036309287,0.0
2980.349953240494,0.0
2290.3740355372247,0.0
2814.755732991709,0.0
0.0,0.0
0.0,0.0
0.0,0.0
0.0,0.0
5787.920197032555,0.0
0.0,0.0
0.0,0.0
0.0,0.0
0.0,0.0
0.0,0.0
0.0,0.0
0.0,0.0
0.0,0.0
0.0,0.0
0.0,0.0
0.0,0.0
0.0,0.0
5704.1774722207965,0.0
0.0,0.0
0.0,0.0
0.0,0.0
0.0,0.0
0.0,0.0
0.0,0.0
0.0,0.0
801.0902201902444,0.0
0.0,0.0
0.0,0.0
0.0,0.0
0.0,0.0
0.0,0.0
0.0,0.0
0.0,0.0
0.0,0.0
1265.4193350863623,0.0
0.0,0.0
0.0,0.0
0.0,0.0
0.0,0.0
0.0,0.0
5076.163879258805,0.0
0.0,0.0
0.0,0.0
0.0,0.0
0.0,0.0
0.0,0.0
0.0,0.0
0.0,0.0
0.0,0.0
0.0,0.0
0.0,0.0
0.0,0.0
0.0,0.0
0.0,0.0
454.51698743214655,0.0
0.0,0.0
2053.4199546197133,0.0
2994.840834489018,0.0
2279.360965788346,0.0
2823.1256660008567,0.0
2409.8644938393486,0.0
2723.942984682095,0.0
2485.243331641608,0.0
2666.6550679523775,0.0
2528.782148356192,0.0
2633.5655672492935,0.0
2553.930168890537,0.0
2614.453071643192,0.0
2568.4556655511747,0.0
2603.413694181106,0.0
2576.845592422358,0.0
2597.037349759007,0.0
2581.6916141831543,0.0
2593.3543732208027,0.0
2584.4906763521903,0.0
2591.2270859723358,0.0
2586.107414661025,0.0
2589.998364857621,0.0
2587.0412427082074,0.0
2589.288655541762,0.0
2587.5806217882605,0.0
2588.8787274409224,0.0
2587.8921671448984,0.0
2588.641952969877,0.0
2588.0721157428934,0.0
2588.5051920354013,0.0
2588.176054053095,0.0
2588.426198919648,0.0
2588.2360888210674,0.0
2588.380572495989,0.0
2588.270764903048,0.0
1433.2107733803407,0.0
3743.4342391013433,0.0
1710.4299782829792,0.0
0.0,0.0
0.0,0.0
0.0,0.0
0.0,0.0
0.0,0.0
0.0,0.0
5836.263161270685,0.0
0.0,0.0
0.0,0.0
0.0,0.0
3696.9219255960843,0.0
0.0,0.0
408.8597714916077,0.0
0.0,0.0
0.0,0.0
3951.3080093452,0.0
0.0,0.0
0.0,0.0
1941.9326892979839,0.0
0.0,0.0
0.0,0.0
0.0,0.0
401.47376592716137,0.0
3958.3201066355196,0.0
1547.1167189570044,0.0
3379.6312935926767,0.0
1986.920216869566,0.0
3045.3806351791295,0.0
2240.9507172638614,0.0
2852.3174548794655,0.0
2387.6787342916064,0.0
2235.746824934554,0.0
0.0,0.0
0.0,0.0
5820.248803618407,0.0
0.0,0.0
0.0,0.0
0.0,0.0
0.0,0.0
0.0,0.0
0.0,0.0
0.0,0.0
0.0,0.0
0.0,0.0
0.0,0.0
0.0,0.0
0.0,0.0
5225.411662956151,0.0
0.0,0.0
0.0,0.0
0.0,0.0
1582.0385638866674,0.0
0.0,0.0
0.0,0.0
0.0,0.0
0.0,0.0
0.0,0.0
0.0,0.0
3794.3357801012994,0.0
0.0,0.0
4396.45174761826,0.0
1214.136671810122,0.0
0.0,0.0
0.0,0.0
0.0,0.0
0.0,0.0
2200.20621832368,0.0
1400.3162255450522,0.0
2257.4664531861076,0.0
0.0,0.0
0.0,0.0
0.0,0.0
0.0,0.0
0.0,0.0
0.0,0.0
0.0,0.0
0.0,0.0
0.0,0.0
0.0,0.0
552.5340590353919,0.0
4596.8724388999435,0.0
0.0,0.0
814.5027522180184,0.0
0.0,0.0
4555.44,0.0
0.0,0.0
0.0,0.0
0.0,0.0
0.0,0.0
0.0,0.0
0.0,0.0
0.0,0.0
5711.7200025600005,0.0
0.0,0.0
0.0,0.0
0.0,0.0
0.0,0.0
0.0,0.0
0.0,0.0
0.0,0.0
0.0,0.0
5911.138944,0.0
-5.6308359534415405e-14,0.0
0.0,0.0
3700.1356636566893,0.0
1743.3368956209147,0.0
3230.503959328104,0.0
2100.256990910641,0.0
2959.244686907912,0.0
2306.414037949987,0.0
0.0,0.0
0.0,0.0
0.0,0.0
4308.224274357951,0.0
1501.949088716751,0.0
0.0,0.0
1044.4108885988835,0.0
3761.6877246648482,0.0
1696.5573292547147,0.0
3266.0564297664164,0.0
2073.2371133775237,0.0
2979.779793833082,0.0
0.0,0.0
0.0,0.0
0.0,0.0
3057.8504845959883,0.0
2722.8456191491746,0.0
0.0,0.0
0.0,0.0
1618.1021409673854,0.0
3477.8261850535155,0.0
1912.2920993593284,0.0
3102.0980044869107,0.0
0.0,0.0
0.0,0.0
0.0,0.0
5775.341501755581,0.0
0.0,0.0
0.0,0.0
0.0,0.0
0.0,0.0
0.0,0.0
0.0,0.0
0.0,0.0
1175.0445588814782,0.0
0.0,0.0
0.0,0.0
0.0,0.0
0.0,0.0
0.0,0.0
5859.700193390404,0.0
0.0,0.0
0.0,0.0
0.0,0.0
82.57100780326677,0.0
0.0,0.0
3902.891111252468,0.0
1589.2427554481242,0.0
0.0,0.0
0.0,0.0
0.0,0.0
0.0,0.0
0.0,0.0
0.0,0.0
0.0,0.0
0.0,0.0
0.0,0.0
0.0,0.0
5343.848398828387,0.0
497.7198543091166,0.0
0.0,0.0
0.0,0.0
0.0,0.0
0.0,0.0
0.0,0.0
0.0,0.0
0.0,0.0
0.0,0.0
0.0,0.0
0.0,0.0
0.0,0.0
0.0,0.0
0.0,0.0
0.0,0.0
0.0,0.0
5075.2051369861365,0.0
0.0,0.0
0.0,0.0
0.0,0.0
0.0,0.0
0.0,0.0
0.0,0.0
0.0,0.0
4555.4400000000005,0.0
0.0,0.0
0.0,0.0
0.0,0.0
0.0,0.0
3630.8694308154454,0.0
0.0,0.0
0.0,0.0
0.0,0.0
0.0,0.0
0.0,0.0
0.0,0.0
0.0,0.0
0.0,0.0
5677.289733082675,0.0
0.0,0.0
0.0,0.0
0.0,0.0
0.0,0.0
0.0,0.0
0.0,0.0
0.0,0.0
0.0,0.0
0.0,0.0
0.0,0.0
0.0,0.0
5046.232025016943,0.0
0.0,0.0
0.0,0.0
-5.630835953441928e-14,0.0
0.0,0.0
4398.681217058348,0.0
1212.4422750356555,0.0
3633.983870972902,0.0
1793.6122580605947,0.0
3192.2946838739476,0.0
2129.2960402557997,0.0
2937.1750094055915,0.0
2323.186992851751,0.0
2789.8178854326693,0.0
2435.178407071171,0.0
2704.70441062591,0.0
2499.864647924308,0.0
2655.5428675775256,0.0
2537.2274206410802,0.0
2627.147160312779,0.0
2558.8081581622882,0.0
2610.745799796661,0.0
2571.2731921545374,0.0
2601.2723739625517,0.0
2578.4729957884606,0.0
2595.8005232007695,0.0
2582.6316023674153,0.0
2592.6399822007647,0.0
2585.0336135274188,0.0
2590.8144537191615,0.0
2011.5259570500405,0.0
3164.6550865915833,0.0
2150.3021341903964,0.0
2921.210378015299,0.0
0.0,0.0
0.0,0.0
0.0,0.0
0.0,0.0
0.0,0.0
0.0,0.0
0.0,0.0
0.0,0.0
0.0,0.0
5943.42240923808,0.0
0.0,0.0
1036.2307668390224,0.0
3767.9046172023427,0.0
0.0,0.0
0.0,0.0
0.0,0.0
0.0,0.0
1734.3185944120391,0.0
0.0,0.0
0.0,0.0
0.0,0.0
5518.290373695674,0.0
0.0,0.0
3165.401478560735,0.0
0.0,0.0
0.0,0.0
0.0,0.0
5940.856878929886,0.0
0.0,0.0
0.0,0.0
0.0,0.0
0.0,0.0
0.0,0.0
2632.2096273835537,0.0
2138.3757470873215,0.0
0.0,0.0
0.0,0.0
0.0,0.0
3434.0910445072846,0.0
2477.0478994927153,0.0
0.0,0.0
0.0,0.0
865.754199640944,0.0
3414.0677592130014,0.0
0.0,0.0
5026.019640719549,0.0
0.0,0.0
4555.439999999999,0.0
1093.3056000000006,0.0
3724.527743999999,0.0
1724.7989145600002,0.0
3244.5928249343997,0.0
2089.5494530498563,0.0
2967.382415682109,0.0
2300.2293640815974,0.0
2807.2656832979856,0.0
2421.9180806935306,0.0
2714.7822586729158,0.0
2492.2054834085834,0.0
2661.363832609477,0.0
2532.803487216798,0.0
0.0,0.0
0.0,0.0
605.1223841860311,0.0
2557.447565706401,0.0
2637.692988651165,0.0
0.0,0.0
0.0,0.0
2.8154179767206813e-14,0.0
0.0,0.0
0.0,0.0
4555.44,0.0
1093.3056000000001,0.0
0.0,0.0
0.0,0.0
0.0,0.0
0.0,0.0
2796.8625803914533,0.0
0.0,0.0
1733.3323894766636,0.0
1333.083428186283,0.0
0.0,0.0
0.0,0.0
4555.44,0.0
1093.3056,0.0
3724.527744,0.0
0.0,0.0
0.0,0.0
0.0,0.0
0.0,0.0
0.0,0.0
0.0,0.0
0.0,0.0
5882.110076468618,0.0
0.0,0.0
4555.44,0.0
1093.3056000000015,0.0
0.0,0.0
0.0,0.0
5513.891166680307,0.0
0.0,0.0
0.0,0.0
0.0,0.0
0.0,0.0
0.0,0.0
4730.132484056526,0.0
0.0,0.0
4555.4400000000005,0.0
1093.3055999999997,0.0
0.0,0.0
0.0,0.0
0.0,0.0
0.0,0.0
4202.661021193686,0.0
0.0,0.0
1660.6173768607139,0.0
0.0,0.0
0.0,0.0
0.0,0.0
4555.44,0.0
0.0,0.0
0.0,0.0
0.0,0.0
0.0,0.0
0.0,0.0
0.0,0.0
3512.2395757282366,0.0
2199.4804268317635,0.0
0.0,0.0
0.0,0.0
0.0,0.0
4555.4400000000005,0.0
1093.3055999999997,0.0
3724.527744000001,0.0
1724.7989145599997,0.0
3244.5928249344,0.0
2089.549453049856,0.0
2967.3824156821097,0.0
2300.229364081597,0.0
2807.265683297986,0.0
2421.9180806935306,0.0
2714.7822586729167,0.0
2492.2054834085825,0.0
2661.363832609477,0.0
2532.8034872167973,0.0
0.0,0.0
0.0,0.0
5800.262938543598,0.0
0.0,0.0
0.0,0.0
4555.439999999999,0.0
1093.3056000000006,0.0
3513.504579434311,0.0
1935.8220791256895,0.0
3084.215219864475,0.0
2211.4364329029986,0.0
2874.748310993721,0.0
0.0,0.0
0.0,0.0
0.0,0.0
3716.4363234856205,0.0
0.0,0.0
0.0,0.0
0.0,0.0
0.0,0.0
3775.3871310620584,0.0
0.0,0.0
2869.0410060890326,0.0
0.0,0.0
0.0,0.0
0.0,0.0
0.0,0.0
0.0,0.0
0.0,0.0
0.0,0.0
4126.520436461912,0.0
0.0,0.0
1659.0233684555335,0.0
0.0,0.0
1563.1471009081433,0.0
3367.4482033098097,0.0
0.0,0.0
0.0,0.0
0.0,0.0
0.0,0.0
0.0,0.0
1446.446620502356,0.0
2290.283228546223,0.0
0.0,0.0
2026.9956824033306,0.0
0.0,0.0
0.0,0.0
4555.439999999999,0.0
1093.3056000000006,0.0
3201.4109885615767,0.0
2247.9156699984237,0.0
2847.0240908011983,0.0
2391.7016909910894,0.0
2737.7467148467713,0.0
0.0,0.0
0.0,0.0
5791.291343810867,0.0
0.0,0.0
1738.6942249127271,0.0
0.0,0.0
0.0,0.0
0.0,0.0
0.0,0.0
4600.134847964582,0.0
0.0,0.0
0.0,0.0
0.0,0.0
0.0,0.0
2708.5181862024874,0.0
0.0,0.0
0.0,0.0
0.0,0.0
0.0,0.0
0.0,0.0
0.0,0.0
0.0,0.0
0.0,0.0
0.0,0.0
5863.947913657099,0.0
0.0,0.0
0.0,0.0
0.0,0.0
4555.4400000000005,0.0
1093.3055999999997,0.0
3724.527744000001,0.0
1724.7989145599997,0.0
3244.5928249344,0.0
2089.549453049856,0.0
2967.3824156821097,0.0
2300.2293640815965,0.0
2807.2656832979865,0.0
2421.9180806935306,0.0
2714.7822586729167,0.0
2492.205483408583,0.0
2661.3638326094756,0.0
2532.8034872167987,0.0
0.0,0.0
0.0,0.0
2031.2468956048713,0.0
3250.819828939748,0.0
518.196213998978,0.0
0.0,0.0
1369.6584949086348,0.0
1803.07339352997,0.0
2787.59545853745,0.0
2436.867451511537,0.0
2703.4207368512316,0.0
2500.8402399930637,0.0
0.0,0.0
0.0,0.0
0.0,0.0
0.0,0.0
0.0,0.0
0.0,0.0
0.0,0.0
0.0,0.0
5801.662161654064,0.0
0.0,0.0
0.0,0.0
0.0,0.0
0.0,0.0
0.0,0.0
0.0,0.0
0.0,0.0
0.0,0.0
0.0,0.0
0.0,0.0
0.0,0.0
0.0,0.0
0.0,0.0
0.0,0.0
0.0,0.0
0.0,0.0
0.0,0.0
0.0,0.0
0.0,0.0
1359.5695378208754,0.0
0.0,0.0
0.0,0.0
0.0,0.0
1895.6842559276904,0.0
3854.308757957282,0.0
-1.471036620017345e-27,0.0
0.0,0.0
0.0,0.0
0.0,0.0
0.0,0.0
405.8845942872284,0.0
0.0,0.0
0.0,0.0
0.0,0.0
0.0,0.0
0.0,0.0
0.0,0.0
0.0,0.0
0.0,0.0
0.0,0.0
0.0,0.0
0.0,0.0
0.0,0.0
0.0,0.0
0.0,0.0
0.0,0.0
0.0,0.0
0.0,0.0
0.0,0.0
0.0,0.0
0.0,0.0
0.0,0.0
0.0,0.0
0.0,0.0
0.0,0.0
0.0,0.0
0.0,0.0
5086.566576773994,0.0
0.0,0.0
0.0,0.0
900.6770033564356,0.0
0.0,0.0
0.0,0.0
0.0,0.0
0.0,0.0
0.0,0.0
0.0,0.0
0.0,0.0
3736.230978991765,0.0
2174.9079650082344,0.0
0.0,0.0
0.0,0.0
0.0,0.0
1013.5427842793863,0.0
0.0,0.0
0.0,0.0
0.0,0.0
0.0,0.0
0.0,0.0
0.0,0.0
0.0,0.0
0.0,0.0
0.0,0.0
0.0,0.0
0.0,0.0
0.0,0.0
0.0,0.0
0.0,0.0
0.0,0.0
0.0,0.0
0.0,0.0
0.0,0.0
0.0,0.0
0.0,0.0
0.0,0.0
0.0,0.0
5866.770095075385,0.0
0.0,0.0
0.0,0.0
0.0,0.0
0.0,0.0
0.0,0.0
0.0,0.0
0.0,0.0
0.0,0.0
0.0,0.0
0.0,0.0
0.0,0.0
0.0,0.0
0.0,0.0
0.0,0.0
0.0,0.0
0.0,0.0
0.0,0.0
0.0,0.0
0.0,0.0
0.0,0.0
0.0,0.0
0.0,0.0
0.0,0.0
30.93318209284009,0.0
4531.9307816094415,0.0
1111.1726059768243,0.0
3710.948819457614,0.0
1735.1188972122138,0.0
3236.7496381187175,0.0
2095.5102750297738,0.0
2962.8521909773713,0.0
2303.672334857198,0.0
2804.6490255085296,0.0
2194.252776265062,0.0
2942.924841482181,0.0
2318.817120473543,0.0
2793.138988440108,0.0
0.0,0.0
0.0,0.0
0.0,0.0
0.0,0.0
5788.866491642046,0.0
0.0,0.0
0.0,0.0
0.0,0.0
0.0,0.0
0.0,0.0
0.0,0.0
0.0,0.0
0.0,0.0
0.0,0.0
0.0,0.0
0.0,0.0
5869.952368095314,0.0
0.0,0.0
0.0,0.0
0.0,0.0
0.0,0.0
0.0,0.0
0.0,0.0
0.0,0.0
0.0,0.0
0.0,0.0
0.0,0.0
0.0,0.0
0.0,0.0
0.0,0.0
0.0,0.0
0.0,0.0
5355.520410548474,0.0
0.0,0.0
0.0,0.0
0.0,0.0
4555.44,0.0
1093.3056,0.0
1676.3031713795197,0.0
2711.628434307747,0.0
2749.337202615568,0.0
0.0,0.0
0.0,0.0
0.0,0.0
0.0,0.0
5790.783958618301,0.0
0.0,0.0
3867.309861420942,0.0
1616.2845053200836,0.0
3327.0637759567367,0.0
2026.8715302728795,0.0
3015.0176369926116,0.0
2264.0265958856144,0.0
2834.779787126932,0.0
2401.007361783532,0.0
2730.6744050445154,0.0
2480.127452166168,0.0
2670.543136353712,0.0
2525.8272163711786,0.0
2635.8113155579035,0.0
2552.223400175993,0.0
2615.750215866245,0.0
0.0,0.0
0.0,0.0
2276.4490954028806,0.0
0.0,0.0
0.0,0.0
0.0,0.0
0.0,0.0
5642.709210300705,0.0
5.6308359534415455e-14,0.0
0.0,0.0
0.0,0.0
0.0,0.0
0.0,0.0
0.0,0.0
5718.127083349694,0.0
0.0,0.0
930.2285371370533,0.0
3848.466311775839,0.0
1630.605603050362,0.0
3316.179741681725,0.0
2035.1433963218888,0.0
3008.731018795364,0.0
2268.8044257155234,0.0
2831.1486364562015,0.0
2403.7670362932868,0.0
2728.577052417102,0.0
2481.721440163002,0.0
2669.3317054761183,0.0
2526.74790383815,0.0
2635.111593083006,0.0
2552.755189256915,0.0
2615.346056164744,0.0
2567.7769973147942,0.0
2603.9294820407563,0.0
2576.453593649025,0.0
0.0,0.0
0.0,0.0
0.0,0.0
4659.604293068123,0.0
1138.7478184162962,0.0
0.0,0.0
0.0,0.0
0.0,0.0
0.0,0.0
0.0,0.0
0.0,0.0
0.0,0.0
0.0,0.0
0.0,0.0
0.0,0.0
0.0,0.0
0.0,0.0
0.0,0.0
0.0,0.0
0.0,0.0
0.0,0.0
0.0,0.0
0.0,0.0
0.0,0.0
0.0,0.0
0.0,0.0
0.0,0.0
5321.098974230742,0.0
0.0,0.0
0.0,0.0
0.0,0.0
0.0,0.0
0.0,0.0
0.0,0.0
0.0,0.0
0.0,0.0
0.0,0.0
0.0,0.0
0.0,0.0
5846.076405624581,0.0
0.0,0.0
0.0,0.0
0.0,0.0
0.0,0.0
0.0,0.0
0.0,0.0
0.0,0.0
0.0,0.0
0.0,0.0
0.0,0.0
0.0,0.0
0.0,0.0
0.0,0.0
0.0,0.0
0.0,0.0
0.0,0.0
0.0,0.0
0.0,0.0
0.0,0.0
0.0,0.0
0.0,0.0
0.0,0.0
0.0,0.0
0.0,0.0
0.0,0.0
0.0,0.0
0.0,0.0
0.0,0.0
0.0,0.0
0.0,0.0
0.0,0.0
0.0,0.0
0.0,0.0
531.4465658679887,0.0
0.0,0.0
5289.677854260896,0.0
0.0,0.0
2325.339559483541,0.0
2788.1819347925084,0.0
2436.421729557693,0.0
2703.759485536153,0.0
2500.5827909925238,0.0
2654.9970788456812,0.0
2537.6422200772813,0.0
0.0,0.0
0.0,0.0
3118.9630077944694,0.0
2681.0881103794286,0.0
2.815417976720963e-14,0.0
464.1246372026468,0.0
2506.1462903296474,0.0
2094.27670445378,0.0
3097.3478121900916,0.0
2201.45566273553,0.0
2882.3336963209968,0.0
0.0,0.0
0.0,0.0
0.0,0.0
0.0,0.0
0.0,0.0
0.0,0.0
0.0,0.0
2293.9687653027077,0.0
3490.993138807144,0.0
0.0,0.0
0.0,0.0
3615.2219602482746,0.0
0.0,0.0
0.0,0.0
0.0,0.0
0.0,0.0
0.0,0.0
0.0,0.0
0.0,0.0
0.0,0.0
0.0,0.0
0.0,0.0
0.0,0.0
0.0,0.0
0.0,0.0
0.0,0.0
0.0,0.0
0.0,0.0
0.0,0.0
0.0,0.0
0.0,0.0
0.0,0.0
0.0,0.0
0.0,0.0
0.0,0.0
0.0,0.0
0.0,0.0
0.0,0.0
5752.878987468171,0.0
0.0,0.0
0.0,0.0
0.0,0.0
0.0,0.0
0.0,0.0
0.0,0.0
0.0,0.0
0.0,0.0
0.0,0.0
0.0,0.0
0.0,0.0
0.0,0.0
0.0,0.0
0.0,0.0
0.0,0.0
0.0,0.0
0.0,0.0
0.0,0.0
0.0,0.0
0.0,0.0
0.0,0.0
0.0,0.0
0.0,0.0
0.0,0.0
0.0,0.0
5911.138944,0.0
0.0,0.0
0.0,0.0
0.0,0.0
0.0,0.0
1331.8020641213573,0.0
4448.368931061938,0.0
0.0,0.0
0.0,0.0
0.0,0.0
5899.731833836594,0.0
0.0,0.0
0.0,0.0
0.0,0.0
0.0,0.0
0.0,0.0
0.0,0.0
0.0,0.0
0.0,0.0
0.0,0.0
537.8741678650536,0.0
0.0,0.0
0.0,0.0
0.0,0.0
0.0,0.0
0.0,0.0
0.0,0.0
0.0,0.0
0.0,0.0
0.0,0.0
0.0,0.0
0.0,0.0
0.0,0.0
0.0,0.0
0.0,0.0
0.0,0.0
5738.496915525921,0.0
0.0,0.0
0.0,0.0
0.0,0.0
0.0,0.0
0.0,0.0
0.0,0.0
0.0,0.0
0.0,0.0
0.0,0.0
0.0,0.0
0.0,0.0
0.0,0.0
0.0,0.0
0.0,0.0
0.0,0.0
0.0,0.0
5796.396195732235,0.0
0.0,0.0
2920.114607171648,0.0
2336.152898549547,0.0
0.0,0.0
0.0,0.0
0.0,0.0
0.0,0.0
0.0,0.0
399.90692193429794,0.0
0.0,0.0
0.0,0.0
0.0,0.0
0.0,0.0
0.0,0.0
0.0,0.0
0.0,0.0
0.0,0.0
0.0,0.0
0.0,0.0
0.0,0.0
0.0,0.0
1127.902347274736,0.0
4646.730464221093,0.0
0.0,0.0
0.0,0.0
0.0,0.0
4555.44,0.0
1093.3056000000001,0.0
3724.527744,0.0
1724.7989145600004,0.0
3244.5928249343997,0.0
2089.5494530498563,0.0
2967.3824156821097,0.0
0.0,0.0
0.0,0.0
4480.861334388502,0.0
291.8480752614665,0.0
0.0,0.0
0.0,0.0
0.0,0.0
0.0,0.0
0.0,0.0
5706.836893539137,0.0
0.0,0.0
4555.4400000000005,0.0
1093.3055999999997,0.0
3724.5277440000004,0.0
1724.7989145599988,0.0
3244.5928249344006,0.0
2089.5494530498554,0.0
2967.3824156821097,0.0
2300.2293640815974,0.0
2807.265683297986,0.0
2421.9180806935306,0.0
2714.782258672916,0.0
2492.205483408583,0.0
2661.363832609477,0.0
2532.8034872167973,0.0
1467.5014135105687,0.0
3719.2608304210867,0.0
1728.8017688799741,0.0
3241.5506556512196,0.0
2091.8615017050724,0.0
0.0,0.0
0.0,0.0
0.0,0.0
1656.9004755423043,0.0
0.0,0.0
0.0,0.0
0.0,0.0
0.0,0.0
5554.479633446173,0.0
5.630835953441499e-14,0.0
0.0,0.0
0.0,0.0
0.0,0.0
0.0,0.0
0.0,0.0
0.0,0.0
5911.138944,0.0
0.0,0.0
0.0,0.0
0.0,0.0
0.0,0.0
0.0,0.0
0.0,0.0
0.0,0.0
0.0,0.0
0.0,0.0
0.0,0.0
0.0,0.0
0.0,0.0
0.0,0.0
1838.165709992679,0.0
1558.267087919173,0.0
3755.197086578161,0.0
1701.490214200598,0.0
3262.3074372075444,0.0
2076.0863477222656,0.0
2977.6143757310774,0.0
2292.453074444381,0.0
2813.17566342227,0.0
2417.426495799074,0.0
2718.195863192704,0.0
2489.611143973545,0.0
0.0,0.0
0.0,0.0
5802.153726561414,0.0
-7.365707394083558e-13,0.0
0.0,0.0
0.0,0.0
0.0,0.0
2125.527772408963,0.0
3785.611171591038,0.0
0.0,0.0
0.0,0.0
0.0,0.0
0.0,0.0
0.0,0.0
2241.9817689826355,0.0
0.0,0.0
0.0,0.0
0.0,0.0
0.0,0.0
0.0,0.0
0.0,0.0
0.0,0.0
1663.5766526152065,0.0
0.0,0.0
0.0,0.0
0.0,0.0
0.0,0.0
0.0,0.0
0.0,0.0
0.0,0.0
0.0,0.0
0.0,0.0
0.0,0.0
5887.428288367211,0.0
0.0,0.0
0.0,0.0
0.0,0.0
0.0,0.0
0.0,0.0
0.0,0.0
0.0,0.0
4555.4400000000005,0.0
1093.3055999999997,0.0
3724.5277440000004,0.0
1724.7989145599993,0.0
3244.5928249344,0.0
2089.5494530498554,0.0
2967.3824156821092,0.0
2300.229364081597,0.0
2807.265683297986,0.0
2421.91808069353,0.0
2714.782258672917,0.0
2492.205483408583,0.0
2661.3638326094774,0.0
2532.8034872167964,0.0
2630.5093497152343,0.0
2556.2528942164217,0.0
2612.6878003955194,0.0
2569.797271699405,0.0
2602.3940735084516,0.0
2577.620504133577,0.0
2596.4484168584813,0.0
2582.1392031875534,0.0
2593.0142055774586,0.0
2584.749203761131,0.0
0.0,0.0
0.0,0.0
0.0,0.0
0.0,0.0
0.0,0.0
5797.988962856153,0.0
0.0,0.0
0.0,0.0
1411.030699106724,0.0
3785.0533486099425,0.0
1678.7994550564433,0.0
3279.5524141571027,0.0
2062.9801652406018,0.0
2987.575074417143,0.0
2284.882943442971,0.0
2818.928962983341,0.0
2413.0539881326604,0.0
2721.518969019178,0.0
2487.085583545424,0.0
2665.2549565054774,0.0
2529.8462330558373,0.0
2632.756862877564,0.0
2554.5447842130507,0.0
2613.9859639980814,0.0
2568.8106673614584,0.0
2603.143892805291,0.0
2436.144112267179,0.0
2737.7880416851353,0.0
2474.721088319296,0.0
2674.651972877334,0.0
2522.704500613226,0.0
2638.184579533948,0.0
2550.4197195541988,0.0
2617.1210131388084,0.0
2566.428030014505,0.0
2604.9546971889768,0.0
0.0,0.0
0.0,0.0
0.0,0.0
0.0,0.0
0.0,0.0
0.0,0.0
0.0,0.0
0.0,0.0
0.0,0.0
0.0,0.0
0.0,0.0
0.0,0.0
0.0,0.0
5797.104447175854,0.0
0.0,0.0
0.0,0.0
0.0,0.0
0.0,0.0
0.0,0.0
0.0,0.0
0.0,0.0
0.0,0.0
0.0,0.0
0.0,0.0
0.0,0.0
0.0,0.0
0.0,0.0
0.0,0.0
0.0,0.0
0.0,0.0
0.0,0.0
0.0,0.0
0.0,0.0
0.0,0.0
0.0,0.0
0.0,0.0
0.0,0.0
0.0,0.0
0.0,0.0
4555.44,0.0
0.0,0.0
0.0,0.0
0.0,0.0
0.0,0.0
0.0,0.0
0.0,0.0
0.0,0.0
0.0,0.0
0.0,0.0
0.0,0.0
0.0,0.0
0.0,0.0
0.0,0.0
0.0,0.0
0.0,0.0
0.0,0.0
0.0,0.0
0.0,0.0
0.0,0.0
0.0,0.0
0.0,0.0
0.0,0.0
0.0,0.0
0.0,0.0
0.0,0.0
0.0,0.0
0.0,0.0
0.0,0.0
0.0,0.0
0.0,0.0
0.0,0.0
3827.997353908611,0.0
0.0,0.0
0.0,0.0
3183.862508436507,0.0
0.0,0.0
0.0,0.0
2124.5541025963475,0.0
0.0,0.0
2856.6809267197386,0.0
2384.362495692998,0.0
2743.324503273322,0.0
2470.513377512275,0.0
2677.8498330906705,0.0
2520.2741268510904,0.0
2640.0316635931713,0.0
2549.0159356691893,0.0
2618.187888891416,0.0
2565.617204442524,0.0
2605.5709246236815,0.0
2575.206097286002,0.0
2598.283366062638,0.0
2580.7446417923948,0.0
2594.07407223778,0.0
2583.9437050992874,0.0
2591.6427841245413,0.0
2585.7914840653484,0.0
2590.2384721103354,0.0
2586.8587611961457,0.0
2589.427341490929,0.0
2587.4752204668935,0.0
2588.9588324451606,0.0
2587.831287341677,0.0
0.0,0.0
0.0,0.0
3643.5345756518227,0.0
2154.3194659135083,0.0
0.0,0.0
4555.44,0.0
1093.3056,0.0
3724.527744,0.0
1724.7989145600004,0.0
3244.5928249343992,0.0
2089.549453049856,0.0
2967.3824156821092,0.0
2300.229364081597,0.0
2807.265683297986,0.0
2421.9180806935306,0.0
2714.782258672916,0.0
2492.205483408583,0.0
2661.3638326094765,0.0
2532.8034872167977,0.0
2630.5093497152334,0.0
2556.2528942164217,0.0
2612.6878003955194,0.0
2569.797271699405,0.0
2602.394073508452,0.0
2577.6205041335766,0.0
2596.4484168584813,0.0
2582.1392031875534,0.0
2593.014205577459,0.0
2584.749203761131,0.0
2591.03060514154,0.0
2586.256740092429,0.0
2589.8848775297542,0.0
2587.127493077387,0.0
2589.223105261185,0.0
2587.630440001499,0.0
2588.8408655988605,0.0
2587.920942144866,0.0
2588.6200839699018,0.0
2588.0887361828745,0.0
2588.492560501015,0.0
2588.185654019229,0.0
2588.4189029453855,0.0
2588.2416337615064,0.0
2588.3763583412556,0.0
2588.2739676606457,0.0
2588.3517845779093,0.0
2588.292643720789,0.0
2588.3375907722,0.0
2588.303431013128,0.0
2588.329392430023,0.0
2588.309661753183,0.0
2588.32465706758,0.0
2588.313260628639,0.0
2588.321921922234,0.0
2588.315339339102,0.0
2588.3203421022827,0.0
2588.3165400022644,0.0
2588.3194295982785,0.0
2588.3172335053077,0.0
2588.318902535965,0.0
2588.317634072666,0.0
2588.318598104774,0.0
2588.317865440372,0.0
2588.3184222653167,0.0
2588.3179990783588,0.0
2588.3183207004477,0.0
2588.3180762676598,0.0
2588.3182620365783,0.0
2588.3181208522,0.0
2588.318228152328,0.0
2588.3181466042297,0.0
0.0,0.0
0.0,0.0
130.43688858557348,0.0
0.0,0.0
0.0,0.0
0.0,0.0
0.0,0.0
0.0,0.0
0.0,0.0
0.0,0.0
0.0,0.0
0.0,0.0
155.44881059461392,0.0
0.0,0.0
0.0,0.0
5878.307287112176,0.0
0.0,0.0
0.0,0.0
0.0,0.0
0.0,0.0
2431.9544075267418,0.0
2323.4310200673935,0.0
0.0,0.0
2811.2928159744965,0.0
2418.8574598593823,0.0
0.0,0.0
0.0,0.0
3151.3581950834273,0.0
2653.892844753768,0.0
6.636605355063888e-28,0.0
0.0,0.0
0.0,0.0
4173.45133730354,0.0
1620.9779754099634,0.0
1.4077089883606265e-14,0.0
1403.7939814365016,0.0
3488.5565741082582,0.0
0.0,0.0
0.0,0.0
4667.285956764513,0.0
1091.137934647324,0.0
0.0,0.0
4555.4400000000005,0.0
1093.3055999999997,0.0
3623.9547857488037,0.0
1825.3718728111962,0.0
3168.1573766634906,0.0
2147.6403937357472,0.0
2923.2333007608318,0.0
2333.782691421768,0.0
1930.4969739514154,0.0
3292.566663133254,0.0
2053.0893360187265,0.0
1281.6601166112675,0.0
3581.3783113754366,0.0
1833.5924833546678,0.0
2278.077781355243,0.0
3036.220549680865,0.0
609.9408208501018,0.0
4091.8849761539223,0.0
0.0,0.0
0.0,0.0
0.0,0.0
3901.8110252632036,0.0
2029.3119956849284,0.0
0.0,0.0
0.0,0.0
0.0,0.0
5603.827907661409,0.0
0.0,0.0
0.0,0.0
0.0,0.0
0.0,0.0
0.0,0.0
0.0,0.0
0.0,0.0
5651.936546862671,0.0
0.0,0.0
0.0,0.0
0.0,0.0
0.0,0.0
0.0,0.0
0.0,0.0
0.0,0.0
1969.200041075627,0.0
3712.768969332365,0.0
0.0,0.0
229.16993359200785,0.0
0.0,0.0
0.0,0.0
0.0,0.0
0.0,0.0
0.0,0.0
0.0,0.0
0.0,0.0
0.0,0.0
0.0,0.0
0.0,0.0
0.0,0.0
5534.530168934803,0.0
0.0,0.0
601.0951067063387,0.0
4098.607718903182,0.0
1440.4981336335807,0.0
3093.656904873627,0.0
2292.341835551608,0.0
2813.2602049807783,0.0
2417.3622442146084,0.0
2718.2446943968976,0.0
0.0,0.0
0.0,0.0
0.0,0.0
947.4977712494782,0.0
1964.9922155511256,0.0
2879.655077457478,0.0
0.0,0.0
0.0,0.0
0.0,0.0
0.0,0.0
0.0,0.0
0.0,0.0
0.0,0.0
0.0,0.0
0.0,0.0
0.0,0.0
0.0,0.0
0.0,0.0
0.0,0.0
0.0,0.0
0.0,0.0
0.0,0.0
0.0,0.0
0.0,0.0
0.0,0.0
0.0,0.0
5801.690247848197,0.0
0.0,0.0
0.0,0.0
3373.853099069424,0.0
1910.986347136446,0.0
3122.3684475932905,0.0
2182.439979829099,0.0
1067.4491485580372,0.0
3744.1786470958914,0.0
1709.864228207122,0.0
0.0,0.0
0.0,0.0
0.0,0.0
0.0,0.0
0.0,0.0
0.0,0.0
0.0,0.0
0.0,0.0
0.0,0.0
5836.2879275460045,0.0
0.0,0.0
0.0,0.0
0.0,0.0
369.69401819250817,0.0
0.0,0.0
3315.468440569576,0.0
0.0,0.0
0.0,0.0
0.0,0.0
1911.8085684410569,0.0
3903.3777409715894,0.0
0.0,0.0
698.3856976699959,0.0
3138.0094672350756,0.0
2170.552804901342,0.0
2905.8198682749808,0.0
2347.0169001110144,0.0
2771.707155915628,0.0
2448.942561504122,0.0
2694.243653256867,0.0
2507.814823524781,0.0
2649.5007341211667,0.0
2541.8194420679124,0.0
2623.6572240283854,0.0
1495.4710743410267,0.0
0.0,0.0
0.0,0.0
1031.732615485033,0.0
0.0,0.0
0.0,0.0
0.0,0.0
0.0,0.0
0.0,0.0
0.0,0.0
0.0,0.0
0.0,0.0
0.0,0.0
0.0,0.0
0.0,0.0
0.0,0.0
0.0,0.0
0.0,0.0
0.0,0.0
0.0,0.0
5926.877385103844,0.0
0.0,0.0
0.0,0.0
0.0,0.0
9.05495818011602e-13,0.0
0.0,0.0
0.0,0.0
0.0,0.0
0.0,0.0
0.0,0.0
0.0,0.0
0.0,0.0
0.0,0.0
0.0,0.0
0.0,0.0
0.0,0.0
0.0,0.0
0.0,0.0
0.0,0.0
0.0,0.0
0.0,0.0
0.0,0.0
5823.177402018709,0.0
0.0,0.0
0.0,0.0
0.0,0.0
0.0,0.0
0.0,0.0
0.0,0.0
0.0,0.0
0.0,0.0
0.0,0.0
0.0,0.0
0.0,0.0
0.0,0.0
0.0,0.0
0.0,0.0
255.51611354971422,0.0
2.8181270264148143e-27,0.0
2071.4447093368085,0.0
2981.1420209040252,0.0
2289.772064112941,0.0
2815.213231274164,0.0
2415.8779442316354,0.0
2719.3727623839563,0.0
2488.716700588193,0.0
2664.0153075529734,0.0
2530.7883662597405,0.0
2041.215035610962,0.0
3145.9147663832605,0.0
2164.544777548722,0.0
2910.3859690629715,0.0
2343.5466635121415,0.0
2774.3445357307723,0.0
2446.938152844613,0.0
708.0334720201938,0.0
0.0,0.0
0.0,0.0
0.0,0.0
0.0,0.0
0.0,0.0
0.0,0.0
5907.622499072694,0.0
0.0,0.0
3598.7810997410074,0.0
1820.3663641968335,0.0
3171.9615632104055,0.0
2144.7492119600915,0.0
2925.4305989103304,0.0
2332.112744828149,0.0
2783.034313930606,0.0
2440.3339214127395,0.0
2700.786219726318,0.0
2502.8424730079973,0.0
2653.2797205139213,0.0
2538.9474124094195,0.0
2625.8399665688407,0.0
2559.801625407681,0.0
2609.9907646901625,0.0
2571.847018835477,0.0
2600.836265685037,0.0
2578.8044380793717,0.0
2595.5486270596766,0.0
2582.823043434645,0.0
2592.4944869896694,0.0
2585.1441898878516,0.0
2590.730415685233,0.0
2586.484884079223,0.0
1655.4097564880765,0.0
3521.5610006558722,0.0
1879.0536395015367,0.0
1012.7612719206442,0.0
3785.7414333403094,0.0
1678.276510661364,0.0
3279.9498518973633,0.0
2062.6781125580037,0.0
2987.8046344559175,0.0
2284.7084778135027,0.0
2819.0615568617372,0.0
2412.9532167850793,0.0
2721.5955552433397,0.0
2487.027378015062,0.0
2665.299192708553,0.0
2529.8126135414986,0.0
2632.7824137084604,0.0
2554.5253655815704,0.0
2614.0007221580067,0.0
2568.799451159915,0.0
2603.1524171184647,0.0
2577.0441629899665,0.0
2596.886436127625,0.0
2581.8063085430044,0.0
2593.2672055073162,0.0
2584.556923814439,0.0
0.0,0.0
0.0,0.0
0.0,0.0
0.0,0.0
0.0,0.0
5797.997380103099,0.0
0.0,0.0
0.0,0.0
0.0,0.0
0.0,0.0
2595.4366191293707,0.0
2582.908169461679,0.0
2592.429791209124,0.0
2585.193358681065,0.0
2590.69304740239,0.0
2586.5132839741827,0.0
2589.6899041796205,0.0
2587.275672823489,0.0
2589.110488654148,0.0
2587.716028622847,0.0
2588.7758182466364,0.0
2587.9703781325566,0.0
2588.5825126192567,0.0
2588.117290409364,0.0
2588.4708592888833,0.0
2588.202146940449,0.0
2588.406368325259,0.0
2588.2511600728035,0.0
2588.369118344669,0.0
2588.2794700580507,0.0
2588.347602755882,0.0
2588.2958219055295,0.0
2588.3351753517973,0.0
2588.305266732634,0.0
2588.3279972831974,0.0
2588.3107220647685,0.0
2588.323851230776,0.0
2588.3138730646097,0.0
2588.3214564708965,0.0
2588.3156930821174,0.0
2588.32007325759,0.0
0.0,0.0
0.0,0.0
426.4347346749266,0.0
2965.6760850767764,0.0
1997.7452471182369,0.0
407.9765776031359,0.0
0.0,0.0
0.0,0.0
0.0,0.0
4760.583824601088,0.0
0.0,0.0
0.0,0.0
0.0,0.0
0.0,0.0
0.0,0.0
0.0,0.0
0.0,0.0
0.0,0.0
0.0,0.0
0.0,0.0
0.0,0.0
1036.524194221548,0.0
0.0,0.0
0.0,0.0
0.0,0.0
3974.012734093605,0.0
1674.7328659063942,0.0
3282.6430219111394,0.0
2060.6313033475335,0.0
2989.360209455874,0.0
2283.5262408135354,0.0
2819.960056981712,0.0
0.0,0.0
0.0,0.0
0.0,0.0
0.0,0.0
0.0,0.0
0.0,0.0
0.0,0.0
0.0,0.0
5787.692372545568,0.0
0.0,0.0
0.0,0.0
0.0,0.0
0.0,0.0
678.8907409002352,0.0
0.0,0.0
0.0,0.0
0.0,0.0
0.0,0.0
0.0,0.0
4983.881344366289,0.0
0.0,0.0
4555.44,0.0
1093.3056000000001,0.0
3724.527744,0.0
1724.7989145599997,0.0
3244.5928249343997,0.0
2089.549453049856,0.0
2967.382415682109,0.0
2300.229364081598,0.0
2807.2656832979847,0.0
2421.918080693531,0.0
2714.7822586729176,0.0
2492.205483408583,0.0
2661.363832609477,0.0
2532.803487216797,0.0
2630.509349715234,0.0
2556.2528942164217,0.0
2612.68780039552,0.0
2569.797271699405,0.0
2602.394073508452,0.0
0.0,0.0
0.0,0.0
0.0,0.0
1805.1934595463704,0.0
3992.023081491723,0.0
7.928790989427713e-13,0.0
0.0,0.0
0.0,0.0
0.0,0.0
0.0,0.0
0.0,0.0
0.0,0.0
0.0,0.0
0.0,0.0
0.0,0.0
0.0,0.0
3444.183613903997,0.0
2513.0247089922127,0.0
0.0,0.0
622.5988779192204,0.0
0.0,0.0
0.0,0.0
0.0,0.0
0.0,0.0
5883.884055520209,0.0
0.0,0.0
0.0,0.0
0.0,0.0
4555.44,0.0
1093.3056,0.0
3724.527744,0.0
1724.79891456,0.0
3244.5928249344,0.0
2089.549453049856,0.0
2967.3824156821092,0.0
2300.2293640815974,0.0
2807.2656832979856,0.0
2421.918080693531,0.0
2714.7822586729153,0.0
2492.205483408583,0.0
2661.363832609477,0.0
2532.803487216797,0.0
2630.509349715234,0.0
2556.2528942164217,0.0
2612.68780039552,0.0
2569.7972716994045,0.0
2602.394073508453,0.0
0.0,0.0
0.0,0.0
0.0,0.0
0.0,0.0
0.0,0.0
0.0,0.0
0.0,0.0
0.0,0.0
0.0,0.0
0.0,0.0
0.0,0.0
0.0,0.0
0.0,0.0
0.0,0.0
0.0,0.0
0.0,0.0
0.0,0.0
0.0,0.0
0.0,0.0
0.0,0.0
0.0,0.0
0.0,0.0
0.0,0.0
0.0,0.0
0.0,0.0
0.0,0.0
0.0,0.0
0.0,0.0
0.0,0.0
0.0,0.0
0.0,0.0
0.0,0.0
0.0,0.0
0.0,0.0
0.0,0.0
0.0,0.0
0.0,0.0
0.0,0.0
0.0,0.0
0.0,0.0
5797.216541038094,0.0
0.0,0.0
0.0,0.0
0.0,0.0
0.0,0.0
0.0,0.0
0.0,0.0
0.0,0.0
0.0,0.0
0.0,0.0
0.0,0.0
0.0,0.0
0.0,0.0
0.0,0.0
0.0,0.0
0.0,0.0
0.0,0.0
0.0,0.0
0.0,0.0
0.0,0.0
0.0,0.0
0.0,0.0
2218.6878622081795,0.0
2869.2372247217836,0.0
2374.8197092114438,0.0
2750.577020999303,0.0
2465.0014640405298,0.0
2682.0388873291977,0.0
2517.09044562981,0.0
2642.451261321344,0.0
0.0,0.0
0.0,0.0
0.0,0.0
0.0,0.0
0.0,0.0
5795.462997584396,0.0
0.0,0.0
0.0,0.0
0.0,0.0
4555.4400000000005,0.0
1093.3055999999997,0.0
3724.527744000001,0.0
1724.7989145599997,0.0
2506.357131185092,0.0
2827.785146799164,0.0
0.0,0.0
0.0,0.0
3205.9421906572206,0.0
2581.4076307564983,0.0
0.0,0.0
4150.924894680755,0.0
1400.7370800426263,0.0
3490.8798191676046,0.0
1902.371337432621,0.0
3109.637783551208,0.0
2192.115284501082,0.0
0.0,0.0
0.0,0.0
0.0,0.0
5815.1769053056805,0.0
0.0,0.0
0.0,0.0
0.0,0.0
0.0,0.0
0.0,0.0
0.0,0.0
2477.2617447394014,0.0
0.0,0.0
0.0,0.0
2858.654203346368,0.0
0.0,0.0
3789.687670674637,0.0
1675.2773702872757,0.0
3282.2291985816705,0.0
2060.9458090779303,0.0
2989.1211851007724,0.0
2283.7078993234136,0.0
2819.8219965142052,0.0
2412.3752826492037,0.0
2722.0347851866045,0.0
2486.6935632581803,0.0
2665.552891923783,0.0
2529.6198021379246,0.0
2632.9289503751775,0.0
2554.4139977148648,0.0
2614.0853617367025,0.0
2568.7351250801057,0.0
2202.0114470811086,0.0
0.0,0.0
0.0,0.0
0.0,0.0
0.0,0.0
0.0,0.0
0.0,0.0
0.0,0.0
0.0,0.0
0.0,0.0
0.0,0.0
0.0,0.0
5820.289739487606,0.0
0.0,0.0
0.0,0.0
0.0,0.0
0.0,0.0
0.0,0.0
0.0,0.0
1745.0221569464795,0.0
3229.2231607206754,0.0
2101.230397852286,0.0
2958.5048976322623,0.0
2306.9762777994797,0.0
2802.1380288723954,0.0
2425.8150980569785,0.0
0.0,0.0
0.0,0.0
0.0,0.0
0.0,0.0
0.0,0.0
0.0,0.0
0.0,0.0
0.0,0.0
0.0,0.0
0.0,0.0
0.0,0.0
0.0,0.0
0.0,0.0
0.0,0.0
0.0,0.0
0.0,0.0
0.0,0.0
0.0,0.0
0.0,0.0
0.0,0.0
0.0,0.0
0.0,0.0
5804.946462267458,0.0
0.0,0.0
0.0,0.0
1112.2371562398173,0.0
0.0,0.0
0.0,0.0
0.0,0.0
0.0,0.0
293.5606571044926,0.0
0.0,0.0
0.0,0.0
0.0,0.0
0.0,0.0
0.0,0.0
0.0,0.0
0.0,0.0
0.0,0.0
0.0,0.0
0.0,0.0
0.0,0.0
0.0,0.0
0.0,0.0
0.0,0.0
0.0,0.0
0.0,0.0
0.0,0.0
0.0,0.0
0.0,0.0
0.0,0.0
2361.867688535241,0.0
0.0,0.0
0.0,0.0
0.0,0.0
0.0,0.0
0.0,0.0
0.0,0.0
0.0,0.0
0.0,0.0
0.0,0.0
0.0,0.0
0.0,0.0
0.0,0.0
5407.265101311543,0.0
0.0,0.0
0.0,0.0
0.0,0.0
0.0,0.0
0.0,0.0
0.0,0.0
0.0,0.0
0.0,0.0
0.0,0.0
0.0,0.0
0.0,0.0
0.0,0.0
0.0,0.0
0.0,0.0
0.0,0.0
0.0,0.0
0.0,0.0
0.0,0.0
0.0,0.0
0.0,0.0
2448.155174711305,0.0
0.0,0.0
0.0,0.0
0.0,0.0
0.0,0.0
1111.963519781051,0.0
4370.955935100417,0.0
0.0,0.0
889.1248061163376,0.0
3879.7051473515826,0.0
1606.8640880127969,0.0
3334.223293110274,0.0
2021.4302972361913,0.0
3019.1529741004942,0.0
0.0,0.0
0.0,0.0
0.0,0.0
0.0,0.0
0.0,0.0
5778.972503405777,0.0
0.0,0.0
0.0,0.0
0.0,0.0
0.0,0.0
0.0,0.0
0.0,0.0
0.0,0.0
0.0,0.0
0.0,0.0
0.0,0.0
0.0,0.0
0.0,0.0
0.0,0.0
0.0,0.0
0.0,0.0
0.0,0.0
0.0,0.0
0.0,0.0
1327.4512020004327,0.0
3546.577086479671,0.0
1860.041414275449,0.0
3141.808525150658,0.0
2167.665520885499,0.0
2908.0142041270205,0.0
2345.349204863464,0.0
2772.9746043037667,0.0
2447.979300729137,0.0
2694.9757314458557,0.0
2507.258444101149,0.0
2649.9235824831258,0.0
2541.4980773128245,0.0
2623.901461242253,0.0
2561.274889455888,0.0
2608.8710840135245,0.0
2572.6979761497205,0.0
2600.1895381262116,0.0
2579.295951024079,0.0
2595.1750772217,0.0
2583.106941311508,0.0
2592.2787246032535,0.0
2585.308169301528,0.0
2590.605791330839,0.0
2586.579598588562,0.0
2589.6395050726924,0.0
2587.3139761447533,0.0
2589.0813781299876,0.0
2587.73815262121,0.0
2588.7590040078803,0.0
2587.9831569540106,0.0
2588.572800714952,0.0
2588.1246714566364,0.0
0.0,0.0
0.0,0.0
0.0,0.0
5797.841198382314,0.0
0.0,0.0
0.0,0.0
0.0,0.0
0.0,0.0
0.0,0.0
0.0,0.0
0.0,0.0
0.0,0.0
0.0,0.0
0.0,0.0
5076.9612477832,0.0
66.94608104068786,0.0
0.0,0.0
1400.2724817834599,0.0
3455.9930342297507,0.0
1937.3428650929459,0.0
3083.059422529361,0.0
2212.314838877686,0.0
2874.0807224529585,0.0
2371.1386509357512,0.0
0.0,0.0
0.0,0.0
0.0,0.0
3206.3844237839144,0.0
0.0,0.0
0.0,0.0
1304.3300972515347,0.0
3875.339235860319,0.0
0.0,0.0
1680.907641475848,0.0
3277.950192478356,0.0
2064.1978537164496,0.0
2986.6496311754986,0.0
802.7646111514351,0.0
3078.509760702105,0.0
2509.2221023672114,0.0
0.0,0.0
0.0,0.0
1883.5647117038227,0.0
3803.7864715351807,0.0
0.0,0.0
0.0,0.0
0.0,0.0
0.0,0.0
0.0,0.0
3111.489138140036,0.0
0.0,0.0
0.0,0.0
0.0,0.0
0.0,0.0
0.0,0.0
0.0,0.0
0.0,0.0
0.0,0.0
0.0,0.0
0.0,0.0
0.0,0.0
0.0,0.0
4327.376542887649,0.0
1266.6338274053876,0.0
3592.7982911719055,0.0
1824.913298709352,0.0
3168.505892980892,0.0
2147.375521334521,0.0
2923.4346037857636,0.0
2333.6297011228194,0.0
2781.8814271466567,0.0
2441.2101153685408,0.0
2700.120312319909,0.0
2503.3485626368692,0.0
2652.895092395979,0.0
2539.239729779055,0.0
2625.6178053679178,0.0
2559.9704679203824,0.0
2609.862444380509,0.0
2571.944542270813,0.0
2600.7621478741817,0.0
2578.860767615622,0.0
2595.5058166121266,0.0
2582.8555793747837,0.0
2592.469759675165,0.0
0.0,0.0
0.0,0.0
0.0,0.0
144.3574638408177,0.0
0.0,0.0
5653.293523959642,0.0
0.0,0.0
1464.1584661557015,0.0
3442.6795657216667,0.0
1939.0035300515324,0.0
3081.7973171608346,0.0
154.29673359973,0.0
0.0,0.0
4359.020649850725,0.0
1573.8271026084826,0.0
0.0,0.0
4554.693286977083,0.0
1093.8731018974174,0.0
3724.0964425579623,0.0
1725.1267036559484,0.0
3244.3437052214795,0.0
2089.7387840316765,0.0
2967.2385241359257,0.0
2300.338721656696,0.0
2807.18257154091,0.0
2421.9812456289083,0.0
2714.7342533220294,0.0
2492.2419674752578,0.0
2661.3361047188037,0.0
2532.8245604137087,0.0
2630.493334085582,0.0
2556.265066094958,0.0
2612.6785497678316,0.0
2569.8043021764483,0.0
2602.3887303458987,0.0
2577.6245649371167,0.0
2596.4453306477917,0.0
2582.1415487076783,0.0
2593.0124229821645,0.0
2584.7505585335557,0.0
2591.0295755144975,0.0
2586.2575226089816,0.0
2589.8842828171737,0.0
2587.1279450589486,0.0
2589.222761755199,0.0
2587.630701066049,0.0
2588.8406671898033,0.0
2587.9210929357496,0.0
2588.61996936883,0.0
2588.088823279689,0.0
2588.492494307436,0.0
2588.185704326349,0.0
2588.418864711975,0.0
2588.2416628188985,0.0
2588.3763362576365,0.0
2588.273984444196,0.0
2588.351771822411,0.0
2588.2926534149665,0.0
2588.337583404625,0.0
2588.303436612485,0.0
2588.329388174512,0.0
2588.3096649873705,0.0
2588.3246546095984,0.0
2588.3132624967047,0.0
953.0150047054807,0.0
2818.1195329607426,0.0
2750.989808530886,0.0
473.17288675705134,0.0
4195.828606064641,0.0
1366.6102593908727,0.0
3516.8162028629367,0.0
1882.659685824168,0.0
3124.618638773633,0.0
2180.729834532039,0.0
2898.0853257556505,0.0
2352.8951524257054,0.0
2767.2396841564637,0.0
2452.337840041087,0.0
2691.6632415687736,0.0
2509.775936407732,0.0
0.0,0.0
0.0,0.0
2175.921599830374,0.0
0.0,0.0
0.0,0.0
0.0,0.0
0.0,0.0
0.0,0.0
0.0,0.0
0.0,0.0
0.0,0.0
0.0,0.0
0.0,0.0
0.0,0.0
0.0,0.0
0.0,0.0
0.0,0.0
0.0,0.0
0.0,0.0
0.0,0.0
0.0,0.0
0.0,0.0
0.0,0.0
0.0,0.0
0.0,0.0
0.0,0.0
0.0,0.0
3625.349392777442,0.0
0.0,0.0
439.2076620136646,0.0
4221.642176869615,0.0
1346.991945579092,0.0
3531.7261213598904,0.0
1871.3281477664837,0.0
3133.2306076974724,0.0
0.0,0.0
5077.244337155981,0.0
