Lignite,Coal,Gas,WindOnshore,WindOffshore,PVGround,PVRoof
452.6468545260149,0.0,0.0,24029.353145473982,0.0,0.0,0.0
452.6468545260149,0.0,0.0,6031.368043417999,13585.985102055984,0.0,0.0
452.64685452601486,0.0,0.0,29270.353145473993,0.0,0.0,0.0
0.0,0.0,0.0,23171.56,0.0,0.0,0.0
452.6468545260149,0.0,0.0,20904.353145473982,0.0,0.0,0.0
0.0,0.0,0.0,33146.2544,0.0,0.0,0.0
0.0,0.0,0.0,38928.861056,0.0,0.0,0.0
0.0,0.0,0.0,22169.122384975577,11856.921977928398,1917.955637096021,0.0
0.0,0.0,0.0,35246.88665344,0.0,0.0,0.0
0.0,0.0,0.0,30279.393426035484,0.0,6856.379370790114,0.0
452.6468545260149,0.0,0.0,12559.38651256071,12584.49804501179,8907.468587901476,0.0
452.6468545260149,0.0,0.0,12026.35968532419,13495.25208663147,8836.741373518325,0.0
0.0,0.0,0.0,33768.99999999999,0.0,0.0,0.0
0.0,0.0,0.0,29897.068790604677,0.0,5599.931209395322,0.0
0.0,0.0,0.0,31767.145471238142,0.0,0.0,0.0
0.0,0.0,0.0,29243.261245265385,0.0,2879.0136678317704,0.0
0.0,0.0,0.0,34061.06597914331,0.0,0.0,0.0
0.0,0.0,0.0,37409.01583499439,0.0,0.0,0.0
0.0,0.0,0.0,41656.00380039865,0.0,0.0,0.0
452.6468545260149,0.0,0.0,39096.35405756967,0.0,0.0,0.0
452.6468545260149,0.0,0.0,31848.35336437693,0.0,0.0,0.0
0.0,0.0,0.0,33953.00005253672,0.0,0.0,0.0
0.0,0.0,0.0,29694.999999999996,0.0,0.0,0.0
452.6468545260149,0.0,0.0,24701.353145473986,0.0,0.0,0.0
0.0,0.0,0.0,20488.0,0.0,0.0,0.0
452.6468545260149,0.0,0.0,7911.707507217161,11745.645638256821,0.0,0.0
452.6468545260149,0.0,0.0,23140.353145473986,0.0,0.0,0.0
0.0,0.0,0.0,25693.999999999996,0.0,0.0,0.0
452.64685452601486,0.0,0.0,24776.353145473986,0.0,0.0,0.0
0.0,0.0,0.0,30497.0,0.0,0.0,0.0
0.0,0.0,0.0,38673.0,0.0,0.0,0.0
0.0,0.0,0.0,38056.119283007036,0.0,1967.880729601774,0.0
0.0,0.0,0.0,38324.000003026114,0.0,0.0,0.0
0.0,0.0,0.0,35977.00000072627,0.0,0.0,0.0
452.6468545260149,0.0,0.0,30467.353145648292,0.0,0.0,0.0
452.64685452601486,0.0,0.0,16755.199378435704,12836.153767038279,0.0,0.0
452.6468545260149,0.0,0.0,28585.353145473982,0.0,0.0,0.0
0.0,0.0,0.0,32713.0,0.0,0.0,0.0
0.0,0.0,0.0,35127.0,0.0,0.0,0.0
0.0,0.0,0.0,34046.0,0.0,0.0,0.0
452.6468545260149,0.0,0.0,21855.82752989939,12065.77910777351,2612.7465078010864,0.0
0.0,0.0,0.0,40223.96817189408,0.0,312.03182816095784,0.0
0.0,0.0,0.0,42450.0,0.0,0.0,0.0
0.0,0.0,0.0,40105.0,0.0,0.0,0.0
0.0,0.0,0.0,36050.0,0.0,0.0,0.0
0.0,0.0,0.0,33615.99999999999,0.0,0.0,0.0
0.0,0.0,0.0,29892.0,0.0,0.0,0.0
0.0,0.0,0.0,27409.0,0.0,0.0,0.0
0.0,0.0,0.0,26542.000000000007,0.0,0.0,0.0
0.0,0.0,0.0,25885.0,0.0,0.0,0.0
0.0,0.0,0.0,23239.999999999996,0.0,0.0,0.0
452.6468545260149,0.0,0.0,22528.35314547398,0.0,0.0,0.0
0.0,0.0,0.0,25473.0,0.0,0.0,0.0
452.6468545260149,0.0,0.0,21303.353145473982,0.0,0.0,0.0
0.0,0.0,0.0,29298.333564187138,0.0,0.0,0.0
0.0,0.0,0.0,32176.000000000004,0.0,0.0,0.0
0.0,0.0,0.0,30586.400116137775,0.0,0.0,0.0
452.646854526015,0.0,0.0,33066.353145474,0.0,0.0,0.0
452.6468545260149,0.0,0.0,28526.35314547399,0.0,0.0,0.0
452.6468545260149,0.0,0.0,24433.185118081077,9484.168027392916,0.0,0.0
452.646854526015,0.0,0.0,26962.353145473986,0.0,0.0,0.0
0.0,0.0,0.0,30665.000000000004,0.0,0.0,0.0
452.646854526015,0.0,0.0,29118.293332981862,0.0,0.0,0.0
0.0,0.0,0.0,15684.68511973661,9992.615302507658,7642.699577755727,0.0
0.0,0.0,0.0,31455.72479772371,0.0,3482.2752022762897,0.0
452.646854526015,0.0,0.0,22651.175762984974,9686.177382489008,0.0,0.0
452.646854526015,0.0,0.0,37528.35314547399,0.0,0.0,0.0
0.0,0.0,0.0,37676.000000000015,0.0,0.0,0.0
452.6468545260149,0.0,0.0,32673.353145473993,0.0,0.0,0.0
0.0,0.0,0.0,32443.000000000015,0.0,0.0,0.0
0.0,0.0,0.0,29311.000000000007,0.0,0.0,0.0
0.0,0.0,0.0,24686.000000000007,0.0,0.0,0.0
0.0,0.0,0.0,23890.00000000001,0.0,0.0,0.0
0.0,0.0,0.0,25296.00000000001,0.0,0.0,0.0
0.0,0.0,0.0,24615.000000000004,0.0,0.0,0.0
0.0,0.0,0.0,21187.00000000001,0.0,0.0,0.0
0.0,0.0,0.0,24298.91069989649,0.0,0.0,0.0
0.0,0.0,0.0,25856.00000000001,0.0,0.0,0.0
0.0,0.0,0.0,26227.49589161139,0.0,0.0,0.0
0.0,0.0,0.0,21683.14675654371,0.0,2874.8532434562912,0.0
0.0,0.0,0.0,30361.999999999996,0.0,0.0,0.0
452.6468545260149,0.0,0.0,30509.353145473997,0.0,0.0,0.0
0.0,0.0,0.0,30842.00000000001,0.0,0.0,0.0
0.0,0.0,0.0,29620.000000000007,0.0,0.0,0.0
0.0,0.0,0.0,31933.0,0.0,0.0,0.0
0.0,0.0,0.0,27687.999999999996,0.0,0.0,0.0
0.0,0.0,0.0,28520.000000000015,0.0,0.0,0.0
0.0,0.0,0.0,34502.00000000001,0.0,0.0,0.0
0.0,0.0,0.0,34803.000000000015,0.0,0.0,0.0
0.0,0.0,0.0,37391.3320999233,0.0,665.66790007671,0.0
0.0,0.0,0.0,39115.99999999999,0.0,0.0,0.0
0.0,0.0,0.0,37643.00000000001,0.0,0.0,0.0
0.0,0.0,0.0,34774.00000000001,0.0,0.0,0.0
0.0,0.0,0.0,31188.000000000015,0.0,0.0,0.0
0.0,0.0,0.0,27118.000000000007,0.0,0.0,0.0
0.0,0.0,0.0,24574.00000000001,0.0,0.0,0.0
0.0,0.0,0.0,24139.000000000004,0.0,0.0,0.0
0.0,0.0,0.0,23823.00000000001,0.0,0.0,0.0
0.0,0.0,0.0,22020.493391999997,1277.5066080000088,0.0,0.0
0.0,0.0,0.0,19482.670572,3613.3294280000073,0.0,0.0
452.646854526015,0.0,0.0,17296.238604,4870.479790240585,0.0,0.0
452.6468545260149,0.0,3648.6573190049994,15383.110632,4584.585194468993,0.0,0.0
452.6468545260149,0.0,16359.56370208178,13762.80837,4341.489190878778,116.49188251342423,0.0
452.64685452601486,0.0,18594.316590995353,11439.724404,3935.7585369993335,3074.553613479304,0.0
452.6468545260149,0.0,15258.966288490476,8784.7713,3365.6812891434056,8374.93426784011,0.0
452.64685452601486,0.0,13128.426464520715,7769.642172000001,2852.098182966894,13983.186325986388,0.0
452.6468545260149,0.0,11590.14271777614,6520.252476000001,2294.004540921752,17581.9534107761,0.0
452.6468545260149,0.0,9569.845976619165,5427.036492,1936.208310285449,19042.262366569386,0.0
452.6468545260149,0.0,12499.970534757604,4665.689646000001,1788.9811531815155,18742.711811534868,0.0
452.64685452601486,0.0,14372.153668761106,4255.733652,1766.7258852471996,17057.739939465693,0.0
452.6468545260149,0.0,16048.129553265484,4021.4730840000007,1814.6603084903409,13825.09019971817,0.0
452.64685452601486,0.0,20298.353082974758,3865.299372,1943.0560850344689,9456.64460546476,0.0
452.646854526015,0.0,26762.383929927924,3631.038804,2086.859354763892,4618.071056782175,0.0
452.6468545260149,0.0,29230.156601971226,3533.430234000001,2252.917892427631,536.6947444368474,0.0
452.646854526015,0.0,29230.156601971226,3318.6913800000007,2222.10290605704,0.0,0.0
452.64685452601486,0.0,29230.156601971226,3221.0828100000003,2016.6696635864355,0.0,0.0
452.6468545260149,0.0,26147.21308941208,3435.821664,1751.3183920619042,0.0,0.0
452.64685452601486,0.0,21388.77201731504,4177.646796,1509.934332158944,0.0,0.0
452.6468545260149,0.0,16137.26669247682,5309.906208,1330.1802449971653,0.0,0.0
452.6468545260149,0.0,12274.256709835656,6656.904474,1217.1919616383323,0.0,0.0
452.6468545260149,0.0,10310.894294642516,8218.641593999999,1177.8172568314667,0.0,0.0
452.6468545260149,0.0,8237.673796082714,9917.030711999998,1196.6486373912721,0.0,0.0
452.6468545260149,0.0,6042.160025152319,11595.898116,1246.2950043216679,0.0,0.0
452.6468545260149,0.0,5176.221210847413,12376.766676,1299.3652586265744,0.0,0.0
452.6468545260149,0.0,9940.308330133354,12747.679242,1323.3324702481448,0.0,0.0
452.6468545260149,0.0,13230.146688978772,13333.330662,1343.8757944952051,0.0,0.0
452.6468545260149,0.0,22532.5321993476,14328.938076000002,1360.9952313677557,74.88763875862988,0.0
452.6468545260149,0.0,18174.000820225046,15558.806057999998,1328.46830130991,2725.0779659390314,0.0
452.6468545260149,0.0,15055.480849687656,15754.023198000003,1191.5128063295067,7218.336291456823,0.0
452.646854526015,0.0,6541.738918520461,15441.675774000001,1028.878156040278,11179.060296913249,0.0
452.6468545260149,0.0,0.0,19267.931717999996,996.3512259824324,14091.357359748852,0.0
0.0,0.0,0.0,26217.661902000003,1013.4706628549831,12763.867435145019,0.0
452.6468545260149,0.0,0.0,33089.305230000005,1088.7961850942047,3032.251730379778,0.0
0.0,0.0,0.0,39550.992564,0.0,0.0,0.0
0.0,0.0,0.0,37477.66752975185,1323.3324702481448,0.0,0.0
0.0,0.0,0.0,36266.72842896067,1472.271571039333,0.0,0.0
0.0,0.0,0.0,41552.37715743613,1737.622842563864,0.0,0.0
0.0,0.0,0.0,42160.350072664245,2239.2223429295905,270.4275844061634,0.0
0.0,0.0,0.0,44803.0,0.0,0.0,0.0
0.0,0.0,0.0,42167.0,0.0,0.0,0.0
452.64685452601486,0.0,0.0,34228.353145473986,0.0,0.0,0.0
0.0,0.0,0.0,34462.0,0.0,0.0,0.0
452.64685452601486,0.0,0.0,25723.35314547398,0.0,0.0,0.0
452.6468545260149,0.0,0.0,24924.353145473986,0.0,0.0,0.0
452.64685452601486,0.0,0.0,20267.353145473982,0.0,0.0,0.0
0.0,0.0,0.0,26252.0,0.0,0.0,0.0
0.0,0.0,0.0,25533.999999999996,0.0,0.0,0.0
0.0,0.0,0.0,25515.000000000004,0.0,0.0,0.0
0.0,0.0,0.0,26956.999999999993,0.0,0.0,0.0
452.6468545260149,0.0,0.0,32027.353145473986,0.0,0.0,0.0
0.0,0.0,0.0,39022.0,0.0,0.0,0.0
0.0,0.0,0.0,39489.64796487343,0.0,1098.3520351265715,0.0
0.0,0.0,0.0,38438.254866,0.0,2471.7451339999907,0.0
0.0,0.0,0.0,36173.736042,2942.346036637183,0.0,0.0
0.0,0.0,0.0,40260.0,0.0,0.0,0.0
0.0,0.0,0.0,38807.0,0.0,0.0,0.0
0.0,0.0,0.0,39140.00000000001,0.0,0.0,0.0
0.0,0.0,0.0,37647.99999999999,0.0,0.0,0.0
452.6468545260149,0.0,0.0,36005.353145473986,0.0,0.0,0.0
0.0,0.0,0.0,33530.47451445152,0.0,4759.525485548477,0.0
0.0,0.0,0.0,41971.0,0.0,0.0,0.0
0.0,0.0,0.0,43619.99999999999,0.0,0.0,0.0
0.0,0.0,0.0,44124.0,0.0,0.0,0.0
0.0,0.0,0.0,39694.99999999999,0.0,0.0,0.0
0.0,0.0,0.0,37371.0,0.0,0.0,0.0
452.6468545260149,0.0,0.0,31729.35314547399,0.0,0.0,0.0
0.0,0.0,0.0,29962.0,0.0,0.0,0.0
452.64685452601486,0.0,0.0,20920.353145473982,0.0,0.0,0.0
