PumpedStor,BatteryStor
0.0,0.0
0.0,0.0
5994.0,0.0
1438.5599999999993,0.0
0.0,0.0
345.25440000000043,0.0
82.86105599999989,0.0
0.0,0.0
19.886653439999503,0.0
4.772796825600272,0.0
0.0,0.0
0.0,0.0
0.0,0.0
0.0,0.0
1.1454712381444947,0.0
0.27491309715454065,0.0
0.06597914331719144,0.0
0.01583499439595152,0.0
0.0038003986547009466,0.0
0.0009120956765461506,0.0
0.0002189029628440134,0.0
5.2536710427727015e-5,0.0
0.0,0.0
0.0,0.0
0.0,0.0
0.0,0.0
0.0,0.0
0.0,0.0
0.0,0.0
0.0,0.0
0.0,0.0
1.2608810502654487e-5,0.0
3.0261143751179246e-6,0.0
7.262669770910569e-7,0.0
1.7430465657846283e-7,0.0
0.0,0.0
0.0,0.0
0.0,0.0
0.0,0.0
0.0,0.0
0.0,0.0
5.504263447293379e-8,0.0
0.0,0.0
0.0,0.0
-1.1661560283015673e-13,0.0
1.90290983746265e-13,0.0
4.5669836099103574e-14,0.0
1.0960760663784852e-14,0.0
2.630582559308362e-15,0.0
6.313398142340065e-16,0.0
0.0,0.0
1.5152155541616154e-16,0.0
4.7848912236623277e-17,0.0
0.0,0.0
0.0,0.0
0.0,0.0
0.0,0.0
-1.1661560283015673e-13,0.0
1.9029098374626504e-13,0.0
4.566983609910358e-14,0.0
0.0,0.0
0.0,0.0
0.0,0.0
1.0960760663784846e-14,0.0
2.630582559308362e-15,0.0
0.0,0.0
1.0483496564491558e-11,0.0
1.1768960382802682e-11,0.0
1.1150665154752049e-11,0.0
1.0470027015018023e-11,0.0
1.0365049475419597e-11,0.0
1.0282935852503565e-11,0.0
9.453755305253332e-12,0.0
9.453059553813381e-12,0.0
9.336609216885119e-12,0.0
9.951254905923579e-12,0.0
9.62697844254781e-12,0.0
9.266832810857102e-12,0.0
0.0,0.0
0.0,0.0
0.0,0.0
9.014297618158276e-12,0.0
9.298019607973574e-12,0.0
9.639051219863555e-12,0.0
0.0,0.0
0.0,0.0
9.371058082460655e-12,0.0
8.98762602250526e-12,0.0
8.553394926151466e-12,0.0
6.408769277576615e-12,0.0
-2.7007117153800578e-12,0.0
6.8074392647057796e-12,0.0
8.079770356669078e-12,0.0
8.559871725509732e-12,0.0
9.091483082791314e-12,0.0
8.699329114386818e-12,0.0
8.544874969981322e-12,0.0
8.327323917381601e-12,0.0
8.281881669016015e-12,0.0
8.170323691937327e-12,0.0
8.05094288867148e-12,0.0
7.932041122947686e-12,0.0
5.3796393664284616e-12,0.0
4.1594737951652335e-12,0.0
6.628507464504245e-12,0.0
7.304750540715853e-12,0.0
7.55133992077128e-12,0.0
7.148934714022275e-12,0.0
6.2823241587079216e-12,0.0
6.935876954488414e-12,0.0
6.946521483643603e-12,0.0
6.926857876216465e-12,0.0
6.978731951615546e-12,0.0
-2.6391489689893993e-10,0.0
0.0,0.0
0.0,0.0
0.0,0.0
0.0,0.0
0.0,0.0
0.0,0.0
0.0,0.0
0.0,0.0
0.0,0.0
0.0,0.0
0.0,0.0
0.0,0.0
0.0,0.0
0.0,0.0
0.0,0.0
0.0,0.0
0.0,0.0
0.0,0.0
0.0,0.0
0.0,0.0
0.0,0.0
0.0,0.0
0.0,0.0
0.0,0.0
0.0,0.0
0.0,0.0
0.0,0.0
0.0,0.0
0.0,0.0
0.0,0.0
0.0,0.0
0.0,0.0
0.0,0.0
0.0,0.0
0.0,0.0
0.0,0.0
0.0,0.0
0.0,0.0
0.0,0.0
0.0,0.0
0.0,0.0
0.0,0.0
0.0,0.0
0.0,0.0
0.0,0.0
0.0,0.0
0.0,0.0
0.0,0.0
0.0,0.0
0.0,0.0
0.0,0.0
0.0,0.0
0.0,0.0
0.0,0.0
