PumpedStor,BatteryStor
0.0,0.0
0.0,0.0
4555.44,0.0
1093.3056000000006,0.0
3724.527744,0.0
1724.7989145599995,0.0
3244.5928249344006,0.0
2089.5494530498554,0.0
2967.38241568211,0.0
2300.229364081597,0.0
2807.2656832979865,0.0
2421.91808069353,0.0
2714.782258672917,0.0
2492.205483408583,0.0
2661.363832609477,0.0
865.087297536491,0.0
896.1319271915559,0.0
2219.8519601815433,0.0
3461.399768361667,0.0
1924.7761760451338,0.0
1365.8847623493546,0.0
2023.0467029389142,0.0
3017.924505766425,0.0
2261.817375617517,0.0
2836.458794530687,0.0
1421.145517908944,0.0
825.4174142527149,0.0
430.1362656106146,0.0
0.0,0.0
0.0,0.0
0.0,0.0
5811.652416684415,0.0
0.0,0.0
0.0,0.0
0.0,0.0
0.0,0.0
0.0,0.0
0.0,0.0
0.0,0.0
0.0,0.0
0.0,0.0
0.0,0.0
0.0,0.0
0.0,0.0
0.0,0.0
0.0,0.0
515.2378701930866,0.0
4163.859218653255,0.0
1390.9069938235266,0.0
3498.35068469412,0.0
1896.6934796324688,0.0
3113.952955479323,0.0
0.0,0.0
0.0,0.0
0.0,0.0
0.0,0.0
0.0,0.0
205.97952447553416,0.0
0.0,0.0
0.0,0.0
0.0,0.0
0.0,0.0
5339.273043632886,0.0
0.0,0.0
0.0,0.0
0.0,0.0
0.0,0.0
0.0,0.0
0.0,0.0
0.0,0.0
0.0,0.0
0.0,0.0
0.0,0.0
0.0,0.0
0.0,0.0
0.0,0.0
403.3538698159564,0.0
0.0,0.0
4778.810427098291,0.0
641.9631812220432,0.0
0.0,0.0
0.0,0.0
0.0,0.0
0.0,0.0
0.0,0.0
0.0,0.0
0.0,0.0
0.0,0.0
0.0,0.0
0.0,0.0
0.0,0.0
0.0,0.0
0.0,0.0
0.0,0.0
0.0,0.0
0.0,0.0
0.0,0.0
0.0,0.0
0.0,0.0
1511.8153625980617,0.0
1620.5390900263099,0.0
1916.129746336992,0.0
1522.6727769617414,0.0
2479.377796497076,0.0
2982.4391852564577,0.0
330.16148783343033,0.0
0.0,0.0
48.21720915347986,0.0
1069.3420037317092,0.0
1722.370923488176,0.0
2338.280741993416,0.0
2778.346636085004,0.0
2443.896556575397,0.0
2698.0786170026986,0.0
2504.900251077949,0.0
2651.7158091807587,0.0
2540.1359850226236,0.0
2624.9366513828063,0.0
2560.4881449490676,0.0
2609.469009838709,0.0
2572.243552522581,0.0
2600.5349000828382,0.0
2579.0334759370426,0.0
2595.3745582878482,0.0
2582.9553357012355,0.0
2592.393944867061,0.0
2585.2206019010337,0.0
2590.6723425552145,0.0
2586.529019658037,0.0
2589.6779450598915,0.0
2587.284761754483,0.0
2589.1035810665926,0.0
937.6187935014932,0.0
1939.9896889497309,0.0
3632.78014624514,0.0
1794.5270888536938,0.0
1869.784232303712,0.0
3134.4039834491787,0.0
2173.2929725786244,0.0
2903.7373408402455,0.0
2348.599620961413,0.0
2770.5042880693254,0.0
2449.856741067313,0.0
2693.548876788842,0.0
2508.342853640481,0.0
2649.099431233235,0.0
0.0,0.0
0.0,0.0
0.0,0.0
0.0,0.0
0.0,0.0
5795.171967298334,0.0
0.0,0.0
0.0,0.0
0.0,0.0
0.0,0.0
0.0,0.0
0.0,0.0
0.0,0.0
0.0,0.0
0.0,0.0
0.0,0.0
0.0,0.0
0.0,0.0
0.0,0.0
0.0,0.0
0.0,0.0
0.0,0.0
