PumpedStor,BatteryStor
0.0,0.0
0.0,0.0
6416.582478285056,0.0
8667.24902273035,0.0
8548.682776451305,0.0
8994.71138314322,0.0
0.0,0.0
0.0,0.0
0.0,0.0
0.0,0.0
16219.899006416472,0.0
10090.318589506516,0.0
0.0,0.0
0.0,0.0
0.0,0.0
4895.8752349324495,0.0
0.0,0.0
0.0,0.0
0.0,0.0
0.0,0.0
665.0866214241978,0.0
4706.1713266061015,0.0
2078.001588548017,0.0
0.0,0.0
8668.823969311292,0.0
2570.83430801994,0.0
0.0,0.0
0.0,0.0
0.0,0.0
0.0,0.0
0.0,0.0
0.0,0.0
0.0,0.0
0.0,0.0
1264.706356783845,0.0
12193.489932517385,0.0
6081.991543273395,0.0
933.7586536589862,0.0
0.0,0.0
1598.6057500449729,0.0
0.0,0.0
0.0,0.0
0.0,0.0
0.0,0.0
0.0,0.0
7001.945235695157,0.0
234.38903425779276,0.0
0.0,0.0
0.0,0.0
0.0,0.0
0.0,0.0
0.0,0.0
0.0,0.0
0.0,0.0
0.0,0.0
0.0,0.0
0.0,0.0
3602.241718316905,0.0
3289.3904822477616,0.0
0.0,0.0
0.0,0.0
0.0,0.0
0.0,0.0
0.0,0.0
0.0,0.0
0.0,0.0
0.0,0.0
0.0,0.0
0.0,0.0
4139.139215391733,0.0
5050.633814885883,0.0
914.6072390087361,0.0
0.0,0.0
0.0,0.0
0.0,0.0
0.0,0.0
587.5041011128083,0.0
0.0,0.0
0.0,0.0
0.0,0.0
9267.60857994832,0.0
17285.81958339948,0.0
14079.438165077505,0.0
3924.9380473431447,0.0
0.0,0.0
0.0,0.0
0.0,0.0
0.0,0.0
0.0,0.0
0.0,0.0
0.0,0.0
0.0,0.0
4552.983300959837,0.0
8904.21529538647,0.0
2852.6826780222955,0.0
0.0,0.0
0.0,0.0
0.0,0.0
1008.310598457248,0.0
0.0,0.0
0.0,0.0
0.0,0.0
0.0,0.0
0.0,0.0
6007.91908916271,0.0
3465.497673254582,0.0
0.0,0.0
0.0,0.0
0.0,0.0
0.0,0.0
0.0,0.0
0.0,0.0
0.0,0.0
0.0,0.0
0.0,0.0
0.0,0.0
14458.902406088568,0.0
12229.819229320965,0.0
16018.669631367944,0.0
-3.3967498339087533e-12,0.0
0.0,0.0
0.0,0.0
1812.7042446367325,0.0
5514.59144670293,0.0
8313.103089271579,0.0
9764.917263585892,0.0
0.0,0.0
0.0,0.0
5401.883464559815,0.0
13482.168932028746,0.0
14663.71408515845,0.0
6252.483904552746,0.0
0.0,0.0
0.0,0.0
0.0,0.0
5162.1718893685775,0.0
0.0,0.0
0.0,0.0
8058.682334887273,0.0
0.0,0.0
10195.386834172516,0.0
14129.996934951694,0.0
10216.751432852961,0.0
449.18548168839226,0.0
0.0,0.0
0.0,0.0
0.0,0.0
21202.63194636804,0.0
2099.4723718614287,0.0
7654.038446124504,0.0
0.0,0.0
0.0,0.0
7904.155158163766,0.0
15386.306001400973,0.0
14651.709623472525,0.0
5208.232733573203,0.0
0.0,0.0
0.0,0.0
0.0,0.0
0.0,0.0
0.0,0.0
0.0,0.0
0.0,0.0
0.0,0.0
0.0,0.0
14432.172484058416,0.0
2365.2349062463663,0.0
0.0,0.0
1063.4745961060837,0.0
8986.677174405435,0.0
20239.401703450494,0.0
18488.974705377626,0.0
19819.299223913004,0.0
18808.252589826116,0.0
19576.64803173215,0.0
18992.667495883557,0.0
19436.492703128497,0.0
19099.185545622342,0.0
19355.53898532702,0.0
19160.710371151465,0.0
19308.780117924885,0.0
19196.24711037708,0.0
16216.381675292738,0.0
22282.163651774477,0.0
16936.475624651397,0.0
14385.14183579278,0.0
22938.212204797484,0.0
8956.881950177401,0.0
5201.695634197898,0.0
6300.947697777696,0.0
4401.503604886155,0.0
2314.8846569027064,0.0
1152.959279269289,0.0
2991.031875329072,0.0
5476.466088302094,0.0
13157.434150466,0.0
21860.618855268847,0.0
12712.298795859353,0.0
0.0,0.0
0.0,0.0
14718.184604742815,0.0
18521.784020035124,0.0
10243.92091223273,0.0
0.0,0.0
0.0,0.0
7201.88877841619,0.0
15586.715608561206,0.0
18605.603094089965,0.0
1352.813845550196,0.0
0.0,0.0
12389.798140845613,0.0
0.0,0.0
6625.611024796838,0.0
7750.928352462062,0.0
6106.667856340772,0.0
-4.5046687627532087e-13,0.0
361.9723948093539,0.0
7773.284961752019,0.0
16653.15338484122,0.0
21214.52342752067,0.0
17747.88219508429,0.0
2078.1819540438632,0.0
0.0,0.0
0.0,0.0
0.0,0.0
6577.0767689221475,0.0
13744.361610393951,0.0
13351.009305703841,0.0
0.0,0.0
7382.520520282657,0.0
0.0,0.0
0.0,0.0
0.0,0.0
0.0,0.0
1785.3468481471548,0.0
0.0,0.0
0.0,0.0
1617.717890476757,0.0
-1.4077089883611861e-14,0.0
0.0,0.0
0.0,0.0
0.0,0.0
0.0,0.0
0.0,0.0
0.0,0.0
0.0,0.0
15325.044927740726,0.0
12167.016105018722,0.0
13458.172226806362,0.0
19387.93251848678,0.0
20939.414809488986,0.0
16821.036829460645,0.0
21086.93200960991,0.0
17844.851672696466,0.0
20308.832728750684,0.0
18436.207126149475,0.0
19859.402584126397,0.0
18777.774036063936,0.0
19599.811732591406,0.0
93.52897577252281,0.0
1131.1600476400652,0.0
6213.485121138768,0.0
14200.948946022527,0.0
18374.51777663862,0.0
19581.475280406226,0.0
19663.052489122216,0.0
18927.00010826712,0.0
17093.714385932562,0.0
8917.959824691727,0.0
4644.16396455328,0.0
25058.828825217526,0.0
0.0,0.0
4118.316718947723,0.0
10937.183634729325,0.0
18413.077877971034,0.0
23193.11020356014,0.0
15286.836274651127,0.0
13161.00034056979,0.0
14430.58892869166,0.0
16845.14497118193,0.0
16940.406653139093,0.0
19754.084907017972,0.0
18857.815470666337,0.0
19242.55246081374,0.0
19317.72279733672,0.0
19189.450674024094,0.0
19286.937487741685,0.0
19212.84750931632,0.0
19269.155892919596,0.0
19226.361521381103,0.0
19258.88524375036,0.0
19234.167214749727,0.0
19252.952916790207,0.0
19238.675783239443,0.0
19249.526404738022,0.0
16146.606488575671,0.0
10214.828405674405,0.0
11459.858207272538,0.0
13159.893726224096,0.0
12721.560331218237,0.0
8320.218157078914,0.0
5082.053522287128,0.0
5073.4631306477,0.0
14303.434718566084,0.0
18945.168241732674,0.0
12119.587053793855,0.0
0.0,0.0
0.0,0.0
0.0,0.0
9813.721684281621,0.0
18310.267361683433,0.0
9522.345884840086,0.0
0.0,0.0
0.0,0.0
0.0,0.0
5724.439018638283,0.0
4777.074180102197,0.0
0.0,0.0
0.0,0.0
0.0,0.0
0.0,0.0
7153.74737164914,0.0
4529.155186731546,0.0
0.0,0.0
0.0,0.0
4708.516471161828,0.0
15924.186171287756,0.0
26411.376088256628,0.0
8046.754568928543,0.0
0.0,0.0
9033.773616482415,0.0
0.0,0.0
8381.032529261218,0.0
20959.99956962965,0.0
21310.71132636843,0.0
8602.506457317157,0.0
3996.179863616523,0.0
5419.154715849826,0.0
8636.810777406112,0.0
10644.99144847551,0.0
9645.231754881876,0.0
14304.905561227766,0.0
22999.191773466897,0.0
16391.534252165162,0.0
21413.353968354473,0.0
17596.770984050603,0.0
20497.374052121544,0.0
18292.91572038763,0.0
19968.304052505402,0.0
18695.008920095894,0.0
19662.713220727113,0.0
18927.25795224739,0.0
19486.203956291985,0.0
19061.404993218086,0.0
19384.252205154247,0.0
19138.888324082767,0.0
19325.364873697094,0.0
19183.642695990206,0.0
19291.351551047443,0.0
19209.492821203938,0.0
19271.705455884996,0.0
19224.423853527394,0.0
19260.35787131918,0.0
19233.048017797417,0.0
19253.80350647396,0.0
19238.029335079787,0.0
19250.017705339364,0.0
19240.90654394209,0.0
19247.831026604013,0.0
19242.56841978095,0.0
19246.568000966476,0.0
19243.52831926547,0.0
19245.83847735824,0.0
19244.08275720774,0.0
19245.417104522116,0.0
19244.403000563194,0.0
19245.17371957197,0.0
19244.5879731253,0.0
19245.03314042477,0.0
19244.69481327717,0.0
19244.951941909345,0.0
15474.891410067576,0.0
18210.889037861176,0.0
20483.828477577033,0.0
18471.149714306226,0.0
17251.965273319587,0.0
17828.765812096746,0.0
21173.07526441308,0.0
13043.972568885358,0.0
8459.375488784235,0.0
20982.927549914573,0.0
17923.895062064923,0.0
20248.759752830658,0.0
18481.8625878487,0.0
19824.704433234983,0.0
18804.144630741404,0.0
19579.770080636532,0.0
18990.29473871624,0.0
19438.29599857566,0.0
19097.815041082496,0.0
19356.580568777303,0.0
19159.918767729247,0.0
19309.381736525775,0.0
19195.78988024041,0.0
19282.119691017284,0.0
19216.50903482686,0.0
19266.373133531582,0.0
19228.476418515995,0.0
19257.277921927838,0.0
19235.38877933484,0.0
19252.02452770552,0.0
19239.381358943803,0.0
19248.99016720271,0.0
19241.687472925936,0.0
19247.237520576287,0.0
19243.019484362023,0.0
19246.22519188486,0.0
19243.7888541675,0.0
19245.640470832695,0.0
19244.23324216715,0.0
19245.30273595297,0.0
19244.48992067574,0.0
19245.107660286438,0.0
19244.638178182307,0.0
19244.994984581444,0.0
19244.7238117181,0.0
19244.929903094242,0.0
19244.773273648374,0.0
19244.89231202724,0.0
16960.526040510184,0.0
19714.109319664105,0.0
19323.805816762146,0.0
19184.827579260767,0.0
17272.32140231561,0.0
16395.97578820218,0.0
22569.737855132356,0.0
16717.91923009941,0.0
0.0,0.0
0.0,0.0
0.0,0.0
0.0,0.0
0.0,0.0
8179.4949055793995,0.0
13923.730982990872,0.0
8709.325347429747,0.0
5538.699124342238,0.0
7860.289372243627,0.0
0.0,0.0
0.0,0.0
0.0,0.0
0.0,0.0
0.0,0.0
0.0,0.0
7790.277083271693,0.0
0.0,0.0
12466.672063454958,0.0
0.0,0.0
0.0,0.0
995.9900220000359,0.0
4925.174282723309,0.0
9727.653092414737,0.0
25531.630465509563,0.0
14466.880846212729,0.0
22876.090556878324,0.0
16485.091176772472,0.0
21342.250705652914,0.0
17650.809463703794,0.0
20456.304807585122,0.0
18324.128346235313,0.0
19944.58245686116,0.0
18713.037332785516,0.0
19649.011627083008,0.0
18937.671163416915,0.0
14898.86782495892,0.0
0.0,0.0
0.0,0.0
0.0,0.0
10910.305917794612,0.0
0.0,0.0
6186.763373932753,0.0
3242.8414050429406,0.0
2332.4808511684987,0.0
0.0,0.0
10092.139098936352,0.0
4434.726090637535,0.0
0.0,0.0
0.0,0.0
0.0,0.0
0.0,0.0
5675.117610343985,0.0
3635.0476472913115,0.0
0.0,0.0
0.0,0.0
0.0,0.0
0.0,0.0
0.0,0.0
0.0,0.0
0.0,0.0
0.0,0.0
0.0,0.0
6106.819377361407,0.0
11962.219172443227,0.0
11566.068900154294,0.0
4782.550465787761,0.0
0.0,0.0
0.0,0.0
0.0,0.0
3718.694980355748,0.0
3047.5025465445124,0.0
0.0,0.0
0.0,0.0
0.0,0.0
1187.466239279684,0.0
7430.073422204218,0.0
5658.476492852956,0.0
0.0,0.0
0.0,0.0
0.0,0.0
0.0,0.0
-2.8569656618039296e-27,0.0
0.0,0.0
0.0,0.0
19868.6411871022,0.0
18770.752697802327,0.0
15106.836640681659,0.0
18158.434021631834,0.0
21345.122506505577,0.0
17648.62689505576,0.0
19005.956449296173,0.0
19426.393098534907,0.0
19106.861245113465,0.0
19349.705453713766,0.0
19165.14385517753,0.0
19305.41067006507,0.0
19198.807890750537,0.0
19279.826003029582,0.0
19218.252237697514,0.0
19265.048299349884,0.0
19229.483292494086,0.0
19256.512697704493,0.0
19235.970349744584,0.0
19251.58253419411,0.0
19239.717274012473,0.0
19248.73487175052,0.0
19241.881497469607,0.0
19247.0900619231,0.0
19243.131552938445,0.0
16855.701190077005,0.0
7281.26584225875,0.0
11456.926083546226,0.0
17270.303704506292,0.0
18781.9659443681,0.0
17421.736135599767,0.0
15748.838167322621,0.0
18733.937442319537,0.0
20721.34278296732,0.0
9430.601869356276,0.0
0.0,0.0
11624.023776879145,0.0
9823.76600147504,0.0
14475.706986198682,0.0
26608.641700590637,0.0
13648.352307551111,0.0
11125.575154169464,0.0
18618.76219833618,0.0
19720.66072926451,0.0
18883.217845758976,0.0
19519.67443722318,0.0
19035.96742771038,0.0
19403.584754940115,0.0
19124.195586245518,0.0
19336.531354453404,0.0
19175.156170615406,0.0
19297.80131033229,0.0
19204.591004147456,0.0
19275.430836847936,0.0
19221.592563995568,0.0
19262.509651363365,0.0
19231.41266496384,0.0
19255.04637462748,0.0
19237.084755283107,0.0
0.0,0.0
0.0,0.0
0.0,0.0
0.0,0.0
1812.5129999241915,0.0
0.0,0.0
9365.845886850195,0.0
8101.267489478471,0.0
6669.648917861115,0.0
6328.687052447178,0.0
11939.06561417951,0.0
0.0,0.0
0.0,0.0
0.0,0.0
0.0,0.0
0.0,0.0
6334.125693496598,0.0
5393.501374218952,0.0
13872.675113289228,0.0
17512.3055053425,0.0
-4.5046687627532324e-13,0.0
0.0,0.0
0.0,0.0
0.0,0.0
0.0,0.0
0.0,0.0
0.0,0.0
5399.053406377548,0.0
12695.186630825394,0.0
10165.166137623211,0.0
0.0,0.0
0.0,0.0
2269.4086079516437,0.0
7299.643804754139,0.0
9918.712829511433,0.0
14817.160075529602,0.0
22609.878342597498,0.0
16687.412459625903,0.0
21188.486530684313,0.0
17767.670236679925,0.0
20367.49062012326,0.0
18391.627128706325,0.0
19893.283382183192,0.0
18752.024629540774,0.0
19619.38128154901,0.0
18960.19022602275,0.0
19461.175428222712,0.0
19080.42667455074,0.0
19369.79572734144,0.0
19149.875247220505,0.0
19317.014812112415,0.0
19189.98874279456,0.0
19286.528555476132,0.0
19213.158297838134,0.0
19268.919693643013,0.0
19226.541032831305,0.0
19258.74881504821,0.0
19234.27090056336,0.0
19252.874115571845,0.0
19238.735672165396,0.0
19249.480889154296,0.0
19241.31452424273,0.0
19247.52096157552,0.0
19242.804069202604,0.0
19246.388907406017,0.0
19243.664430371427,0.0
19245.735032917717,0.0
19244.16137498254,0.0
19245.35735501327,0.0
19244.448410189914,0.0
19245.139208255663,0.0
19244.614201725704,0.0
19245.013206688458,0.0
19244.709962916768,0.0
19244.94042818325,0.0
19244.765274580728,0.0
19244.89839131864,0.0
19244.797222597834,0.0
19244.874110825647,0.0
19244.815675772512,0.0
19244.860086412893,0.0
19244.8263343262,0.0
19244.85198591209,0.0
19244.832490706805,0.0
19244.847307062824,0.0
19244.836046632252,0.0
19244.84460455949,0.0
19244.838100534787,0.0
19244.843043593555,0.0
19244.839286868897,0.0
19244.842141979632,0.0
19244.83997209548,0.0
19244.84162120743,0.0
19244.84036788235,0.0
19244.84132040941,0.0
19244.840596488848,0.0
19244.84114666847,0.0
19244.840728531966,0.0
18131.40990017504,0.0
10157.48264169171,0.0
18380.22063924313,0.0
22354.560791125044,0.0
16881.453798744966,0.0
19955.464746572667,0.0
18704.766792604765,0.0
19655.297237620376,0.0
18932.894099408513,0.0
19481.920484449533,0.0
19064.66043181836,0.0
19381.778071818047,0.0
3965.717249981752,0.0
0.0,0.0
4211.795245229908,0.0
13257.449224658852,0.0
12511.488570046939,0.0
8761.54780052933,0.0
5388.164016533027,0.0
1846.9133514031648,0.0
3312.737467038917,0.0
0.0,0.0
3718.0755373947877,0.0
22615.720257665696,0.0
16682.97260417407,0.0
13097.527133209991,0.0
18355.96674831217,0.0
21721.21872299711,0.0
17331.648079748164,0.0
17270.009278200505,0.0
20745.712948567616,0.0
18104.17815908862,0.0
20111.744599092654,0.0
18585.994104689587,0.0
19745.56448043591,0.0
18864.290994868697,0.0
19534.058843899784,0.0
16477.873249499484,0.0
18229.025469164724,0.0
20912.06778300484,0.0
17977.748484916323,0.0
18927.59768635863,0.0
19485.94575836743,0.0
14759.701127042303,0.0
19086.647135416722,0.0
20468.913624574823,0.0
1222.266791375612,0.0
0.0,0.0
0.0,0.0
0.0,0.0
20495.115882917824,0.0
21081.24583321543,0.0
0.0,0.0
0.0,0.0
0.0,0.0
0.0,0.0
2557.3217876844615,0.0
0.0,0.0
0.0,0.0
0.0,0.0
0.0,0.0
0.0,0.0
0.0,0.0
0.0,0.0
16250.669422073326,0.0
6986.640445680226,0.0
203.8503968334604,0.0
0.0,0.0
2923.7590570575835,0.0
4836.900899733777,0.0
24189.07586695108,0.0
15487.222341117178,0.0
22100.631020750945,0.0
17074.44042422928,0.0
20894.345277585744,0.0
17991.217589034837,0.0
20197.594632333523,0.0
18520.748079426525,0.0
19795.151459635847,0.0
18826.604890676754,0.0
19562.700283085665,0.0
19003.267784854896,0.0
19428.436483510282,0.0
19105.308272532184,0.0
19350.885712875533,0.0
12487.236386225637,0.0
18437.99446400407,0.0
21668.870222334932,0.0
17402.57863102545,0.0
19609.377510705384,0.0
18035.206147703066,0.0
16674.66681749177,0.0
22089.36938915086,0.0
17082.999264245347,0.0
0.0,0.0
0.0,0.0
0.0,0.0
5068.004543641732,0.0
821.971230202818,0.0
7177.244824618091,0.0
19416.60164961682,0.0
11727.138181256092,0.0
0.0,0.0
-1.1261671906883317e-13,0.0
0.0,0.0
0.0,0.0
7041.701645131518,0.0
0.0,0.0
0.0,0.0
0.0,0.0
0.0,0.0
0.0,0.0
16454.64823262114,0.0
11700.694085090041,0.0
5650.119007940727,0.0
9500.740532248781,0.0
0.0,0.0
0.0,0.0
5293.404388010146,0.0
0.0,0.0
0.0,0.0
0.0,0.0
4431.84367412257,0.0
8830.548986884665,0.0
5825.300052496629,0.0
19.482900743149766,0.0
0.0,0.0
43.261190395368935,0.0
9279.944272334136,0.0
0.0,0.0
0.0,0.0
0.0,0.0
0.0,0.0
0.0,0.0
3960.0800880374068,0.0
3625.39469840428,0.0
0.0,0.0
2804.382028455799,0.0
14104.054340111501,0.0
0.0,0.0
0.0,0.0
0.0,0.0
0.0,0.0
0.0,0.0
0.0,0.0
0.0,0.0
5795.553621314287,0.0
8186.2870223873215,0.0
2239.469661480702,0.0
0.0,0.0
0.0,0.0
14669.146011842966,0.0
0.0,0.0
0.0,0.0
0.0,0.0
0.0,0.0
0.0,0.0
0.0,0.0
24318.843761578188,0.0
2092.5322477563054,0.0
15124.113722264548,0.0
0.0,0.0
0.0,0.0
0.0,0.0
0.0,0.0
0.0,0.0
0.0,0.0
7379.1755781699085,0.0
0.0,0.0
3509.119688465116,0.0
17251.84887798816,0.0
26267.460032950177,0.0
9656.862894589374,0.0
3037.7085618878878,0.0
0.0,0.0
542.928219216468,0.0
3382.951967367038,0.0
3670.0596392409702,0.0
23495.92250419125,0.0
16014.01889681465,0.0
15467.203476240931,0.0
4379.364286633548,0.0
9777.088725742999,0.0
15119.462867315648,0.0
19049.413474298606,0.0
21195.690405256173,0.0
17762.195292005308,0.0
15666.992739496201,0.0
14577.129974679734,0.0
13934.408736575468,0.0
23280.769360202645,0.0
16177.535286245991,0.0
18248.19630700582,0.0
0.0,0.0
5482.971544389801,0.0
20751.78092124895,0.0
6326.510785885928,0.0
14803.871336682265,0.0
4073.926032948175,0.0
3214.0995485748886,0.0
4639.041964826608,0.0
0.0,0.0
7099.12328715164,0.0
0.0,0.0
0.0,0.0
0.0,0.0
0.0,0.0
17812.331079999032,0.0
14029.129276512893,0.0
0.0,0.0
0.0,0.0
0.0,0.0
0.0,0.0
0.0,0.0
0.0,0.0
0.0,0.0
0.0,0.0
7757.49005545646,0.0
2553.520952626885,0.0
2694.7937873468845,0.0
15695.672666199462,0.0
6501.399222751536,0.0
1701.4024024750922,0.0
4760.306218754374,0.0
0.0,0.0
346.92870471873215,0.0
0.0,0.0
0.0,0.0
0.0,0.0
0.0,0.0
0.0,0.0
15590.375122228426,0.0
9532.49932981626,0.0
6976.690597440507,0.0
7077.910370917675,0.0
4797.887276901179,0.0
0.0,0.0
0.0,0.0
0.0,0.0
15656.586556522368,0.0
178.08223256548996,0.0
0.0,0.0
11727.377508372267,0.0
19510.428465067336,0.0
22164.574052333068,0.0
12827.172178775005,0.0
8767.714570845585,0.0
8125.555473390635,0.0
8722.803187379206,0.0
9518.187374560226,0.0
23988.974472124286,0.0
15639.299401185548,0.0
21985.052455098983,0.0
17162.28013412477,0.0
20827.587098065174,0.0
18041.953805470468,0.0
20159.035107842443,0.0
18550.053318039747,0.0
19772.879478289793,0.0
18843.53159649976,0.0
19549.835986660182,0.0
19013.044650138254,0.0
19421.006065894922,0.0
19110.955389919858,0.0
19346.59390366091,0.0
17587.60383037166,0.0
16372.342086068325,0.0
16230.725295463515,0.0
17173.623815625768,0.0
19017.42138446985,0.0
20188.111757324714,0.0
18527.95506443322,0.0
17221.09456297752,0.0
15458.54478382024,0.0
21762.357713929778,0.0
17331.528137413374,0.0
5086.72391573165,0.0
1150.2347048737192,0.0
9993.347914128482,0.0
16022.52369617577,0.0
19175.339447389502,0.0
20918.855428059607,0.0
17972.5898746747,0.0
17563.565291402185,0.0
17531.388965298942,0.0
19074.652833104596,0.0
19374.183846840508,0.0
0.0,0.0
0.0,0.0
0.0,0.0
0.0,0.0
2543.283944524469,0.0
0.0,0.0
0.0,0.0
13438.899884872388,0.0
15832.825652335507,0.0
0.0,0.0
12400.578083048606,0.0
0.0,0.0
5867.407115117795,0.0
16187.536182614873,0.0
17137.27541011312,0.0
21910.05879017792,0.0
17219.275319464785,0.0
16719.813734581356,0.0
21163.861561718168,0.0
17786.385213094192,0.0
20353.267238048415,0.0
18402.436899083208,0.0
19885.067956696763,0.0
18758.26835291046,0.0
19614.63605178805,0.0
18963.79660064108,0.0
19195.805388684592,0.0
19345.13891135847,0.0
19168.614427367564,0.0
19302.77303520065,0.0
19200.8124932475,0.0
19278.302505131895,0.0
19219.41009609976,0.0
19264.16832696418,0.0
19230.15207150722,0.0
19256.00442565451,0.0
19236.356636502576,0.0
19251.288956258042,0.0
19239.940393243887,0.0
19248.56530113465,0.0
19242.01037113767,0.0
19246.99211793537,0.0
19243.20599036912,0.0
19246.08344731947,0.0
18071.22195028436,0.0
20418.233228924568,0.0
15897.033711146314,0.0
21789.174379528795,0.0
17311.147471558117,0.0
20714.447921615836,0.0
18127.939579571965,0.0
20093.685919525302,0.0
18599.71870116077,0.0
19735.133787117808,0.0
18872.21832179046,0.0
19528.034075439253,0.0
17204.608747856426,0.0
21233.418636783448,0.0
16204.35848492047,0.0
21555.607551460445,0.0
17488.65826089006,0.0
20579.539721723555,0.0
10622.030050628155,0.0
13125.187030579084,0.0
17650.5520073979,0.0
19720.750289205425,0.0
19619.889226239604,0.0
18959.804188057897,0.0
18832.67299652421,0.0
17247.661826591517,0.0
15482.520945818369,0.0
22104.20408117804,0.0
17071.72489830469,0.0
20896.40907728843,0.0
11194.97457523632,0.0
11940.748578956189,0.0
15321.49127007911,0.0
19118.25463112466,0.0
20840.863745662602,0.0
18031.86355329642,0.0
17967.307592504814,0.0
18434.867451929273,0.0
19860.420736533746,0.0
18777.000240234356,0.0
19600.39981742189,0.0
18974.616138759364,0.0
13333.756444659073,0.0
16135.30966034534,0.0
20124.46347606158,0.0
19454.823353261494,0.0
17309.91163828492,0.0
20715.38715490346,0.0
18127.22576227337,0.0
20094.22842067224,0.0
18599.3064002891,0.0
19735.447135780283,0.0
18871.980176806985,0.0
19528.215065626693,0.0
1505.6541574639464,0.0
7973.809509533176,0.0
11937.025061250695,0.0
14787.352516545257,0.0
17697.663941371608,0.0
22497.238899619984,0.0
16773.018436288818,0.0
9153.008762834605,0.0
690.1327108008072,0.0
11902.502539908819,0.0
24825.01806966929,0.0
15003.906267051336,0.0
20785.64919462285,0.0
18477.579102266987,0.0
19827.959882277086,0.0
18801.670489469412,0.0
19581.650428003246,0.0
18988.865674717534,0.0
19439.382087214668,0.0
19096.989613716854,0.0
19357.20789357519,0.0
19159.442000882853,0.0
19309.74407932903,0.0
19195.514499709938,0.0
17320.420747588953,0.0
21178.258207663956,0.0
17775.443762175393,0.0
17886.30081981581,0.0
20277.331376939983,0.0
18460.148153525617,0.0
19841.207403320524,0.0
18791.6023734764,0.0
19589.302196157936,0.0
18983.050330919963,0.0
19443.801748500828,0.0
0.0,0.0
0.0,0.0
11396.798170333905,0.0
19303.852947252217,0.0
22443.400966043122,0.0
13693.560156492544,0.0
6324.0964522878485,0.0
2523.9118792757663,0.0
3138.189273393865,0.0
562.6310046304214,0.0
9.207134242605454e-14,0.0
9273.375286352093,0.0
11181.477573776376,0.0
14498.178607314754,0.0
23432.90234022173,0.0
16667.827701258713,0.0
9750.18001877111,0.0
5827.944631384564,0.0
7835.351827358798,0.0
13425.935387404192,0.0
16242.471990534572,0.0
17824.640592859134,0.0
20324.19314942706,0.0
18424.53320643543,0.0
19868.27476310907,0.0
15075.277246272422,0.0
20898.209296674366,0.0
18564.876360190396,0.0
17140.183939138355,0.0
20844.380206254857,0.0
18029.191043246312,0.0
20168.734807132798,0.0
18542.681546579075,0.0
19778.482024599904,0.0
18839.273661304076,0.0
19553.072017408896,0.0
19010.58526676923,0.0
8419.7541461122,0.0
12539.622990968548,0.0
16152.37439415753,0.0
18714.939878622063,0.0
19620.487142091042,0.0
19303.2467290319,0.0
15819.794531178966,0.0
9968.043514834022,0.0
4529.62370677382,0.0
17281.098018171047,0.0
20737.285506190005,0.0
18110.583015295597,0.0
4594.2160399326485,0.0
8643.45011338799,0.0
12813.05251865023,0.0
16169.780589537555,0.0
17243.358889047464,0.0
22550.655707495916,0.0
16732.421662303106,0.0
10917.755819038688,0.0
4734.756907269986,0.0
22504.711526400966,0.0
16767.339239935267,0.0
21127.742177649194,0.0
17813.83594498661,0.0
20332.404681810178,0.0
18418.292441824266,0.0
19873.017744213554,0.0
18767.426514397703,0.0
19607.67584905775,0.0
18969.086354716106,0.0
19454.41437041576,0.0
19085.565078484015,0.0
19365.890540352142,0.0
0.0,0.0
0.0,0.0
0.0,0.0
2518.651706333773,0.0
0.0,0.0
0.0,0.0
6023.64943607759,0.0
6376.405019723384,0.0
12519.7366521718,0.0
16777.231881942786,0.0
0.0,0.0
0.0,0.0
0.0,0.0
0.0,0.0
5035.338270015662,0.0
734.7589026694303,0.0
0.0,0.0
12493.367377187908,0.0
7516.045991308159,0.0
5871.391689726489,0.0
10053.253521828214,0.0
1.5857581978855425e-12,0.0
0.0,0.0
0.0,0.0
0.0,0.0
0.0,0.0
5266.934556794624,0.0
964.4370984704178,0.0
26037.561114144086,0.0
0.0,0.0
0.0,0.0
0.0,0.0
5811.263636470292,0.0
0.0,0.0
3073.943804197637,0.0
0.0,0.0
0.0,0.0
0.0,0.0
0.0,0.0
18165.87102351503,0.0
18562.34495407893,0.0
0.0,0.0
0.0,0.0
0.0,0.0
-2.495792626466433e-27,0.0
0.0,0.0
0.0,0.0
19563.77011787719,0.0
19002.45471041333,0.0
19429.05442008587,0.0
12794.558626620996,0.0
17234.75759954214,0.0
22794.92783577514,0.0
16546.774844810894,0.0
17035.4056160634,0.0
19021.20480072545,0.0
19554.671750018097,0.0
19009.369469986243,0.0
17755.59548398529,0.0
20376.66743217118,0.0
18384.652751549907,0.0
19898.58390882207,0.0
10910.959652265848,0.0
17100.865522974364,0.0
21616.20528071911,0.0
17861.19380967031,0.0
16857.924800943612,0.0
21058.89715128285,0.0
17866.158165025034,0.0
20292.63979458097,0.0
18448.51375611846,0.0
19850.049545349968,0.0
18784.882345534017,0.0
19594.409417394145,0.0
17593.953169854823,0.0
18155.779045374482,0.0
19380.032286647525,0.0
15318.542842301964,0.0
12794.893314322642,0.0
14744.796670931159,0.0
19011.336371822923,0.0
20984.872140506333,0.0
9167.841785294708,0.0
9041.535276641062,0.0
0.0,0.0
0.0,0.0
0.0,0.0
21042.846097696616,0.0
0.0,0.0
0.0,0.0
0.0,0.0
0.0,0.0
0.0,0.0
21783.809912275952,0.0
486.5886018313243,0.0
0.0,0.0
0.0,0.0
0.0,0.0
0.0,0.0
0.0,0.0
0.0,0.0
0.0,0.0
0.0,0.0
9573.346725063433,0.0
15116.035492177869,0.0
19454.558437474865,0.0
0.0,0.0
0.0,0.0
0.0,0.0
0.0,0.0
0.0,0.0
0.0,0.0
22824.06130532747,0.0
0.0,0.0
0.0,0.0
0.0,0.0
687.9887231013854,0.0
13123.802001212674,0.0
0.0,0.0
7007.59401462663,0.0
28545.14854888376,0.0
12176.60710284834,0.0
0.0,0.0
6937.761254937773,0.0
15462.097778050986,0.0
20039.784027668175,0.0
20350.5071453484,0.0
15778.79448578372,0.0
11677.740571929387,0.0
5954.29021535106,0.0
1531.890544624355,0.0
11919.683442795293,0.0
0.0,0.0
0.0,0.0
0.0,0.0
0.0,0.0
0.0,0.0
16229.623479054293,0.0
0.0,0.0
8869.48776330543,0.0
19194.795092746244,0.0
0.0,0.0
0.0,0.0
0.0,0.0
10401.457695627012,0.0
0.0,0.0
2503.1376527811703,0.0
11406.62043476798,0.0
18999.10134644412,0.0
3548.4985177771305,0.0
2123.8939500407178,0.0
544.9103528023322,0.0
5084.388411679159,0.0
8524.221431824068,0.0
0.0,0.0
11519.501422592379,0.0
25116.098918829786,0.0
13183.346101221026,0.0
0.0,0.0
8141.879433818461,0.0
12661.476572016414,0.0
16290.372274540347,0.0
18033.42558379563,0.0
21765.841404398147,0.0
17299.511844632878,0.0
10310.219232651936,0.0
1633.9353695613177,0.0
7842.80144652817,0.0
0.0,0.0
0.0,0.0
0.0,0.0
0.0,0.0
0.0,0.0
19012.703668550188,0.0
0.0,0.0
6429.216399368674,0.0
18865.339617979764,0.0
0.0,0.0
0.0,0.0
0.0,0.0
0.0,0.0
0.0,0.0
0.0,0.0
0.0,0.0
4231.528619253297,0.0
1530.8722219676185,0.0
0.0,0.0
12638.68077572641,0.0
22230.33348795271,0.0
0.0,0.0
0.0,0.0
0.0,0.0
0.0,0.0
0.0,0.0
0.0,0.0
13325.121712526074,0.0
15055.719189831552,0.0
461.2652241491634,0.0
0.0,0.0
0.0,0.0
420.7750896269441,0.0
2292.008910075869,0.0
0.0,0.0
8578.672333824632,0.0
27351.129026293274,0.0
13084.061940017107,0.0
673.468153885876,0.0
11706.614293597828,0.0
19558.603808304113,0.0
19837.311317972402,0.0
19283.534303803255,0.0
19215.43392910952,0.0
18320.1249912004,0.0
16607.514891343435,0.0
15885.8899479859,0.0
21797.643639530714,0.0
17304.710833956655,0.0
20719.339766192934,0.0
11267.655820600201,0.0
15341.527646671813,0.0
24998.130930779276,0.0
14872.340492607746,0.0
15647.456241407723,0.0
20907.226058545522,0.0
17981.428195505403,0.0
20205.034571415887,0.0
18515.093725723927,0.0
19799.44876844981,0.0
18823.338935978136,0.0
19565.18240865661,0.0
9848.32057402038,0.0
7501.441167311774,0.0
9658.182545221143,0.0
9257.937719145391,0.0
10029.913388021732,0.0
13793.641848297442,0.0
26259.45748093158,0.0
14250.292482865781,0.0
340.7467583391247,0.0
3698.410682590258,0.0
0.0,0.0
0.0,0.0
0.0,0.0
0.0,0.0
23989.91978936032,0.0
0.0,0.0
17226.7985049142,0.0
1850.950373190644,0.0
0.0,0.0
0.0,0.0
0.0,0.0
969.7157067131728,0.0
0.0,0.0
0.0,0.0
0.0,0.0
15328.042242375788,0.0
12509.885400391404,0.0
16392.65249707912,0.0
0.0,0.0
0.0,0.0
0.0,0.0
0.0,0.0
0.0,0.0
9304.402590773892,0.0
26799.574031011838,0.0
13503.243736430999,0.0
7859.8167446145735,0.0
16429.760827944796,0.0
25043.6709475417,0.0
14837.730079868299,0.0
15248.974589850191,0.0
18883.12861815433,0.0
19519.742250202708,0.0
19035.91588984594,0.0
19403.62392371708,0.0
19124.165817975012,0.0
19336.553978338987,0.0
19175.13897646237,0.0
0.0,0.0
11778.421278929716,0.0
20983.359918367914,0.0
8475.864255822367,0.0
5420.408495283809,0.0
3506.045992331092,0.0
1077.3185381848343,0.0
0.0,0.0
817.0869217178429,0.0
20610.190237006995,0.0
18207.175419874682,0.0
20033.466680895246,0.0
18645.48532251961,0.0
18878.226877202764,0.0
19720.77739996965,0.0
18883.129176023067,0.0
19519.741826222467,0.0
18748.57998163503,0.0
19690.959909261997,0.0
18905.790468960888,0.0
19502.519243589726,0.0
19049.005374871806,0.0
19393.675915097418,0.0
0.0,0.0
0.0,0.0
9114.746175472937,0.0
23369.108885427046,0.0
12558.725111578222,0.0
3184.1633634851773,0.0
-5.630835953441933e-14,0.0
610.1210310563215,0.0
225.60496194396777,0.0
1601.618281302953,0.0
17436.38767260862,0.0
20619.26536881744,0.0
18200.278319698748,0.0
20038.708477028948,0.0
18641.501557458003,0.0
19703.378816331915,0.0
18896.35209958774,0.0
19509.69240431331,0.0
19043.553772721883,0.0
15747.079264009195,0.0
22779.31732784633,0.0
16558.63883083679,0.0
21286.354488564037,0.0
0.0,0.0
0.0,0.0
0.0,0.0
4510.181968545417,0.0
10083.639253351053,0.0
0.0,0.0
0.0,0.0
3739.4337871925914,0.0
10732.648663289381,0.0
15129.594168719625,0.0
0.0,0.0
4951.178371345492,0.0
0.0,0.0
0.0,0.0
0.0,0.0
972.7982695413331,0.0
4294.671995763291,0.0
0.0,0.0
17119.350842619253,0.0
9798.544937778193,0.0
8563.237976382836,0.0
2453.6383945050306,0.0
0.0,0.0
17540.46533432853,0.0
20540.166345910315,0.0
18260.393577108167,0.0
13130.180057938884,0.0
16462.91117850026,0.0
23537.38441036292,0.0
15982.507848124185,0.0
16036.967344003457,0.0
19360.2153177601,0.0
19294.292919754178,0.0
19207.257380986823,0.0
15815.309901163117,0.0
21851.284475116026,0.0
0.0,0.0
0.0,0.0
0.0,0.0
0.0,0.0
14099.470888370031,0.0
13573.754724292883,0.0
12515.941140824001,0.0
4000.3957975892354,0.0
0.0,0.0
0.0,0.0
0.0,0.0
0.0,0.0
0.0,0.0
0.0,0.0
0.0,0.0
11699.60553633075,0.0
10247.516222622453,0.0
6332.626675874856,0.0
7618.977373606189,0.0
1847.7445960972652,0.0
5021.52797553909,0.0
1193.515674723135,0.0
0.0,0.0
17965.297048301596,0.0
0.0,0.0
0.0,0.0
0.0,0.0
0.0,0.0
5486.806021154321,0.0
5917.431993062418,0.0
3539.0312116146633,0.0
4277.1488212664235,0.0
11647.530872514903,0.0
13362.440748006518,0.0
0.0,0.0
4387.416613211342,0.0
0.0,0.0
0.0,0.0
0.0,0.0
11614.274401938304,0.0
3362.4867323232156,0.0
0.0,0.0
0.0,0.0
6921.869201725273,0.0
11295.409717869821,0.0
11040.06642504724,0.0
0.0,0.0
6037.6872940410685,0.0
0.0,0.0
0.0,0.0
0.0,0.0
17242.403122148346,0.0
15640.511049530669,0.0
781.9622125161611,0.0
0.0,0.0
2103.0646631452987,0.0
3452.5409067563933,0.0
5060.224829641187,0.0
0.0,0.0
3655.961395258896,0.0
22865.462716597347,0.0
2667.273147705925,0.0
0.0,0.0
14906.642933510164,0.0
25444.226575715384,0.0
15415.164500504707,0.0
9356.466244402061,0.0
7057.310687635162,0.0
7428.667923602419,0.0
6211.686951967628,0.0
2998.454661956762,0.0
19643.431530289683,0.0
18941.912036979844,0.0
19475.066851895324,0.0
19069.869192559556,0.0
19377.81941365473,0.0
19143.777245622397,0.0
19321.649293326976,0.0
19186.4665370715,0.0
19289.20543182566,0.0
19211.123871812495,0.0
19270.4658574225,0.0
19225.3659483589,0.0
19259.641879247232,0.0
19233.592171772096,0.0
19253.3899494532,0.0
19238.343638415565,0.0
19249.77883480417,0.0
19241.08808554883,0.0
19247.69305498289,0.0
19242.673278213006,0.0
19246.488308558117,0.0
19243.58888549583,0.0
19245.792447023166,0.0
19244.117740262398,0.0
19245.390517400578,0.0
19244.423206775562,0.0
19245.15836285057,0.0
19244.599644233564,0.0
19245.02427038249,0.0
19244.701554509305,0.0
19244.946818572927,0.0
19244.760417884576,0.0
19244.90208240772,0.0
19244.79441737013,0.0
19244.876242798706,0.0
19244.81405547298,0.0
19244.861317840536,0.0
19244.825398441193,0.0
19244.852697184695,0.0
3563.241790223891,0.0
5734.725565792018,0.0
6356.685627926258,0.0
7002.4596663461,0.0
9280.699359238393,0.0
14700.030387177127,0.0
27121.682407477736,0.0
13242.925090099014,0.0
0.0,0.0
8006.014420084265,0.0
24626.980820941153,0.0
15154.414576084719,0.0
17518.575981550315,0.0
18212.130145693944,0.0
20870.9177582513,0.0
18009.02250372901,0.0
19068.393381256283,0.0
19378.941030245223,0.0
19142.92481701363,0.0
19322.297139069644,0.0
19185.97417430707,0.0
19289.579627526622,0.0
19210.839483079762,0.0
19270.68199285938,0.0
19225.20168542687,0.0
19259.76671907558,0.0
19233.49729350256,0.0
19253.46205693805,0.0
19238.288836727083,0.0
17633.0014115684,0.0
20857.875504612588,0.0
18018.934616494436,0.0
18151.283494885207,0.0
20075.944543887235,0.0
18613.2021466457,0.0
19724.886368549272,0.0
18880.00635990255,0.0
17162.76559204152,0.0
19768.687856047793,0.0
19236.663035451147,0.0
19251.056093057123,0.0
18298.14573092156,0.0
20190.402437704823,0.0
18526.214147344333,0.0
19790.997248018306,0.0
18829.76209150608,0.0
19560.300810455377,0.0
19005.091384053914,0.0
19427.05054811902,0.0
16952.04390021823,0.0
20988.889458820933,0.0
18043.08723233224,0.0
18969.569772087274,0.0
18547.23623523255,0.0
19992.65503833873,0.0
18676.50217086257,0.0
19676.778350144446,0.0
18916.56845389022,0.0
19494.32797504343,0.0
19055.23073896699,0.0
19388.94463838508,0.0
16597.27028823549,0.0
19730.410432525347,0.0
19388.380049808187,0.0
19135.751162145767,0.0
19079.210305271554,0.0
19430.369482753053,0.0
19103.839193107673,0.0
19352.002213238164,0.0
19163.398317938994,0.0
19306.737278366363,0.0
19197.799668441563,0.0
19280.592251984413,0.0
18798.610910410578,0.0
19684.549862827465,0.0
18910.662104251125,0.0
16037.728384227457,0.0
18598.715219279668,0.0
20675.302616230045,0.0
17426.40809738586,0.0
20626.849845986733,0.0
18194.51411705008,0.0
20043.089271041936,0.0
18638.172154008127,0.0
8806.875682982913,0.0
8652.962971272294,0.0
13707.705818620005,0.0
15344.206896173075,0.0
17779.395391839105,0.0
22146.797486089472,0.0
17039.353910572005,0.0
10392.856610363617,0.0
6199.830009197223,0.0
19445.864742033827,0.0
19092.06279605429,0.0
19360.95227499874,0.0
9537.456293089575,0.0
11435.723444479676,0.0
17110.020426191717,0.0
20865.341519621834,0.0
18720.40449081853,0.0
18790.715796783985,0.0
19589.975994444165,0.0
16529.921448055244,0.0
15496.499232072158,0.0
22093.580583625157,0.0
17079.798756444885,0.0
20890.27294510189,0.0
17994.312561722567,0.0
16758.965767192563,0.0
20592.31806293301,0.0
18548.716918238806,0.0
19773.89514213851,0.0
18398.149206620008,0.0
19995.033119453925,0.0
18674.694829215015,0.0
18303.024298357195,0.0
19960.621533248534,0.0
18700.847634731115,0.0
7962.2337914439195,0.0
0.0,0.0
4508.266946354883,0.0
7193.468939599122,0.0
10835.963325859697,0.0
13763.531837173485,0.0
9846.321967975846,0.0
21988.321959559595,0.0
9855.005547486928,0.0
0.0,0.0
9402.591175506517,0.0
0.0,0.0
0.0,0.0
0.0,0.0
6233.742273906864,0.0
6516.259283561156,0.0
6104.930063082543,0.0
3030.4341988931224,0.0
8516.909832579855,0.0
13914.983396977885,0.0
1.126167190688301e-13,0.0
0.0,0.0
2245.2854770650392,0.0
3810.0513837974213,0.0
0.0,0.0
0.0,0.0
1248.7543042756529,0.0
0.0,0.0
6803.7809777573975,0.0
8020.734972751663,0.0
9506.093426602503,0.0
10523.641377088996,0.0
7836.334748466556,0.0
0.0,0.0
7038.808796630212,0.0
0.0,0.0
0.0,0.0
0.0,0.0
2623.819893069828,0.0
9569.274755557515,0.0
11714.420000665052,0.0
7544.30699754624,0.0
0.0,0.0
12830.54121381576,0.0
0.0,0.0
0.0,0.0
10473.03404095036,0.0
0.0,0.0
0.0,0.0
0.0,0.0
0.0,0.0
8140.6750036977855,0.0
6228.608103652636,0.0
7640.903807202157,0.0
3001.758057168258,0.0
17598.51436309793,0.0
0.0,0.0
1698.645846098836,0.0
0.0,0.0
2123.20727494406,0.0
0.0,0.0
0.0,0.0
11567.43963443854,0.0
12954.517455269133,0.0
11696.337350906133,0.0
7576.107687989132,0.0
0.0,0.0
0.0,0.0
0.0,0.0
0.0,0.0
1705.1616038672105,0.0
4225.923522316489,0.0
0.0,0.0
0.0,0.0
5454.7049251612025,0.0
0.0,0.0
0.0,0.0
6693.995960919409,0.0
7917.003426236515,0.0
11272.493584313697,0.0
12576.64195610615,0.0
0.0,0.0
5375.134237689262,0.0
0.0,0.0
0.0,0.0
0.0,0.0
0.0,0.0
3956.5985417715656,0.0
8099.276097883892,0.0
7997.079039336455,0.0
8288.869847511598,0.0
7192.960788847022,0.0
8701.71744061259,0.0
0.0,0.0
10815.94280685329,0.0
0.0,0.0
0.0,0.0
0.0,0.0
7375.239106376953,0.0
7702.905280691747,0.0
5918.67121022174,0.0
5172.686442666337,0.0
5718.026929045459,0.0
0.0,0.0
12417.973530122692,0.0
0.0,0.0
6842.058871676174,0.0
16304.88382649615,0.0
1533.3595247733358,0.0
0.0,0.0
7917.167666636551,0.0
12802.949459490592,0.0
21071.647524636577,0.0
19944.187254068947,0.0
11138.781945190101,0.0
4583.655151822508,0.0
246.7820097033735,0.0
437.5111344537799,0.0
13735.039733155925,0.0
23432.28980280149,0.0
16062.379749870868,0.0
14911.664836679543,0.0
13836.703616431914,0.0
14047.814239135943,0.0
17774.53930488456,0.0
22341.864016343687,0.0
16891.103347578803,0.0
13760.92195465943,0.0
11510.262796797504,0.0
11859.010810344233,0.0
24858.07178413838,0.0
14978.785444054827,0.0
16168.95324800957,0.0
91.8228597739226,0.0
0.0,0.0
2235.4536856318605,0.0
3810.5182609116687,0.0
8854.404781968085,0.0
15677.961273555293,0.0
26390.255796225218,0.0
11696.325405407562,0.0
0.0,0.0
4727.153254937831,0.0
14244.035168317432,0.0
2999.53788625734,0.0
0.0,0.0
346.17081175680033,0.0
4125.195573786469,0.0
7140.39024287856,0.0
2202.949191757924,0.0
3970.9142067134158,0.0
8591.1274789927,0.0
9330.689090785425,0.0
0.0,0.0
0.0,0.0
0.0,0.0
0.0,0.0
901.4272876240092,0.0
0.0,0.0
13480.328463764961,0.0
12927.58747467383,0.0
12197.1533594257,0.0
4122.49058370435,0.0
0.0,0.0
0.0,0.0
0.0,0.0
4145.443363359964,0.0
0.0,0.0
0.0,0.0
0.0,0.0
9568.459438270904,0.0
4175.887588517811,0.0
7293.158220575399,0.0
5817.042242046437,0.0
4952.801178487951,0.0
0.0,0.0
12431.617275616298,0.0
0.0,0.0
2515.9884469431463,0.0
5318.537064164401,0.0
0.0,0.0
0.0,0.0
13353.970403604777,0.0
21077.768205139026,0.0
0.0,0.0
9414.104584753943,0.0
0.0,0.0
0.0,0.0
0.0,0.0
0.0,0.0
3174.666931110918,0.0
0.0,0.0
0.0,0.0
0.0,0.0
0.0,0.0
0.0,0.0
13872.18219587058,0.0
0.0,0.0
17071.725229312586,0.0
0.0,0.0
13266.95044416223,0.0
0.0,0.0
6145.43713443895,0.0
0.0,0.0
0.0,0.0
0.0,0.0
6730.652949015752,0.0
14551.264465725955,0.0
10306.159560895772,0.0
4735.941581548789,0.0
2123.0904219529934,0.0
5194.744775567082,0.0
642.7874781295031,0.0
0.0,0.0
7644.250863039921,0.0
0.0,0.0
0.0,0.0
0.0,0.0
0.0,0.0
14395.640003562276,0.0
11175.680752372293,0.0
11651.155391030607,0.0
7040.352715924317,0.0
0.0,0.0
0.0,0.0
0.0,0.0
0.0,0.0
0.0,0.0
0.0,0.0
0.0,0.0
8141.847580672074,0.0
13073.336505656556,0.0
0.0,0.0
3653.0479580858478,0.0
4534.8280119611645,0.0
6966.402966982923,0.0
0.0,0.0
0.0,0.0
13717.412447786506,0.0
23445.68653968225,0.0
14618.1635256021,0.0
1349.636411394818,0.0
6794.729670333065,0.0
15009.261244257008,0.0
19172.451508633974,0.0
21311.087167270303,0.0
17674.493752874576,0.0
15518.850960325388,0.0
11119.40850554547,0.0
9769.708449725089,0.0
23789.134636930197,0.0
15791.177675933053,0.0
21869.624966290874,0.0
12336.361777098304,0.0
13832.248444600109,0.0
19423.57675612071,0.0
19505.059229094102,0.0
19342.375740575146,0.0
19170.714437162886,0.0
18792.764077247753,0.0
15626.619133522277,0.0
13161.468658061409,0.0
23868.203819873328,0.0
15731.085096896273,0.0
17300.06837780397,0.0
2608.6572892608,0.0
10648.08838203669,0.0
16722.405674186404,0.0
19127.898833369723,0.0
20700.897660064813,0.0
18138.237778350744,0.0
14214.264249480675,0.0
8191.4001596895405,0.0
2869.8872878688458,0.0
14633.325375041715,0.0
22749.592714968294,0.0
16581.229536624094,0.0
3537.05102390382,0.0
7443.949834708173,0.0
12450.464809702667,0.0
16726.35550060904,0.0
18942.806534456864,0.0
20759.52994979103,0.0
18093.677238158816,0.0
14885.287886382974,0.0
12730.808383771486,0.0
22986.073898933595,0.0
16401.50383681047,0.0
6694.2296443595305,0.0
723.5449592064683,0.0
8752.290025665965,0.0
13488.211154138511,0.0
18141.707693276876,0.0
22633.33518044457,0.0
16669.58526286213,0.0
11563.985401126618,0.0
5237.74442648514,0.0
400.8811285896223,0.0
12005.721582028009,0.0
0.0,0.0
0.0,0.0
0.0,0.0
0.0,0.0
0.0,0.0
0.0,0.0
0.0,0.0
16383.810291037185,0.0
19957.4567076736,0.0
7951.735399055254,0.0
0.0,0.0
2341.2859071862445,0.0
0.0,0.0
0.0,0.0
0.0,0.0
6637.49789396593,0.0
15448.66550476978,0.0
11661.174417062619,0.0
10448.787386930067,0.0
-5.6903265641304536e-27,0.0
0.0,0.0
0.0,0.0
0.0,0.0
3430.189467396509,0.0
7668.181658573778,0.0
0.0,0.0
0.0,0.0
0.0,0.0
1362.4780205552659,0.0
0.0,0.0
0.0,0.0
12410.338425575761,0.0
16064.376362206664,0.0
13876.94612762783,0.0
0.0,0.0
0.0,0.0
0.0,0.0
0.0,0.0
0.0,0.0
0.0,0.0
18088.259621673264,0.0
522.4303031692522,0.0
16766.08642114387,0.0
0.0,0.0
0.0,0.0
0.0,0.0
0.0,0.0
0.0,0.0
0.0,0.0
0.0,0.0
0.0,0.0
0.0,0.0
20597.87856862106,0.0
9130.184064616278,0.0
0.0,0.0
0.0,0.0
0.0,0.0
0.0,0.0
0.0,0.0
0.0,0.0
0.0,0.0
0.0,0.0
0.0,0.0
0.0,0.0
3243.581892897477,0.0
14527.848776789671,0.0
11505.04442459205,0.0
11862.446033174037,0.0
0.0,0.0
0.0,0.0
0.0,0.0
5053.389791244577,0.0
0.0,0.0
0.0,0.0
0.0,0.0
0.0,0.0
0.0,0.0
1378.2437115861778,0.0
12150.858411567386,0.0
14402.175813735017,0.0
16284.89217833311,0.0
3.3967498339087473e-12,0.0
0.0,0.0
5539.473594623856,0.0
0.0,0.0
0.0,0.0
0.0,0.0
0.0,0.0
0.0,0.0
10722.672367342382,0.0
10356.470497948589,0.0
11600.108183150323,0.0
11564.485946807512,0.0
0.0,0.0
0.0,0.0
0.0,0.0
0.0,0.0
0.0,0.0
0.0,0.0
11657.755312363755,0.0
9887.654096212187,0.0
0.0,0.0
0.0,0.0
0.0,0.0
9227.737100080536,0.0
12886.947962738028,0.0
0.0,0.0
7957.2857717046845,0.0
0.0,0.0
0.0,0.0
0.0,0.0
0.0,0.0
0.0,0.0
11955.710320805721,0.0
12026.460661926818,0.0
10642.279002914378,0.0
0.0,0.0
9711.086250366963,0.0
0.0,0.0
8303.699565647734,0.0
18450.296227950268,0.0
0.0,0.0
0.0,0.0
0.0,0.0
0.0,0.0
0.0,0.0
9124.780478883753,0.0
12423.207164227833,0.0
4511.641131912555,0.0
18195.88954501398,0.0
0.0,0.0
0.0,0.0
0.0,0.0
0.0,0.0
0.0,0.0
9166.614010436395,0.0
13270.961117216708,0.0
10227.199228991596,0.0
-5.600106505825404e-27,0.0
0.0,0.0
0.0,0.0
0.0,0.0
0.0,0.0
12933.992643754738,0.0
24041.0855907464,0.0
0.0,0.0
0.0,0.0
0.0,0.0
6467.581521726815,0.0
9614.598502081259,0.0
9720.64443404786,0.0
10868.742371656075,0.0
0.0,0.0
7494.989145491075,0.0
0.0,0.0
4930.287716274035,0.0
0.0,0.0
0.0,0.0
0.0,0.0
2557.70231361778,0.0
11866.265110719134,0.0
12295.313288619689,0.0
9013.883575681128,0.0
8501.647874391821,0.0
-2.8207087150362152e-27,0.0
0.0,0.0
0.0,0.0
11551.967870641007,0.0
0.0,0.0
0.0,0.0
0.0,0.0
3194.56357404018,0.0
10742.128201089454,0.0
9960.774291682943,0.0
9370.694122312505,0.0
11029.60945403367,0.0
0.0,0.0
-2.73099774158854e-27,0.0
0.0,0.0
2866.8642655932736,0.0
0.0,0.0
0.0,0.0
0.0,0.0
0.0,0.0
0.0,0.0
0.0,0.0
0.0,0.0
8611.581337038184,0.0
17044.90703234635,0.0
18593.86604984855,0.0
0.0,0.0
5183.732663166082,0.0
14750.675333938485,0.0
0.0,0.0
0.0,0.0
2924.571835134102,0.0
10567.923207546284,0.0
7890.00201144878,0.0
5027.001825295742,0.0
6138.372322865631,0.0
7305.020172257505,0.0
3543.649953762751,0.0
0.0,0.0
8044.151901647564,0.0
23091.752155656242,0.0
13162.658235972307,0.0
6443.240725357247,0.0
11043.055217809217,0.0
16953.702185725586,0.0
20078.61459380349,0.0
19628.183922535183,0.0
18953.500218873258,0.0
18112.70305863655,0.0
12818.37547880952,0.0
11559.933790976107,0.0
22762.906986611128,0.0
0.0,0.0
0.0,0.0
0.0,0.0
0.0,0.0
0.0,0.0
0.0,0.0
0.0,0.0
17998.275759802465,0.0
18843.703121286977,0.0
7338.005945091543,0.0
0.0,0.0
9624.713005790933,0.0
26556.13811559889,0.0
9116.966997090465,0.0
0.0,0.0
5181.735255704883,0.0
13093.269899616122,0.0
18403.59476509543,0.0
22667.71701626674,0.0
14936.429878390289,0.0
8575.873677397603,0.0
3489.38837334355,0.0
3395.910856205626,0.0
11634.729332013414,0.0
0.0,0.0
0.0,0.0
0.0,0.0
2962.2203066405114,0.0
7707.435897276846,0.0
251.43794763646542,0.0
9026.413760954178,0.0
7616.20130185752,0.0
10923.055197427746,0.0
5795.3794737842345,0.0
0.0,0.0
9127.326775336674,0.0
0.0,0.0
0.0,0.0
0.0,0.0
0.0,0.0
9324.874222074377,0.0
12155.647784833462,0.0
10970.078768659494,0.0
11832.235242538205,0.0
0.0,0.0
0.0,0.0
0.0,0.0
0.0,0.0
0.0,0.0
0.0,0.0
0.0,0.0
0.0,0.0
11015.866633563366,0.0
10995.521120002824,0.0
9116.013134463248,0.0
2337.8798959181286,0.0
0.0,0.0
0.0,0.0
0.0,0.0
0.0,0.0
0.0,0.0
0.0,0.0
0.0,0.0
0.0,0.0
0.0,0.0
0.0,0.0
0.0,0.0
0.0,0.0
0.0,0.0
12237.692627748796,0.0
0.0,0.0
0.0,0.0
0.0,0.0
0.0,0.0
0.0,0.0
0.0,0.0
18518.032602238392,0.0
18817.493236019865,0.0
0.0,0.0
0.0,0.0
4965.357426477875,0.0
0.0,0.0
0.0,0.0
0.0,0.0
6899.437853006437,0.0
0.0,0.0
0.0,0.0
13950.561589545261,0.0
18998.49768360656,0.0
10792.082023633258,0.0
0.0,0.0
0.0,0.0
0.0,0.0
0.0,0.0
0.0,0.0
0.0,0.0
0.0,0.0
0.0,0.0
0.0,0.0
0.0,0.0
17473.0058664255,0.0
0.0,0.0
0.0,0.0
0.0,0.0
0.0,0.0
16302.83951035651,0.0
0.0,0.0
4962.908708520429,0.0
0.0,0.0
0.0,0.0
0.0,0.0
0.0,0.0
0.0,0.0
0.0,0.0
14763.672600265296,0.0
0.0,0.0
18419.825030483884,0.0
11076.507125441201,0.0
0.0,0.0
6969.360400602858,0.0
0.0,0.0
0.0,0.0
0.0,0.0
0.0,0.0
0.0,0.0
15050.689274752156,0.0
0.0,0.0
0.0,0.0
0.0,0.0
0.0,0.0
0.0,0.0
0.0,0.0
0.0,0.0
0.0,0.0
2095.4421227592084,0.0
0.0,0.0
21321.25742906698,0.0
18894.606036835383,0.0
0.0,0.0
0.0,0.0
1070.4034426594103,0.0
0.0,0.0
0.0,0.0
0.0,0.0
0.0,0.0
0.0,0.0
0.0,0.0
0.0,0.0
0.0,0.0
0.0,0.0
7137.85598578641,0.0
0.0,0.0
20837.690802727237,0.0
0.0,0.0
5104.008557815135,0.0
0.0,0.0
0.0,0.0
0.0,0.0
0.0,0.0
0.0,0.0
0.0,0.0
0.0,0.0
10660.606710004571,0.0
13381.06311152431,0.0
17401.425077162137,0.0
1210.8318105523663,0.0
0.0,0.0
0.0,0.0
0.0,0.0
0.0,0.0
0.0,0.0
0.0,0.0
10482.986778186614,0.0
0.0,0.0
0.0,0.0
0.0,0.0
0.0,0.0
19676.689648760683,0.0
0.0,0.0
5482.614507096399,0.0
25326.868115226258,0.0
14622.500232428041,0.0
21982.701177710813,0.0
17350.095579894314,0.0
20684.847359280324,0.0
18150.436006946955,0.0
17421.4695563618,0.0
18091.839141994875,0.0
20883.360469838186,0.0
17999.56604292298,0.0
19797.221986686083,0.0
18825.03129011858,0.0
0.0,0.0
0.0,0.0
0.0,0.0
0.0,0.0
7735.477759004461,0.0
12161.85095631096,0.0
13340.926095479763,0.0
10983.102282543325,0.0
-1.1261671906883294e-13,0.0
0.0,0.0
0.0,0.0
16130.47579803646,0.0
21611.758393492295,0.0
0.0,0.0
0.0,0.0
0.0,0.0
0.0,0.0
11830.338593613482,0.0
5584.4101347414635,0.0
6778.486829267187,0.0
11143.632908545274,0.0
8855.21060340854,0.0
0.0,0.0
6614.23077889288,0.0
0.0,0.0
0.0,0.0
0.0,0.0
0.0,0.0
0.0,0.0
0.0,0.0
0.0,0.0
14586.542615370876,0.0
15779.531056868962,0.0
13906.029135672741,0.0
0.0,0.0
3124.7250502154857,0.0
1972.5822709673614,0.0
0.0,0.0
0.0,0.0
0.0,0.0
0.0,0.0
18264.017989590833,0.0
5244.677660143498,0.0
0.0,0.0
0.0,0.0
20547.84040183373,0.0
0.0,0.0
0.0,0.0
5441.314746987558,0.0
0.0,0.0
0.0,0.0
0.0,0.0
7361.080985153756,0.0
8061.33038769617,0.0
6871.827455508019,0.0
6296.4055439660915,0.0
9108.5840413662,0.0
6109.199116131923,0.0
0.0,0.0
5550.596565491287,0.0
3718.790668709862,0.0
0.0,0.0
0.0,0.0
0.0,0.0
5880.477208740456,0.0
0.0,0.0
10766.961856336822,0.0
11774.978800460589,0.0
0.0,0.0
15545.856455869023,0.0
0.0,0.0
516.7334955383119,0.0
11342.519800598673,0.0
0.0,0.0
0.0,0.0
2133.38036331184,0.0
7151.307096191941,0.0
5193.008754281015,0.0
6834.064088580919,0.0
7868.542969561644,0.0
9981.078029073511,0.0
4292.994344208124,0.0
0.0,0.0
0.0,0.0
0.0,0.0
0.0,0.0
0.0,0.0
0.0,0.0
12406.017179557719,0.0
10376.911065226523,0.0
9390.665808657199,0.0
4257.930587407002,0.0
5854.927810112248,0.0
1072.1311647729785,0.0
0.0,0.0
17560.970229614813,0.0
0.0,0.0
0.0,0.0
0.0,0.0
0.0,0.0
10897.20505312524,0.0
8379.390213863997,0.0
7783.276790186754,0.0
8876.94544351454,0.0
8297.820121524277,0.0
0.0,0.0
0.0,0.0
1858.050146906934,0.0
0.0,0.0
0.0,0.0
0.0,0.0
0.0,0.0
0.0,0.0
10115.020686314369,0.0
10508.622406390656,0.0
12533.603671161054,0.0
11043.705645850936,0.0
0.0,0.0
0.0,0.0
0.0,0.0
0.0,0.0
0.0,0.0
0.0,0.0
0.0,0.0
20994.81533809175,0.0
0.0,0.0
0.0,0.0
0.0,0.0
0.0,0.0
12888.569676438117,0.0
0.0,0.0
8208.542747631604,0.0
0.0,0.0
0.0,0.0
0.0,0.0
0.0,0.0
0.0,0.0
0.0,0.0
0.0,0.0
18028.18789871508,0.0
21467.688981435276,0.0
4837.019589772758,0.0
0.0,0.0
0.0,0.0
2788.1698063254044,0.0
0.0,0.0
0.0,0.0
0.0,0.0
19413.280526363473,0.0
11520.347186361083,0.0
0.0,0.0
13026.349841398645,0.0
0.0,0.0
0.0,0.0
0.0,0.0
0.0,0.0
7794.167124587485,0.0
10254.17127115429,0.0
14892.135084003212,0.0
7976.692479334826,0.0
21149.289945674216,0.0
15266.878691440825,0.0
9248.2003237851,0.0
4453.908444393895,0.0
844.9359737502111,0.0
0.0,0.0
395.2661631069572,0.0
5583.22367953541,0.0
13966.829177777532,0.0
5938.652123130403,0.0
4258.547982547779,0.0
13878.95111807206,0.0
19056.65445813195,0.0
19528.807428016757,0.0
19569.62568322013,0.0
18998.004480752697,0.0
18118.181718211265,0.0
14698.442144962115,0.0
15790.822362967934,0.0
21869.895004144368,0.0
0.0,0.0
0.0,0.0
0.0,0.0
0.0,0.0
6772.187246650778,0.0
7130.6748255952925,0.0
7212.997181495312,0.0
9265.238271694234,0.0
13808.269498956037,0.0
0.0,0.0
0.0,0.0
0.0,0.0
4072.1803092330015,0.0
0.0,0.0
0.0,0.0
0.0,0.0
0.0,0.0
0.0,0.0
0.0,0.0
14414.895881034812,0.0
15946.669458304004,0.0
13542.239986941848,0.0
0.0,0.0
0.0,0.0
4861.909119710754,0.0
0.0,0.0
0.0,0.0
0.0,0.0
0.0,0.0
11339.578055193186,0.0
15448.204035825958,0.0
17067.926754576285,0.0
0.0,0.0
0.0,0.0
0.0,0.0
0.0,0.0
13489.022555710226,0.0
9150.058980697262,0.0
0.0,0.0
7580.221545381677,0.0
23359.932886081424,0.0
19191.82396329644,0.0
8851.949009066273,0.0
7196.969699836298,0.0
8951.78970819803,0.0
7422.618569757641,0.0
11915.142012736334,0.0
24815.412070320384,0.0
15011.206826556505,0.0
22462.402811817054,0.0
4498.354304554608,0.0
5368.626569582869,0.0
13652.174364601306,0.0
17010.99451225381,0.0
18088.920089580686,0.0
21497.825409323323,0.0
17532.57268891428,0.0
8626.638854516044,0.0
2127.2341347994316,0.0
13412.26983988505,0.0
0.0,0.0
0.0,0.0
0.0,0.0
4316.894212572484,0.0
0.0,0.0
8802.373311550446,0.0
9484.607511987133,0.0
8050.477044567093,0.0
8609.881679925937,0.0
5013.991103594312,0.0
1.6904682889515193e-26,0.0
8339.843379009466,0.0
0.0,0.0
0.0,0.0
0.0,0.0
0.0,0.0
8717.913282984491,0.0
11566.849251739142,0.0
12010.299058343024,0.0
11983.464224365278,0.0
0.0,0.0
1.126167190688329e-13,0.0
0.0,0.0
4214.970151098899,0.0
0.0,0.0
0.0,0.0
0.0,0.0
0.0,0.0
8852.218514212587,0.0
0.0,0.0
0.0,0.0
0.0,0.0
16908.112216178124,0.0
15856.719019830616,0.0
0.0,0.0
0.0,0.0
0.0,0.0
0.0,0.0
0.0,0.0
8057.266395080116,0.0
7230.730655957784,0.0
8716.347811799735,0.0
10683.834609901356,0.0
8514.212314195453,0.0
0.0,0.0
0.0,0.0
0.0,0.0
0.0,0.0
0.0,0.0
0.0,0.0
0.0,0.0
5037.19678150934,0.0
0.0,0.0
0.0,0.0
0.0,0.0
6640.052598820443,0.0
13135.840978417373,0.0
15403.15345221358,0.0
0.0,0.0
0.0,0.0
0.0,0.0
0.0,0.0
3855.2428310993714,0.0
15948.26392465646,0.0
9689.272318624482,0.0
0.0,0.0
11639.08848796111,0.0
0.0,0.0
0.0,0.0
0.0,0.0
0.0,0.0
0.0,0.0
0.0,0.0
0.0,0.0
0.0,0.0
0.0,0.0
13778.860355619929,0.0
14066.963402931586,0.0
10607.000834451694,0.0
0.0,0.0
0.0,0.0
0.0,0.0
2747.5479461162677,0.0
0.0,0.0
0.0,0.0
0.0,0.0
3085.554638696825,0.0
7449.752490599928,0.0
0.0,0.0
21397.179524760064,0.0
0.0,0.0
0.0,0.0
0.0,0.0
3.171516395771085e-12,0.0
0.0,0.0
6009.537567508321,0.0
27727.94961003758,0.0
12797.678296371436,0.0
3105.7617530674265,0.0
9803.769110780384,0.0
15292.622289070856,0.0
19332.867317619235,0.0
20888.515840257733,0.0
17995.64796140413,0.0
16163.653291667115,0.0
12653.204816149915,0.0
13531.079821633899,0.0
23587.299335558237,0.0
15944.572504975738,0.0
21753.04489621843,0.0
17338.60587887399,0.0
20693.579532055766,0.0
18143.79955563762,0.0
20081.632337715408,0.0
18608.87942333629,0.0
19728.171638264415,0.0
18877.509554919037,0.0
19524.01273826153,0.0
19032.67031892124,0.0
19406.09055761986,0.0
0.0,0.0
0.0,0.0
0.0,0.0
0.0,0.0
2901.1081322351893,0.0
14926.712373550306,0.0
0.0,0.0
0.0,0.0
13217.951048288784,0.0
13169.480791145637,0.0
0.0,0.0
3798.326008861847,0.0
8065.899539459471,0.0
0.0,0.0
0.0,0.0
12094.175862104994,0.0
12712.180998893475,0.0
14430.643247574722,0.0
2427.688489362249,0.0
0.0,0.0
2204.325181398038,0.0
4793.8531140357,0.0
0.0,0.0
15313.334375183895,0.0
0.0,0.0
0.0,0.0
0.0,0.0
10960.746532064404,0.0
16754.002479361912,0.0
0.0,0.0
10234.055378550465,0.0
0.0,0.0
6309.447433957283,0.0
0.0,0.0
0.0,0.0
18500.927492050687,0.0
0.0,0.0
0.0,0.0
0.0,0.0
0.0,0.0
0.0,0.0
0.0,0.0
0.0,0.0
0.0,0.0
19780.37228439939,0.0
19246.681342949858,0.0
0.0,0.0
0.0,0.0
0.0,0.0
0.0,0.0
0.0,0.0
15004.446175602221,0.0
12176.252376303388,0.0
13861.356323610462,0.0
0.0,0.0
-5.7103570910967425e-27,0.0
0.0,0.0
0.0,0.0
0.0,0.0
10500.773917121754,0.0
25890.33182298747,0.0
2096.9410292836287,0.0
0.0,0.0
6770.0168745097435,0.0
17744.616610845344,0.0
24656.922886253622,0.0
7845.557595373021,0.0
4491.492614592093,0.0
958.9572336495181,0.0
0.0,0.0
1175.9049576090229,0.0
17662.923395301907,0.0
2889.6237099723107,0.0
0.0,0.0
0.0,0.0
0.0,0.0
0.0,0.0
0.0,0.0
0.0,0.0
0.0,0.0
16693.306566927135,0.0
0.0,0.0
630.5216986945686,0.0
0.0,0.0
0.0,0.0
0.0,0.0
687.7901938160335,0.0
0.0,0.0
0.0,0.0
0.0,0.0
12713.108854313512,0.0
8907.355152346141,0.0
12133.873367353259,0.0
0.0,0.0
0.0,0.0
0.0,0.0
0.0,0.0
0.0,0.0
0.0,0.0
0.0,0.0
7740.781163594335,0.0
12106.060742825643,0.0
0.0,0.0
0.0,0.0
0.0,0.0
0.0,0.0
0.0,0.0
0.0,0.0
0.0,0.0
0.0,0.0
0.0,0.0
0.0,0.0
6526.871419253928,0.0
7733.4827912090395,0.0
5516.130526761605,0.0
3708.984713345539,0.0
9073.129878744096,0.0
9980.191689018806,0.0
0.0,0.0
7464.318176406826,0.0
0.0,0.0
0.0,0.0
0.0,0.0
10032.096674423185,0.0
8865.597513945653,0.0
4847.632269570098,0.0
0.0,0.0
0.0,0.0
7527.838184915274,0.0
12963.669223195307,0.0
0.0,0.0
2339.8631877197085,0.0
11414.310755439687,0.0
0.0,0.0
0.0,0.0
7068.114997523397,0.0
11423.16899578433,0.0
19103.70507626074,0.0
3293.349406691849,0.0
3710.9448940977145,0.0
7436.387710333962,0.0
7453.047614547117,0.0
0.0,0.0
9787.289512360998,0.0
0.0,0.0
0.0,0.0
0.0,0.0
7008.825395438777,0.0
2036.075084021405,0.0
7978.26896262422,0.0
7545.87048346245,0.0
6109.255324013046,0.0
7562.231721585079,0.0
6075.782806368672,0.0
0.0,0.0
9413.077297647114,0.0
0.0,0.0
0.0,0.0
0.0,0.0
7053.327132743338,0.0
0.0,0.0
1547.4378308887183,0.0
0.0,0.0
0.0,0.0
9848.871229088883,0.0
15695.830684919985,0.0
0.0,0.0
0.0,0.0
0.0,0.0
0.0,0.0
0.0,0.0
0.0,0.0
14035.337184874414,0.0
13293.05761442376,0.0
13018.61777466102,0.0
0.0,0.0
0.0,0.0
0.0,0.0
0.0,0.0
0.0,0.0
0.0,0.0
0.0,0.0
0.0,0.0
6378.626183803208,0.0
22248.187633064343,0.0
0.0,0.0
0.0,0.0
0.0,0.0
0.0,0.0
0.0,0.0
0.0,0.0
0.0,0.0
0.0,0.0
0.0,0.0
0.0,0.0
1599.294227955481,0.0
0.0,0.0
8704.187634868671,0.0
13950.47122345779,0.0
0.0,0.0
0.0,0.0
451.95897082183626,0.0
0.0,0.0
0.0,0.0
0.0,0.0
0.0,0.0
2676.346023716874,0.0
20356.878069596773,0.0
16675.37786425153,0.0
0.0,0.0
0.0,0.0
0.0,0.0
0.0,0.0
0.0,0.0
1413.4659005856392,0.0
0.0,0.0
0.0,0.0
0.0,0.0
0.0,0.0
698.9234434911301,0.0
0.0,0.0
13380.437225530564,0.0
0.0,0.0
0.0,0.0
13270.716426699442,0.0
16840.546909807083,0.0
0.0,0.0
0.0,0.0
10834.10492166046,0.0
7383.985835720905,0.0
0.0,0.0
10528.441640570014,0.0
19602.562622054946,0.0
22272.729968076335,0.0
12531.814441564236,0.0
8497.67663714178,0.0
6871.364050124869,0.0
6125.698537774193,0.0
7939.304812409667,0.0
27837.04834256865,0.0
12714.763259647825,0.0
24207.699922667653,0.0
15473.068058772582,0.0
22111.38827533284,0.0
17066.264910747042,0.0
20900.55866783225,0.0
16356.639962539988,0.0
11160.339400716914,0.0
14569.920709794202,0.0
26009.006476773106,0.0
14104.075077652438,0.0
22315.478136543552,0.0
0.0,0.0
0.0,0.0
0.0,0.0
15634.136566746301,0.0
17550.75770780271,0.0
0.0,0.0
9558.989226141857,0.0
981.2470618181403,0.0
459.55505855370666,0.0
0.0,0.0
3111.6033193462777,0.0
28679.066064083843,0.0
12074.829791296279,0.0
24694.049358614822,0.0
15103.442487452732,0.0
22392.303709535918,0.0
16852.769180752708,0.0
21062.815422627937,0.0
17863.180278802767,0.0
20294.90298810989,0.0
18446.793729036486,0.0
19851.35676593227,0.0
18783.888857891474,0.0
19595.16446800248,0.0
18978.595004318115,0.0
19447.18779671823,0.0
19091.057274494146,0.0
19361.716471384454,0.0
19156.01548174781,0.0
19312.34823387166,0.0
19193.535342257535,0.0
19283.83313988427,0.0
16196.408515750758,0.0
22286.16111953435,0.0
16933.4375491539,0.0
21001.507462643032,0.0
0.0,0.0
0.0,0.0
0.0,0.0
14881.033649336858,0.0
1343.8515263333911,0.0
0.0,0.0
0.0,0.0
0.0,0.0
10856.895132384054,0.0
15385.200175949083,0.0
0.0,0.0
0.0,0.0
0.0,0.0
0.0,0.0
1899.6382206899991,0.0
13842.645186969068,0.0
6704.597518166054,0.0
7025.850943225951,0.0
4696.221417650179,0.0
3177.6240264344465,0.0
3736.069813095531,0.0
0.0,0.0
0.0,0.0
7600.1124112025045,0.0
16560.199424274568,0.0
0.0,0.0
759.700162177069,0.0
8780.268717354613,0.0
14628.54528463752,0.0
20273.51216651841,0.0
2710.452264826117,0.0
4133.813845072845,0.0
6769.750490021024,0.0
6548.755727908897,0.0
0.0,0.0
7031.022653538517,0.0
0.0,0.0
0.0,0.0
0.0,0.0
0.0,0.0
0.0,0.0
5674.982865872496,0.0
19317.62988278676,0.0
19217.123139954532,0.0
0.0,0.0
69.72398279941864,0.0
0.0,0.0
0.0,0.0
0.0,0.0
0.0,0.0
0.0,0.0
12722.303817028824,0.0
14031.164744048228,0.0
1185.428975607367,0.0
0.0,0.0
7283.723842700859,0.0
8917.20474723183,0.0
0.0,0.0
0.0,0.0
7475.402475548523,0.0
28189.614118583126,0.0
12446.813269876824,0.0
4577.08749065944,0.0
6346.3763790948515,0.0
5980.066370552556,0.0
7281.51228336227,0.0
11492.863293850658,0.0
16687.980322351363,0.0
24590.096819487164,0.0
12634.987174350423,0.0
0.0,0.0
8162.1337787873745,0.0
0.0,0.0
0.0,0.0
0.0,0.0
0.0,0.0
8626.270865003262,0.0
0.0,0.0
0.0,0.0
0.0,0.0
13847.405584231208,0.0
18381.635076613475,0.0
0.0,0.0
0.0,0.0
0.0,0.0
0.0,0.0
0.0,0.0
0.0,0.0
14776.627301760922,0.0
0.0,0.0
0.0,0.0
0.0,0.0
0.0,0.0
0.0,0.0
5746.772296996804,0.0
0.0,0.0
0.0,0.0
0.0,0.0
0.0,0.0
0.0,0.0
0.0,0.0
0.0,0.0
0.0,0.0
0.0,0.0
0.0,0.0
16061.465965790103,0.0
5256.147786542711,0.0
0.0,0.0
0.0,0.0
0.0,0.0
0.0,0.0
14587.260313910876,0.0
11390.059252582883,0.0
2657.823060562074,0.0
6852.952400675825,0.0
0.0,0.0
0.0,0.0
7309.600430694375,0.0
0.0,0.0
5102.833750455603,0.0
19224.84983499753,0.0
2837.7871594412236,0.0
110.83521985170519,0.0
3437.087352625173,0.0
6530.899719924501,0.0
12007.810537757226,0.0
17086.30331203589,0.0
23352.44790542586,0.0
16318.72736878114,0.0
9160.554243646633,0.0
-2.7951469258270804e-27,0.0
8027.787342663597,0.0
0.0,0.0
0.0,0.0
0.0,0.0
0.0,0.0
661.062141774193,0.0
0.0,0.0
5579.62579541294,0.0
7811.551519609047,0.0
0.0,0.0
0.0,0.0
0.0,0.0
0.0,0.0
0.0,0.0
0.0,0.0
3018.804078425658,0.0
0.0,0.0
12302.211362269009,0.0
11505.759435520205,0.0
11478.806500514447,0.0
0.0,0.0
0.0,0.0
366.02437964607236,0.0
0.0,0.0
0.0,0.0
0.0,0.0
0.0,0.0
4902.883330397121,0.0
4455.003142940258,0.0
3276.150896865358,0.0
0.0,0.0
0.0,0.0
14933.973806485521,0.0
13361.337378016011,0.0
0.0,0.0
0.0,0.0
0.0,0.0
2712.1905929521176,0.0
0.0,0.0
0.0,0.0
0.0,0.0
0.0,0.0
15788.748418173436,0.0
16637.772761201628,0.0
0.0,0.0
11366.57524190851,0.0
197.93193905008366,0.0
0.0,0.0
0.0,0.0
0.0,0.0
0.0,0.0
0.0,0.0
0.0,0.0
0.0,0.0
15179.522180595693,0.0
13418.951329030522,0.0
12379.958033626077,0.0
3166.5332680880333,0.0
0.0,0.0
0.0,0.0
0.0,0.0
0.0,0.0
0.0,0.0
5791.424025439102,0.0
2236.8009367099025,0.0
8726.295685762672,0.0
16265.81368508981,0.0
6757.424000482391,0.0
693.5286004109338,0.0
0.0,0.0
6065.826400295086,0.0
18120.705898011085,0.0
20099.183517511574,0.0
18595.540526691202,0.0
19738.309199714684,0.0
18869.805008216837,0.0
19529.868193755203,0.0
19028.220172746045,0.0
19409.472668713006,0.0
19119.720771778113,0.0
19339.932213448632,0.0
19172.571517779037,0.0
19299.76564648793,0.0
19203.09810866917,0.0
19276.565437411427,0.0
19220.730267567316,0.0
19263.16499664884,0.0
19230.91460254688,0.0
19255.424902064366,0.0
19236.797074431084,0.0
19250.954223432374,0.0
19240.194790191395,0.0
19248.371959454536,0.0
19242.15731081455,0.0
19246.88044378094,0.0
19243.29086272648,0.0
19246.01894432787,0.0
0.0,0.0
0.0,0.0
0.0,0.0
0.0,0.0
6889.655504722299,0.0
5673.505102632319,0.0
6297.646679981821,0.0
8342.889517549136,0.0
1154.3393281507915,0.0
0.0,0.0
0.0,0.0
0.0,0.0
0.0,0.0
0.0,0.0
0.0,0.0
16654.76269976768,0.0
3706.0446661470387,0.0
0.0,0.0
0.0,0.0
0.0,0.0
0.0,0.0
0.0,0.0
0.0,0.0
0.0,0.0
0.0,0.0
0.0,0.0
0.0,0.0
10882.298987456663,0.0
0.0,0.0
0.0,0.0
0.0,0.0
0.0,0.0
0.0,0.0
1158.548494879959,0.0
12843.94860886544,0.0
0.0,0.0
0.0,0.0
0.0,0.0
0.0,0.0
2857.204563811788,0.0
21254.762495507504,0.0
13761.644327392492,0.0
4332.652068778047,0.0
0.0,0.0
0.0,0.0
0.0,0.0
0.0,0.0
4672.332376993756,0.0
17081.001441124456,0.0
0.0,0.0
0.0,0.0
7356.409972441557,0.0
13287.500753336102,0.0
2553.911575388347,0.0
526.2308250138226,0.0
20952.634987114598,0.0
19192.245851324347,0.0
9426.089040502302,0.0
1072.4437503902584,0.0
0.0,0.0
3511.9192357677557,0.0
0.0,0.0
0.0,0.0
14114.099436889188,0.0
12935.558357029973,0.0
9049.8507550669,0.0
1921.5535490118882,0.0
5935.266839454957,0.0
0.0,0.0
0.0,0.0
0.0,0.0
0.0,0.0
16712.41866109886,0.0
131.70067314803805,0.0
0.0,0.0
10841.717842932414,0.0
18134.130789294646,0.0
22615.08497674205,0.0
16956.381117810484,0.0
14084.3424616047,0.0
13501.373061879414,0.0
10048.733051461562,0.0
1548.4042664544781,0.0
5563.741605108007,0.0
19164.879568074317,0.0
0.0,0.0
0.0,0.0
11839.695901452447,0.0
17854.787546443673,0.0
21525.8939251943,0.0
18055.01619777307,0.0
13264.373345498714,0.0
3125.0115516378014,0.0
8123.939773339489,0.0
0.0,0.0
9995.995473352472,0.0
0.0,0.0
0.0,0.0
0.0,0.0
9788.983115095141,0.0
6369.139826451557,0.0
3133.186791826763,0.0
2261.97067604697,0.0
3593.7036725621783,0.0
11312.55622580603,0.0
0.0,0.0
0.0,0.0
0.0,0.0
0.0,0.0
0.0,0.0
0.0,0.0
2643.201347857549,0.0
0.0,0.0
0.0,0.0
0.0,0.0
0.0,0.0
0.0,0.0
1833.257446044485,0.0
0.0,0.0
0.0,0.0
0.0,0.0
0.0,0.0
9638.172556577396,0.0
5439.777596908333,0.0
17717.85263875543,0.0
8324.738124299212,0.0
1194.2334814905703,0.0
0.0,0.0
3113.251148188891,0.0
6421.928489586161,0.0
10663.884711423749,0.0
18625.49509396627,0.0
19715.543728585635,0.0
13362.470441363204,0.0
381.3221143605448,0.0
0.0,0.0
4302.490448279563,0.0
2103.8854328535745,0.0
4143.2841628803235,0.0
4133.089087435385,0.0
7530.665553832148,0.0
5207.876482211592,0.0
4221.191551921268,0.0
0.0,0.0
0.0,0.0
0.0,0.0
0.0,0.0
0.0,0.0
8842.814663722074,0.0
0.0,0.0
0.0,0.0
0.0,0.0
0.0,0.0
14587.872996182441,0.0
0.0,0.0
0.0,0.0
0.0,0.0
0.0,0.0
10038.618896769505,0.0
19405.27378856158,0.0
10870.839504257401,0.0
2777.4365231629126,0.0
0.0,0.0
429.89176666386487,0.0
3420.313727379763,0.0
6947.861078009259,0.0
9073.700979036816,0.0
19765.90252721083,0.0
18848.83407931977,0.0
19545.806099716974,0.0
19016.107364215102,0.0
19418.678403196514,0.0
19112.72441357065,0.0
19345.24944568631,0.0
19168.530421278403,0.0
19302.83687982841,0.0
17824.51610421694,0.0
20654.587248902353,0.0
14874.536714645019,0.0
22566.272096869787,0.0
0.0,0.0
0.0,0.0
0.0,0.0
11726.0615639112,0.0
7890.650867958226,0.0
6153.552902867904,0.0
2446.0736586477005,0.0
1928.754503915149,0.0
4524.621262284001,0.0
9512.335959940801,0.0
0.0,0.0
1572.1726734829747,0.0
0.0,0.0
0.0,0.0
0.0,0.0
0.0,0.0
0.0,0.0
0.0,0.0
0.0,0.0
0.0,0.0
0.0,0.0
0.0,0.0
5047.529566723639,0.0
0.0,0.0
0.0,0.0
4993.710686024973,0.0
0.0,0.0
0.0,0.0
0.0,0.0
0.0,0.0
0.0,0.0
0.0,0.0
0.0,0.0
0.0,0.0
21580.661388697205,0.0
9859.30261435423,0.0
0.0,0.0
0.0,0.0
0.0,0.0
0.0,0.0
6879.173608922618,0.0
-1.8043412331884247e-25,0.0
0.0,0.0
0.0,0.0
0.0,0.0
0.0,0.0
0.0,0.0
0.0,0.0
0.0,0.0
0.0,0.0
0.0,0.0
0.0,0.0
12376.385836485133,0.0
7636.955118534925,0.0
1584.8237907743057,0.0
0.0,0.0
4725.543783610877,0.0
8335.657585638775,0.0
0.0,0.0
0.0,0.0
16204.919386793312,0.0
0.0,0.0
5782.500877364407,0.0
18794.376272735582,0.0
24066.708134518653,0.0
11821.176267739569,0.0
9914.522137298422,0.0
11868.116064660211,0.0
13435.4970953774,0.0
14008.689847581723,0.0
8555.403318795306,0.0
6379.752533167873,0.0
28604.716580013326,0.0
12131.335399189871,0.0
15767.790853572358,0.0
21098.92041526503,0.0
18536.65423344267,0.0
15989.170662263457,0.0
21719.15029667977,0.0
17364.365774523372,0.0
20674.00201136223,0.0
18158.67847136471,0.0
20070.32436176282,0.0
18617.473485060258,0.0
19721.6401513542,0.0
13041.896059960734,0.0
7845.229784339179,0.0
18190.03505849577,0.0
23387.833685665322,0.0
16096.166398894356,0.0
16349.006890925795,0.0
18365.430451327356,0.0
16071.223939842776,0.0
22427.68938252175,0.0
16890.42054189069,0.0
13007.696938445379,0.0
0.0,0.0
0.0,0.0
9741.74414184034,0.0
14938.696638437246,0.0
12892.186171985259,0.0
5808.853898559774,0.0
0.0,0.0
0.0,0.0
0.0,0.0
0.0,0.0
0.0,0.0
0.0,0.0
18600.90548449376,0.0
10276.708130406776,0.0
12425.366791260953,0.0
18167.009464175422,0.0
22482.675930453108,0.0
16784.086292855638,0.0
20533.126346061148,0.0
18265.743976993526,0.0
19988.95457748492,0.0
18679.314521111453,0.0
19674.6409639553,0.0
0.0,0.0
0.0,0.0
0.0,0.0
0.0,0.0
15420.612132658738,0.0
17316.232910964743,0.0
11475.585846575375,0.0
-2.2523343813766306e-13,0.0
0.0,0.0
1130.688413941454,0.0
5044.153241189218,0.0
12162.730468541893,0.0
24627.244843908164,0.0
15154.213918629794,0.0
22353.717421841357,0.0
16882.09475940057,0.0
21040.527982855565,0.0
17880.118733029776,0.0
20282.02976289737,0.0
18456.577380198003,0.0
19843.921191049518,0.0
18789.539894802365,0.0
19590.869679950207,0.0
18981.859043237848,0.0
19444.707127139234,0.0
19092.942583374184,0.0
19360.28363663562,0.0
14961.360870367693,0.0
17750.933846289638,0.0
21153.916183810805,0.0
17939.81891067194,0.0
16725.09747938464,0.0
20196.220616528182,0.0
18477.264084749557,0.0
19083.18742716685,0.0
19549.065230784116,0.0
19013.63042460407,0.0
1478.111348404234,0.0
0.0,0.0
1462.2747362646123,0.0
15172.29295560033,0.0
11652.900036800766,0.0
7348.285495186866,0.0
4618.6293172606065,0.0
1675.5918638983958,0.0
2061.7695886551824,0.0
0.0,0.0
0.0,0.0
8614.063546725187,0.0
0.0,0.0
0.0,0.0
0.0,0.0
17405.256593882186,0.0
9424.925064020534,0.0
7740.458494472209,0.0
1872.107020928326,0.0
0.0,0.0
0.0,0.0
3417.432142984795,0.0
0.0,0.0
0.0,0.0
0.0,0.0
0.0,0.0
0.0,0.0
0.0,0.0
0.0,0.0
0.0,0.0
0.0,0.0
0.0,0.0
0.0,0.0
9439.825732811127,0.0
8158.28559123401,0.0
0.0,0.0
0.0,0.0
0.0,0.0
19443.198980239926,0.0
20566.070587374998,0.0
2511.5246274865003,0.0
0.0,0.0
0.0,0.0
0.0,0.0
0.0,0.0
0.0,0.0
-2.815417976720968e-14,0.0
0.0,0.0
6912.135939924877,0.0
724.1575362083211,0.0
9130.422632401083,0.0
25234.928376731532,0.0
16889.458118420232,0.0
3713.9295015990483,0.0
-1.4305193156652438e-13,0.0
4682.1592806041845,0.0
11859.363800050241,0.0
17139.141627432797,0.0
20845.172363151072,0.0
18028.589004005185,0.0
0.0,0.0
0.0,0.0
0.0,0.0
12242.098081477814,0.0
9724.836520108685,0.0
0.0,0.0
0.0,0.0
0.0,0.0
0.0,0.0
0.0,0.0
0.0,0.0
0.0,0.0
0.0,0.0
0.0,0.0
0.0,0.0
9583.04744706559,0.0
6953.681750281369,0.0
0.0,0.0
0.0,0.0
0.0,0.0
0.0,0.0
0.0,0.0
3086.242555879858,0.0
0.0,0.0
0.0,0.0
0.0,0.0
0.0,0.0
12194.612527828898,0.0
10016.70487072354,0.0
2057.251894456773,0.0
0.0,0.0
0.0,0.0
0.0,0.0
0.0,0.0
0.0,0.0
0.0,0.0
0.0,0.0
0.0,0.0
0.0,0.0
9758.594218233078,0.0
6926.914182288761,0.0
0.0,0.0
0.0,0.0
0.0,0.0
0.0,0.0
0.0,0.0
0.0,0.0
0.0,0.0
0.0,0.0
0.0,0.0
0.0,0.0
9456.576350380383,0.0
8267.600713529902,0.0
1932.692737446122,0.0
0.0,0.0
0.0,0.0
0.0,0.0
14.080229443139734,0.0
0.0,0.0
0.0,0.0
0.0,0.0
0.0,0.0
0.0,0.0
0.0,0.0
13703.603864350445,0.0
0.0,0.0
0.0,0.0
1246.551835563138,0.0
0.0,0.0
0.0,0.0
5959.3244622441625,0.0
0.0,0.0
0.0,0.0
0.0,0.0
0.0,0.0
3043.0390680802357,0.0
753.9750056345385,0.0
15383.363544416501,0.0
7774.504148721384,0.0
0.0,0.0
4632.602867400373,0.0
5484.005838202197,0.0
0.0,0.0
0.0,0.0
0.0,0.0
0.0,0.0
0.0,0.0
4650.443935883467,0.0
3959.614860296886,0.0
0.0,0.0
0.0,0.0
0.0,0.0
0.0,0.0
2447.2418767267773,0.0
9580.70392684157,0.0
0.0,0.0
0.0,0.0
0.0,0.0
0.0,0.0
3014.461797687487,0.0
0.0,0.0
10664.240745563617,0.0
3443.1448445906303,0.0
2048.809929779415,0.0
1240.6163499453507,0.0
0.0,0.0
0.0,0.0
0.0,0.0
0.0,0.0
0.0,0.0
0.0,0.0
2313.2647693220583,0.0
0.0,0.0
0.0,0.0
2126.4312558665392,0.0
0.0,0.0
0.0,0.0
0.0,0.0
0.0,0.0
0.0,0.0
0.0,0.0
0.0,0.0
1527.3936119444902,0.0
9236.411446314316,0.0
4341.120829322555,0.0
0.0,0.0
4738.743232845121,0.0
8218.07935630888,0.0
9332.783094300197,0.0
0.0,0.0
0.0,0.0
0.0,0.0
0.0,0.0
0.0,0.0
0.0,0.0
7294.289311588298,0.0
2117.5642472849763,0.0
0.0,0.0
0.0,0.0
0.0,0.0
0.0,0.0
3.964395494713856e-13,0.0
0.0,0.0
0.0,0.0
11536.697657620702,0.0
25103.029780208268,0.0
14792.617367041714,0.0
22628.530801048295,0.0
16673.236591203295,0.0
21199.26019068549,0.0
17759.482255079027,0.0
20373.713486139935,0.0
18386.89775053365,0.0
19896.877709594424,0.0
18749.292940708234,0.0
19621.457365061735,0.0
18958.612402553073,0.0
19462.374574059664,0.0
19079.515323714655,0.0
19370.48835397686,0.0
19149.348850977593,0.0
19317.41487325703,0.0
19189.684696324653,0.0
19286.759630793258,0.0
19212.98268059712,0.0
19269.053162746186,0.0
19226.439596312895,0.0
19258.825906802194,0.0
14704.996141141151,0.0
0.0,0.0
6542.381157523694,0.0
14788.609386280013,0.0
23755.047980408657,0.0
16816.885417889473,0.0
10776.292500875405,0.0
11264.197135205326,0.0
13780.494923991773,0.0
14393.44857950158,0.0
9653.211112480905,0.0
7495.259341011631,0.0
0.0,0.0
0.0,0.0
5268.135149486904,0.0
14262.596367832994,0.0
14218.390192724324,0.0
1594.5552834536998,0.0
7355.30842142132,0.0
0.0,0.0
0.0,0.0
0.0,0.0
0.0,0.0
0.0,0.0
0.0,0.0
0.0,0.0
10594.565352843105,0.0
11897.245769720692,0.0
4688.331581087828,0.0
0.0,0.0
1937.5113566098764,0.0
9794.880144469586,0.0
22375.322887594615,0.0
16865.674605428092,0.0
21053.007299874647,0.0
17870.634452095266,0.0
20289.237816407596,0.0
18451.09925953023,0.0
19848.084562757027,0.0
18786.375732304656,0.0
19593.274443448463,0.0
18980.031422979166,0.0
19446.09611853583,0.0
19091.88694991277,0.0
19361.085918066296,0.0
19156.494702269614,0.0
19311.98402627509,0.0
19193.81214003093,0.0
19283.62277357649,0.0
19215.36669208187,0.0
19267.24131401778,0.0
19227.816601346487,0.0
19257.779382976678,0.0
19235.007668937727,0.0
13246.439190564977,0.0
8448.801533700454,0.0
6875.139510717436,0.0
14280.592027431345,0.0
24729.8860711833,0.0
13835.579586019305,0.0
0.0,0.0
0.0,0.0
9679.369879385249,0.0
10586.772967437548,0.0
14284.275322071348,0.0
7470.122219219263,0.0
1352.3095031272942,0.0
0.0,0.0
1656.1739136639094,0.0
4746.457939697826,0.0
6821.309233356891,0.0
916.9974875195595,0.0
0.0,0.0
0.0,0.0
0.0,0.0
11468.32678937515,0.0
2976.916090610153,0.0
8904.896262387369,0.0
5804.836738100957,0.0
4016.3510227236407,0.0
4340.545948041149,0.0
0.0,0.0
0.0,0.0
0.0,0.0
0.0,0.0
0.0,0.0
4338.81460070564,0.0
2638.4661929607205,0.0
1132.4835194512668,0.0
0.0,0.0
0.0,0.0
0.0,0.0
0.0,0.0
0.0,0.0
6894.009255533583,0.0
0.0,0.0
0.0,0.0
0.0,0.0
1606.181939521577,0.0
13275.135440978342,0.0
9868.92514630784,0.0
1082.7259484818042,0.0
0.0,0.0
0.0,0.0
0.0,0.0
0.0,0.0
0.0,0.0
0.0,0.0
0.0,0.0
0.0,0.0
3055.459203885706,0.0
10843.85640584118,0.0
7213.279743223265,0.0
0.0,0.0
0.0,0.0
0.0,0.0
0.0,0.0
0.0,0.0
0.0,0.0
0.0,0.0
0.0,0.0
0.0,0.0
4835.328822837648,0.0
11013.071906809799,0.0
6790.696708073239,0.0
0.0,0.0
0.0,0.0
0.0,0.0
0.0,0.0
0.0,0.0
0.0,0.0
0.0,0.0
0.0,0.0
0.0,0.0
0.0,0.0
6629.8250407369,0.0
0.0,0.0
0.0,0.0
0.0,0.0
0.0,0.0
0.0,0.0
0.0,0.0
0.0,0.0
0.0,0.0
0.0,0.0
0.0,0.0
4273.516050445875,0.0
8844.11028390093,0.0
9235.924197423135,0.0
1255.1116262273113,0.0
0.0,0.0
0.0,0.0
0.0,0.0
0.0,0.0
0.0,0.0
0.0,0.0
0.0,0.0
0.0,0.0
0.0,0.0
554.7816087964601,0.0
863.9427253641178,0.0
0.0,0.0
0.0,0.0
0.0,0.0
0.0,0.0
8075.86940570455,0.0
4642.969917831644,0.0
0.0,0.0
0.0,0.0
0.0,0.0
8637.064054626087,0.0
10545.849463043867,0.0
1405.8903342318488,0.0
4782.140582142768,0.0
0.0,0.0
734.757719849204,0.0
1493.5691238170004,0.0
3035.7566270844104,0.0
1587.3167832453664,0.0
0.0,0.0
0.0,0.0
0.0,0.0
0.0,0.0
0.0,0.0
0.0,0.0
0.0,0.0
0.0,0.0
0.0,0.0
0.0,0.0
0.0,0.0
0.0,0.0
0.0,0.0
0.0,0.0
0.0,0.0
282.93474503582314,0.0
3140.033287213602,0.0
0.0,0.0
0.0,0.0
0.0,0.0
0.0,0.0
0.0,0.0
0.0,0.0
0.0,0.0
0.0,0.0
0.0,0.0
0.0,0.0
637.84835943063,0.0
2616.1792175569885,0.0
0.0,0.0
0.0,0.0
0.0,0.0
0.0,0.0
0.0,0.0
0.0,0.0
0.0,0.0
0.0,0.0
0.0,0.0
0.0,0.0
2715.509030215733,0.0
7368.659068557996,0.0
5022.350321087121,0.0
0.0,0.0
0.0,0.0
0.0,0.0
0.0,0.0
0.0,0.0
0.0,0.0
0.0,0.0
0.0,0.0
0.0,0.0
2403.4574604899685,0.0
4299.2724539985475,0.0
1131.3073293633686,0.0
643.4647886896256,0.0
16039.265183180496,0.0
0.0,0.0
0.0,0.0
0.0,0.0
0.0,0.0
0.0,0.0
0.0,0.0
0.0,0.0
318.47665425353256,0.0
2245.584284598281,0.0
0.0,0.0
0.0,0.0
0.0,0.0
9.679489949520338,0.0
0.0,0.0
0.0,0.0
0.0,0.0
0.0,0.0
3892.57491159204,0.0
12175.74915825207,0.0
20201.37802361808,0.0
19923.49662980446,0.0
15933.48022762683,0.0
18099.53645744573,0.0
20115.272292341248,0.0
18583.313057820655,0.0
16673.231148984032,0.0
17152.0573929681,0.0
21983.76981085657,0.0
17163.254943749005,0.0
15772.876819385034,0.0
2263.0632391632826,0.0
10109.441019198759,0.0
19616.953338012667,0.0
22096.619993122997,0.0
13892.564252778946,0.0
15549.224661273316,0.0
22053.50925743228,0.0
17110.252964351468,0.0
20867.12774709288,0.0
18011.902912209414,0.0
20181.873786720837,0.0
18532.695922092167,0.0
6507.708124473799,0.0
9773.679934177282,0.0
16044.132031561798,0.0
20726.077421472626,0.0
17148.652391787436,0.0
10770.023799369155,0.0
5438.746640537401,0.0
0.0,0.0
737.4215814538176,0.0
1709.407868846504,0.0
0.0,0.0
0.0,0.0
0.0,0.0
0.0,0.0
0.0,0.0
0.0,0.0
4014.935189158437,0.0
0.0,0.0
0.0,0.0
0.0,0.0
5675.612931595987,0.0
6089.962871335384,0.0
742.846849130341,0.0
0.0,0.0
0.0,0.0
0.0,0.0
0.0,0.0
2854.766705898304,0.0
0.0,0.0
0.0,0.0
0.0,0.0
1000.1032002235874,0.0
2915.2097136532575,0.0
0.0,0.0
0.0,0.0
0.0,0.0
0.0,0.0
17414.856636675373,0.0
15307.019624379185,0.0
8956.11798997774,0.0
1807.1258708679602,0.0
0.0,0.0
3584.4831455042086,0.0
9248.191666138548,0.0
13517.912257224049,0.0
15269.084201294709,0.0
21866.77649301835,0.0
17252.169865306056,0.0
20759.2709023674,0.0
18093.874114200775,0.0
20119.57567320741,0.0
16118.734785305565,0.0
10997.81486863098,0.0
5727.517146658681,0.0
2484.3730295997057,0.0
899.3628723201477,0.0
3501.922590729514,0.0
7558.33666751026,0.0
9652.076062156098,0.0
0.0,0.0
0.0,0.0
0.0,0.0
18410.963168481194,0.0
0.0,0.0
13991.086369142497,0.0
11491.252187556502,0.0
0.0,0.0
0.0,0.0
0.0,0.0
0.0,0.0
0.0,0.0
0.0,0.0
0.0,0.0
18043.535310950352,0.0
679.7041140139959,0.0
-9.20713424260461e-14,0.0
0.0,0.0
0.0,0.0
0.0,0.0
3633.3522472473064,0.0
7514.5026559124435,0.0
5870.774851940126,0.0
6090.435024280045,0.0
0.0,0.0
0.0,0.0
0.0,0.0
0.0,0.0
0.0,0.0
0.0,0.0
0.0,0.0
0.0,0.0
0.0,0.0
0.0,0.0
421.11801429819417,0.0
0.0,0.0
0.0,0.0
0.0,0.0
0.0,0.0
13521.002327809922,0.0
17266.951055325124,0.0
8233.931137752177,0.0
0.0,0.0
0.0,0.0
0.0,0.0
0.0,0.0
6055.609967966892,0.0
0.0,0.0
0.0,0.0
0.0,0.0
7986.72435953087,0.0
12789.392426591621,0.0
0.0,0.0
2231.528607518528,0.0
2649.33853726146,0.0
0.0,0.0
149.29365481283432,0.0
1919.9002058568108,0.0
0.0,0.0
2191.2264281018925,0.0
8529.520195565517,0.0
1029.1635159004254,0.0
11194.602126165879,0.0
22815.57804895788,0.0
18785.836305434023,0.0
7017.595092124354,0.0
2426.1217764521193,0.0
4755.887511506711,0.0
9727.674208466453,0.0
11996.880966131206,0.0
11831.448454986155,0.0
12854.075693539444,0.0
18444.264452514268,0.0
6751.520946551057,0.0
13818.690956293984,0.0
18733.949546381496,0.0
21797.1633584569,0.0
17305.07584757276,0.0
17775.84803577524,0.0
20247.831738239118,0.0
18482.567878938273,0.0
19824.16841200691,0.0
18804.552006874746,0.0
19579.46047477519,0.0
18990.53003917085,0.0
19438.11717023015,0.0
19097.95095062508,0.0
19356.477277524937,0.0
19159.997269081054,0.0
19309.322075498396,0.0
19195.835222621223,0.0
19282.08523080787,0.0
19216.535224586023,0.0
19266.35322931462,0.0
19228.49154572089,0.0
19257.266425252124,0.0
19235.39751680839,0.0
19252.017887225622,0.0
19239.386405708523,0.0
19248.98633166152,0.0
19241.69038793725,0.0
13350.481766621686,0.0
4665.236379112102,0.0
746.5064264895916,0.0
1984.383597227541,0.0
9704.168341296832,0.0
21077.4996849265,0.0
21004.93240943555,0.0
13908.419799237454,0.0
6758.757748608952,0.0
21239.653083273402,0.0
20508.35339025746,0.0
6757.001217520892,0.0
0.0,0.0
913.5263466415452,0.0
7416.76154733044,0.0
15667.320389129674,0.0
21963.75650426145,0.0
17178.465056761295,0.0
20815.28655686141,0.0
18051.30221678533,0.0
20151.930315243146,0.0
16389.892241356953,0.0
9536.943515827954,0.0
6865.695811737126,0.0
4552.821401246222,0.0
1541.7514492653588,0.0
0.0,0.0
0.0,0.0
0.0,0.0
0.0,0.0
3611.559283739947,0.0
0.0,0.0
0.0,0.0
0.0,0.0
3576.25696792953,0.0
21265.489025345232,0.0
18813.73396350293,0.0
