DK,FR,DE,IB,LU,UK
0.0,2000.0,0.0,0.0,1015.9999999999999,0.0
0.0,2000.0,0.0,0.0,1016.0,0.0
0.0,2000.0,0.0,0.0,1016.0,0.0
0.0,2000.0,0.0,0.0,0.0,0.0
0.0,2000.0,0.0,0.0,1016.0,0.0
0.0,2000.0000000000002,0.0,0.0,1016.0,0.0
0.0,2000.0,0.0,0.0,1015.9999999999999,0.0
0.0,2000.0,0.0,0.0,1016.0,0.0
0.0,2000.0,0.0,0.0,1016.0000000000001,0.0
0.0,613.5516882964581,0.0,0.0,0.0,0.0
0.0,2000.0,0.0,0.0,1016.0,0.0
0.0,2000.0,0.0,0.0,1016.0,0.0
0.0,0.0,0.0,0.0,0.0,0.0
0.0,2000.0,0.0,0.0,1016.0000000000001,0.0
0.0,2000.0,0.0,0.0,1016.0,0.0
0.0,0.0,0.0,0.0,0.0,0.0
0.0,0.0,0.0,0.0,0.0,0.0
0.0,0.0,0.0,0.0,0.0,0.0
0.0,0.0,0.0,0.0,0.0,0.0
0.0,0.0,0.0,0.0,0.0,0.0
0.0,0.0,0.0,0.0,0.0,0.0
0.0,0.0,0.0,0.0,0.0,0.0
0.0,0.0,0.0,0.0,0.0,0.0
0.0,2000.0,0.0,0.0,0.0,0.0
0.0,2000.0,0.0,0.0,0.0,0.0
0.0,2000.0,0.0,0.0,0.0,0.0
0.0,2000.0,0.0,0.0,0.0,0.0
0.0,2000.0,0.0,0.0,0.0,0.0
0.0,2000.0,0.0,0.0,179.47228991401897,0.0
0.0,0.0,0.0,0.0,310.8805867972242,0.0
0.0,0.0,0.0,0.0,1016.0,0.0
0.0,0.0,0.0,0.0,1016.0,0.0
0.0,0.0,0.0,0.0,1016.0,0.0
0.0,0.0,0.0,0.0,1016.0,0.0
0.0,0.0,0.0,0.0,1016.0,0.0
0.0,0.0,0.0,0.0,0.0,0.0
0.0,666.188406455433,0.0,0.0,1016.0,0.0
0.0,1999.9999999999998,0.0,0.0,1016.0,0.0
0.0,2000.0,0.0,0.0,1016.0,0.0
0.0,2000.0,0.0,0.0,0.0,0.0
0.0,2000.0,0.0,0.0,1016.0,0.0
0.0,1726.7884165952962,0.0,0.0,1016.0,0.0
0.0,0.0,0.0,0.0,0.0,0.0
0.0,0.0,0.0,0.0,0.0,0.0
0.0,1999.9999999999998,0.0,0.0,1016.0,0.0
0.0,0.0,0.0,0.0,1016.0,0.0
0.0,2000.0,0.0,0.0,1016.0,0.0
0.0,907.1002135142713,0.0,0.0,0.0,0.0
0.0,0.0,0.0,0.0,0.0,0.0
0.0,0.0,0.0,0.0,1016.0,0.0
0.0,0.0,0.0,0.0,0.0,0.0
0.0,0.0,0.0,0.0,0.0,0.0
0.0,0.0,0.0,0.0,1016.0,0.0
0.0,0.0,0.0,0.0,1016.0,0.0
0.0,0.0,0.0,0.0,1016.0,0.0
0.0,812.7642971879523,0.0,0.0,1016.0000000000001,0.0
0.0,2000.0,0.0,0.0,1016.0,0.0
0.0,2000.0,0.0,0.0,1016.0,0.0
0.0,2000.0,0.0,0.0,1015.9999999999999,0.0
0.0,0.0,0.0,0.0,1016.0,0.0
0.0,1999.9999999999998,0.0,0.0,1016.0,0.0
0.0,0.0,0.0,0.0,0.0,0.0
0.0,2000.0,0.0,0.0,1016.0000000000001,0.0
0.0,2000.0,0.0,0.0,0.0,0.0
0.0,0.0,0.0,0.0,0.0,0.0
0.0,0.0,0.0,0.0,0.0,0.0
0.0,1999.9999999999998,0.0,0.0,98.22636118660259,0.0
0.0,0.0,0.0,0.0,0.0,0.0
0.0,2000.0,0.0,0.0,0.0,0.0
0.0,0.0,0.0,0.0,0.0,0.0
0.0,0.0,0.0,0.0,1016.0,0.0
0.0,0.0,0.0,0.0,1016.0,0.0
0.0,0.0,0.0,0.0,0.0,0.0
0.0,509.9852951486912,0.0,0.0,1016.0,0.0
0.0,2000.0,0.0,0.0,0.0,0.0
0.0,0.0,0.0,0.0,0.0,0.0
0.0,2000.0,0.0,0.0,1016.0,0.0
0.0,0.0,0.0,0.0,1016.0,0.0
0.0,0.0,0.0,0.0,0.0,0.0
0.0,0.0,0.0,0.0,0.0,0.0
0.0,0.0,0.0,0.0,1016.0,0.0
0.0,0.0,0.0,0.0,0.0,0.0
0.0,0.0,0.0,0.0,0.0,0.0
0.0,2000.0,0.0,0.0,0.0,0.0
0.0,2000.0,0.0,0.0,1016.0,0.0
0.0,2000.0,0.0,0.0,1016.0,0.0
0.0,0.0,0.0,0.0,0.0,0.0
0.0,0.0,0.0,0.0,1016.0,0.0
0.0,2000.0000000000002,0.0,0.0,1016.0,0.0
0.0,0.0,0.0,0.0,0.0,0.0
0.0,1466.8649814847909,0.0,0.0,668.0133949144122,0.0
0.0,2000.0,0.0,0.0,1016.0000000000001,0.0
0.0,2000.0,0.0,0.0,1016.0,0.0
0.0,2000.0,0.0,0.0,1016.0,0.0
0.0,2000.0,0.0,0.0,1016.0000000000001,0.0
0.0,2000.0,0.0,0.0,1015.9999999999999,0.0
0.0,1999.9999999999998,0.0,0.0,1016.0,0.0
0.0,1999.9999999999998,0.0,0.0,1016.0,0.0
0.0,2000.0000000000002,0.0,0.0,1016.0,0.0
0.0,0.0,0.0,0.0,1016.0,0.0
0.0,0.0,0.0,0.0,1016.0,0.0
0.0,0.0,0.0,0.0,0.0,0.0
0.0,0.0,0.0,0.0,0.0,0.0
0.0,0.0,0.0,0.0,1016.0,0.0
0.0,0.0,0.0,0.0,1015.9999999999999,0.0
0.0,927.6867837140802,0.0,0.0,1016.0000000000001,0.0
0.0,2000.0,0.0,0.0,198.02865764805958,0.0
0.0,2000.0,0.0,0.0,0.0,0.0
0.0,2000.0,0.0,0.0,1016.0,0.0
0.0,1999.9999999999998,0.0,0.0,103.74643809253298,0.0
0.0,791.8588000473003,0.0,0.0,1016.0,0.0
0.0,0.0,0.0,0.0,0.0,0.0
0.0,0.0,0.0,0.0,0.0,0.0
0.0,0.0,0.0,0.0,0.0,0.0
0.0,0.0,0.0,0.0,0.0,0.0
0.0,1999.9999999999998,0.0,0.0,0.0,0.0
0.0,2000.0,0.0,0.0,0.0,0.0
0.0,2000.0,0.0,0.0,0.0,0.0
0.0,989.7758227609055,0.0,0.0,0.0,0.0
0.0,954.5997634739844,0.0,0.0,0.0,0.0
0.0,0.0,0.0,0.0,0.0,0.0
0.0,2000.0,0.0,0.0,1016.0,0.0
0.0,0.0,0.0,0.0,1016.0,0.0
0.0,0.0,0.0,0.0,1016.0,0.0
0.0,0.0,0.0,0.0,0.0,0.0
0.0,0.0,0.0,0.0,0.0,0.0
0.0,0.0,0.0,0.0,1016.0,0.0
0.0,0.0,0.0,0.0,0.0,0.0
0.0,2000.0,0.0,0.0,1016.0000000000001,0.0
0.0,2000.0,0.0,0.0,1016.0,0.0
0.0,2000.0,0.0,0.0,1016.0,0.0
0.0,0.0,0.0,0.0,1016.0,0.0
0.0,2000.0,0.0,0.0,1016.0000000000001,0.0
0.0,2000.0,0.0,0.0,1016.0,0.0
0.0,2000.0,0.0,0.0,663.1573055656539,0.0
0.0,2000.0,0.0,0.0,1016.0,0.0
0.0,2000.0,0.0,0.0,1016.0,0.0
0.0,2000.0,0.0,0.0,1016.0,0.0
0.0,1458.215375016348,0.0,0.0,1016.0,0.0
0.0,1999.9999999999998,0.0,0.0,1015.9999999999999,0.0
0.0,0.0,0.0,0.0,0.0,0.0
0.0,2000.0,0.0,0.0,0.0,0.0
0.0,0.0,0.0,0.0,0.0,0.0
0.0,893.6862641492606,0.0,0.0,1016.0,0.0
0.0,0.0,0.0,0.0,507.5545468648362,0.0
0.0,0.0,0.0,0.0,1016.0,0.0
0.0,0.0,0.0,0.0,1016.0000000000001,0.0
0.0,0.0,0.0,0.0,1016.0,0.0
0.0,0.0,0.0,0.0,165.99684935618188,0.0
0.0,0.0,0.0,0.0,0.0,0.0
0.0,0.0,0.0,0.0,0.0,0.0
0.0,0.0,0.0,0.0,0.0,0.0
0.0,0.0,0.0,0.0,1016.0,0.0
0.0,1900.8940945951379,0.0,0.0,0.0,0.0
0.0,0.0,0.0,0.0,1016.0000000000001,0.0
0.0,2000.0,0.0,0.0,1016.0,0.0
0.0,0.0,0.0,0.0,1016.0,0.0
0.0,0.0,0.0,0.0,1016.0,0.0
0.0,0.0,0.0,0.0,1016.0000000000001,0.0
0.0,0.0,0.0,0.0,0.0,0.0
0.0,0.0,0.0,0.0,0.0,0.0
0.0,0.0,0.0,0.0,0.0,0.0
0.0,0.0,0.0,0.0,0.0,0.0
0.0,2000.0,0.0,0.0,0.0,0.0
0.0,2000.0000000000002,0.0,0.0,0.0,0.0
0.0,2000.0,0.0,0.0,1016.0,0.0
0.0,0.0,0.0,0.0,1016.0,0.0
0.0,319.11492867251457,0.0,0.0,1016.0000000000001,0.0
