Lignite,Coal,Gas,WindOnshore,WindOffshore,PVGround,PVRoof
452.64685452601486,0.0,0.0,17634.35314547399,0.0,0.0,0.0
0.0,0.0,0.0,17884.0,0.0,0.0,0.0
0.0,0.0,0.0,21524.000000000004,0.0,0.0,0.0
0.0,0.0,0.0,23320.0,0.0,0.0,0.0
0.0,0.0,0.0,22882.166049961645,0.0,332.833950038355,0.0
452.64685452601486,0.0,0.0,20400.19113,4048.7468203581657,2338.158499019444,0.0
452.6468545260149,0.0,1293.056790971322,20458.756272000006,3872.4166205708975,5916.12346193176,0.0
0.0,0.0,0.0,21922.884822000004,4160.023160029744,8651.092017970257,0.0
452.64685452601486,0.0,0.0,22703.753382000003,4394.559445183683,8250.040318290297,0.0
452.64685452601486,0.0,0.0,22898.970522000003,4514.3955032915355,3836.9871201824412,0.0
452.6468545260149,0.0,0.0,22606.144812,4531.514940164087,7574.693393309895,0.0
452.6468545260149,0.0,0.0,22410.927672,4528.091052789577,4766.33442068441,0.0
452.6468545260149,0.0,0.0,22410.927672,4584.585194468993,4337.840279004987,0.0
452.6468545260149,0.0,0.0,22723.275096,4533.226883851341,7405.851165622646,0.0
452.6468545260149,0.0,0.0,23640.795653999998,4425.374431554274,2254.183059919707,0.0
452.64685452601486,0.0,0.0,25592.967053999997,4228.500907519945,2344.8851839540375,0.0
452.6468545260149,0.0,0.0,27798.920736000004,4242.196457017985,6949.235952455991,0.0
452.6468545260149,0.0,0.0,28677.397866,4644.503223522919,4892.659065563817,0.0
452.6468545260149,0.0,0.0,27467.051598000002,5168.357991822961,2396.4044402761565,0.0
452.646854526015,0.0,0.0,25632.010482,5901.069889968119,723.9138413334222,0.0
452.6468545260149,0.0,0.0,26237.183616,6743.346184097597,0.0,0.0
0.0,0.0,0.0,28286.963586,3992.0364139999992,0.0,0.0
0.0,0.0,0.0,27866.0,0.0,0.0,0.0
452.64685452601486,0.0,0.0,19498.484545067367,0.0,0.0,0.0
0.0,0.0,0.0,22884.0,0.0,0.0,0.0
0.0,0.0,0.0,24592.0,0.0,0.0,0.0
452.6468545260149,0.0,0.0,20819.353145473982,0.0,0.0,0.0
0.0,0.0,0.0,21838.0,0.0,0.0,0.0
0.0,0.0,0.0,24466.201762189303,0.0,0.0,0.0
0.0,0.0,0.0,29457.0,0.0,0.0,0.0
0.0,0.0,0.0,32913.609804,2547.390196000001,0.0,0.0
0.0,0.0,0.0,37227.90859800001,0.0,0.0,0.0
0.0,0.0,0.0,38558.0,0.0,0.0,0.0
0.0,0.0,0.0,38377.99999999999,0.0,0.0,0.0
0.0,0.0,0.0,38244.0,0.0,0.0,0.0
0.0,0.0,0.0,37592.99999999999,0.0,0.0,0.0
0.0,0.0,0.0,36395.0,0.0,0.0,0.0
452.6468545260149,0.0,0.0,34939.35314547398,0.0,0.0,0.0
452.6468545260149,0.0,0.0,32347.35314547399,0.0,0.0,0.0
0.0,0.0,0.0,33138.0,0.0,0.0,0.0
452.6468545260149,0.0,0.0,36701.35314547398,0.0,0.0,0.0
0.0,0.0,0.0,36121.99999999999,0.0,0.0,0.0
0.0,0.0,0.0,36310.388040000005,0.0,207.6119600000037,0.0
341.0809535247983,0.0,0.0,34514.390352,0.0,869.5286944752023,0.0
0.0,0.0,0.0,35079.358302498076,0.0,16.64169750191775,0.0
0.0,0.0,0.0,33039.0,0.0,0.0,0.0
452.6468545260149,0.0,0.0,25446.25769848681,0.0,0.0,0.0
452.6468545260149,0.0,0.0,19614.353145473982,0.0,0.0,0.0
0.0,0.0,0.0,25717.053077293545,0.0,0.0,0.0
0.0,0.0,0.0,23432.0,0.0,0.0,0.0
0.0,0.0,0.0,25089.0,0.0,0.0,0.0
0.0,0.0,0.0,23573.925840489457,0.0,0.0,0.0
0.0,0.0,0.0,23068.04583597611,0.0,386.9194669195877,0.0
452.64685452601486,0.0,0.0,27232.79103,81.72446520549876,2329.837650268485,0.0
0.0,0.0,0.0,29536.353281999996,5476.507855528869,369.1388624711374,0.0
0.0,0.0,0.0,30649.09098,5330.99264211219,0.0,0.0
452.64685452601486,0.0,0.0,29224.005858,5397.758445915137,0.0,0.0
452.6468545260149,0.0,0.0,27174.225888,5360.095684795526,0.0,0.0
452.64685452601486,0.0,0.0,26295.748757999998,5555.257265142601,0.0,0.0
452.6468545260149,0.0,0.0,26217.661902000003,6072.264258693623,0.0,0.0
0.0,0.0,0.0,25905.314478000004,6385.549953461294,1067.1355685387027,0.0
452.6468545260149,0.0,0.0,25183.011060000004,6399.245502959335,0.0,0.0
452.64685452601486,0.0,0.0,23679.839082000002,6228.051134233831,3621.4629292401587,0.0
0.0,0.0,0.0,22059.536819999998,5952.428200585769,6441.03497941423,0.0
452.6468545260149,0.0,0.0,20771.103696,5556.969208829855,8512.228272230928,0.0
452.6468545260149,0.0,796.9380021471987,19619.322570000004,4940.669481418042,5716.423091908747,0.0
452.6468545260149,0.0,4857.879453693236,18740.845440000005,4411.678882056234,3032.94936972451,0.0
452.6468545260149,0.0,5900.984646062273,19580.279141999996,3961.43769230816,898.6516651035586,0.0
452.6468545260149,0.0,4010.946317865969,22352.36253,3646.440053853232,41.60424375479437,0.0
452.6468545260149,0.0,0.0,25534.401911999998,3560.8428694904806,0.0,0.0
452.64685452601486,0.0,0.0,29145.919001999995,1230.4341434739842,0.0,0.0
0.0,0.0,0.0,27781.000000000007,0.0,0.0,0.0
452.6468545260149,0.0,0.0,20585.353145473986,0.0,0.0,0.0
452.6468545260149,0.0,0.0,20179.353145473982,0.0,0.0,0.0
452.6468545260149,0.0,0.0,23670.353145473986,0.0,0.0,0.0
452.6468545260149,0.0,0.0,23101.353145473982,0.0,0.0,0.0
452.64685452601486,0.0,0.0,24695.353145473986,0.0,0.0,0.0
0.0,0.0,0.0,30583.999999999993,0.0,0.0,0.0
452.6468545260149,0.0,0.0,31024.610957121764,3216.7421883522175,0.0,0.0
0.0,0.0,0.0,31781.056403829152,3173.943596170841,0.0,0.0
452.646854526015,0.0,0.0,26937.49152024922,3233.8616252247684,0.0,0.0
452.6468545260149,0.0,0.0,5169.490178859195,3381.0887823287007,20922.77418428609,0.0
0.0,0.0,0.0,31951.147775413418,3762.8522245865747,0.0,0.0
452.64685452601486,0.0,0.0,0.0,4397.983332558195,24725.4020634743,0.0
452.6468545260149,0.0,0.0,34241.35314547398,0.0,0.0,0.0
0.0,0.0,0.0,31270.0,0.0,0.0,0.0
0.0,0.0,0.0,30413.000000000004,0.0,0.0,0.0
452.6468545260149,0.0,0.0,23858.634527030394,5635.718618443587,0.0,0.0
0.0,0.0,0.0,33998.0,0.0,0.0,0.0
0.0,0.0,0.0,37138.03231618077,0.0,0.0,0.0
0.0,0.0,0.0,35275.0,0.0,0.0,0.0
0.0,0.0,0.0,35454.69602800754,0.0,1019.3039719924623,0.0
0.0,0.0,0.0,35850.00000000001,0.0,0.0,0.0
0.0,0.0,0.0,34146.00000000001,0.0,0.0,0.0
0.0,0.0,0.0,30055.0,0.0,0.0,0.0
0.0,0.0,0.0,25705.08868637115,0.0,0.0,0.0
0.0,0.0,0.0,24753.533352,1502.466648000001,0.0,0.0
452.64685452601486,0.0,0.0,19296.353145473986,0.0,0.0,0.0
452.6468545260149,0.0,0.0,19716.931140000004,3963.1496359954144,0.0,0.0
452.6468545260149,0.0,0.0,18096.628878,3747.4447314012796,0.0,0.0
0.0,0.0,0.0,16495.848330000004,3512.9084462473384,499.25092505753247,0.0
452.6468545260149,0.0,5717.735016444354,13509.026087999999,3119.16139817868,3045.430642850949,0.0
452.64685452601486,0.0,9999.733052091206,12650.070671999998,2935.9834236423917,7509.565997740385,0.0
452.6468545260149,0.0,3278.5532249893336,11869.202112,2896.6087188355255,13225.98908964913,0.0
452.6468545260149,0.0,0.0,11029.76841,2894.8967751482705,18414.03828587199,0.0
0.0,0.0,0.0,9936.552426,2807.5876470982635,22541.179266347586,0.0
452.6468545260149,0.0,0.0,3248.184071216892,2622.69772887472,25012.47134538238,0.0
452.6468545260149,0.0,0.0,7223.034180000002,2456.6391912109802,22613.679774263004,0.0
452.6468545260149,0.0,0.0,2987.1420995121566,2359.0584010374428,25861.197917980182,0.0
452.6468545260149,0.0,0.0,1645.9267682891946,2302.564259358027,24529.862117826764,0.0
452.6468545260149,0.0,0.0,5485.601634000001,2357.3464573501883,21422.025109343624,0.0
452.6468545260149,0.0,3836.116005608813,5485.601634000001,2365.906175786463,16953.72933007871,0.0
452.6468545260149,0.0,8426.149880314664,6129.818196000001,2448.079472774705,12015.305596384616,0.0
452.6468545260149,0.0,11321.039436272671,7535.381603999999,2609.0021793766787,7155.929925824632,0.0
452.6468545260149,0.0,15708.393253417973,9526.596432,2727.1262937972765,3378.264592889303,0.0
452.64685452601486,0.0,11104.550916384189,12122.984394000001,2797.3159849747326,998.501850115065,0.0
452.6468545260149,0.0,8737.619652603315,14953.632924,2691.175476364921,49.925092505753234,0.0
452.6468545260149,0.0,7598.667945498309,15519.762630000001,2353.922569975678,0.0,0.0
452.64685452601486,0.0,5946.402950949315,14309.416362,2011.5338325246707,0.0,0.0
452.6468545260149,0.0,4701.2414140954215,12942.896381999997,1722.2153493785688,0.0,0.0
452.6468545260149,0.0,4401.358326434653,12337.723248000002,1472.2715710393331,0.0,0.0
452.6468545260149,0.0,3400.373767102313,12474.375246,1333.604132371675,0.0,0.0
452.6468545260149,0.0,1498.2450936042717,13762.808369999999,1347.2996818697154,0.0,0.0
452.6468545260149,0.0,0.0,15851.631768,1504.798501097179,0.0,0.0
452.6468545260149,0.0,0.0,17784.281454,1684.5525882589584,490.93007630657354,0.0
452.6468545260149,0.0,0.0,17589.064314,1723.9272930658237,2866.5323947053325,0.0
0.0,0.0,0.0,19404.583716000005,1727.3511804403342,4588.065103559665,0.0
452.6468545260149,0.0,0.0,22684.231668,1723.9272930658237,0.0,0.0
452.6468545260149,0.0,0.0,24421.664214,1693.112306695233,0.0,0.0
452.6468545260149,0.0,0.0,25514.880198,1641.753996077582,0.0,0.0
0.0,0.0,0.0,26998.530462,1593.819572834441,0.0,0.0
0.0,0.0,0.0,23677.28346984889,1564.7165301511054,0.0,0.0
452.6468545260149,0.0,0.0,19453.87329470807,1528.7657127187497,0.0,0.0
452.6468545260149,0.0,0.0,18482.9621375621,1489.3910079118837,0.0,0.0
0.0,0.0,0.0,26306.000000000004,0.0,0.0,0.0
0.0,0.0,0.0,19865.733106508713,1371.266893491286,0.0,0.0
452.6468545260149,0.0,0.0,22976.373763211643,1268.5502722559834,0.0,0.0
452.6468545260149,0.0,0.0,27213.269316,1153.850045209896,1228.2337842640861,0.0
452.6468545260149,0.0,0.0,22547.57967,1116.1872840902852,2658.5111759313604,0.0
452.6468545260149,0.0,5155.643754009945,20439.234558,1136.7306083373458,728.0742657089016,0.0
452.6468545260149,0.0,815.4812385651181,21708.145968,1087.0842414069496,16.64169750191775,0.0
452.6468545260149,0.0,0.0,22918.492236000002,886.78682999811,0.0,0.0
452.6468545260149,0.0,0.0,22762.318524000006,753.2552223922171,0.0,0.0
452.6468545260149,0.0,0.0,21922.884822000004,688.2013622765257,0.0,0.0
452.6468545260149,0.0,0.0,20614.929984000006,665.94609434221,0.0,0.0
452.6468545260149,0.0,0.0,18857.975724000004,660.8102632804449,0.0,0.0
452.64685452601486,0.0,0.0,16944.847752000005,691.6252496510356,0.0,0.0
452.646854526015,0.0,0.0,15500.240916,789.2060398245728,0.0,0.0
452.6468545260149,0.0,2925.4220483787876,14719.372355999998,943.2809716775263,370.2777694176699,0.0
452.64685452601486,0.0,4066.1014572240783,12552.462102,1013.470662854983,2342.318923394924,0.0
452.6468545260149,0.0,872.5524275733612,11361.637547999999,1044.2856492255735,5857.877520675049,0.0
452.6468545260149,0.0,0.0,12064.419252,1206.920299514802,10546.675791840375,0.0
0.0,0.0,0.0,12493.89696,1424.3371477961923,11018.765892203806,0.0
452.6468545260149,0.0,0.0,12845.287812,1547.597093278555,11047.468240195432,0.0
452.6468545260149,0.0,0.0,13274.76552,1592.107629147186,10941.444576119986,0.0
452.6468545260149,0.0,0.0,1166.1223737232879,1616.0748407687565,22553.660539474033,0.0
452.64685452601486,0.0,0.0,14524.155216000003,1689.6884193207231,6749.509510153259,0.0
452.6468545260149,0.0,0.0,15461.197488000002,1836.9155764246564,5028.240081049323,0.0
452.6468545260149,0.0,0.0,17218.151748,2066.3160305168312,5046.8853669571545,0.0
452.6468545260149,0.0,0.0,20126.887134,2437.807810651175,3148.658200822808,0.0
0.0,0.0,0.0,23679.839082000002,2947.967029453176,1480.219691683201,0.0
452.6468545260149,0.0,0.0,27096.139032,3579.674250050286,204.53986342370433,0.0
0.0,0.0,0.0,28853.093292,3211.906708000009,0.0,0.0
0.0,0.0,0.0,28775.006436,2040.5079488580839,1231.4856151419135,0.0
0.0,0.0,0.0,30980.960118000003,1097.0398819999943,0.0,0.0
0.0,0.0,0.0,31273.785828,77.21417200000373,0.0,0.0
452.6468545260149,0.0,0.0,23495.353145473982,0.0,0.0,0.0
452.6468545260149,0.0,0.0,17303.592246929577,3620.7608985444067,0.0,0.0
