Price
-327.79913333333326
-327.7991333333332
-327.79913333333326
-327.79913333333326
-327.7991333333332
-327.79913333333326
-327.79913333333326
-327.79913333333326
-327.7991333333332
-312.7428494623655
-300.6006850502947
-290.80861697604416
-282.9117878839066
-276.5433773257311
-276.5433773257311
-250.0083333333334
-250.0083333333334
-250.00833333333344
-250.0083333333334
-250.0083333333334
-250.0083333333334
-250.00833333333338
-250.0083333333334
-292.3522181671253
-305.72397127253333
-323.3183832533333
-327.79913333333326
-312.7428494623655
-300.60068505029477
-300.60068505029477
-327.7991333333332
74.12
74.12
74.11999999999999
74.12
74.11999999999999
74.12
74.12
74.12
74.12
74.12
52.379999999999995
-3.6707999999999994
-3.6707999999999994
-3.6707999999999994
74.12
74.12
74.12
-3.6707999999999994
-3.6707999999999994
-3.670799999999999
74.12
74.12000000000002
-3.6707999999999994
-3.670799999999999
-3.6707999999999994
74.12
74.12
74.12
74.11999999999999
74.12
74.11999999999999
74.12
74.11999999999999
74.11999999999999
-3.670799999999997
-3.6707999999999976
-3.670799999999997
74.11999999999999
74.12
74.12
74.12
74.12
74.12
74.12
74.11999999999999
74.12
-317.1997454814191
-327.79913333333326
-327.7991333333332
-327.7991333333332
-327.79913333333326
-327.79913333333326
-327.79913333333326
-327.79913333333326
-327.79913333333326
-327.79913333333326
-327.7991333333332
-327.7991333333332
-327.79913333333326
-327.79913333333326
-327.79913333333326
-327.79913333333326
-327.7991333333332
-327.79913333333326
-327.7991333333332
-327.79913333333326
-327.79913333333326
-327.79913333333326
-327.79913333333326
-327.79913333333326
-327.79913333333326
-327.79913333333326
-327.79913333333326
-327.7991333333332
74.12
74.12
74.12
-3.6707999999999976
-3.6707999999999976
74.12
74.12
74.12
-3.6707999999999976
-3.6707999999999976
74.12
74.12
74.12
74.11999999999999
74.12
74.11999999999999
74.12
74.12
74.12
74.12000000000002
-3.6707999999999954
-3.670799999999996
-3.670799999999996
74.11999999999999
74.12
74.12
-301.1672609472108
-317.32271177264585
-327.79913333333326
-327.79913333333326
-327.7991333333332
-327.7991333333332
-327.79913333333326
-327.7991333333332
-327.7991333333332
-327.7991333333332
-327.79913333333326
-327.79913333333326
-327.79913333333326
-327.79913333333326
-327.79913333333326
-327.79913333333326
-327.79913333333326
-322.5171365704399
-327.79913333333326
-327.79913333333326
-327.79913333333326
-327.7991333333332
-327.79913333333326
-327.79913333333326
-327.7991333333332
-327.7991333333332
-327.7991333333332
-327.7991333333332
-327.7991333333332
-327.7991333333332
-327.79913333333326
-327.79913333333326
-327.7991333333332
-327.79913333333326
-327.7991333333332
-327.79913333333326
-327.7991333333332
-312.7428494623655
-300.60068505029477
-290.8086169760441
-282.9117878839066
-276.5433773257311
-276.06907737369653
-277.15863478529496
-271.9037377300766
-271.9037377300766
-278.8180759606271
-287.91588942187775
-299.8866966077339
-315.6377586943867
-327.79913333333326
-327.79913333333326
-327.79913333333326
-327.7991333333332
-327.7991333333332
-327.79913333333326
-327.7991333333332
-327.7991333333332
74.12
74.12
74.12
74.12
74.12
74.12
74.12
74.12
74.12
74.12
74.11999999999999
74.12
74.12
74.12
74.12
74.11999999999999
74.12
74.11999999999999
74.12000000000002
74.12
74.12
-3.6707999999999976
-3.6707999999999976
74.12
74.12
74.12
74.12
74.12
-3.6707999999999976
-3.6707999999999976
74.12
74.12
-3.670799999999997
-3.6707999999999976
-3.6707999999999976
74.12
74.12
74.12
74.12000000000002
-305.7239712725333
-323.31838325333325
-327.7991333333332
-312.7428494623655
-302.13888940744937
-304.6485912533332
-327.79913333333326
-327.7991333333332
74.12
74.12
74.12
74.12
74.12
74.12000000000002
74.11999999999999
176.4763157894737
176.48273634804934
74.12
74.12
74.12
176.94076591791895
176.94076591791895
176.94076591791895
74.47298209761841
74.47298209761841
74.12
74.12000000000002
74.12
74.12
74.11999999999999
74.12000000000002
74.12
21585.813872136267
21585.813872136267
21585.81387213627
21585.81387213627
74.12
74.11999999999999
74.12
74.11999999999999
74.11999999999999
74.12
74.12000000000002
74.12
74.12
176.4763157894737
176.4763157894737
176.4763157894737
74.12
74.12
74.12
74.12
74.12
-250.00833333333333
-250.00833333333335
-250.00833333333344
-250.0083333333334
-250.00833333333344
-250.00833333333344
-250.00833333333344
-270.8684936284028
-277.45591266895104
-286.1235693012514
-297.52838065954126
-312.53471139413324
-327.79913333333326
-327.79913333333326
-312.7428494623655
-300.60068505029477
-290.8086169760442
-285.1518895471215
-288.80679226078803
-301.0589371852474
-317.1801805069044
-327.79913333333326
-327.7991333333332
-327.79913333333326
-327.79913333333326
-327.79913333333326
-327.7991333333332
-327.7991333333332
-327.79913333333326
-327.7991333333332
-327.79913333333326
-327.79913333333326
-327.79913333333326
-327.79913333333326
-327.79913333333326
-327.79913333333326
-327.79913333333326
-327.79913333333326
-327.79913333333326
-327.79913333333326
-327.79913333333326
-327.79913333333326
-327.79913333333326
-327.79913333333326
-327.79913333333326
-312.7428494623655
-307.1166095965394
-317.7478549088331
-327.79913333333326
-327.79913333333326
-327.7991333333332
-289.91321040069886
-282.1896858070153
-282.1896858070152
-292.35221816712533
-305.7239712725333
-323.3183832533333
-327.79913333333326
-314.2363077291696
-316.67300279606053
-327.79913333333326
-327.79913333333326
-327.79913333333326
-327.79913333333326
-327.79913333333326
-327.79913333333326
-327.79913333333326
-327.79913333333326
-327.79913333333326
-327.79913333333326
-315.7780814293742
-320.73030200712526
-327.79913333333326
-327.79913333333326
-327.79913333333326
-312.7428494623655
-300.60068505029477
-290.8086169760441
-282.9117878839065
-276.54337732573106
-271.40756235946054
-271.40756235946054
-278.1652136308691
-287.0568600406173
-320.30727155924257
-327.79913333333326
-327.79913333333326
-267.5256166488572
-264.13517471682036
-261.4009473522745
-261.4009473522745
-264.99861493720323
-269.7323880752674
-275.9610369411413
-284.15662755413325
-294.9402994133332
-309.12934133333323
-327.79913333333326
-327.7991333333332
74.12
74.12
74.12
74.12
74.12
74.12
74.12
74.12
74.12
-3.6707999999999976
-3.6707999999999976
-3.670799999999998
74.11999999999999
74.12
74.12
74.12
-3.670799999999999
-3.6707999999999994
74.12
74.12
74.12
74.12
-3.6707999999999985
74.12
74.12
74.12
74.12
74.12
-3.670799999999999
-3.670799999999999
74.12
74.12
74.12
74.12
-317.15797641293096
-327.7991333333332
-327.79913333333326
-327.79913333333326
-327.79913333333326
-327.79913333333326
-327.79913333333326
-327.79913333333326
-327.79913333333326
-327.79913333333326
-327.79913333333326
-327.79913333333326
-327.79913333333326
-327.79913333333326
-327.79913333333326
-327.79913333333326
-327.79913333333326
-327.79913333333326
-327.7991333333332
-327.79913333333326
-327.79913333333326
-316.7615523029333
-323.3183832533333
-327.7991333333332
-327.79913333333326
-327.79913333333326
-3.670799999999997
74.11999999999999
74.12
74.12
74.12000000000002
74.12
74.12
74.12
74.12
74.12
74.12
74.12
74.12
74.12
74.12
74.12
74.12
74.12
74.12
74.12
74.12
74.12
-3.670799999999996
-3.6707999999999963
74.12
74.12
74.11999999999999
74.12
-271.5247081958938
-278.31935288933397
-287.25967485438673
-299.02325638735095
-314.50165314125127
-327.79913333333326
-327.79913333333326
-327.79913333333326
-327.79913333333326
-312.7428494623654
-300.60068505029477
-290.80861697604416
-282.9117878839066
-276.54337732573117
-271.40756235946066
-268.2657340622884
-269.8972444277845
-276.17795319445327
-284.44204367691225
-286.54665076073024
-279.47471835542757
-279.4747183554276
-288.7798925729311
-301.0235428591198
-317.1336090251576
-327.79913333333326
-327.79913333333326
-327.79913333333326
-327.79913333333326
-327.79913333333326
-327.79913333333326
-327.79913333333326
-327.79913333333326
-327.79913333333326
-327.79913333333326
-327.79913333333326
-327.79913333333326
-327.79913333333326
-327.7991333333332
-327.79913333333326
-327.79913333333326
-327.79913333333326
-327.79913333333326
-324.6039808565817
-260.7447327847835
-258.6667199877286
-258.66671998772864
-261.40094735227444
-264.9986149372033
-269.7323880752674
-275.96103694114134
-284.1566275541333
-294.94029941333326
-309.1293413333333
-327.79913333333326
-327.79913333333326
-3.6707999999999954
74.12
74.12
74.12
74.12
74.12
74.12
74.12
74.12
-323.31838325333325
-327.79913333333326
-312.7428494623654
-300.6006850502947
-290.80861697604416
-284.81334646833557
-287.91588942187775
-299.8866966077338
-315.63775869438666
-327.79913333333326
-327.79913333333326
-327.79913333333326
-327.79913333333326
-327.79913333333326
-327.7991333333332
-312.7428494623655
-300.60068505029477
-290.8086169760441
-282.9117878839066
-276.54337732573106
-271.4075623594606
-267.2657760963392
-263.92562588414455
-261.2319563581811
-259.05964222433954
-257.30777598737063
-257.3077759873706
-250.00833333333347
-250.00833333333347
-250.00833333333347
-250.00833333333347
-268.596282522132
-274.4661612133316
-282.1896858070152
-292.3522181671252
-305.7239712725333
-323.31838325333325
-327.79913333333326
-327.79913333333326
-327.79913333333326
74.12
74.12
74.12
74.12
74.12
74.12
74.12000000000002
74.12
74.12
-3.670799999999997
74.11999999999999
74.12000000000002
74.12
74.12
74.12
74.11999999999999
74.12
-287.2596748543868
-299.02325638735107
-314.5016531412513
-327.79913333333326
-327.79913333333326
-327.79913333333326
-327.79913333333326
-312.7428494623655
-300.6006850502947
-290.80861697604416
-282.9117878839066
-277.3092496222281
-278.5588307375653
-287.5747772862702
-299.4378648503555
-315.047190592573
-327.7991333333332
-327.79913333333326
-298.12638404535613
-288.8132129398033
-288.81321293980335
-301.06738544710964
-317.1912966409337
-327.7991333333332
-327.79913333333326
-327.79913333333326
-327.79913333333326
-327.79913333333326
-327.7991333333332
-327.7991333333332
-327.7991333333332
-327.79913333333326
-327.79913333333326
-327.79913333333326
-327.79913333333326
-327.7991333333332
-327.79913333333326
-327.79913333333326
-327.79913333333326
-327.79913333333326
-327.79913333333326
-327.79913333333326
-327.79913333333326
-327.7991333333332
-327.7991333333332
-327.79913333333326
-327.7991333333332
-327.79913333333326
-327.79913333333326
-327.7991333333332
-327.79913333333326
-327.79913333333326
-327.79913333333326
-327.7991333333332
-327.7991333333332
-327.7991333333332
-327.7991333333332
-327.7991333333332
-327.7991333333332
-327.7991333333332
-327.79913333333326
-327.79913333333326
-327.79913333333326
-327.79913333333326
-327.79913333333326
-327.79913333333326
-327.7991333333332
-327.79913333333326
-327.79913333333326
-327.7991333333332
-327.7991333333332
-327.79913333333326
-327.79913333333326
-327.7991333333332
-327.79913333333326
-327.7991333333332
-327.79913333333326
-327.79913333333326
-327.79913333333326
-327.7991333333332
-327.7991333333332
-327.79913333333326
-327.79913333333326
-327.79913333333326
-327.7991333333332
-316.76155230293324
-323.3183832533332
-327.7991333333332
-327.79913333333326
-327.79913333333326
74.12
74.12
74.12
74.12
-288.75552518515775
-300.9914805067865
-317.09142171945587
-327.7991333333332
-327.79913333333326
-327.79913333333326
-327.79913333333326
-327.79913333333326
-327.79913333333326
-327.7991333333332
-327.7991333333332
-327.7991333333332
-327.7991333333332
-327.79913333333326
-327.79913333333326
-327.7991333333332
-327.79913333333326
-327.7991333333332
-327.7991333333332
-312.74284946236554
-300.6006850502947
-290.80861697604416
-290.8086169760442
-303.6929170737423
-319.5089647885073
-327.79913333333326
-327.79913333333326
-327.7991333333332
-327.79913333333326
-327.79913333333326
-327.79913333333326
-327.79913333333326
-319.4439807701802
-278.0834427525301
-272.64955060687913
-272.6495506068792
-279.799408693262
-289.2071167016605
-301.585679870606
-317.87326298763946
-327.79913333333326
-327.7991333333332
-327.79913333333326
-327.79913333333326
-327.79913333333326
-327.79913333333326
-327.79913333333326
-327.79913333333326
-327.7991333333332
-312.7428494623655
-300.60068505029477
-299.064532854918
-312.5347113941332
-327.79913333333326
-327.7991333333332
-327.79913333333326
-250.0083333333333
-250.00833333333333
-250.0083333333333
-250.0083333333333
-250.0083333333333
-250.00833333333333
-250.00833333333333
-250.00833333333333
-250.00833333333333
-323.3183832533333
-327.79913333333326
-327.79913333333326
-327.7991333333332
74.12
74.12
74.12
74.11999999999999
74.12
74.12
74.12
-301.240299911376
-317.4188156728633
-327.79913333333326
-327.7991333333332
-327.79913333333326
-327.79913333333326
-327.79913333333326
-327.79913333333326
-327.79913333333326
-327.79913333333326
-327.79913333333326
-327.79913333333326
-327.7991333333332
-327.79913333333326
-327.79913333333326
-327.79913333333326
-327.7991333333333
74.11999999999999
74.12
74.12
74.12
74.12
74.12
74.12
74.11999999999999
-271.13151472631705
-277.8019930609435
-286.57893823808354
-288.8141534784418
-288.8141534784418
-301.06862299794983
-317.1929249973024
-327.79913333333326
-327.79913333333326
-327.79913333333326
-327.7991333333332
-327.7991333333332
-327.79913333333326
-327.79913333333326
-327.79913333333326
-327.7991333333332
-327.79913333333326
-327.79913333333326
-327.79913333333326
-327.79913333333326
-327.79913333333326
-327.79913333333326
-327.7991333333332
-327.79913333333326
-327.79913333333326
-327.79913333333326
-327.7991333333332
-327.79913333333326
-327.79913333333326
-327.79913333333326
-327.7991333333332
-327.79913333333326
-327.79913333333326
-327.79913333333326
-327.79913333333326
-327.79913333333326
-327.79913333333326
-327.79913333333326
-327.79913333333326
-327.79913333333326
74.12
74.12000000000002
74.12
74.12
74.12
74.12
74.12
-312.53471139413324
-327.79913333333326
-327.7991333333332
-327.79913333333326
-327.79913333333326
74.12
74.12
74.12000000000002
74.12
74.12
74.12
74.12
-297.5283806595413
-312.5347113941333
-327.79913333333326
-327.79913333333326
-327.79913333333326
-250.00833333333344
-250.00833333333335
-250.00833333333335
-250.00833333333333
-250.00833333333335
-250.00833333333335
-250.00833333333333
-305.7239712725333
-323.31838325333314
-327.79913333333326
-327.79913333333326
-250.00833333333324
-250.00833333333324
-250.00833333333324
-250.00833333333318
-250.00833333333316
-281.0535802538799
-290.8573424393156
-303.7570295254152
-320.73030200712526
-327.79913333333326
-327.79913333333326
-327.79913333333326
-312.74284946236554
-300.60068505029477
-290.8086169760441
-290.8086169760441
-303.6929170737423
-320.6459435180819
-327.79913333333326
-326.57811771805757
-327.79913333333326
-327.79913333333326
-327.79913333333326
-327.79913333333326
-250.0083333333333
-250.00833333333335
-250.00833333333335
-250.00833333333335
-250.00833333333333
-269.73238807526735
-275.9610369411413
-284.15662755413325
-294.94029941333326
-309.1293413333333
-327.79913333333326
-327.79913333333326
74.12
74.11999999999999
74.12000000000002
74.12
74.12
74.12
74.12
74.12
-303.7570295254152
-320.7303020071253
-327.79913333333326
-327.79913333333326
-327.7991333333332
-312.74284946236554
-312.7428494623655
-324.42386127723194
-327.79913333333326
-327.79913333333326
-327.79913333333326
-327.79913333333326
-327.79913333333326
-327.7991333333332
-327.79913333333326
-327.79913333333326
-312.7428494623655
-300.60068505029477
-294.69028881161285
-301.02354285911974
-317.13360902515757
-327.79913333333326
-327.7991333333332
-327.7991333333332
-327.79913333333326
-327.79913333333326
-327.79913333333326
-327.7991333333332
-327.79913333333326
-327.7991333333332
-327.7991333333332
-327.79913333333326
-327.79913333333326
-327.79913333333326
-327.79913333333326
-327.79913333333326
-327.7991333333332
-327.79913333333326
-327.7991333333332
-327.79913333333326
-327.7991333333332
74.12
74.12
74.12
74.12
74.11999999999999
74.12
74.12
74.12
74.12
74.12000000000002
74.12
74.12
74.12
74.12
74.12
74.12
74.11999999999999
74.12
74.12
74.11999999999999
-250.00833333333324
-250.0083333333332
-327.7991333333332
74.12
74.12
74.12
74.12000000000002
74.12
74.12
74.12
74.12
74.12
-3.6707999999999954
-3.670799999999995
-3.6707999999999954
74.12000000000002
74.12
74.12
-266.3607782288794
-271.5247081958939
-278.319352889334
-287.2596748543869
-299.0232563873511
-314.50165314125144
-327.79913333333326
-327.79913333333326
-327.79913333333326
-327.7991333333332
-312.7428494623655
-306.90573623015763
-317.1929249973023
-327.79913333333326
-327.79913333333326
-327.79913333333326
-327.7991333333332
-327.79913333333326
-327.7991333333332
-327.7991333333332
-327.79913333333326
-327.79913333333326
-327.79913333333326
-327.79913333333326
-327.7991333333332
-327.79913333333326
-327.79913333333326
-327.79913333333326
-327.7991333333332
-327.79913333333326
-327.7991333333332
-327.79913333333326
-327.79913333333326
-327.79913333333326
-327.7991333333332
-327.79913333333326
-327.79913333333326
-327.7991333333332
-327.79913333333326
-327.79913333333326
-327.79913333333326
-327.79913333333326
-327.79913333333326
-327.79913333333326
-327.7991333333332
-327.7991333333334
74.12
74.12
74.12
74.12
74.12
74.12
74.12
74.12
-305.7239712725333
-323.31838325333325
-327.79913333333326
-312.7428494623655
-300.60068505029477
-290.80861697604416
-290.8086169760442
-303.6929170737423
-318.92284449975057
-327.7991333333332
-327.7991333333332
-327.79913333333326
-327.79913333333326
-327.79913333333326
-327.79913333333326
-327.7991333333332
-327.79913333333326
-327.7991333333332
-327.7991333333332
-327.7991333333332
-327.7991333333332
-327.7991333333332
-327.79913333333326
-327.79913333333326
-327.79913333333326
-327.79913333333326
-327.79913333333326
-327.79913333333326
-327.7991333333332
-327.79913333333326
-327.79913333333326
-327.79913333333326
-327.79913333333326
-327.79913333333326
-321.71844601386
-327.79913333333326
-327.79913333333326
-327.79913333333326
-327.79913333333326
-327.79913333333326
-327.79913333333326
-312.7428494623655
-300.60068505029477
-290.8086169760442
-282.91178788390664
-276.5433773257311
-276.54337732573117
-297.52838065954126
-312.53471139413324
-327.79913333333326
-327.79913333333326
-319.7192036212294
-277.158634785295
-271.90373773007667
-271.9037377300766
-278.81807596062714
-287.9158894218778
-299.88669660773394
-315.6377586943867
-327.7991333333332
-327.79913333333326
-327.79913333333326
-327.79913333333326
-327.79913333333326
-327.7991333333332
-322.6921669374969
-327.79913333333326
-327.79913333333326
-327.79913333333326
-327.79913333333326
-327.7991333333332
-327.79913333333326
-327.7991333333332
-327.79913333333326
-327.79913333333326
-327.79913333333326
-327.7991333333332
-322.83619816048633
-327.79913333333326
-327.7991333333332
-327.79913333333326
-327.79913333333326
-327.7991333333332
-327.79913333333326
-327.7991333333332
-327.79913333333326
-327.79913333333326
-319.27627880429225
-278.64695742285284
-273.10399792165555
-273.10399792165555
-280.39736568638887
-289.99390221893265
-302.6209239722798
-319.23542627931556
-327.79913333333326
-327.79913333333326
-327.79913333333326
-327.7991333333332
-327.7991333333332
-312.7428494623655
-300.6006850502947
-299.064532854918
-312.5347113941332
-327.79913333333326
-327.79913333333326
-324.26471767022923
-327.7991333333332
-327.7991333333332
-327.79913333333326
-327.79913333333326
-327.79913333333326
74.12
74.12
74.12000000000002
74.12
74.12
74.12
74.12000000000002
-314.5016531412514
-327.79913333333326
-327.79913333333326
-327.79913333333326
-327.79913333333326
-314.2363077291696
-316.67300279606053
-327.79913333333326
-327.79913333333326
-327.79913333333326
-327.79913333333326
-327.79913333333326
-327.79913333333326
-327.79913333333326
-327.79913333333326
-327.7991333333332
-327.79913333333326
-312.7428494623655
-312.63878042824933
-327.79913333333326
-327.79913333333326
-312.7428494623655
-301.8000959508405
-303.75702952541513
-320.73030200712526
-327.79913333333326
-327.79913333333326
-327.79913333333326
-312.74284946236554
-300.60068505029477
-290.80861697604416
-287.9613072794092
-296.1999968194396
-299.02325638735107
-299.02325638735107
-314.5016531412513
-327.79913333333326
-327.79913333333326
-327.79913333333326
-327.79913333333326
-312.7428494623655
-300.60068505029477
-290.80861697604416
-282.91178788390664
-282.91178788390664
-293.30235247882456
-306.9741479984533
-322.0993894544297
-327.7991333333332
-327.7991333333332
-327.7991333333332
-327.79913333333326
-327.79913333333326
-312.7428494623655
-300.60068505029477
-300.6006850502947
-316.5772171714405
-327.59208525204104
-327.79913333333326
-327.79913333333326
-327.7991333333332
-327.7991333333332
-327.79913333333326
-327.79913333333326
-327.79913333333326
-327.79913333333326
-327.79913333333326
-327.79913333333326
-327.79913333333326
-312.7428494623655
-301.80009595084056
-303.7570295254152
-320.73030200712515
-327.79913333333326
-327.79913333333326
-327.7991333333332
-312.7428494623655
-300.60068505029477
-290.8086169760442
-282.9117878839066
-277.21824803990023
-278.31935288933397
-287.2596748543868
-299.02325638735095
-314.5016531412513
-327.79913333333326
-327.79913333333326
-327.79913333333326
-327.79913333333326
-314.5224333351305
-317.4259649170102
-327.7991333333332
-327.7991333333332
-327.79913333333326
-320.73030200712526
-320.73030200712526
-327.79913333333326
-327.79913333333326
-327.7991333333332
-327.7991333333332
-250.00833333333327
-250.00833333333324
-250.00833333333324
-250.0083333333333
-250.00833333333327
-250.0083333333333
-250.00833333333327
-250.00833333333327
-312.53471139413324
-327.79913333333326
-327.79913333333326
-327.79913333333326
-327.79913333333326
74.12
74.12
74.12
74.12
74.12
74.12
74.12
74.12
-3.670799999999996
-3.670799999999996
-3.6707999999999963
74.12
74.12
74.11999999999999
74.12
74.12
74.12
74.12
74.12
-3.670799999999996
-3.670799999999996
-3.670799999999996
-3.6707999999999914
74.12
74.11999999999999
74.12
74.11999999999999
74.12
74.12
74.12
74.12
-250.0083333333332
-250.00833333333324
-250.00833333333324
-327.7991333333332
74.11999999999999
74.12
74.12
74.12000000000002
74.11999999999999
74.12
74.12
74.11999999999999
74.12000000000002
-3.6707999999999976
-3.670799999999997
-3.6707999999999976
74.12
74.12
74.11999999999999
74.12
74.12
74.11999999999999
74.12
74.12
-250.00833333333324
-250.00833333333324
-250.0083333333332
-327.79913333333326
74.12
74.12
74.12
74.12
74.12000000000002
74.11999999999999
74.12
74.12000000000002
74.12
-3.6707999999999967
-3.670799999999997
-3.670799999999997
74.12
74.12
74.11999999999999
74.12
74.12
74.12
74.12
74.12
74.12
-3.670799999999999
-3.670799999999999
-3.670799999999999
74.12
74.11999999999999
74.12
74.12
74.11999999999999
74.12
74.12
74.12
74.12000000000002
-3.670799999999999
-3.670799999999999
-3.6707999999999994
74.12
74.12
74.12
74.12000000000002
74.12
74.12
74.12
74.12
-3.6707999999999976
-3.670799999999997
-3.6707999999999976
-3.6707999999999976
-3.670799999999997
74.12
74.12
74.12
74.12
74.12
74.12
74.12
-305.7239712725333
-323.31838325333325
-327.79913333333326
-327.79913333333326
-327.79913333333326
74.12
74.12
74.12
74.12
74.12
74.12
74.12
-250.00833333333327
-250.00833333333324
-250.00833333333327
-327.79913333333326
74.12
74.12
74.12
74.12
74.11999999999999
74.12
74.12
74.12
-297.5283806595413
-312.53471139413324
-327.79913333333326
-327.79913333333326
-312.74284946236554
-300.6006850502947
-290.80861697604416
-289.2116532288315
-289.913210400699
-282.1896858070153
-282.1896858070153
-292.35221816712533
-305.72397127253333
-323.3183832533333
-327.79913333333326
-327.7991333333332
-327.79913333333326
74.12
74.12
74.12
74.12
74.11999999999999
74.12
74.11999999999999
74.12
-3.6707999999999976
-3.6707999999999976
-3.6707999999999976
74.12
74.12
74.12
74.12
74.12
74.12000000000002
74.12
74.12
-305.7239712725333
-323.3183832533332
-327.7991333333332
-327.79913333333326
-327.7991333333332
74.11999999999999
74.12
74.11999999999999
74.12
74.12
74.12
74.12000000000002
-303.75702952541525
-320.73030200712526
-327.7991333333332
-327.79913333333326
-327.79913333333326
-322.49523992324254
-327.79913333333326
-327.79913333333326
-327.79913333333326
-327.79913333333326
-327.7991333333332
-327.7991333333332
-327.7991333333332
-327.7991333333332
-327.79913333333326
-327.7991333333332
-327.79913333333326
-327.7991333333332
-327.79913333333326
-327.79913333333326
-327.79913333333326
-327.79913333333326
-327.79913333333326
-327.7991333333332
-327.7991333333332
-327.79913333333326
-327.79913333333326
-327.79913333333326
-327.79913333333326
-327.79913333333326
-327.79913333333326
-327.79913333333326
-327.7991333333332
-327.79913333333326
-327.7991333333332
-327.7991333333332
-327.7991333333332
-327.79913333333326
-327.79913333333326
-327.79913333333326
-327.79913333333326
-327.79913333333326
-327.79913333333326
-327.7991333333332
-323.0751581021108
-308.9331920178313
-297.5283806595413
-297.5283806595413
-312.5347113941333
-327.79913333333326
-327.7991333333332
-327.7991333333332
-327.79913333333326
74.12
74.12
74.12
74.12
74.12
74.12
74.12
52.38
-323.3183832533332
-327.7991333333332
-327.7991333333332
-327.7991333333332
74.11999999999999
74.11999999999999
74.12
74.12
74.12
74.12
74.12000000000002
-297.52838065954126
-312.53471139413324
-327.79913333333326
-327.79913333333326
-312.7428494623655
-300.6006850502947
-300.60068505029477
-316.5772171714404
-327.2454501087131
-327.79913333333326
-327.7991333333332
-327.79913333333326
-327.7991333333332
-327.79913333333326
-327.79913333333326
-327.79913333333326
-327.79913333333326
-327.79913333333326
-327.79913333333326
-327.79913333333326
-327.7991333333332
-312.74284946236554
-305.88305292485825
-314.5016531412512
-327.79913333333326
-327.79913333333326
-327.79913333333326
-327.79913333333326
-327.79913333333326
-327.79913333333326
74.11999999999959
74.1199999999996
74.11999999999959
74.1199999999996
74.1199999999996
74.1199999999996
-305.7239712725333
-323.31838325333325
-327.7991333333332
-327.79913333333326
-327.79913333333326
74.12
74.11999999999999
74.12
74.11999999999999
74.11999999999999
74.12
74.12
-305.7239712725332
-323.31838325333314
-327.79913333333326
-327.79913333333326
-327.79913333333326
74.12
74.11999999999999
74.12
74.12
74.12
74.12
74.12
-297.52838065954126
-312.5347113941332
-327.79913333333326
-327.7991333333332
-317.531266553165
-284.5105738580922
-277.8327208533002
-272.44735552685495
-272.447355526855
-279.5333625353355
-288.8570559675468
-301.1250736415089
-317.2672021598801
-327.79913333333326
-327.79913333333326
-327.79913333333326
-327.79913333333326
-327.7991333333332
-327.79913333333326
-327.79913333333326
-327.79913333333326
-327.79913333333326
-327.79913333333326
-327.79913333333326
-327.79913333333326
-327.7991333333332
-327.7991333333332
-327.79913333333326
-327.7991333333332
-327.7991333333332
-312.7428494623654
-300.60068505029477
-290.80861697604416
-289.03414591521545
-299.02325638735107
-314.5016531412513
-327.7991333333332
-327.79913333333326
-327.79913333333326
-327.79913333333326
-312.7428494623655
-300.6006850502947
-290.80861697604416
-289.36225319896096
-299.8866966077339
-315.6377586943867
-327.79913333333326
-327.7991333333332
-327.7991333333332
-327.7991333333332
-327.79913333333326
-327.79913333333326
-315.9628426120351
-289.78081559575986
-282.08291580303217
-275.87493209921956
-270.8684936284028
-270.86849362840286
-277.4559126689511
-286.1235693012514
-297.5283806595413
-312.53471139413324
-327.7991333333332
-327.79913333333326
-312.74284946236554
-300.6006850502947
-290.80861697604416
-282.9117878839066
-282.9117878839065
-293.30235247882445
-303.43042230309356
-315.6377586943868
-327.7991333333332
-327.7991333333332
-327.79913333333326
-327.79913333333326
-327.79913333333326
-327.7991333333332
-321.15039323729223
-327.79913333333326
-327.79913333333326
-327.79913333333326
-327.7991333333332
-323.5172798063243
-327.79913333333326
-327.79913333333326
-327.7991333333332
-327.79913333333326
-327.79913333333326
-316.76155230293324
-322.0243426302292
-327.79913333333326
-327.7991333333332
-327.79913333333326
-315.2100286528065
-319.23542627931545
-327.7991333333332
-327.79913333333326
-327.79913333333326
-327.7991333333332
-327.7991333333332
-312.7428494623655
-300.60068505029477
-290.8086169760442
-282.91178788390664
-278.6889745486191
-282.18968580701517
-292.3522181671253
-305.7239712725332
-323.3183832533332
-327.7991333333332
-312.7428494623655
-300.6006850502947
-290.8086169760441
-282.9117878839066
-276.5433773257311
-271.4075623594606
-271.4075623594606
-278.16521363086923
-287.05686004061744
-320.73030200712526
-327.79913333333326
-327.7991333333332
-327.79913333333326
-312.7428494623655
-300.6006850502947
-290.80861697604416
-282.91178788390664
-280.18385027642887
-286.1235693012514
-297.52838065954126
-312.5347113941333
-323.39076827729235
-327.79913333333326
-327.79913333333326
-327.79913333333326
-327.79913333333326
-312.7428494623655
-300.60068505029477
-290.8086169760442
-284.5639849326891
-287.25967485438684
-299.023256387351
-314.5016531412513
-327.79913333333326
-327.79913333333326
-327.79913333333326
-327.79913333333326
-327.79913333333326
-327.79913333333326
74.12
74.12
74.12000000000002
74.12
74.12
74.12
-305.7239712725333
-323.3183832533333
-327.79913333333326
-327.79913333333326
-327.79913333333326
74.12
74.12
74.12
74.11999999999999
74.12
74.12
74.12000000000002
74.12
-3.670799999999997
-3.6707999999999976
-3.6707999999999976
74.12
74.12
74.12
74.12
74.12
74.12000000000002
74.12
74.12
-3.6707999999999976
-3.6707999999999976
-3.670799999999997
-3.6707999999999976
-3.670799999999998
74.11999999999999
74.12
74.12
74.12
74.12
74.12
74.12
-305.72397127253333
-323.31838325333325
-327.79913333333326
-327.7991333333332
-327.79913333333326
74.12
74.12
74.12
74.12
74.11999999999999
74.12
74.12
-314.5016531412514
-327.79913333333326
-327.79913333333326
-327.79913333333326
-327.79913333333326
-312.7428494623655
-300.6006850502947
-290.80861697604416
-285.93109861496197
-290.8573424393155
-303.75702952541513
-320.73030200712526
-327.7991333333332
-327.7991333333332
-327.79913333333326
-327.7991333333332
-327.79913333333326
-3.6707999999999976
74.11999999999999
74.12
74.12
74.12
74.12
74.12
74.12000000000002
-323.3183832533333
-327.79913333333326
-327.79913333333326
-327.79913333333326
74.12
74.12
74.12
74.12
74.12
74.12
74.12
-3.6707999999999954
-3.6707999999999954
-3.6707999999999954
-3.670799999999996
-3.670799999999996
74.12
74.12
74.12
74.12
74.12
74.12000000000002
74.12000000000002
74.12000000000002
-323.31838325333325
-327.79913333333326
-327.79913333333326
-327.79913333333326
74.12
74.12
74.12
74.12
74.11999999999999
74.12000000000002
74.12
74.12
-3.6707999999999976
-3.6707999999999976
-3.6707999999999976
74.12
74.12
74.12
74.12
74.12
74.12
74.12
74.11999999999999
74.12000000000002
-323.31838325333325
-327.7991333333332
-327.7991333333332
-327.7991333333332
74.12
74.12
74.12
74.12
74.12
74.12000000000002
74.12
-305.7239712725333
-323.31838325333325
-327.7991333333332
-327.79913333333326
-327.7991333333332
74.12
74.12
74.12
74.12
74.11999999999999
74.12
74.11999999999999
-320.73030200712526
-327.79913333333326
-327.7991333333332
-327.79913333333326
-327.79913333333326
-327.7991333333332
74.12
74.12
74.12
74.12
74.12
74.12
-305.7239712725333
-323.3183832533332
-327.7991333333332
-327.7991333333332
-327.79913333333326
-3.6707999999999976
74.12
74.12
74.12
74.12
74.12
74.12
-314.5016531412514
-327.79913333333326
-327.79913333333326
-327.79913333333326
-327.79913333333326
-314.58294287249765
-317.5852005416605
-327.79913333333326
-327.79913333333326
-327.7991333333332
-327.79913333333326
-327.7991333333332
-327.79913333333326
-327.79913333333326
-327.7991333333332
-327.79913333333326
-327.79913333333326
-327.79913333333326
-320.1669223637333
-327.7991333333332
-327.79913333333326
-312.7428494623654
-308.24993949389034
-320.73030200712526
-327.79913333333326
-327.79913333333326
-327.79913333333326
-327.79913333333326
-327.79913333333326
74.12
74.12
74.12
74.12
74.12
74.12000000000002
74.12
-3.670799999999997
-3.6707999999999976
-3.6707999999999976
-3.6707999999999976
-3.6707999999999976
74.11999999999999
74.12
74.12
74.12
74.12
74.12000000000002
74.12
-250.00833333333344
-250.00833333333344
-250.00833333333344
-250.00833333333344
-327.7991333333332
74.12
74.12
74.12
74.12
74.12
74.12000000000002
-302.6209239722797
-319.23542627931545
-327.79913333333326
-327.79913333333326
-327.79913333333326
-327.79913333333326
-327.7991333333332
-316.2064707277474
-317.1961768300676
-327.79913333333326
-327.79913333333326
-313.84291497053357
-315.6377586943867
-327.79913333333326
-327.79913333333326
-327.79913333333326
-327.79913333333326
-327.79913333333326
-327.79913333333326
-312.7428494623655
-300.60068505029477
-290.8086169760441
-289.362253198961
-299.88669660773394
-315.6377586943867
-327.79913333333326
-327.79913333333326
-327.79913333333326
-327.79913333333326
-327.7991333333332
-327.79913333333326
-316.7615523029333
-323.3183832533333
-327.7991333333332
-312.7428494623655
-308.2499394938904
-320.73030200712526
-327.79913333333326
-327.79913333333326
-327.7991333333332
-327.79913333333326
-327.79913333333326
74.12
74.12
74.12
74.12
74.12
74.12000000000002
74.12
-297.5283806595413
-312.53471139413324
-327.79913333333326
-327.7991333333332
-312.74284946236554
-300.60068505029477
-290.80861697604416
-282.9117878839065
-277.66583882301666
-279.49722337121943
-288.8095044358151
-301.0625058365988
-317.18487610078796
-327.79913333333326
-327.7991333333332
-327.79913333333326
-327.79913333333326
-327.7991333333332
-327.79913333333326
-327.79913333333326
-327.79913333333326
-327.79913333333326
-327.79913333333326
-327.79913333333326
-327.79913333333326
-327.79913333333326
-327.79913333333326
-327.7991333333332
-327.79913333333326
-327.7991333333332
-327.79913333333326
-327.79913333333326
-327.79913333333326
-327.79913333333326
-327.79913333333326
-327.79913333333326
-327.79913333333326
-327.79913333333326
-327.79913333333326
-327.79913333333326
-327.79913333333326
74.12
74.11999999999999
74.12
74.11999999999999
74.12000000000002
74.12
74.12
-3.6707999999999954
-3.670799999999996
-3.6707999999999954
-3.6707999999999945
74.11999999999999
74.12
74.12
74.12
74.12
74.12
74.12000000000002
74.11999999999999
-250.00833333333327
-250.00833333333324
-250.0083333333332
-327.79913333333326
74.12
74.12000000000002
74.12
74.12
74.12
74.12000000000002
74.12000000000002
74.12000000000003
-250.00833333333324
-250.00833333333324
-250.0083333333332
-327.7991333333332
-3.670799999999998
74.12
74.12
74.12
74.12
74.11999999999999
74.12000000000002
74.12
74.12
-3.670799999999998
-3.6707999999999967
74.12
74.12
74.12
74.12
74.12
74.12
74.11999999999999
74.12
74.12
74.12
-3.6707999999999976
-3.670799999999998
74.12
74.12
74.12
74.12
74.11999999999999
74.12
74.12
74.12000000000002
74.12
52.38000000000001
-3.6707999999999976
-3.6707999999999976
-3.6707999999999976
74.12
74.12
74.12
74.12
74.12
74.12000000000002
74.12000000000002
74.11999999999999
-3.6707999999999976
-3.6707999999999976
-3.670799999999997
-3.6707999999999976
74.12
74.12
74.12
74.12
74.12
74.12
74.12000000000002
74.12
74.12
-3.6707999999999976
-3.6708000000000003
-3.6707999999999896
74.12
74.12
74.12
74.12
74.12
74.12
74.12000000000002
74.12
74.12
-3.670799999999998
-3.670799999999998
-3.6707999999999976
74.11999999999999
74.12
74.12
74.11999999999999
74.12
74.12
74.12
74.12
74.11999999999999
-3.6707999999999976
-3.6707999999999976
-3.6707999999999976
74.12
74.12
74.12
74.12
74.12
74.11999999999999
74.12
74.12
74.12
-3.6707999999999976
-3.6707999999999976
-3.670799999999999
74.11999999999999
74.11999999999999
74.12
74.12
74.12
74.12
74.12000000000002
74.12
74.12
-3.670799999999996
-3.670799999999996
-3.6707999999999945
74.12
74.12
74.12
74.12
74.11999999999999
74.12
74.11999999999999
74.12
-297.5283806595413
-312.53471139413324
-327.79913333333326
-327.7991333333332
-312.74284946236554
-300.6006850502947
-290.80861697604416
-282.9117878839065
-280.8649319222668
-287.91588942187775
-299.8866966077339
-315.6377586943867
-327.79913333333326
-327.79913333333326
-327.79913333333326
-327.7991333333332
-327.7991333333332
-327.79913333333326
-324.1944742465561
-327.79913333333326
-327.79913333333326
-327.5410421287253
-312.5347113941333
-312.5347113941333
-327.79913333333326
-327.79913333333326
-312.7428494623655
-327.79913333333326
-265.0646172043012
74.12
74.12
74.12
74.12
74.12
74.12000000000002
74.12
-3.6708000000000003
-3.6708000000000007
-3.6708000000000007
-3.6708000000000007
74.12
74.12
74.12
74.12
74.12
74.12
74.12
74.11999999999999
-305.72397127253333
-323.3183832533333
-327.7991333333332
-327.79913333333326
-327.7991333333332
-3.6707999999999976
74.12
74.12
74.12
74.12
74.12
74.12
74.12
-3.670799999999997
-3.6707999999999976
-3.6707999999999976
-3.6707999999999976
74.12
74.12
74.12
74.12
74.12
74.12000000000002
74.12
74.12
-3.670799999999998
-3.6707999999999976
-3.6707999999999976
74.12
74.12
74.12
74.12
74.12
74.12
74.12000000000002
74.11999999999999
-305.7239712725332
-323.31838325333325
-327.79913333333326
-327.7991333333332
-327.79913333333326
74.12
74.12000000000002
74.12
74.12
74.12
74.12
74.12
-312.5347113941333
-327.79913333333326
-327.79913333333326
-327.79913333333326
-327.79913333333326
74.12
74.12
74.12
74.12
74.12000000000002
74.12
74.12
-305.72397127253333
-323.3183832533333
-327.7991333333332
-327.79913333333326
-327.79913333333326
74.12
74.12
74.12
74.12
74.12
74.12
74.11999999999999
-320.7303020071253
-327.7991333333332
-327.79913333333326
-327.79913333333326
-327.79913333333326
-327.79913333333326
74.11999999999999
74.12
74.12
74.12
74.12
74.12
74.12
-294.9402994133332
-309.1293413333333
-327.79913333333326
-327.79913333333326
74.12
74.12
74.12
74.11999999999999
74.12
74.12000000000002
74.12
74.11999999999999
-3.6707999999999976
-3.6707999999999976
-3.6707999999999976
-3.6707999999999994
74.12
74.12
74.12
74.12
74.12
74.12
74.12
-250.00833333333344
-250.0083333333334
-250.0083333333334
-250.0083333333334
-250.00833333333338
-250.00833333333338
-250.00833333333333
-250.00833333333335
-250.00833333333333
-250.00833333333333
-250.0083333333333
-250.0083333333333
-305.7239712725333
-323.3183832533332
-327.79913333333326
-327.79913333333326
-327.79913333333326
74.12
74.12
74.12
74.12
74.12
74.12
74.12
-305.7239712725333
-323.31838325333325
-327.7991333333332
-327.7991333333332
-327.7991333333332
-3.670799999999997
74.12000000000002
74.12
74.11999999999999
74.12
74.12
74.12
74.12
-250.0083333333334
-250.0083333333334
-250.00833333333344
-327.7991333333334
74.11999999999999
74.12
74.12
74.12
74.12
74.12000000000002
74.12
74.11999999999999
-250.0083333333333
-250.0083333333333
-250.0083333333333
-327.7991333333333
74.11999999999999
74.12
74.12
74.12
74.12
74.12
74.12000000000002
-3.6707999999999976
-3.6707999999999976
-3.6707999999999976
-3.670799999999997
-3.670799999999997
74.12
74.11999999999999
74.12
74.12
74.12
74.12
74.12
-305.7239712725333
-323.3183832533333
-327.79913333333326
-312.7428494623655
-304.2371942541709
-278.58916400603016
-273.05739032744367
-268.59628252213196
-268.59628252213196
-274.46616121333153
-282.1896858070152
-292.3522181671253
-305.7239712725333
-323.31838325333325
-327.7991333333332
-312.7428494623655
-302.8971766529364
-283.0919113220061
-276.6886381629082
-271.5247081958937
-271.5247081958937
-278.31935288933386
-287.2596748543867
-299.02325638735095
-314.5016531412512
-327.79913333333326
-327.79913333333326
-327.79913333333326
-327.7991333333332
-312.7428494623655
-302.5475338147454
-305.7239712725332
-323.3183832533332
-327.7991333333332
-323.0855596961329
-327.7991333333332
-327.79913333333326
-327.79913333333326
-327.79913333333326
-327.79913333333326
-327.79913333333326
-327.7991333333333
-312.7428494623656
-300.6006850502948
-290.8086169760442
-282.91178788390664
-282.550736845461
-292.35221816712533
-305.7239712725333
-323.3183832533333
-327.7991333333332
-327.79913333333326
-327.79913333333326
74.12
74.12
74.12
74.12
74.12
74.12
74.11999999999999
-3.670799999999998
-3.670799999999998
-3.670799999999998
-3.670799999999998
-3.670799999999998
74.12
74.12
74.11999999999999
74.12
74.12
74.12
74.12
-297.52838065954126
-312.53471139413324
-327.79913333333326
-327.79913333333326
-327.79913333333326
-250.00833333333347
-250.00833333333327
-250.00833333333324
-250.00833333333324
-250.00833333333327
-250.00833333333324
-250.00833333333324
-250.0083333333332
-250.0083333333332
-250.00833333333324
-327.7991333333332
74.12
74.12
74.12
74.12
74.12
74.11999999999999
74.11999999999999
74.12
74.12
-3.6707999999999976
-3.6707999999999976
-3.6707999999999976
-3.6707999999999976
74.12
74.12
74.12
74.12
74.12
74.12
74.12
-303.7570295254152
-320.73030200712526
-327.79913333333326
-327.79913333333326
-327.79913333333326
-312.74284946236554
-300.6006850502949
-290.8086169760442
-282.91178788390664
-280.6155703866203
-287.25967485438673
-299.023256387351
-314.5016531412513
-327.79913333333326
-327.79913333333326
-327.79913333333326
-327.7991333333332
-312.7428494623655
-300.60068505029477
-290.8086169760442
-287.4259743427717
-286.1235693012514
-286.1235693012514
-297.5283806595413
-312.5347113941332
-327.7991333333332
-327.7991333333332
-327.7991333333332
-327.7991333333332
74.12
74.12
74.12
74.12
74.12
74.12000000000002
74.12
-297.5283806595413
-312.53471139413324
-327.7991333333332
-327.79913333333326
-312.7428494623655
-300.60068505029477
-290.80861697604416
-282.9117878839066
-278.2572544384276
-281.05358025387983
-290.8573424393156
-303.7570295254152
-320.73030200712526
-327.79913333333326
-327.79913333333326
-327.7991333333332
-312.7428494623655
-300.6006850502947
-290.8086169760442
-282.9117878839066
-276.8901407561547
-277.4559126689511
-286.12356930125134
-297.52838065954126
-312.5347113941333
-327.79913333333326
-327.7991333333332
-327.79913333333326
-250.0083333333333
-250.0083333333333
-250.00833333333333
-250.00833333333333
-250.00833333333333
-250.0083333333333
-250.0083333333333
-250.00833333333333
-250.0083333333333
-250.00833333333333
-250.00833333333333
-250.00833333333335
-250.00833333333338
-250.00833333333335
-250.00833333333333
-250.00833333333335
-250.00833333333338
-250.00833333333335
-250.00833333333335
-250.00833333333335
-250.0083333333334
-250.00833333333344
-250.00833333333344
-250.00833333333344
-327.7991333333334
74.12
74.12
74.12
74.11999999999999
74.12
74.12
74.12
-305.7239712725333
-323.3183832533333
-327.7991333333332
-327.7991333333332
-327.79913333333326
74.12
74.12
74.12
74.12
74.12
74.12
74.12
74.11999999999999
-323.31838325333325
-327.7991333333332
-327.79913333333326
-327.79913333333326
74.12
74.12
74.12
74.11999999999999
74.12
74.12
74.12
-284.1566275541333
-294.9402994133332
-309.12934133333323
-327.79913333333326
-327.79913333333326
74.12
74.11999999999999
74.12
74.11999999999999
74.12
74.12
74.12000000000002
-300.385419679027
-316.2939732618777
-327.79913333333326
-327.79913333333326
-327.79913333333326
-327.7991333333332
-327.7991333333332
-327.79913333333326
-327.79913333333326
-327.79913333333326
-322.0465532976055
-327.79913333333326
-327.7991333333332
-327.7991333333332
-327.7991333333332
-327.79913333333326
-327.7991333333332
-327.79913333333326
-327.79913333333326
-312.7428494623655
-300.6006850502948
-293.9301799523408
-299.023256387351
-314.50165314125127
-327.79913333333326
-327.79913333333326
-327.79913333333326
-327.79913333333326
-327.79913333333326
-250.0083333333334
-250.00833333333335
-250.00833333333335
-250.00833333333335
-250.00833333333335
-250.00833333333335
-250.00833333333338
-314.5016531412512
-327.79913333333326
-327.7991333333332
-327.79913333333326
-327.79913333333326
-312.7428494623655
-300.6006850502947
-290.80861697604416
-282.9117878839065
-282.9117878839066
-293.30235247882445
-306.9741479984532
-318.74903201183844
-327.79913333333326
-327.7991333333332
-327.79913333333326
-327.79913333333326
74.12
74.12
74.12
74.12
74.12
74.11999999999999
74.12
74.12
-3.6707999999999976
-3.6707999999999976
-3.6707999999999976
74.12000000000002
74.12
74.11999999999999
74.12
74.12
74.12
74.12000000000002
74.12
74.12
-3.6707999999999994
-3.6708
-3.6708000000000007
-3.670799999999997
74.12
74.12
74.11999999999999
74.11999999999999
74.11999999999999
74.11999999999999
74.12
74.12
-3.6707999999999976
-3.670799999999997
-3.6707999999999976
74.12
74.12
74.11999999999999
74.12
74.12
74.12
74.12
74.12
74.12
-3.6708000000000003
-3.6708000000000003
-3.6708000000000003
74.12
74.12
74.12
74.11999999999999
74.12
74.12
74.12000000000002
74.11999999999999
-294.94029941333326
-309.12934133333334
-327.7991333333332
-327.79913333333326
-3.670799999999997
74.12
74.12
74.12
74.12
74.12000000000002
74.12
74.12
-297.52838065954126
-312.5347113941333
-327.7991333333332
-327.7991333333332
-321.32176389126204
-271.7736876413681
-267.56103842045815
-267.56103842045815
-273.10399792165543
-280.39736568638875
-289.99390221893253
-302.6209239722797
-319.2354262793154
-327.79913333333326
-327.79913333333326
-327.79913333333326
-327.79913333333326
-327.7991333333332
-312.7428494623655
-300.60068505029477
-290.80861697604416
-282.9117878839066
-282.5507368454609
-292.35221816712533
-305.7239712725333
-323.31838325333325
-327.7991333333332
-327.7991333333332
-327.79913333333326
74.12000000000002
74.12
74.12000000000002
74.12
74.11999999999999
74.12
74.12
-305.7239712725333
-323.3183832533333
-327.7991333333332
-312.7428494623655
-306.7084048372315
-270.28536500381045
-266.3607782288794
-266.3607782288794
-271.5247081958939
-278.319352889334
-287.2596748543868
-299.023256387351
-314.5016531412513
-327.79913333333326
-327.79913333333326
-327.79913333333326
-327.7991333333332
-312.7428494623655
-308.24993949389034
-320.73030200712526
-327.7991333333332
-327.79913333333326
-327.79913333333326
-323.08555969613286
-327.7991333333332
-327.79913333333326
-327.79913333333326
-327.7991333333332
-327.79913333333326
-327.79913333333326
-327.79913333333326
-312.74284946236554
-300.6006850502948
-290.8271326520873
-290.8573424393156
-303.7570295254152
-320.73030200712526
-327.79913333333326
-327.79913333333326
-327.7991333333332
-312.7428494623655
-300.6006850502947
-290.8086169760442
-282.9117878839066
-282.9117878839066
-293.30235247882445
-302.9987021929021
-314.5016531412514
-327.79913333333326
-327.79913333333326
-327.79913333333326
-327.7991333333332
-312.74284946236554
-300.60068505029477
-290.8086169760442
-282.91178788390664
-280.61557038662033
-287.2596748543868
-299.02325638735107
-314.5016531412513
-327.79913333333326
-327.79913333333326
-327.79913333333326
-327.79913333333326
-312.7428494623655
-300.60068505029477
-290.8086169760441
-282.9117878839065
-276.5433773257311
-271.40756235946066
-267.26577609633927
-263.92562588414455
-261.2319563581811
-259.05964222433965
-259.0596422243396
-327.79913333333326
74.12
74.12
74.12
74.12
74.12
74.12
74.12
74.12
74.12
-3.6707999999999976
-3.6707999999999976
-3.670799999999997
74.12
74.12
74.12000000000002
74.11999999999999
74.12
74.11999999999999
74.11999999999999
74.12
74.12
-3.6707999999999976
-3.670799999999997
-3.670799999999998
74.12
74.12
74.12
74.12
74.12
74.12
74.12
74.12
74.12
-3.6707999999999976
-3.670799999999998
-3.6707999999999976
74.12
74.12
74.12
74.12
74.12
74.12
74.11999999999999
74.12000000000002
74.12
-3.670799999999999
-3.6707999999999985
-3.6708
74.12
74.12
74.12000000000002
74.12
74.12
74.12
74.12
74.12
-297.52838065954137
-312.5347113941333
-327.79913333333326
-327.79913333333326
-327.79913333333326
-250.00833333333333
-250.00833333333335
-250.00833333333333
-250.00833333333335
-250.00833333333333
-250.00833333333335
-250.00833333333335
-314.5016531412513
-327.79913333333326
-327.79913333333326
-327.79913333333326
-327.7991333333332
-312.74284946236554
-300.60068505029477
-290.80861697604416
-285.04057012572383
-288.51384641500454
-300.67348212500593
-316.67300279606053
-327.79913333333326
-327.79913333333326
-327.79913333333326
-327.79913333333326
-327.7991333333332
-327.7991333333332
-327.79913333333326
-327.79913333333326
-327.79913333333326
-327.79913333333326
-315.7780814293742
-320.7303020071252
-327.7991333333332
-327.79913333333326
-327.79913333333326
-327.79913333333326
-327.7991333333333
74.12
74.12
74.12
74.12
74.12
74.12
74.12000000000002
-312.5347113941332
-327.79913333333326
-327.79913333333326
-327.79913333333326
-327.7991333333332
74.12
74.12
74.12
74.12
74.12
74.12
74.12
-3.6707999999999976
-3.6707999999999976
-3.670799999999997
-3.6707999999999994
74.12
74.12
74.12
74.12
74.12
74.12
74.11999999999999
74.12
-250.0083333333333
-250.00833333333335
-250.00833333333333
-250.0083333333333
-250.00833333333333
-250.00833333333333
-250.00833333333333
-250.0083333333333
-250.00833333333333
-279.557729923109
-288.88911831988014
-301.1672609472107
-317.3227117726457
-327.7991333333332
-327.79913333333326
-327.79913333333326
-327.79913333333326
-327.7991333333332
-327.7991333333332
-327.79913333333326
-327.7991333333332
-327.79913333333326
-327.79913333333326
-327.7991333333332
-327.79913333333326
-327.79913333333326
-327.79913333333326
-327.79913333333326
-327.79913333333326
-250.00833333333327
-250.00833333333327
-250.00833333333327
-250.00833333333327
-250.00833333333333
-250.00833333333327
-250.00833333333327
-250.00833333333327
-250.00833333333327
-250.00833333333327
-327.79913333333326
74.11999999999999
74.12
74.12
74.11999999999999
74.12
74.12
74.11999999999999
74.12000000000002
74.12
-3.6707999999999994
-3.670799999999999
-3.6707999999999954
74.12
74.11999999999999
74.12
74.12
74.12
74.12
74.12
74.11999999999999
74.12
74.12
-3.6708000000000105
-3.670800000000011
74.12
74.11999999999999
74.11999999999999
74.12
74.11999999999999
74.12
74.12
74.11999999999999
74.12
-250.00833333333324
-250.00833333333327
-250.00833333333324
-250.00833333333327
-250.0083333333333
-250.0083333333333
-250.00833333333327
-250.00833333333327
-250.00833333333324
-250.00833333333324
-250.0083333333332
-250.00833333333324
-250.00833333333324
-250.00833333333324
-327.79913333333326
74.11999999999999
74.12
74.12
74.12
74.12
74.12
74.12
74.12000000000002
-250.00833333333324
-250.00833333333324
-250.00833333333324
-327.7991333333332
74.11999999999999
74.12
74.12
74.12
74.12
74.12
74.12
74.12
-153.51289493471637
-153.51289493471634
-153.51289493471637
-200.83145122988998
74.11999999999999
74.12
74.12
74.12
74.12
74.11999999999999
74.12
74.12
74.12
-3.670799999999998
-3.6707999999999976
-3.6707999999999976
74.12
74.12
74.12
74.12
74.12000000000002
74.12
74.12
74.11999999999999
74.12
-3.670799999999997
-3.670799999999998
-3.6707999999999976
74.12
74.12
74.12
74.12
74.11999999999999
74.12
74.12
74.12
74.12
74.12
-3.670799999999997
-3.6707999999999976
74.12
74.12
74.12000000000002
74.12
-271.5247081958938
-278.3193528893339
-287.25967485438673
-299.023256387351
-314.5016531412514
-327.79913333333326
-327.7991333333332
-327.79913333333326
-327.79913333333326
-320.16692236373325
-327.79913333333326
-327.79913333333326
-312.7428494623655
-300.60068505029477
-300.60068505029477
-316.57721717144057
-326.0503115518365
-327.79913333333326
-327.79913333333326
-327.79913333333326
-327.7991333333332
-312.7428494623655
-300.8953652696879
-301.3761593118556
-317.59757804191526
-327.79913333333326
-320.73030200712526
-320.73030200712526
-327.79913333333326
-327.79913333333326
-327.79913333333326
-327.79913333333326
-327.79913333333326
74.12
74.12
74.12
74.12
74.12
74.12
74.12
-250.00833333333324
-250.00833333333324
-250.0083333333332
-327.79913333333326
-3.670799999999997
74.12000000000002
74.12
74.12
74.12000000000002
74.12
74.12
74.12
74.12
-3.6707999999999976
-3.6707999999999976
-3.6707999999999976
74.12000000000002
74.12
74.12
74.12
74.11999999999999
74.12
74.12
74.11999999999999
74.11999999999999
-3.6708000000000105
-3.6708000000000105
-3.670800000000011
74.11999999999998
74.12
74.11999999999999
74.11999999999999
74.11999999999999
74.12
74.12
74.11999999999999
74.11999999999999
-3.6707999999999963
-3.6707999999999963
-3.6707999999999963
74.12
74.11999999999999
74.12
74.11999999999999
74.12
74.12
74.12
74.12
74.12000000000002
-250.00833333333324
-250.0083333333332
-327.79913333333326
74.12000000000002
74.12
74.12
74.12
74.12
74.12
74.12
74.11999999999999
-314.5016531412514
-327.79913333333326
-327.79913333333326
-327.79913333333326
-327.7991333333332
-322.4855921747211
-327.79913333333326
-327.7991333333332
-327.79913333333326
-327.79913333333326
-327.79913333333326
-327.7991333333332
-327.79913333333326
-327.79913333333326
-327.79913333333326
-327.79913333333326
-327.7991333333332
-327.7991333333332
-327.7991333333332
-327.7991333333332
-327.79913333333326
-327.79913333333326
-327.7991333333332
-327.7991333333332
-327.79913333333326
-327.7991333333332
-327.79913333333326
-327.7991333333332
-327.79913333333326
-250.0083333333332
-250.00833333333318
-250.0083333333332
-250.0083333333332
-250.0083333333332
-250.00833333333318
-250.0083333333332
-305.72397127253333
-323.3183832533333
-327.79913333333326
-327.79913333333326
-327.79913333333326
74.12
74.12
-3.6707999999999976
-3.6707999999999976
74.12
74.11999999999999
74.12
74.12
-3.670799999999998
-3.670799999999998
-3.6708
74.12
74.12
74.12
74.12
74.12
74.12
74.12
74.12
-314.5016531412513
-327.79913333333326
-327.79913333333326
-327.79913333333326
-327.79913333333326
-314.4428824919454
-317.2166205928389
-327.7991333333332
-327.7991333333332
-327.79913333333326
-327.7991333333332
-327.79913333333326
-327.79913333333326
-327.79913333333326
-327.79913333333326
-327.79913333333326
-327.7991333333332
-327.79913333333326
-327.79913333333326
-327.79913333333326
-327.79913333333326
-327.7991333333332
-327.79913333333326
-327.79913333333326
-327.7991333333332
-327.79913333333326
-327.79913333333326
-327.79913333333326
-312.7428494623655
-300.60068505029477
-290.8086169760442
-282.9117878839066
-276.89014075615466
-277.45591266895104
-286.12356930125134
-297.52838065954126
-312.53471139413324
-327.79913333333326
-327.79913333333326
-312.7428494623655
-306.89244561989244
-269.6669483954069
-265.8620551575862
-265.8620551575862
-270.86849362840286
-277.4559126689511
-286.1235693012514
-297.5283806595413
-312.53471139413324
-327.79913333333326
-327.79913333333326
-327.79913333333326
-327.7991333333334
74.11999999999999
74.12
74.12
74.12
74.12
74.12
74.11999999999998
-303.7570295254153
-320.7303020071253
-327.79913333333326
-327.79913333333326
-327.79913333333326
-321.15039323729223
-327.7991333333332
-327.79913333333326
-327.79913333333326
-327.79913333333326
-312.7428494623655
-309.2334103674493
-323.3183832533331
-327.79913333333315
-327.79913333333326
-327.7991333333332
74.12
74.12
74.11999999999999
74.11999999999999
74.12
74.12
74.12
74.12
74.11999999999999
-250.0083333333332
-250.00833333333324
-327.79913333333326
74.12
74.12
74.12
74.12
74.12
74.12
74.11999999999999
74.12
-305.72397127253333
-323.3183832533333
-327.7991333333332
-327.79913333333326
-250.00833333333324
-250.00833333333324
-250.00833333333327
-250.00833333333327
-250.0083333333333
-250.00833333333327
-250.00833333333327
-250.00833333333327
-297.7776600003476
-312.8627105267732
-327.79913333333326
-327.79913333333326
-313.34542324669155
-301.08663165055765
-301.08663165055765
-317.216620592839
-327.79913333333326
-327.79913333333326
-327.79913333333326
-327.79913333333326
-327.7991333333332
-327.79913333333326
-327.79913333333326
-327.79913333333326
-327.79913333333326
-327.79913333333326
-327.79913333333326
-327.79913333333326
-327.79913333333326
-327.79913333333326
-327.79913333333326
-327.79913333333326
-327.79913333333326
-327.79913333333326
-327.79913333333326
-327.79913333333326
-327.79913333333326
-315.7780814293742
-320.7303020071253
-327.79913333333326
-327.79913333333326
-327.79913333333326
-312.7428494623655
-309.2334103674494
-323.31838325333325
-327.7991333333332
-327.7991333333332
-327.7991333333332
74.11999999999999
74.12
74.12
74.12
74.12
-3.6708000000000003
74.12
74.12
-3.6708000000000007
-3.6708000000000007
-3.6708000000000003
-3.6708000000000003
74.12
74.12
74.12
74.12
74.12
74.12
74.12
74.12000000000002
74.12
-3.670799999999997
-3.6707999999999976
-3.6707999999999985
74.11999999999999
74.12
74.12000000000002
74.12
74.12
74.12000000000002
74.12
74.11999999999999
74.12
74.12
-3.6707999999999976
74.12
74.12
74.11999999999999
74.12
74.11999999999999
74.12
74.12
74.12000000000002
74.12
74.11999999999999
-3.670799999999998
-3.6707999999999976
-3.6707999999999967
74.12
74.12
74.12
74.12
74.11999999999999
74.12
74.11999999999999
74.12000000000002
-303.7570295254152
-320.73030200712515
-327.79913333333326
-327.79913333333326
-327.79913333333326
-322.4785548731321
-327.79913333333326
-327.79913333333326
-327.79913333333326
-327.7991333333332
-327.79913333333326
-327.7991333333332
-327.79913333333326
-327.79913333333326
-327.79913333333326
-327.79913333333326
-327.7991333333332
-327.79913333333326
-327.79913333333326
-327.79913333333326
-327.7991333333332
-327.7991333333332
-327.79913333333326
-327.79913333333326
-327.79913333333326
-327.7991333333332
-327.79913333333326
-327.7991333333332
74.12
74.12
74.11999999999999
74.12
74.12
74.12
74.12
74.12000000000002
74.11999999999999
-3.670799999999997
-3.670800000000001
-3.6707999999999865
74.11999999999999
74.12000000000002
74.12000000000002
74.12000000000002
74.12
74.12
74.12
74.12000000000002
74.12
74.12000000000002
-3.6707999999999976
74.12
74.12
74.11999999999999
74.12
-301.0673834521162
-317.1912940159424
-327.79913333333326
-327.7991333333332
-327.79913333333326
-327.79913333333326
-327.7991333333332
-327.79913333333326
-327.79913333333326
-327.7991333333332
-327.79913333333326
-327.79913333333326
-327.79913333333326
-327.7991333333332
-327.79913333333326
-327.79913333333326
-327.79913333333326
-327.7991333333332
-327.79913333333326
-327.79913333333326
-327.7991333333332
-327.79913333333326
-327.7991333333332
-327.79913333333326
-327.7991333333332
-327.79913333333326
-327.7991333333332
-327.79913333333326
-327.79913333333326
-327.7991333333332
-327.79913333333326
-327.7991333333332
-327.7991333333332
-327.7991333333332
-327.79913333333326
-327.7991333333332
-327.7991333333332
-327.7991333333332
-327.7991333333332
-327.79913333333326
-327.7991333333332
-327.79913333333326
-327.79913333333326
-327.79913333333326
-327.79913333333326
-327.79913333333326
-327.79913333333326
-327.79913333333326
-327.79913333333326
-327.79913333333326
-327.79913333333326
-327.79913333333326
-327.79913333333326
-327.79913333333326
-327.79913333333326
-327.79913333333326
-327.7991333333332
-327.79913333333326
74.12
74.12
74.12
74.12
-3.6708000000000007
74.12
74.12
74.12
-3.6708000000000007
-3.6708000000000007
-3.6708000000000003
74.12
74.12
74.12
74.12
74.12000000000002
74.12
74.12
74.11999999999999
74.12
-3.6707999999999976
-3.6707999999999976
-3.6707999999999994
74.12
74.12
74.12
74.12
74.12
74.12
74.12
74.12
74.12
-3.670799999999996
-3.6707999999999954
-3.670799999999996
74.12
74.12
74.12
74.12000000000002
74.12
74.12
74.12
74.11999999999999
74.12000000000002
-3.6707999999999967
-3.6707999999999963
-3.670799999999995
74.12
74.12
74.12
74.12
74.12
-278.31935288933397
-287.25967485438673
-299.023256387351
-314.5016531412513
-327.79913333333326
-327.79913333333326
-327.79913333333326
-327.7991333333332
-312.74284946236554
-306.9046474052951
-317.1900596687168
-327.79913333333326
-327.7991333333332
-327.79913333333326
-327.79913333333326
-327.7991333333332
-327.79913333333326
-327.79913333333326
-327.79913333333326
-327.7991333333332
-327.7991333333332
-327.7991333333332
-327.7991333333332
-327.7991333333332
-327.7991333333332
-327.7991333333332
-327.7991333333332
-327.7991333333332
-327.79913333333326
-327.79913333333326
-327.79913333333326
-327.79913333333326
-327.7991333333332
-327.7991333333332
-327.79913333333326
-327.79913333333326
-327.79913333333326
-327.79913333333326
-327.7991333333332
-327.7991333333332
-327.79913333333326
-327.79913333333326
-327.79913333333326
-312.7428494623655
-300.60068505029477
-290.8086169760442
-290.8086169760443
-303.69291707374236
-320.6459435180821
-324.9633526295438
-312.81841737727495
-316.67300279606053
-327.79913333333326
-327.79913333333326
-327.79913333333326
-327.7991333333332
-327.79913333333326
-327.79913333333326
-327.79913333333326
-327.79913333333326
-327.79913333333326
-327.79913333333326
-312.7428494623656
-312.7428494623655
-327.7991333333332
-327.79913333333326
-313.125224081553
-300.90905167867174
-291.05729974086427
-291.0572997408643
-304.0201312379794
-319.15581413928606
-327.79913333333326
-327.7991333333332
-327.79913333333326
-327.79913333333326
-327.79913333333326
-327.79913333333326
-327.7991333333332
-327.79913333333326
-327.79913333333326
-327.7991333333332
-327.79913333333326
-327.79913333333326
-327.79913333333326
-327.79913333333326
-327.79913333333326
-327.79913333333326
-327.79913333333326
-327.79913333333326
-327.79913333333326
-312.7428494623654
-300.60068505029477
-290.80861697604416
-290.80861697604416
-303.69291707374225
-319.1155720298713
-327.79913333333326
-327.79913333333326
-327.7991333333332
-327.7991333333332
-327.79913333333326
-327.79913333333326
-327.7991333333332
-327.79913333333326
-327.79913333333326
-327.79913333333326
-327.79913333333326
-312.7428494623655
-300.60068505029477
-293.362127175773
-297.5283806595413
-312.53471139413324
-327.79913333333326
-327.79913333333326
-312.7428494623655
-300.974983082013
-301.58567987060604
-317.8732629876394
-327.7991333333332
-327.79913333333326
-327.79913333333326
-327.79913333333326
-327.7991333333332
-327.79913333333326
-327.79913333333326
-327.79913333333326
-327.79913333333326
-312.7428494623655
-300.6006850502947
-290.80861697604416
-282.9117878839066
-276.5433773257311
-271.4075623594606
-267.2657760963392
-267.2657760963392
-272.7154948636042
-279.8861774521108
-327.79913333333326
74.12
74.12
74.12
74.12
74.12
74.12
74.12
74.12
74.12
74.12
-267.04398154780193
-272.42365993131847
-279.5021841201558
-288.81603173704707
-301.0710943908514
-317.19617683006766
-327.7991333333332
-327.79913333333326
-327.79913333333326
-327.79913333333326
-327.7991333333332
-327.79913333333326
-327.7991333333332
-327.79913333333326
-327.79913333333326
-327.79913333333326
-327.79913333333326
-327.79913333333326
-327.79913333333326
-327.79913333333326
-327.79913333333326
-327.79913333333326
-327.7991333333332
-327.79913333333326
-327.7991333333332
-327.79913333333326
-327.79913333333326
-327.79913333333326
-327.79913333333326
-327.79913333333326
-327.79913333333326
-327.79913333333326
-327.79913333333326
-312.7428494623654
-312.7428494623655
-327.79913333333326
-327.79913333333326
-327.79913333333326
-321.54305970273816
74.12
74.11999999999999
74.12
74.12
74.12
74.12000000000002
74.12
74.12
74.12
-3.6707999999999963
74.12
74.12
74.12
74.12
74.12
74.12
74.12
74.12
74.12
74.12
74.12
-3.6707999999999967
74.11999999999999
74.12000000000002
74.12
74.12
74.12
74.11999999999999
74.12
74.11999999999999
74.11999999999999
74.11999999999999
74.12
-3.670799999999996
-3.670799999999996
74.11999999999999
74.12
74.12
-3.670799999999996
-3.670799999999996
-3.6707999999999945
-3.6707999999999976
74.12000000000002
74.12
-3.670799999999997
-3.6707999999999976
74.11999999999999
74.12
74.12
74.12
74.12
74.12
74.12
74.12
74.12
74.12
74.12
74.12
74.12
74.11999999999999
74.12
74.12
74.12
74.12
74.12
74.12
74.12
74.11999999999999
-250.00833333333324
-250.00833333333324
-327.79913333333326
74.12000000000002
74.12
74.12
74.12
74.12
74.12
74.12000000000002
74.12
-250.00833333333327
-250.00833333333324
-250.00833333333327
-327.7991333333332
74.12
74.12
74.12000000000002
74.12000000000002
74.12
74.12
74.12
74.12
74.12
74.12
-3.670799999999999
-3.6707999999999985
74.12
74.12
74.12
-297.52838065954126
-312.53471139413324
-327.79913333333326
-327.79913333333326
-312.7428494623655
-300.60068505029477
-290.80861697604416
-290.80861697604416
-327.7991333333332
74.12
74.12
74.12
74.12
74.12
74.12
74.11999999999999
74.12
74.12
-320.73030200712526
-327.79913333333326
-327.79913333333326
-327.7991333333332
-312.7428494623655
-306.3147730350497
-315.6377586943868
-327.79913333333326
-327.79913333333326
-327.7991333333332
-327.79913333333326
-327.79913333333326
-327.79913333333326
-327.79913333333326
-327.79913333333326
74.12
74.12
74.12
74.12
-3.6707999999999963
-3.670799999999996
74.12
74.12
74.12
-305.7239712725333
-323.31838325333325
-327.79913333333326
-322.49520188259265
-327.79913333333326
-327.79913333333326
-327.79913333333326
-327.79913333333326
-327.7991333333332
-327.79913333333326
-327.79913333333326
-327.79913333333326
-327.79913333333326
-327.7991333333332
-327.79913333333326
-327.7991333333332
-327.79913333333326
-327.79913333333326
-327.79913333333326
-327.79913333333326
-327.79913333333326
-327.79913333333326
-327.79913333333326
-327.79913333333326
-327.79913333333326
-327.7991333333332
-327.79913333333326
-327.7991333333332
-327.79913333333326
-327.79913333333326
-327.79913333333326
-327.79913333333326
-327.79913333333326
-327.79913333333326
-327.79913333333326
-327.7991333333332
-327.79913333333326
-327.79913333333326
-327.79913333333326
-327.7991333333332
-327.7991333333332
-327.79913333333326
-327.79913333333326
-327.79913333333326
-327.79913333333326
-327.79913333333326
-327.79913333333326
-327.79913333333326
-327.7991333333332
-327.7991333333332
-327.7991333333332
-250.00833333333344
-250.0083333333334
-250.00833333333344
-250.00833333333344
-260.0927471376225
-263.2772988652928
-267.4674985069642
-272.98091908811085
-280.2354198527774
-289.78081559575975
-302.340546836526
-305.5391201576041
-294.7912259335517
-286.12356930125134
-286.1235693012514
-297.5283806595413
-312.53471139413324
-327.79913333333326
-327.79913333333326
-312.7428494623655
-300.60068505029477
-290.8086169760441
-290.80861697604416
-327.79913333333326
74.11999999999999
74.12
74.12
74.12
74.12
-3.6707999999999976
74.12
74.12
74.12
-3.670799999999997
-3.670799999999997
74.11999999999999
74.12
74.12
74.12
74.12
74.12
74.12
74.12
74.12
74.12
74.12
74.12
74.12
74.12
74.12
74.12
74.12
74.12
74.12
74.12
74.12
74.11999999999999
74.12
74.12
74.12
74.12
74.12
74.12
74.12
74.12
74.12
74.12
74.12
74.12
-305.7239712725333
-323.31838325333325
-327.79913333333326
-312.74284946236554
-300.81598389112287
-301.16726094721076
-317.3227117726457
-327.79913333333326
-327.79913333333326
-327.79913333333326
-327.79913333333326
-327.79913333333326
-327.79913333333326
-327.79913333333326
-327.7991333333332
-327.79913333333326
-327.79913333333326
-327.79913333333326
-327.79913333333326
-327.79913333333326
-327.79913333333326
-327.79913333333326
-324.26471767022923
-327.79913333333326
-327.79913333333326
-327.7991333333332
-327.79913333333326
-250.00833333333327
-250.00833333333327
-250.00833333333324
-268.59628252213196
-274.4661612133316
-282.1896858070152
-292.3522181671253
-305.7239712725333
-323.3183832533332
-327.79913333333326
-327.79913333333326
-327.79913333333326
74.11999999999999
74.12
74.12
74.12
74.12
74.12
74.12
74.12000000000002
74.12
74.12
-3.670799999999996
74.12
74.12
74.11999999999999
74.12
74.11999999999999
-262.0571619197655
-265.86205515758616
-270.86849362840286
-277.45591266895104
-286.1235693012514
-297.5283806595413
-312.5347113941333
-327.79913333333326
-327.79913333333326
-322.8361981604863
-327.79913333333326
-327.7991333333332
-327.79913333333326
-327.79913333333326
-327.79913333333326
-327.79913333333326
-327.79913333333326
-327.79913333333326
-327.7991333333332
-312.74284946236554
-300.60068505029477
-294.7196109015669
-301.1007062537355
-317.2351398075467
-327.79913333333326
-327.79913333333326
-327.79913333333326
-327.79913333333326
-327.79913333333326
-327.79913333333326
-327.79913333333326
-327.79913333333326
-327.7991333333332
-327.79913333333326
-327.79913333333326
-327.79913333333326
-327.7991333333332
-327.7991333333332
-327.79913333333326
-327.79913333333326
-327.7991333333332
-327.7991333333332
-327.79913333333326
-312.7428494623654
-300.60068505029477
-290.8086169760441
-289.81094527985874
-301.06746524167545
-317.19140163378336
-327.79913333333326
-327.79913333333326
-327.79913333333326
-327.7991333333332
-327.79913333333326
-327.79913333333326
-327.79913333333326
-327.79913333333326
-327.79913333333326
-327.79913333333326
-327.79913333333326
-327.79913333333326
-327.79913333333326
-327.79913333333326
-327.79913333333326
-327.7991333333332
-327.79913333333326
-327.79913333333326
-327.79913333333326
-327.7991333333332
-327.79913333333326
-327.7991333333332
-327.79913333333326
-327.79913333333326
-327.7991333333332
-327.79913333333326
-327.79913333333326
-327.7991333333332
-327.79913333333326
-327.79913333333326
-327.79913333333326
-327.79913333333326
-327.79913333333326
-327.79913333333326
-327.79913333333326
-327.79913333333326
-327.7991333333332
-327.79913333333326
-327.79913333333326
-327.79913333333326
-327.79913333333326
-327.79913333333326
-327.79913333333326
74.12
74.12
74.12
74.12
74.12
-20.19320000000001
-281.3524515244918
-291.2505941111734
-304.2744659357545
-321.41113938915066
-327.7991333333332
-315.40576478520114
-302.74819740742026
-292.5404817801777
-284.3084530485303
-277.6697202004277
-272.31590338744167
-272.31590338744167
-327.79913333333326
74.12
74.12
74.12
74.12
74.12
74.12
74.12
74.12
-250.00833333333327
-250.00833333333327
-250.00833333333324
-250.00833333333324
-250.00833333333327
-250.00833333333327
-250.00833333333324
-250.00833333333327
-250.00833333333324
-250.00833333333324
-250.00833333333324
-250.00833333333327
-250.00833333333324
-250.00833333333324
-250.00833333333324
-250.00833333333327
-250.00833333333327
-250.00833333333327
-250.0083333333333
-250.00833333333327
-250.00833333333327
-250.0083333333333
-250.00833333333327
-250.0083333333333
-250.00833333333324
-250.00833333333324
-250.00833333333327
-327.79913333333326
74.12
74.12
74.12000000000002
-3.6707999999999994
74.12
74.11999999999999
74.12
74.12
74.12
