PumpedStor,BatteryStor
0.0,0.0
0.0,0.0
33870.92,0.0
8129.0208,0.0
27692.864191999997,0.0
12824.343214079998,0.0
24124.419157299202,0.0
15536.361440452609,0.0
11787.898060945208,0.0
5391.897656294912,0.0
4381.6679588675715,0.0
4334.229399265691,0.0
2054.830599552911,0.0
173.0688625540159,0.0
0.0,0.0
4643.0042765274375,0.0
8648.007675754965,0.0
1663.31665508425,0.0
173.53842590817186,0.0
4443.023208142451,0.0
12519.637972561453,0.0
13140.237769097132,0.0
3178.9471601748783,0.0
-1.1185148987527605e-28,0.0
4130.339393518459,0.0
11172.666579799183,0.0
18869.559093597007,0.0
9420.081011245677,0.0
4328.912371440496,0.0
0.0,0.0
0.0,0.0
0.0,0.0
0.0,0.0
19195.121503304657,0.0
1724.7192016616073,0.0
16481.2580424074,0.0
0.0,0.0
0.0,0.0
0.0,0.0
6705.7624056400455,0.0
0.0,0.0
0.0,0.0
0.0,0.0
0.0,0.0
0.0,0.0
567.062979376142,0.0
4689.819729111903,0.0
2778.387454057293,0.0
0.0,0.0
0.0,0.0
0.0,0.0
3265.825937655734,0.0
6925.894653369685,0.0
0.0,0.0
0.0,0.0
0.0,0.0
6361.660548686675,0.0
7915.488719823954,0.0
9320.675891810031,0.0
5875.7150897410465,0.0
-5.630835953441609e-14,0.0
0.0,0.0
0.0,0.0
0.0,0.0
0.0,0.0
0.0,0.0
0.0,0.0
0.0,0.0
0.0,0.0
3574.1884658434146,0.0
5996.065716361286,0.0
4679.879544032256,0.0
0.0,0.0
2736.1214072761704,0.0
5442.577373628551,0.0
-1.444578603649108e-27,0.0
0.0,0.0
0.0,0.0
14393.217153499128,0.0
22932.07496334066,0.0
16442.543027861102,0.0
21374.587298825558,0.0
17626.233652892573,0.0
20474.98242380164,0.0
18309.93335791076,0.0
19955.370647987824,0.0
18704.838307529248,0.0
19655.242886277763,0.0
18932.935406428896,0.0
19481.88909111404,0.0
19064.68429075333,0.0
19381.75993902747,0.0
19140.782446339126,0.0
19323.925340782265,0.0
19184.736741005476,0.0
19290.520076835837,0.0
19210.12474160475,0.0
19271.22519638038,0.0
19224.78885075091,0.0
19260.08047342931,0.0
19233.25884019372,0.0
19253.643281452765,0.0
9194.28325902292,0.0
0.0,0.0
0.0,0.0
0.0,0.0
4035.010331464118,0.0
4845.539769973991,0.0
0.0,0.0
0.0,0.0
1015.9089868994987,0.0
4850.64843946473,0.0
4577.728814830465,0.0
0.0,0.0
0.0,0.0
1210.0926144891255,0.0
0.0,0.0
0.0,0.0
8589.620872498135,0.0
13392.588365650547,0.0
12043.076004296081,0.0
0.0,0.0
6708.113625472339,0.0
0.0,0.0
5.63083595344158e-14,0.0
0.0,0.0
0.0,0.0
0.0,0.0
7512.284230385981,0.0
3402.6303216633005,0.0
9599.650044861924,0.0
0.0,0.0
711.5533836930963,0.0
11443.991816258855,0.0
25173.486219643273,0.0
14739.070473071108,0.0
22669.22644046595,0.0
16642.30790524588,0.0
21222.76599201313,0.0
17741.617846070018,0.0
20387.290436986783,0.0
18376.579267890047,0.0
19904.71975640357,0.0
18743.33298513329,0.0
19625.986931298692,0.0
18955.169932212986,0.0
19464.990851518127,0.0
18829.98647519713,0.0
19619.539993485967,0.0
18960.069604950662,0.0
19461.2671002375,0.0
19080.3570038195,0.0
19369.848677097183,0.0
19149.83500540614,0.0
19317.045395891335,0.0
19189.965499122583,0.0
19286.54622066683,0.0
19213.144872293207,0.0
19268.929897057158,0.0
19226.533278236555,0.0
19258.754708540215,0.0
19234.266421509434,0.0
19252.87751965283,0.0
19238.733085063846,0.0
19249.48285535147,0.0
19241.313029932884,0.0
19247.522097251007,0.0
18700.362228348135,0.0
9375.762457878036,0.0
4094.5808886932928,0.0
2352.3050865872647,0.0
11118.532640767355,0.0
22378.697002123346,0.0
19276.922450566573,0.0
12736.166251229713,0.0
14911.078155803052,0.0
25139.28117870581,0.0
12013.7852426487,0.0
5966.837806971563,0.0
6166.015695546372,0.0
10071.20776385027,0.0
20704.862370435832,0.0
18135.224598468765,0.0
20088.149305163734,0.0
18603.926528075564,0.0
19731.93583866257,0.0
2987.8302972295965,0.0
0.0,0.0
0.0,0.0
4898.8385327610995,0.0
4450.078896700899,0.0
0.0,0.0
0.0,0.0
0.0,0.0
0.0,0.0
0.0,0.0
0.0,0.0
0.0,0.0
0.0,0.0
0.0,0.0
5454.587198008986,0.0
7009.232706002099,0.0
5832.927932729877,0.0
2426.6091081086865,0.0
0.0,0.0
0.0,0.0
0.0,0.0
0.0,0.0
0.0,0.0
0.0,0.0
0.0,0.0
0.0,0.0
0.0,0.0
0.0,0.0
0.0,0.0
0.0,0.0
0.0,0.0
0.0,0.0
0.0,0.0
0.0,0.0
13031.138798699416,0.0
0.0,0.0
0.0,0.0
0.0,0.0
11161.856970981231,0.0
14573.03221753965,0.0
11886.470814599481,0.0
0.0,0.0
0.0,0.0
8685.333422157388,0.0
9485.664770426663,0.0
14770.848646412134,0.0
26229.58419511809,0.0
13936.436011710253,0.0
0.0,0.0
0.0,0.0
0.0,0.0
0.0,0.0
0.0,0.0
0.0,0.0
0.0,0.0
0.0,0.0
0.0,0.0
0.0,0.0
4398.032184947892,0.0
0.0,0.0
0.0,0.0
0.0,0.0
7502.639290152282,0.0
9941.679775070343,0.0
5022.788126877908,0.0
0.0,0.0
0.0,0.0
0.0,0.0
0.0,0.0
0.0,0.0
0.0,0.0
0.0,0.0
0.0,0.0
0.0,0.0
13681.178103219443,0.0
17669.44774010706,0.0
12066.048475810627,0.0
1149.906576575355,0.0
0.0,0.0
0.0,0.0
0.0,0.0
0.0,0.0
0.0,0.0
0.0,0.0
0.0,0.0
0.0,0.0
0.0,0.0
6418.264111584786,0.0
6534.639360809753,0.0
1754.1099073932287,0.0
0.0,0.0
0.0,0.0
0.0,0.0
0.0,0.0
0.0,0.0
0.0,0.0
5045.757178338642,0.0
13081.191362981113,0.0
16136.012143455264,0.0
18099.901274209038,0.0
9323.208689743244,0.0
2521.506087935558,0.0
0.0,0.0
1123.9405197173253,0.0
2770.2460752780335,0.0
3680.0995367814153,0.0
3317.799555690663,0.0
8662.090514335408,0.0
13899.261275709096,0.0
165.8156216190654,0.0
5462.022051920728,0.0
15810.814488597482,0.0
27186.2773844372,0.0
13209.349187827724,0.0
5983.520162052311,0.0
8829.582369020673,0.0
14822.629848727562,0.0
22605.72131496705,0.0
16690.57180062504,0.0
21186.08543152497,0.0
17769.495072041023,0.0
20366.103745248824,0.0
18392.681153610898,0.0
19892.482323255714,0.0
18752.633434325653,0.0
19618.9185899125,0.0
18960.541871666494,0.0
19460.908177533463,0.0
19080.629785074565,0.0
19369.64136334333,0.0
19149.992563859072,0.0
19316.925651467107,0.0
19190.056504884997,0.0
19286.477056287404,0.0
19213.19743722157,0.0
19268.889947711607,0.0
19226.563639739175,0.0
19258.731633798223,0.0
19234.283958313346,0.0
17205.27240292325,0.0
15736.329468320204,0.0
23243.310932419092,0.0
16206.00369136149,0.0
13781.931202961041,0.0
23396.652285749602,0.0
0.0,0.0
8778.177172770225,0.0
19458.621792235725,0.0
22607.942232268782,0.0
11688.096470060387,0.0
10295.632686231145,0.0
13975.166749240556,0.0
16797.412159892203,0.0
21353.71799347545,0.0
17642.094324958663,0.0
17243.941338504625,0.0
20765.524582736478,0.0
18089.121317120276,0.0
20123.187798988587,0.0
18577.29727276868,0.0
19752.174072695805,0.0
18859.26770475119,0.0
19537.8765443891,0.0
19022.133826264282,0.0
17596.20769893586,0.0
20934.095891153527,0.0
17961.00712272332,0.0
14354.91738714102,0.0
22961.182785772824,0.0
13603.044784863025,0.0
8510.896708065902,0.0
9854.825270875619,0.0
12693.952181383871,0.0
15656.743533060142,0.0
18029.473451955593,0.0
20845.63232003283,0.0
18273.621059768568,0.0
13383.98156514334,0.0
6022.888422846579,0.0
0.0,0.0
8550.201843210405,0.0
0.0,0.0
5019.678060144633,0.0
13850.354341023647,0.0
22567.642980845074,0.0
18329.09218123694,0.0
9381.609345962386,0.0
6048.796326003178,0.0
4737.638085512383,0.0
4101.820490451248,0.0
1353.3293919576338,0.0
2383.529994152216,0.0
0.0,0.0
0.0,0.0
0.0,0.0
18951.01119272452,0.0
0.0,0.0
0.0,0.0
6864.578616621751,0.0
0.0,0.0
0.0,0.0
6218.690770856218,0.0
0.0,0.0
0.0,0.0
0.0,0.0
0.0,0.0
0.0,0.0
9304.289859171027,0.0
1818.3522030562297,0.0
0.0,0.0
0.0,0.0
0.0,0.0
0.0,0.0
0.0,0.0
0.0,0.0
0.0,0.0
0.0,0.0
0.0,0.0
0.0,0.0
638.9201617525193,0.0
15712.383111973977,0.0
4441.101166086053,0.0
0.0,0.0
0.0,0.0
4171.560722961345,0.0
11397.241113376842,0.0
4642.724394820282,0.0
0.0,0.0
0.0,0.0
9979.426819982178,0.0
26286.55561681354,0.0
13893.137731221705,0.0
23312.135324271505,0.0
16153.697153553652,0.0
21594.110163299225,0.0
17459.39627589259,0.0
20601.77883032163,0.0
18213.568088955566,0.0
20028.60825239377,0.0
18649.17772818074,0.0
19697.54492658264,0.0
18900.785855797196,0.0
19506.322749594136,0.0
19046.114710308455,0.0
19395.872820165572,0.0
19130.056656674165,0.0
19332.07694092763,0.0
19178.541524894998,0.0
18362.81395334097,0.0
20138.96087251818,0.0
18565.309736886185,0.0
2468.4783775977,0.0
0.0,0.0
0.0,0.0
0.0,0.0
0.0,0.0
0.0,0.0
0.0,0.0
0.0,0.0
0.0,0.0
0.0,0.0
0.0,0.0
0.0,0.0
0.0,0.0
0.0,0.0
0.0,0.0
1805.0722098614165,0.0
10250.664351631785,0.0
7268.240841263335,0.0
17598.057568565167,0.0
7234.594786795946,0.0
0.0,0.0
0.0,0.0
0.0,0.0
0.0,0.0
0.0,0.0
0.0,0.0
0.0,0.0
0.0,0.0
8428.549627728215,0.0
9533.48415860199,0.0
1.1261671906883009e-13,0.0
0.0,0.0
4555.29104240963,0.0
10699.357372561095,0.0
15983.912488884414,0.0
14370.061926313983,0.0
14748.534333691978,0.0
22662.033906394092,0.0
16647.774231140495,0.0
2862.794637913268,0.0
8733.490369485438,0.0
15515.745262295706,0.0
16886.63708214535,0.0
14218.002285593524,0.0
11860.771337756467,0.0
14186.478575669415,0.0
26421.48887585421,0.0
13790.588454350798,0.0
4555.726965432506,0.0
11905.762045589694,0.0
7812.268996297908,0.0
14955.755421943986,0.0
26445.76247334914,0.0
13558.679129476444,0.0
7073.299710181349,0.0
9478.419230353227,0.0
16945.727542406323,0.0
20992.16706777119,0.0
17916.873028493894,0.0
20254.09649834464,0.0
18477.806661258077,0.0
19827.786937443856,0.0
18801.801927542663,0.0
19581.55053506757,0.0
18988.941593348645,0.0
19439.32438905503,0.0
19097.033464318178,0.0
19357.174567118185,0.0
19159.467328990177,0.0
19309.724829967457,0.0
19195.529129224724,0.0
19282.317861789208,0.0
19216.3584250402,0.0
19021.2959383921,0.0
0.0,0.0
3627.677284422731,0.0
16381.676514602035,0.0
26967.7895140539,0.0
13308.770141348356,0.0
9885.441063420316,0.0
10767.453117167079,0.0
12141.858166358628,0.0
11689.938733887799,0.0
4586.680715972572,0.0
6311.304131249875,0.0
0.0,0.0
0.0,0.0
0.0,0.0
13316.159421201019,0.0
15296.35059647335,0.0
10152.996922610915,0.0
4701.2577501661735,0.0
-5.630835953441695e-14,0.0
0.0,0.0
0.0,0.0
0.0,0.0
0.0,0.0
9555.501322245813,0.0
838.0835460106875,0.0
8637.85725945402,0.0
17389.73711436248,0.0
24820.524128040965,0.0
15007.321662688862,0.0
11433.484588635703,0.0
12901.476593650616,0.0
16729.064531437347,0.0
21156.830956107613,0.0
17791.72847335822,0.0
20349.206360247754,0.0
18405.523166211715,0.0
15498.753061010557,0.0
7896.052601508391,0.0
6905.549509433356,0.0
10261.615604069164,0.0
11869.460414312334,0.0
12223.139733334192,0.0
10645.72881580334,0.0
8842.80216193627,0.0
13427.624964372826,0.0
18908.94879833269,0.0
10492.303665510794,0.0
2812.4203475411305,0.0
0.0,0.0
8019.500797949782,0.0
14526.195275092416,0.0
19732.61738330688,0.0
5183.242909782954,0.0
0.0,0.0
3214.0888434730286,0.0
9828.800439905202,0.0
13723.438024327004,0.0
9719.67166148243,0.0
5212.00028980923,0.0
7211.502279241931,0.0
0.0,0.0
0.0,0.0
0.0,0.0
0.0,0.0
0.0,0.0
0.0,0.0
0.0,0.0
7882.372871758568,0.0
0.0,0.0
0.0,0.0
0.0,0.0
0.0,0.0
68.35036408641574,0.0
18679.491886540258,0.0
19170.92964290965,0.0
0.0,0.0
0.0,0.0
0.0,0.0
-1.7855072056944267e-27,0.0
0.0,0.0
4118.06360680109,0.0
3728.451827054368,0.0
8877.82304196625,0.0
27123.774488105653,0.0
13256.851389039703,0.0
4986.643404464308,0.0
11190.221599561186,0.0
18102.13265334708,0.0
19989.531769581023,0.0
19056.960573081153,0.0
19482.09145709064,0.0
19064.53049261111,0.0
15565.771629955041,0.0
5824.182889365803,0.0
4810.308953344005,0.0
24914.610552189628,0.0
0.0,0.0
8987.674938798247,0.0
22649.44402193659,0.0
19350.89250486399,0.0
7472.261672387445,0.0
8520.28419427284,0.0
18975.351158859467,0.0
19449.653119266808,0.0
19089.18362935723,0.0
19363.1404416885,0.0
19154.933264316733,0.0
19313.17071911928,0.0
19192.91025346934,0.0
19284.308207363298,0.0
19214.84576240389,0.0
19267.63722057304,0.0
19227.515712364486,0.0
19258.008058602987,0.0
19234.833875461725,0.0
19252.446254649083,0.0
19239.0608464667,0.0
19249.233756685306,0.0
19241.502344919165,0.0
19247.378217861424,0.0
19242.91255442531,0.0
19246.306458636765,0.0
19243.727091436056,0.0
19245.687410508588,0.0
19244.19756801347,0.0
19245.32984830976,0.0
19244.469315284576,0.0
19245.12332038372,0.0
19244.62627650837,0.0
19245.004029853633,0.0
19244.716937311234,0.0
19244.935127643457,0.0
19244.769302990968,0.0
19244.89532972686,0.0
19244.79954940758,0.0
19244.87234245024,0.0
19244.817019737817,0.0
19244.85906499926,0.0
19244.827110600556,0.0
19244.851395943573,0.0
19244.832939082877,0.0
19244.846966297016,0.0
19244.836305614263,0.0
19244.84440773316,0.0
19244.838250122793,0.0
19244.842929906677,0.0
19244.83937327092,0.0
19244.842076314097,0.0
19244.84002200128,0.0
19244.84158327902,0.0
19244.840396707943,0.0
19244.841298501964,0.0
19244.8406131385,0.0
19244.841134014732,0.0
19244.840738148796,0.0
19244.841039006904,0.0
19244.840810354744,0.0
19244.840984130395,0.0
19244.840852060897,0.0
19244.840952433708,0.0
19244.840876150374,0.0
19244.840934125714,0.0
19244.840890064454,0.0
17350.945005995876,0.0
21138.73681565636,0.0
17805.48002010116,0.0
5367.965339164747,0.0
0.0,0.0
0.0,0.0
12936.071458381946,0.0
23239.77514151923,0.0
688.3138604435268,0.0
6990.253241202077,0.0
0.0,0.0
1768.9878621003697,0.0
6712.889952654705,0.0
15035.480585551733,0.0
22443.95475498068,0.0
16813.514386214687,0.0
21092.649066476835,0.0
17840.50670947761,0.0
20312.134900797013,0.0
18433.697475394274,0.0
19861.309918700346,0.0
18776.324461787735,0.0
19600.913409041317,0.0
18974.2258091286,0.0
19450.508385062265,0.0
19088.533627352674,0.0
19363.63444321197,0.0
19154.557823158902,0.0
8825.885846578145,0.0
1345.4922336035434,0.0
7853.16378934941,0.0
18772.492365090144,0.0
23626.45372890637,0.0
11328.134972776752,0.0
11846.0962732822,0.0
24867.886832305532,0.0
14971.326007447797,0.0
22492.71223433967,0.0
16776.458701901847,0.0
21120.811386554593,0.0
17819.103346218508,0.0
13196.824024318083,0.0
0.0,0.0
13114.755780804484,0.0
23115.08358641742,0.0
18041.52427817489,0.0
10518.051780850223,0.0
7435.772338407654,0.0
7169.959702441239,0.0
10926.433297497135,0.0
14204.36790237531,0.0
23075.600394194767,0.0
16333.463700411976,0.0
21457.487587686897,0.0
17563.22943335796,0.0
20522.865630647942,0.0
18273.54212070756,0.0
19983.027988262253,0.0
15445.75548321059,0.0
15033.96167884457,0.0
16057.251212608617,0.0
23654.113370744355,0.0
15893.793838234293,0.0
13598.136981450969,0.0
13599.760890319467,0.0
0.0,0.0
5111.97108505534,0.0
12039.398393530364,0.0
11209.940250599999,0.0
15131.616142931896,0.0
8811.303725207976,0.0
2600.8953574040893,0.0
0.0,0.0
7971.124204493098,0.0
1293.8849872233395,0.0
0.0,0.0
0.0,0.0
0.0,0.0
0.0,0.0
14906.92252889133,0.0
1089.51799655684,0.0
13800.58222738279,0.0
9230.548750231148,0.0
0.0,0.0
5189.4544361163225,0.0
0.0,0.0
0.0,0.0
6540.869198701013,0.0
23289.12952650568,0.0
16171.181559855686,0.0
21580.822014509675,0.0
17469.49526897265,0.0
20594.103595580782,0.0
18219.401267358608,0.0
20024.175036807454,0.0
18652.546972026335,0.0
19694.984301259985,0.0
18902.731931042417,0.0
19504.843732407764,0.0
19047.238763370093,0.0
7629.726528817352,0.0
0.0,0.0
0.0,0.0
0.0,0.0
0.0,0.0
0.0,0.0
0.0,0.0
1785.572190385214,0.0
15467.084411969816,0.0
15620.681294671447,0.0
10906.212383208376,0.0
0.0,0.0
1538.1774570365856,0.0
9164.87047708419,0.0
17841.125157330644,0.0
20491.132049685286,0.0
15736.954926306908,0.0
13212.39295081242,0.0
17182.192552893946,0.0
20812.453659800598,0.0
18053.455218551542,0.0
20150.29403390082,0.0
18556.696534235376,0.0
19767.830633981113,0.0
18847.368718174355,0.0
19546.91977418749,0.0
19015.260971617507,0.0
19419.321661570695,0.0
19112.235537206267,0.0
19345.620991723234,0.0
19168.24804629034,0.0
19303.051484819334,0.0
19200.60087153731,0.0
19278.46333763164,0.0
19219.287863399946,0.0
19264.261223816033,0.0
19230.081469899807,0.0
19256.058082876134,0.0
19236.31585701413,0.0
19251.319948669257,0.0
19239.91683901136,0.0
19248.58320235136,0.0
19241.996766212964,0.0
19247.002457678147,0.0
19243.1981321646,0.0
19246.0894195549,0.0
19243.89204113827,0.0
19245.562048734915,0.0
2371.159284789671,0.0
0.0,0.0
0.0,0.0
10138.287231574855,0.0
15367.394291804392,0.0
10128.651373987886,0.0
6536.681371788717,0.0
0.0,0.0
1909.3458523013562,0.0
0.0,0.0
0.0,0.0
7810.92933784091,0.0
0.0,0.0
0.0,0.0
0.0,0.0
12878.70719165934,0.0
12953.125937478391,0.0
7470.458259257281,0.0
3959.958714530006,0.0
0.0,0.0
0.0,0.0
7074.823788908584,0.0
0.0,0.0
8027.082123944957,0.0
27020.446878410046,0.0
6584.288734569166,0.0
0.0,0.0
8581.121368859775,0.0
21364.25171714899,0.0
20332.278213481644,0.0
13478.877236872573,0.0
174.65191881554492,0.0
3110.0662741028004,0.0
8014.774240088824,0.0
1.5857581978855427e-12,0.0
6103.378364274452,0.0
7601.827876016095,0.0
0.0,0.0
3114.991532546099,0.0
15863.976363855882,0.0
24865.62979778386,0.0
8450.163108043998,0.0
740.5366653695708,0.0
0.0,0.0
2672.899244627227,0.0
6030.016584357577,0.0
8071.153021105005,0.0
25162.11075527502,0.0
14747.715825990983,0.0
21292.068994229056,0.0
3903.0000430397995,0.0
12516.871831138093,0.0
18803.569237788084,0.0
22167.553802041934,0.0
16780.650457562348,0.0
17765.624538837146,0.0
19136.78280262766,0.0
19326.96507000297,0.0
19182.426546797735,0.0
19292.275824433713,0.0
16210.442814364864,0.0
0.0,0.0
1241.7513532618498,0.0
14192.707076259345,0.0
28975.24807160832,0.0
12040.003204532803,0.0
1626.9779211246798,0.0
0.0,0.0
2325.8811809203326,0.0
3202.152999922386,0.0
355.9454970883365,0.0
3126.806361891286,0.0
0.0,0.0
0.0,0.0
0.0,0.0
20534.283466561385,0.0
22638.364609083885,0.0
0.0,0.0
-2.2523343813766288e-13,0.0
0.0,0.0
0.0,0.0
0.0,0.0
0.0,0.0
906.4148777858084,0.0
23498.330009335128,0.0
16012.189192905307,0.0
15342.502320696874,0.0
19873.065722742485,0.0
19694.689918181644,0.0
16996.94235196831,0.0
20953.24381250408,0.0
17946.4547024969,0.0
20231.61442610235,0.0
18494.89303616222,0.0
19814.80129251671,0.0
18811.67101768729,0.0
19574.050026557652,0.0
14101.30110788734,0.0
7669.252164017266,0.0
16495.30764711482,0.0
25065.324612435703,0.0
14821.273294548868,0.0
13774.105282448516,0.0
17871.84141953699,0.0
20288.320521151883,0.0
18451.796403924567,0.0
19847.554733017325,0.0
18786.778402906828,0.0
19592.968413790804,0.0
18980.264005518984,0.0
19445.91935580557,0.0
19092.021289587763,0.0
19360.98381991329,0.0
19156.572296865896,0.0
19311.92505438192,0.0
19193.856958669738,0.0
19283.588711410994,0.0
19215.39257932764,0.0
19267.22163971099,0.0
19227.831553819644,0.0
9894.620645348381,0.0
0.0,0.0
0.0,0.0
0.0,0.0
0.0,0.0
0.0,0.0
0.0,0.0
0.0,0.0
0.0,0.0
0.0,0.0
0.0,0.0
0.0,0.0
0.0,0.0
0.0,0.0
0.0,0.0
4968.2008031141595,0.0
6871.464186109141,0.0
4305.289827771435,0.0
147.65102840461458,0.0
10731.109303513998,0.0
16623.47987901058,0.0
0.0,0.0
0.0,0.0
0.0,0.0
0.0,0.0
0.0,0.0
0.0,0.0
2019.5540999126085,0.0
27477.98263255341,0.0
3860.0473131221024,0.0
0.0,0.0
0.0,0.0
7655.110747515082,0.0
0.0,0.0
0.0,0.0
0.0,0.0
0.0,0.0
0.0,0.0
4714.459641878756,0.0
14007.380688019835,0.0
9563.130321247972,0.0
0.0,0.0
0.0,0.0
3338.407201838123,0.0
6742.737825452927,0.0
8466.966670613576,0.0
5784.001461324657,0.0
15874.630247587313,0.0
21806.20101183364,0.0
17298.207231006436,0.0
10316.465983789274,0.0
16756.110928305192,0.0
23961.596707840843,0.0
15660.106502040962,0.0
21221.96491166649,0.0
17742.22666713347,0.0
20386.827732978563,0.0
18376.930922936288,0.0
19904.45249856842,0.0
18743.536101088,0.0
19625.83256317312,0.0
18955.28725198843,0.0
19464.90168848879,0.0
19077.59471674852,0.0
19371.948015271122,0.0
19148.23950839394,0.0
19318.257973620603,0.0
19189.043940048337,0.0
19287.246605563258,0.0
19212.612579771918,0.0
19269.334439373335,0.0
19226.22582607626,0.0
19258.988372182037,0.0
19234.08883714165,0.0
19253.012483772345,0.0
19238.630512333013,0.0
19249.560810626906,0.0
19241.25378392355,0.0
19247.5671242181,0.0
19242.76898559424,0.0
19246.41557094837,0.0
19243.64416607923,0.0
19245.75043377978,0.0
19244.149670327362,0.0
8315.453175353936,0.0
0.0,0.0
0.0,0.0
16712.5400668887,0.0
6392.887743751051,0.0
20632.555821507478,0.0
0.0,0.0
0.0,0.0
0.0,0.0
0.0,0.0
0.0,0.0
0.0,0.0
9572.13732248109,0.0
10603.154775233832,0.0
5191.189050625985,0.0
15608.494066081672,0.0
24262.043437924338,0.0
16043.981987055524,0.0
13511.575529467,0.0
16595.375202909556,0.0
21258.434845788735,0.0
17714.50951720056,0.0
20407.89276692757,0.0
18360.921497135052,0.0
19916.61966217736,0.0
18734.289056745205,0.0
19632.86031687364,0.0
18949.94615917603,0.0
19468.960919026216,0.0
19074.50970154007,0.0
19374.29262682954,0.0
19146.457603609546,0.0
19319.61222125674,0.0
19188.01471184487,0.0
19288.0288189979,0.0
19212.0180975616,0.0
19269.786245853178,0.0
19225.882453151582,0.0
19259.249335604796,0.0
19233.890504940355,0.0
19253.16321624533,0.0
19238.515955653547,0.0
19249.6478737033,0.0
19241.18761598549,0.0
18007.51366058881,0.0
20482.834518255433,0.0
18303.96576612587,0.0
19959.90601774433,0.0
18701.391426514307,0.0
19657.86251584912,0.0
18930.944487954668,0.0
17383.74842726604,0.0
13944.086457813604,0.0
10401.88265869414,0.0
10122.013299116525,0.0
13084.55070186285,0.0
24604.42265851075,0.0
16030.562873418858,0.0
0.0,0.0
110.9030000463118,0.0
15794.837796805214,0.0
9810.218142314208,0.0
0.0,0.0
15407.017379269198,0.0
26466.37552037443,0.0
14192.010181023772,0.0
8544.40660135264,0.0
10223.447362510424,0.0
13543.605118384246,0.0
15181.936286753733,0.0
16989.16839760053,0.0
20959.152017823595,0.0
17941.964466454072,0.0
20235.027005494903,0.0
18492.299475823875,0.0
18846.292214965986,0.0
19780.653160643724,0.0
18837.623597910766,0.0
19554.326065587815,0.0
19009.632190153265,0.0
19423.599535483518,0.0
19108.984353032523,0.0
19348.091891695283,0.0
19166.370162311578,0.0
19304.478676643193,0.0
19199.51620575117,0.0
19279.28768362911,0.0
19081.800484209103,0.0
19401.59824229694,0.0
19125.705335854323,0.0
19335.383944750713,0.0
19176.028201989455,0.0
19297.138566488014,0.0
19205.09468946911,0.0
19275.048036003474,0.0
19221.883492637357,0.0
19262.288545595606,0.0
12903.49164597518,0.0
0.0,0.0
12051.825404346599,0.0
18721.034824899492,0.0
22691.092368824335,0.0
15487.858849319282,0.0
12890.367427802363,0.0
13224.057840452584,0.0
15585.959598277263,0.0
19385.840342006606,0.0
19137.681340074985,0.0
19326.282181543014,0.0
19182.945542027308,0.0
6117.309120896836,0.0
11411.485514622136,0.0
18185.211603469936,0.0
22941.271627965612,0.0
16435.553562746125,0.0
16788.520551310812,0.0
19570.969325888116,0.0
19366.74532555279,0.0
19152.193552579873,0.0
19315.25290003929,0.0
0.0,0.0
0.0,0.0
0.0,0.0
399.19635967661793,0.0
9662.17160590323,0.0
5641.126092795094,0.0
6161.629380915313,0.0
5666.338149856577,0.0
6712.604566780986,0.0
9973.14055152367,0.0
0.0,0.0
13875.305848480597,0.0
23325.687555154742,0.0
16143.3974580824,0.0
18593.852701505944,0.0
20461.532402139826,0.0
18320.15537437373,0.0
19175.840812146744,0.0
19297.280982768476,0.0
19204.986453095953,0.0
19275.130295647068,0.0
19221.82097530822,0.0
19262.336058765748,0.0
19231.544595338037,0.0
19254.946107543088,0.0
19237.160958267246,0.0
12695.937067634097,0.0
20501.175543397734,0.0
19560.579394260974,0.0
19004.879660361654,0.0
18798.268349524238,0.0
17648.782905330892,0.0
20958.58087077129,0.0
17942.39853821382,0.0
11624.094882630927,0.0
19391.038947030345,0.0
19133.730400256936,0.0
12244.846692930858,0.0
8321.34752113477,0.0
16514.35646048667,0.0
19649.62855307053,0.0
20221.610836848133,0.0
18502.49576399542,0.0
19221.48951948464,0.0
19298.81171622977,0.0
17122.069575106838,0.0
12509.409538649188,0.0
24363.768750626612,0.0
15354.455749523777,0.0
20590.74577674594,0.0
3357.305858600132,0.0
12062.256991810083,0.0
17620.01527659856,0.0
21150.302680201185,0.0
18360.57232186075,0.0
16188.677766678851,0.0
16875.685611056848,0.0
18381.047397625236,0.0
19901.323977804816,0.0
18745.91377686834,0.0
19624.02552958006,0.0
18956.66059751915,0.0
14384.173473562569,0.0
16862.841267993925,0.0
20748.878805638622,0.0
18595.485062209555,0.0
16623.813762541824,0.0
18280.47006879097,0.0
19977.76274771886,0.0
18687.820311733656,0.0
19668.176563082416,0.0
18923.10581205736,0.0
19489.359582836398,0.0
19059.00671704434,0.0
19386.074895046302,0.0
19137.50307976481,0.0
19326.417659378738,0.0
19182.842578872154,0.0
19129.763181846472,0.0
16277.115381986978,0.0
22242.89912963716,0.0
16966.316661475754,0.0
9075.071433924417,0.0
20712.252474458877,0.0
18129.608119411256,0.0
11339.766775576092,0.0
9266.597475067285,0.0
16642.63305157645,0.0
16575.45695668977,0.0
18613.34176737665,0.0
20831.720641596057,0.0
18038.812312387,0.0
14485.532901466002,0.0
8922.322606770222,0.0
1211.2272187567469,0.0
10523.826228178663,0.0
25872.812066584207,0.0
14207.582829396002,0.0
17028.351783074104,0.0
22380.125908844064,0.0
16862.024309278513,0.0
18927.020096438268,0.0
19486.38472670692,0.0
19061.267607702735,0.0
17855.489106402692,0.0
20667.676481952323,0.0
16438.303956838474,0.0
21377.808992802755,0.0
8714.801934306735,0.0
0.0,0.0
1713.7012081478872,0.0
13281.113516710599,0.0
8086.392665479554,0.0
3827.2872838873573,0.0
16784.069732485998,0.0
6997.668688507688,0.0
9729.947974920133,0.0
5299.755581671411,0.0
0.0,0.0
11127.725851685382,0.0
0.0,0.0
0.0,0.0
0.0,0.0
0.0,0.0
10211.319488089546,0.0
5517.481272914549,0.0
3395.033779751495,0.0
1184.1972381633166,0.0
0.0,0.0
0.0,0.0
0.0,0.0
0.0,0.0
0.0,0.0
0.0,0.0
0.0,0.0
17472.303443515408,0.0
0.0,0.0
0.0,0.0
0.0,0.0
6285.998683103121,0.0
1591.274286870018,0.0
7859.7182379713295,0.0
0.0,0.0
0.0,0.0
0.0,0.0
0.0,0.0
0.0,0.0
1464.556139266772,0.0
23008.26537545888,0.0
17984.200408080465,0.0
4.062678569494788e-28,0.0
0.0,0.0
0.0,0.0
0.0,0.0
0.0,0.0
0.0,0.0
0.0,0.0
0.0,0.0
0.0,0.0
1341.701940648592,0.0
3864.522487202031,0.0
0.0,0.0
0.0,0.0
0.0,0.0
1498.967383166911,0.0
17586.949064870398,0.0
6120.4457753845745,0.0
0.0,0.0
0.0,0.0
0.0,0.0
0.0,0.0
17968.805054854838,0.0
7117.622303298576,0.0
11512.439083175495,0.0
5547.6213052459725,0.0
9.618041775460179e-13,0.0
0.0,0.0
0.0,0.0
0.0,0.0
1802.3130420867517,0.0
5243.9558580973735,0.0
0.0,0.0
0.0,0.0
0.0,0.0
0.0,0.0
16816.752667510304,0.0
14187.281569271065,0.0
9259.386851711835,0.0
0.0,0.0
1446.295232656637,0.0
0.0,0.0
0.0,0.0
0.0,0.0
0.0,0.0
0.0,0.0
0.0,0.0
16161.592012965712,0.0
0.0,0.0
-2.9462829576334238e-12,0.0
0.0,0.0
0.0,0.0
0.0,0.0
0.0,0.0
0.0,0.0
0.0,0.0
0.0,0.0
6154.113607834617,0.0
34.578183622012425,0.0
1261.9260233057037,0.0
0.0,0.0
0.0,0.0
0.0,0.0
0.0,0.0
0.0,0.0
6592.101565647594,0.0
0.0,0.0
0.0,0.0
0.0,0.0
0.0,0.0
16236.10961628846,0.0
2629.2996673551675,0.0
671.449147445561,0.0
20073.38489272883,0.0
0.0,0.0
0.0,0.0
0.0,0.0
0.0,0.0
0.0,0.0
0.0,0.0
0.0,0.0
0.0,0.0
0.0,0.0
7983.381058271512,0.0
9512.164590581744,0.0
7856.079363135708,0.0
8375.461146524147,0.0
9712.217514463739,0.0
0.0,0.0
0.0,0.0
7729.442563047138,0.0
0.0,0.0
0.0,0.0
0.0,0.0
0.0,0.0
15790.813589957465,0.0
155.56111053335496,0.0
8825.521899111709,0.0
8182.979448087673,0.0
11344.17871265011,0.0
-1.8109916360232038e-12,0.0
0.0,0.0
0.0,0.0
2358.4411304203945,0.0
0.0,0.0
0.0,0.0
0.0,0.0
20966.08743880505,0.0
17474.74669205238,0.0
2550.342944994218,0.0
0.0,0.0
0.0,0.0
0.0,0.0
0.0,0.0
4588.931506266543,0.0
23530.655149025974,0.0
13099.699391863942,0.0
9213.958065345425,0.0
16283.827341266893,0.0
20316.40129562017,0.0
19535.84639665325,0.0
18413.40178411735,0.0
18396.41950601841,0.0
20280.068645933537,0.0
14410.533171978159,0.0
2161.6195882430325,0.0
4972.194456643366,0.0
17596.363745978462,0.0
0.0,0.0
0.0,0.0
0.0,0.0
12605.149136288926,0.0
0.0,0.0
0.0,0.0
0.0,0.0
1828.3729618341772,0.0
3618.931067328079,0.0
0.0,0.0
0.0,0.0
0.0,0.0
0.0,0.0
0.0,0.0
0.0,0.0
21265.776350577366,0.0
16042.699809833428,0.0
4970.21614756662,0.0
0.0,0.0
0.0,0.0
0.0,0.0
0.0,0.0
7115.582429168437,0.0
25396.029510700155,0.0
0.0,0.0
0.0,0.0
3007.252986202906,0.0
5032.791349677181,0.0
3773.1958023983557,0.0
5368.838864100486,0.0
6329.764611819741,0.0
10029.154089081349,0.0
9298.171500859573,0.0
0.0,0.0
8243.698263025062,0.0
26230.941111121192,0.0
13935.404755547896,0.0
20941.977633118462,0.0
18516.145339469596,0.0
19798.649542003102,0.0
18823.946348077636,0.0
19564.720775460995,0.0
19001.73221064964,0.0
19429.603519906268,0.0
19104.421324871237,0.0
19351.55979309786,0.0
19163.73455724563,0.0
19306.48173649332,0.0
19197.993880265076,0.0
19280.444650998532,0.0
19217.78206524111,0.0
19265.405630416753,0.0
19229.211720883268,0.0
19256.71909212871,0.0
19235.81348998217,0.0
19251.701747613544,0.0
19239.626671813705,0.0
19248.80372942158,0.0
19241.829165639596,0.0
19247.1298341139,0.0
19243.101326073433,0.0
19246.16299218419,0.0
19243.83612594001,0.0
19245.60454428559,0.0
19244.26054634295,0.0
19245.281984779358,0.0
19244.50569156769,0.0
19245.09567440855,0.0
19244.647287449498,0.0
19244.988061538377,0.0
19244.72907323083,0.0
19244.925904344567,0.0
19244.77631269813,0.0
19244.890002349424,0.0
19244.803598214436,0.0
19244.86926535702,0.0
19244.819358328667,0.0
16110.608654561185,0.0
14083.726249542653,0.0
20204.912322533848,0.0
19703.969018217947,0.0
10401.586588958196,0.0
21671.713900133243,0.0
0.0,0.0
0.0,0.0
0.0,0.0
0.0,0.0
9592.150001307211,0.0
0.0,0.0
14191.594489153731,0.0
0.0,0.0
20407.704672172924,0.0
0.0,0.0
0.0,0.0
0.0,0.0
1257.830560802918,0.0
0.0,0.0
0.0,0.0
0.0,0.0
0.0,0.0
15018.655567139267,0.0
0.0,0.0
0.0,0.0
11509.749659318117,0.0
17524.59152995259,0.0
0.0,0.0
4108.725627926767,0.0
20580.002127969543,0.0
8090.5459807041125,0.0
4994.738646565317,0.0
16963.094627980176,0.0
25575.071596878628,0.0
14061.888668885493,0.0
14851.819340757858,0.0
22583.537301024026,0.0
16707.43165122174,0.0
21173.271945071472,0.0
17779.233321745683,0.0
20358.70267547328,0.0
18398.305966640313,0.0
19888.207465353364,0.0
18755.882326331437,0.0
19616.4494319881,0.0
18962.418431689042,0.0
19459.481991916324,0.0
16015.53758052519,0.0
17317.866820797724,0.0
21937.4516681981,0.0
17198.45673216944,0.0
16960.476814456444,0.0
20980.9576210131,0.0
17925.39220803005,0.0
19027.878033927063,0.0
0.0,0.0
0.0,0.0
6301.4299046379865,0.0
4128.745879333301,0.0
3614.6980183849682,0.0
5747.389016047475,0.0
9441.126446170485,0.0
13901.413878119894,0.0
0.0,0.0
4060.104742580771,0.0
14630.357120684925,0.0
0.0,0.0
0.0,0.0
2992.7194191714993,0.0
10567.812112342897,0.0
9946.331269145821,0.0
10021.109827773336,0.0
9808.972949173083,0.0
0.0,0.0
7.716169094787495e-28,0.0
0.0,0.0
5581.237780431997,0.0
20799.266848858886,0.0
0.0,0.0
0.0,0.0
0.0,0.0
7597.682797962735,0.0
707.1922451458717,0.0
6196.229034678357,0.0
7392.037110392041,0.0
10817.455821862159,0.0
10329.800076383188,0.0
0.0,0.0
10319.179524950488,0.0
24738.914641148982,0.0
10663.684673084917,0.0
0.0,0.0
6313.989656908979,0.0
13755.033630328264,0.0
18961.22243535343,0.0
21882.016269002837,0.0
15759.246495850914,0.0
11221.215737993041,0.0
6302.530019045648,0.0
4406.309426342635,0.0
22822.47580211088,0.0
16525.83839039573,0.0
21311.282823299236,0.0
17674.34505429258,0.0
20438.417758737633,0.0
18337.722503359404,0.0
19934.250897446855,0.0
18720.889317940386,0.0
19643.044118365302,0.0
18942.206470042365,0.0
19474.8430827678,0.0
19070.03925709647,0.0
19377.690164606687,0.0
19143.875474898916,0.0
19321.57463907682,0.0
19186.523274301617,0.0
16021.1438211953,0.0
16219.58100051951,0.0
17176.35059478755,0.0
18874.25592809933,0.0
20330.82997256824,0.0
18419.48922084814,0.0
13764.339485185928,0.0
12088.175210760683,0.0
24683.906839821884,0.0
15111.15080173536,0.0
19161.850368902185,0.0
4282.917655186266,0.0
11316.53409229826,0.0
18314.142801575665,0.0
22951.709782973707,0.0
16427.62056493998,0.0
14801.797789097016,0.0
18119.99826527099,0.0
20099.721318394044,0.0
18595.131798020528,0.0
19738.6198335044,0.0
18869.568926536656,0.0
16905.427885772697,0.0
0.0,0.0
7090.213466696581,0.0
12435.640423694296,0.0
15620.585400352966,0.0
20450.36445449312,0.0
19535.141257361825,0.0
13412.48868185057,0.0
6946.82989466392,0.0
397.676736886594,0.0
6102.331787440389,0.0
21039.74101123901,0.0
6824.520447429513,0.0
904.369271308848,0.0
10497.468388581074,0.0
16893.8780826437,0.0
20329.027616434043,0.0
19522.394058900092,0.0
17143.72701733415,0.0
18703.50338699019,0.0
19656.257425887452,0.0
18128.20106170116,0.0
20093.487193107114,0.0
18599.869733238593,0.0
19735.019002738667,0.0
18872.30555791861,0.0
18736.963777657806,0.0
19820.668488577838,0.0
18807.21194868084,0.0
19577.438919002558,0.0
18992.066421558055,0.0
19269.41533449265,0.0
19266.37255021516,0.0
19228.476861836472,0.0
19257.277585004274,0.0
19235.389035396747,0.0
19252.024333098467,0.0
17967.388216012594,0.0
20520.983345630248,0.0
18274.972657321014,0.0
19981.94078043603,0.0
18684.64500686861,0.0
17783.39759532806,0.0
20808.4639554191,0.0
18056.487393881485,0.0
12565.227164156096,0.0
24321.347355241367,0.0
15386.696010016562,0.0
22177.03103238741,0.0
9985.325372442294,0.0
13995.044899115845,0.0
15225.975014083171,0.0
16765.903660353473,0.0
18645.59029852963,0.0
20772.04272272431,0.0
18084.167530729523,0.0
11198.337823111244,0.0
1075.2164872723115,0.0
9633.557123339038,0.0
21496.372562395816,0.0
4145.379547570239,0.0
2646.9313302236333,0.0
10782.536700300905,0.0
12745.371718919563,0.0
17223.518063945336,0.0
22401.186659895153,0.0
17131.91321180222,0.0
12082.030946342327,0.0
6008.401794373314,0.0
0.0,0.0
10178.763619404312,0.0
26135.059649252722,0.0
7795.621088708251,0.0
2249.9086334638605,0.0
10273.329829283619,0.0
13172.621492250833,0.0
17870.67554238867,0.0
22861.852000557174,0.0
16495.912479576546,0.0
13720.479773032108,0.0
11500.480716806052,0.0
10106.383526894735,0.0
26190.068519559998,0.0
13966.467925134397,0.0
23256.404376897855,0.0
634.6002245153779,0.0
5246.393914300266,0.0
12602.87757310943,0.0
18041.201988101882,0.0
23096.01439718268,0.0
16317.949058141168,0.0
12298.373037653753,0.0
9339.487287428808,0.0
6835.339664708805,0.0
28676.061854821313,0.0
12077.1129903358,0.0
11650.28956835717,0.0
0.0,0.0
0.0,0.0
3023.992864462109,0.0
6736.703011042564,0.0
5220.834703506051,0.0
4563.930123624325,0.0
10056.607112458201,0.0
14019.127848265798,0.0
0.0,0.0
8765.75731426676,0.0
24904.425322017305,0.0
0.0,0.0
0.0,0.0
0.0,0.0
0.0,0.0
11217.412915565394,0.0
11943.491353947742,0.0
10980.295237282107,0.0
0.0,0.0
0.0,0.0
0.0,0.0
0.0,0.0
0.0,0.0
0.0,0.0
0.0,0.0
0.0,0.0
11953.828843758109,0.0
0.0,0.0
0.0,0.0
0.0,0.0
14300.964272277886,0.0
8559.935613887343,0.0
0.0,0.0
0.0,0.0
0.0,0.0
0.0,0.0
0.0,0.0
0.0,0.0
0.0,0.0
0.0,0.0
0.0,0.0
13251.508476014731,0.0
13611.529911111411,0.0
15248.404371160386,0.0
0.0,0.0
7004.201551851229,0.0
20434.214091100508,0.0
0.0,0.0
0.0,0.0
7741.5661877667935,0.0
11527.783316550423,0.0
1961.6859067645776,0.0
7647.85236379368,0.0
7662.949259277919,0.0
6560.7501220547665,0.0
0.0,0.0
0.0,0.0
11673.724200195691,0.0
24998.889607851273,0.0
14871.763898033032,0.0
8814.163168736435,0.0
12536.860566311567,0.0
17330.777038414115,0.0
19269.647035184185,0.0
20221.01017197481,0.0
18502.952269299145,0.0
16867.21510952029,0.0
14402.111078066931,0.0
16085.715950279915,0.0
21645.775877787262,0.0
17420.13033288168,0.0
0.0,0.0
0.0,0.0
0.0,0.0
8396.284410055025,0.0
9589.229868990102,0.0
8148.97913701092,0.0
7436.009969345169,0.0
10112.355677979502,0.0
0.0,0.0
0.0,0.0
0.0,0.0
6827.573661301988,0.0
0.0,0.0
0.0,0.0
0.0,0.0
8643.866008045208,0.0
0.0,0.0
6144.454181437771,0.0
6246.643998241236,0.0
9458.638500740828,0.0
13249.121986553382,0.0
0.0,0.0
0.0,0.0
0.0,0.0
0.0,0.0
0.0,0.0
11556.508945703501,0.0
7748.366567966442,0.0
0.0,0.0
0.0,0.0
0.0,0.0
0.0,0.0
16935.32435671359,0.0
807.3504079552996,0.0
-1.406003300534184e-27,0.0
10373.526010605303,0.0
0.0,0.0
0.0,0.0
0.0,0.0
0.0,0.0
0.0,0.0
9115.173246327618,0.0
8939.890451585065,0.0
10632.017784418413,0.0
14682.067404197081,0.0
127.64543083156619,0.0
0.0,0.0
0.0,0.0
0.0,0.0
0.0,0.0
0.0,0.0
15000.707802884319,0.0
233.1447909345665,0.0
0.0,0.0
0.0,0.0
18077.21859872282,0.0
0.0,0.0
0.0,0.0
0.0,0.0
8133.547272903172,0.0
0.0,0.0
0.0,0.0
10009.31848247553,0.0
14737.067193233506,0.0
12996.032031154846,0.0
0.0,0.0
5898.124890565065,0.0
0.0,0.0
0.0,0.0
0.0,0.0
6804.483164927635,0.0
1378.2732205620464,0.0
0.0,0.0
0.0,0.0
4913.314247013229,0.0
0.0,0.0
0.0,0.0
9085.724081347824,0.0
11241.470565862344,0.0
12076.681837960505,0.0
6824.37923700677,0.0
-5.630835953441564e-14,0.0
10016.347709295198,0.0
26258.495740935654,0.0
0.0,0.0
0.0,0.0
0.0,0.0
8199.633911229354,0.0
7377.823306716209,0.0
3040.188874874654,0.0
4375.779837199615,0.0
8831.394817136268,0.0
12318.438584630649,0.0
0.0,0.0
6002.285187303375,0.0
22991.915556786742,0.0
0.0,0.0
0.0,0.0
0.0,0.0
0.0,0.0
4470.066203882355,0.0
10851.232032871145,0.0
9172.14216658626,0.0
10729.126679699737,0.0
8306.284184478756,0.0
0.0,0.0
10842.960550509799,0.0
25630.269981612553,0.0
14391.914813974458,0.0
21780.403005909488,0.0
17594.45253202157,0.0
20499.1360756636,0.0
17361.252155289323,0.0
20676.368361980112,0.0
18156.880044895115,0.0
20071.69116587971,0.0
18616.434713931423,0.0
19722.429617412115,0.0
18881.87349076679,0.0
19520.696147017235,0.0
19035.190928266893,0.0
19404.17489451716,0.0
19025.56881500472,0.0
19435.050484235344,0.0
19100.281631981143,0.0
17789.31685235478,0.0
16952.447429663694,0.0
21892.88838904955,0.0
17232.32482432235,0.0
14610.80207436296,0.0
22766.71042348415,0.0
16568.220078152048,0.0
0.0,0.0
0.0,0.0
4777.618487500548,0.0
6879.809436267802,0.0
7591.325011031913,0.0
4606.662313904306,0.0
0.0,0.0
0.0,0.0
12045.774397388443,0.0
0.0,0.0
0.0,0.0
0.0,0.0
0.0,0.0
0.0,0.0
12171.462686020088,0.0
15258.596809016495,0.0
0.0,0.0
4368.400103354988,0.0
3274.245108469521,0.0
0.0,0.0
7532.98554748965,0.0
0.0,0.0
0.0,0.0
2417.6899145769003,0.0
0.0,0.0
0.0,0.0
4556.327168701692,0.0
13355.909424872185,0.0
11176.385430728376,0.0
8501.151317146356,0.0
6217.763442303106,0.0
0.0,0.0
0.0,0.0
2593.8695912420203,0.0
18904.90136397164,0.0
19503.194963381553,0.0
19048.491827830014,0.0
19394.06621084919,0.0
18687.357706570252,0.0
19775.105416570852,0.0
18841.83988340615,0.0
19551.121688611318,0.0
18722.891280507014,0.0
19710.92492349028,0.0
18890.617058147385,0.0
18819.473743339335,0.0
19568.119955062102,0.0
18999.1488341528,0.0
19431.566886043867,0.0
19102.92916660666,0.0
17087.50480463741,0.0
17054.75765331321,0.0
16856.61332099086,0.0
18578.450972708695,0.0
20640.735106575983,0.0
18183.961319002254,0.0
15442.71504757587,0.0
11892.911190865925,0.0
24832.3074949419,0.0
14998.366303844155,0.0
22472.16160907844,0.0
16792.077177100386,0.0
18449.791745285824,0.0
20487.27417761106,0.0
18300.591625015593,0.0
19337.77104474475,0.0
18106.048108422758,0.0
20397.892083972645,0.0
18368.522016180792,0.0
16813.07464695775,0.0
21092.98326831211,0.0
1747.4123905835384,0.0
0.0,0.0
0.0,0.0
14325.527713108373,0.0
12059.872376722671,0.0
10549.48407304864,0.0
7161.99432896983,0.0
-7.365707394083548e-13,0.0
0.0,0.0
0.0,0.0
0.0,0.0
4831.768383456244,0.0
17949.41958229025,0.0
6793.038897485139,0.0
29.085420667751986,0.0
6029.3647301593355,0.0
13297.745090453835,0.0
18659.386312180904,0.0
22326.544561318216,0.0
16902.74613339815,0.0
13674.719770278549,0.0
7965.208611138709,0.0
6957.649197752606,0.0
22810.005505837515,0.0
16535.315815563485,0.0
21304.079980171748,0.0
17679.819215069474,0.0
20434.257396547197,0.0
18340.884378624134,0.0
19931.847872245657,0.0
18722.715617093298,0.0
19641.65613100909,0.0
18943.26134043309,0.0
19474.04138127085,0.0
19070.648550234153,0.0
19377.22710182204,0.0
19144.227402615245,0.0
19321.307174012403,0.0
19186.726547750568,0.0
19289.007823709566,0.0
19211.27405398073,0.0
19270.35171897464,0.0
19225.45269357927,0.0
19259.57595287975,0.0
19233.642275811388,0.0
19253.351870383343,0.0
19238.37257850866,0.0
19249.75684033342,0.0
19241.104801346595,0.0
0.0,0.0
0.0,0.0
2670.1673111293017,0.0
7372.903683165162,0.0
4231.603322473982,0.0
3423.65650103453,0.0
2764.586873714757,0.0
5442.90481909122,0.0
11255.095871121435,0.0
0.0,0.0
0.0,0.0
0.0,0.0
0.0,0.0
0.0,0.0
0.0,0.0
13145.764555643214,0.0
6103.173465106458,0.0
0.0,0.0
8460.92969225806,0.0
0.0,0.0
13866.536697523026,0.0
0.0,0.0
1410.5996331032502,0.0
1156.7601264495709,0.0
0.0,0.0
0.0,0.0
6881.677657982936,0.0
0.0,0.0
0.0,0.0
0.0,0.0
9200.052413319434,0.0
11917.746979788817,0.0
12697.84455534124,0.0
0.0,0.0
3195.5699887376268,0.0
6165.983332042371,0.0
0.0,0.0
0.0,0.0
0.0,0.0
0.0,0.0
0.0,0.0
0.0,0.0
0.0,0.0
0.0,0.0
0.0,0.0
0.0,0.0
0.0,0.0
0.0,0.0
0.0,0.0
15664.891363820267,0.0
1995.8491782814096,0.0
1501.481733887264,0.0
11762.889575417572,0.0
0.0,0.0
0.0,0.0
262.229980781192,0.0
405.26466348643737,0.0
0.0,0.0
0.0,0.0
0.0,0.0
0.0,0.0
0.0,0.0
1472.6335262591554,0.0
0.0,0.0
0.0,0.0
0.0,0.0
0.0,0.0
0.0,0.0
0.0,0.0
0.0,0.0
0.0,0.0
0.0,0.0
0.0,0.0
5551.099684315201,0.0
0.0,0.0
1152.1434287360266,0.0
14553.319240239101,0.0
11296.611701726959,0.0
0.0,0.0
0.0,0.0
9530.14827583058,0.0
0.0,0.0
0.0,0.0
0.0,0.0
0.0,0.0
0.0,0.0
0.0,0.0
11786.031495762414,0.0
0.0,0.0
0.0,0.0
0.0,0.0
0.0,0.0
0.0,0.0
0.0,0.0
0.0,0.0
0.0,0.0
0.0,0.0
0.0,0.0
48.89654249495542,0.0
14010.33158117731,0.0
0.0,0.0
0.0,0.0
0.0,0.0
0.0,0.0
0.0,0.0
0.0,0.0
0.0,0.0
0.0,0.0
0.0,0.0
0.0,0.0
0.0,0.0
0.0,0.0
0.0,0.0
0.0,0.0
0.0,0.0
21757.39215304476,0.0
997.8502229543734,0.0
0.0,0.0
0.0,0.0
0.0,0.0
0.0,0.0
2746.537771187499,0.0
0.0,0.0
0.0,0.0
0.0,0.0
0.0,0.0
7109.933227189991,0.0
12714.745909629282,0.0
0.0,0.0
0.0,0.0
0.0,0.0
0.0,0.0
0.0,0.0
0.0,0.0
0.0,0.0
1584.574387775601,0.0
0.0,0.0
13478.039161033352,0.0
0.0,0.0
0.0,0.0
0.0,0.0
0.0,0.0
0.0,0.0
0.0,0.0
0.0,0.0
0.0,0.0
16404.33066579413,0.0
15979.650494398682,0.0
2568.704014429659,0.0
0.0,0.0
8598.888238355596,0.0
0.0,0.0
0.0,0.0
0.0,0.0
5663.464127978675,0.0
20253.42828768697,0.0
7581.700579296609,0.0
5219.058604017312,0.0
11644.720495939298,0.0
14632.892054840378,0.0
18281.330853332976,0.0
21984.96318455532,0.0
17162.34797973796,0.0
14814.319987334935,0.0
13671.659257837788,0.0
12667.199570832234,0.0
24243.848326167503,0.0
15445.595272112698,0.0
22132.26759319435,0.0
17050.396629172297,0.0
20216.0657628322,0.0
18673.882692006766,0.0
19678.76915407485,0.0
18915.055442903114,0.0
17252.08603511321,0.0
20966.98176447841,0.0
18015.397912025892,0.0
15319.977915363936,0.0
19650.78478207593,0.0
2174.112655659721,0.0
0.0,0.0
0.0,0.0
8402.249008206518,0.0
5671.875557004142,0.0
5510.091880693563,0.0
6340.740003015549,0.0
4426.677949994972,0.0
0.0,0.0
13744.367949365393,0.0
0.0,0.0
0.0,0.0
0.0,0.0
0.0,0.0
0.0,0.0
0.0,0.0
0.0,0.0
4681.715051334645,0.0
8381.389179078962,0.0
0.0,0.0
10419.388714560731,0.0
0.0,0.0
0.0,0.0
728.1123003615785,0.0
16666.316698610837,0.0
0.0,0.0
0.0,0.0
0.0,0.0
2562.585460213168,0.0
4863.408188058306,0.0
6371.673423458664,0.0
738.9265238624463,0.0
15250.633239305136,0.0
0.0,0.0
3010.0365889664204,0.0
0.0,0.0
0.0,0.0
0.0,0.0
0.0,0.0
11645.131521678797,0.0
13566.875142051242,0.0
13127.149917300974,0.0
0.0,0.0
0.0,0.0
0.0,0.0
0.0,0.0
0.0,0.0
0.0,0.0
0.0,0.0
0.0,0.0
0.0,0.0
0.0,0.0
5076.722990520008,0.0
17114.542732252903,0.0
0.0,0.0
0.0,0.0
0.0,0.0
0.0,0.0
0.0,0.0
789.938425289004,0.0
11612.084046092063,0.0
0.0,0.0
0.0,0.0
0.0,0.0
2339.0375264031277,0.0
0.0,0.0
13034.60752245347,0.0
11061.33088007821,0.0
10861.227777925355,0.0
6146.371493938109,0.0
0.0,0.0
10673.90792079069,0.0
0.0,0.0
0.0,0.0
0.0,0.0
0.0,0.0
0.0,0.0
0.0,0.0
0.0,0.0
4620.794274530093,0.0
20301.1150109965,0.0
19385.08546619968,0.0
0.0,0.0
384.58865971384796,0.0
15552.373169207924,0.0
0.0,0.0
0.0,0.0
4656.374858280311,0.0
14113.125583881329,0.0
13767.966436602279,0.0
9117.68129188831,0.0
0.0,0.0
1614.9369334925177,0.0
1.982197747356928e-13,0.0
0.0,0.0
18428.779075149087,0.0
19865.04790288669,0.0
0.0,0.0
0.0,0.0
0.0,0.0
4530.6767477144385,0.0
899.5821890545145,0.0
3275.15989556638,0.0
7059.760659025706,0.0
13149.963091418855,0.0
15295.287846420882,0.0
0.0,0.0
0.0,0.0
10241.51227709516,0.0
0.0,0.0
0.0,0.0
0.0,0.0
3240.432268543732,0.0
0.0,0.0
0.0,0.0
15386.722655609923,0.0
18467.569667747957,0.0
0.0,0.0
578.7109330575901,0.0
0.0,0.0
0.0,0.0
0.0,0.0
0.0,0.0
8832.060940233476,0.0
7513.990476041383,0.0
6842.836481454775,0.0
5486.654330103707,0.0
4827.1888325760065,0.0
5147.942145702939,0.0
4609.495106791436,0.0
0.0,0.0
0.0,0.0
6942.256479066718,0.0
2190.5624716079687,0.0
507.7987119393072,0.0
7440.008252339699,0.0
13584.704047686528,0.0
20497.239493724504,0.0
20353.146936755074,0.0
2924.9940303863955,0.0
5833.028652926527,0.0
5172.21656055622,0.0
0.0,0.0
7725.422074303258,0.0
13800.672965357708,0.0
0.0,0.0
0.0,0.0
0.0,0.0
0.0,0.0
11364.37746829877,0.0
3332.7730593933757,0.0
10046.508370997753,0.0
10805.339457833217,0.0
7878.804156663417,0.0
0.0,0.0
6275.552283538786,0.0
16111.087597256892,0.0
0.0,0.0
0.0,0.0
0.0,0.0
0.0,0.0
10731.486866576312,0.0
12258.667009141356,0.0
4833.009733878031,0.0
15485.608066837773,0.0
-2.2523343813766293e-13,0.0
0.0,0.0
0.0,0.0
5079.3840672665065,0.0
0.0,0.0
0.0,0.0
4712.059806601693,0.0
10280.05637083165,0.0
13564.812543709155,0.0
13992.361670113816,0.0
0.0,0.0
0.0,0.0
0.0,0.0
0.0,0.0
0.0,0.0
7095.012434217495,0.0
0.0,0.0
0.0,0.0
0.0,0.0
12291.978430481799,0.0
5058.9637936461,0.0
0.0,0.0
0.0,0.0
12813.290943996823,0.0
12347.79487843665,0.0
0.0,0.0
0.0,0.0
0.0,0.0
0.0,0.0
0.0,0.0
2848.39501072018,0.0
5079.045573258534,0.0
5573.396661237245,0.0
6027.069838272568,0.0
6655.509425182519,0.0
7817.834890157128,0.0
4407.606903876059,0.0
0.0,0.0
7308.734043549417,0.0
11122.644473829945,0.0
102.43695063538284,0.0
0.0,0.0
9921.256559766618,0.0
15498.455767650876,0.0
20251.203832560634,0.0
20010.74807397317,0.0
14842.97177401167,0.0
10573.436913188654,0.0
6460.754131268616,0.0
2895.1242555166777,0.0
8828.258789910566,0.0
11643.500390809304,0.0
2132.606718919116,0.0
0.0,0.0
9881.183227585276,0.0
15011.520244926103,0.0
22286.58643719971,0.0
18087.042654003493,0.0
11904.238614290085,0.0
9487.18352567739,0.0
6002.150667710151,0.0
3375.9755090831777,0.0
12713.52626335311,0.0
24208.640039851634,0.0
15472.353569712766,0.0
19191.73208512629,0.0
16911.23595845212,0.0
21756.33638324982,0.0
17336.104348730136,0.0
16958.828385208257,0.0
19345.479150559688,0.0
19170.20251000295,0.0
19301.566092397752,0.0
19201.729769777703,0.0
19277.60537496894,0.0
19219.9399150236,0.0
19263.765664582057,0.0
19230.458094917634,0.0
14435.298582167245,0.0
15465.756933559103,0.0
14236.175035932503,0.0
13923.231205304264,0.0
16696.40117732873,0.0
23427.17379197967,0.0
16066.267918095453,0.0
7203.682255721107,0.0
13016.81337592674,0.0
3031.0907335853294,0.0
0.0,0.0
0.0,0.0
1881.6270427043323,0.0
4381.165899888427,0.0
5825.263954860707,0.0
3147.789646048776,0.0
4068.840236411785,0.0
9858.70679442034,0.0
14912.52442633466,0.0
0.0,0.0
0.0,0.0
0.0,0.0
0.0,0.0
0.0,0.0
4337.007096838311,0.0
4991.637113902862,0.0
8006.7751376699525,0.0
7310.787743452706,0.0
0.0,0.0
8987.719961887458,0.0
5788.425392078585,0.0
0.0,0.0
8202.445002829716,0.0
22817.89868865358,0.0
12954.304127993086,0.0
0.0,0.0
0.0,0.0
1205.9569562941833,0.0
4956.053824629557,0.0
7508.925493465418,0.0
12171.092877112993,0.0
21679.23876128442,0.0
19459.858955010437,0.0
9364.398241754341,0.0
0.0,0.0
6584.306057107485,0.0
0.0,0.0
2550.784884139443,0.0
15134.84034739418,0.0
11049.57869912691,0.0
12155.005514465458,0.0
773.4210762349269,0.0
0.0,0.0
0.0,0.0
9.91098873678464e-14,0.0
0.0,0.0
0.0,0.0
0.0,0.0
0.0,0.0
0.0,0.0
8458.902128386922,0.0
5271.066387564213,0.0
7389.433122260456,0.0
8615.823136856616,0.0
9156.611143243097,0.0
580.9259876199009,0.0
0.0,0.0
0.0,0.0
7118.128430342996,0.0
25425.985709126155,0.0
14547.17086106412,0.0
4702.399695297674,0.0
3103.605549102232,0.0
5717.955544067003,0.0
10879.955358323876,0.0
17181.15209500769,0.0
24369.478459061953,0.0
15350.11637111292,0.0
7714.747543421638,0.0
5489.451084953927,0.0
14421.043472643536,0.0
22910.926960790912,0.0
16458.61550979891,0.0
18010.715314566423,0.0
12297.188180472522,0.0
18709.076448990352,0.0
21088.215343726,0.0
17954.32075492445,0.0
17521.60364281243,0.0
21203.469051489352,0.0
16402.08278669276,0.0
13793.924459494685,0.0
23387.537410784033,0.0
16096.391567804134,0.0
0.0,0.0
0.0,0.0
4238.06879742669,0.0
6091.52276273091,0.0
6091.129351034831,0.0
4970.207682816474,0.0
4931.878189592452,0.0
8537.2520407897,0.0
8386.211330336755,0.0
0.0,0.0
4857.617045616376,0.0
17129.193254257894,0.0
18639.90988589513,0.0
6664.0870887793935,0.0
9331.03103771813,0.0
14835.850531494649,0.0
18553.018442731645,0.0
21743.060175544037,0.0
17346.19426658653,0.0
15066.008492585841,0.0
12629.191893518293,0.0
11583.370527139477,0.0
23480.746439689465,0.0
16025.552705836004,0.0
13186.99677547741,0.0
5086.893406149544,0.0
9867.569133919576,0.0
14338.801222119228,0.0
18731.348311116446,0.0
21693.680008016603,0.0
17383.72319390738,0.0
14200.59278208785,0.0
9923.230878108137,0.0
7352.09530907887,0.0
18550.948688453103,0.0
3128.7845530587247,0.0
0.0,0.0
0.0,0.0
8328.856360896842,0.0
1355.0782400049018,0.0
4925.518669073482,0.0
14675.964508125755,0.0
21597.88663611606,0.0
8341.370142122203,0.0
10320.828553452062,0.0
0.0,0.0
0.0,0.0
7842.493121826015,0.0
299.7113120982643,0.0
0.0,0.0
8489.492943948631,0.0
5149.9163417185055,0.0
3820.5352086826592,0.0
4219.957413381469,0.0
5474.489016357816,0.0
6245.93001765604,0.0
8283.456570773908,0.0
0.0,0.0
1360.1885084600408,0.0
0.0,0.0
0.0,0.0
0.0,0.0
0.0,0.0
14857.136212277655,0.0
6946.362028870698,0.0
0.0,0.0
0.0,0.0
11634.898296482324,0.0
9381.486981060676,0.0
0.0,0.0
5974.04554485596,0.0
0.0,0.0
0.0,0.0
0.0,0.0
0.0,0.0
0.0,0.0
0.0,0.0
0.0,0.0
0.0,0.0
18908.33940489876,0.0
20718.35556372984,0.0
4617.4656129184,0.0
0.0,0.0
6256.3421523582765,0.0
0.0,0.0
0.0,0.0
0.0,0.0
0.0,0.0
0.0,0.0
12010.914475490672,0.0
15870.09336469289,0.0
0.0,0.0
15881.873961414958,0.0
0.0,0.0
983.2346252014445,0.0
10791.562568546058,0.0
0.0,0.0
0.0,0.0
0.0,0.0
8068.427733928832,0.0
0.0,0.0
5167.898861604068,0.0
6194.542595328373,0.0
11603.016065092601,0.0
12362.334393048868,0.0
0.0,0.0
5901.827347116681,0.0
19947.870978298928,0.0
18710.53805649281,0.0
19650.91107706546,0.0
18936.22758143025,0.0
19479.38703811301,0.0
19066.585851034102,0.0
19380.31475321408,0.0
18987.17450089382,0.0
19477.796888119927,0.0
19067.794365028854,0.0
19379.39628257807,0.0
19142.578825240653,0.0
19322.560092817108,0.0
19185.774329459,0.0
19289.731509611156,0.0
19210.724052695517,0.0
18090.43747837157,0.0
17635.0524678227,0.0
18632.08429594461,0.0
20310.79882563235,0.0
18434.712892519412,0.0
14768.370832974033,0.0
14053.897074750968,0.0
23189.95822318926,0.0
16246.551750376158,0.0
0.0,0.0
0.0,0.0
8394.372162616777,0.0
15072.39744172116,0.0
22328.869938417334,0.0
18118.890198772217,0.0
10835.87270637311,0.0
3424.885253610191,0.0
3247.771273894926,0.0
0.0,0.0
10669.53379288346,0.0
25762.07431740857,0.0
14291.743518769486,0.0
15151.026710442333,0.0
14269.14716053239,0.0
15338.264780282707,0.0
17678.680061612635,0.0
19205.03425178566,0.0
19970.908651749818,0.0
16549.44760314154,0.0
12255.072376378084,0.0
11807.08208174178,0.0
24897.53761787624,0.0
14948.791410414053,0.0
0.0,0.0
0.0,0.0
0.0,0.0
0.0,0.0
0.0,0.0
0.0,0.0
0.0,0.0
0.0,0.0
15688.372800314062,0.0
0.0,0.0
0.0,0.0
0.0,0.0
0.0,0.0
0.0,0.0
0.0,0.0
0.0,0.0
0.0,0.0
0.0,0.0
5199.577118119675,0.0
15695.900040339518,0.0
17274.68459434637,0.0
0.0,0.0
0.0,0.0
0.0,0.0
0.0,0.0
0.0,0.0
0.0,0.0
0.0,0.0
0.0,0.0
0.0,0.0
0.0,0.0
17264.448284652026,0.0
21067.988740128585,0.0
4705.98691373483,0.0
0.0,0.0
0.0,0.0
0.0,0.0
8267.43063919792,0.0
0.0,0.0
7943.861489190163,0.0
1558.3216501774732,0.0
0.0,0.0
0.0,0.0
1.982197747356928e-13,0.0
0.0,0.0
0.0,0.0
0.0,0.0
0.0,0.0
0.0,0.0
0.0,0.0
0.0,0.0
0.0,0.0
0.0,0.0
0.0,0.0
7361.476821883607,0.0
13705.322214525424,0.0
12176.492176658563,0.0
0.0,0.0
4549.160115557501,0.0
0.0,0.0
0.0,0.0
0.0,0.0
11836.245070231498,0.0
11046.317090900946,0.0
6048.921460145762,0.0
4637.867709463057,0.0
0.0,0.0
10354.36686060842,0.0
0.0,0.0
0.0,0.0
5413.33227422024,0.0
22465.219198300656,0.0
10244.240546647665,0.0
0.0,0.0
8866.556352638447,0.0
19186.31469049154,0.0
23018.96238088558,0.0
13062.379088392814,0.0
7538.427929539446,0.0
4526.432027656248,0.0
3286.4522164950386,0.0
4553.6179840997465,0.0
26180.319101005523,0.0
13973.877483235798,0.0
23250.773112740793,0.0
16200.332434317002,0.0
9510.34634289421,0.0
12148.633944180678,0.0
12590.56646958547,0.0
12759.450068397051,0.0
15983.443824521357,0.0
24578.255097912315,0.0
15191.44612558664,0.0
6377.222801662349,0.0
9652.770412445716,0.0
16464.323443732635,0.0
0.0,0.0
0.0,0.0
14491.464161530324,0.0
0.0,0.0
0.0,0.0
0.0,0.0
1884.3651585837079,0.0
12854.351069473234,0.0
14059.047770841595,0.0
0.0,0.0
4529.883162720912,0.0
18359.116114735254,0.0
1179.2907234202985,0.0
0.0,0.0
10882.35076312958,0.0
21318.74628110278,0.0
20540.218983928105,0.0
10184.676232437601,0.0
6788.569004483904,0.0
7672.037423541712,0.0
8734.625391368467,0.0
8632.772974811745,0.0
21137.612271479888,0.0
17806.334673675286,0.0
20338.105648006782,0.0
17690.30677948736,0.0
17466.408010049417,0.0
21348.50324202647,0.0
17646.05753605988,0.0
20005.011742231465,0.0
18667.11107590409,0.0
19154.14322571349,0.0
19440.9165140416,0.0
19095.82344932838,0.0
19358.094178510422,0.0
19158.768424332073,0.0
19310.255997507622,0.0
19195.1254418942,0.0
19282.624664160405,0.0
18125.090753619508,0.0
17088.14195475982,0.0
18408.331796258255,0.0
20663.05841471931,0.0
18166.995604813328,0.0
14210.495540916143,0.0
10227.081703652259,0.0
21228.66220357998,0.0
17737.13672527921,0.0
16548.13088382414,0.0
8458.622079394501,0.0
13116.224272559006,0.0
15564.989374844845,0.0
19585.056731075674,0.0
20299.765900740018,0.0
18357.57501053283,0.0
19324.25676708998,0.0
19184.484857011616,0.0
16713.1885722255,0.0
21168.896685108615,0.0
17782.558519317456,0.0
12128.305455743519,0.0
5136.291139632173,0.0
11662.701367251439,0.0
14440.12119971976,0.0
18977.318257036866,0.0
21321.759991651386,0.0
17666.382406344943,0.0
17087.5465190418,0.0
16251.533959946244,0.0
16950.688415300374,0.0
20988.39680437171,0.0
17919.73842867751,0.0
17069.856444832894,0.0
7001.469200067028,0.0
11994.690788567757,0.0
12361.76750354521,0.0
10585.82828761605,0.0
6649.801841304625,0.0
4281.8294926827575,0.0
9371.949054823754,0.0
18459.887381121618,0.0
17060.82205441395,0.0
9246.346315600395,0.0
0.0,0.0
0.0,0.0
0.0,0.0
0.0,0.0
7386.776740309995,0.0
2136.516604852347,0.0
6903.186894731068,0.0
0.0,0.0
0.0,0.0
0.0,0.0
0.0,0.0
0.0,0.0
0.0,0.0
0.0,0.0
0.0,0.0
2528.1643775555217,0.0
1619.3461068654549,0.0
4109.059835792368,0.0
0.0,0.0
0.0,0.0
764.8039100766284,0.0
3800.2556343349224,0.0
0.0,0.0
0.0,0.0
0.0,0.0
0.0,0.0
0.0,0.0
1271.233362645607,0.0
0.0,0.0
18938.280777257973,0.0
823.8163178643783,0.0
0.0,0.0
0.0,0.0
0.0,0.0
0.0,0.0
0.0,0.0
0.0,0.0
0.0,0.0
0.0,0.0
0.0,0.0
0.0,0.0
0.0,0.0
0.0,0.0
0.0,0.0
0.0,0.0
18247.210167186255,0.0
5047.593340232445,0.0
0.0,0.0
0.0,0.0
0.0,0.0
3221.2686255150415,0.0
0.0,0.0
12675.331820801583,0.0
12846.12344775603,0.0
13615.064074086193,0.0
0.0,0.0
0.0,0.0
0.0,0.0
0.0,0.0
1612.8678735734104,0.0
19093.240127184545,0.0
0.0,0.0
0.0,0.0
7092.64696184018,0.0
19040.013768356977,0.0
8235.693251985176,0.0
6186.507480066149,0.0
3803.0575826647128,0.0
3980.767320306777,0.0
1270.2645527047312,0.0
-3.418167884502045e-28,0.0
10780.268309956167,0.0
25677.916084433313,0.0
14355.703775830678,0.0
9035.756248722426,0.0
9369.842384227071,0.0
13741.797668978876,0.0
17494.07528600236,0.0
23038.595158731012,0.0
16361.587679364431,0.0
11834.674913500805,0.0
6019.77214014155,0.0
2108.071528604067,0.0
32268.78563826091,0.0
9346.64291492171,0.0
26767.4713846595,0.0
13527.641747658772,0.0
23589.91227177933,0.0
15942.586673447711,0.0
21754.55412817974,0.0
17337.4588625834,0.0
18404.39193525447,0.0
20433.196368210316,0.0
18341.69076016016,0.0
11936.435301910842,0.0
24799.22917054776,0.0
299.10383806925734,0.0
0.0,0.0
0.0,0.0
2461.2753096417955,0.0
7666.59997751224,0.0
5481.712883118017,0.0
4313.299319622179,0.0
5132.655680600668,0.0
7105.090491525577,0.0
11980.728693505962,0.0
0.0,0.0
10213.522718019089,0.0
0.0,0.0
0.0,0.0
0.0,0.0
0.0,0.0
0.0,0.0
8684.39487870902,0.0
6111.17482352572,0.0
0.0,0.0
5377.881984582002,0.0
11435.120391521245,0.0
0.0,0.0
0.0,0.0
0.0,0.0
0.0,0.0
0.0,0.0
0.0,0.0
0.0,0.0
0.0,0.0
10819.989475701495,0.0
6453.800262917425,0.0
12026.53416132599,0.0
13247.346343358828,0.0
0.0,0.0
506.73434565222493,0.0
11674.00272466655,0.0
0.0,0.0
3060.0598071164786,0.0
25442.781851970776,0.0
15883.248682773265,0.0
5898.6600488068625,0.0
560.952873461121,0.0
0.0,0.0
2186.980859285783,0.0
3674.342550520638,0.0
5945.742231901017,0.0
24339.11880485287,0.0
15373.189708311818,0.0
22187.29582168302,0.0
17008.57517552091,0.0
20944.402866604105,0.0
17953.173821380882,0.0
20226.50789575053,0.0
18498.773999229597,0.0
19811.851760585498,0.0
18813.912661955015,0.0
19572.34637691419,0.0
18995.936753545215,0.0
19434.00806730563,0.0
19101.07386884771,0.0
7444.657809244951,0.0
0.0,0.0
2375.4579742602928,0.0
3144.161044565488,0.0
4291.974290395784,0.0
5495.6064215380475,0.0
3638.8039450588058,0.0
12012.533278748266,0.0
10868.536035766927,0.0
2076.4675726522064,0.0
0.0,0.0
3838.37145196975,0.0
0.0,0.0
0.0,0.0
160.86377531948406,0.0
0.0,0.0
0.0,0.0
0.0,0.0
0.0,0.0
0.0,0.0
18541.868295613993,0.0
5284.054447024342,0.0
0.0,0.0
0.0,0.0
0.0,0.0
0.0,0.0
2489.3938908273335,0.0
0.0,0.0
0.0,0.0
0.0,0.0
0.0,0.0
0.0,0.0
3188.6405247152716,0.0
0.0,0.0
0.0,0.0
0.0,0.0
0.0,0.0
0.0,0.0
2721.522494995342,0.0
1384.7746126418288,0.0
0.0,0.0
14303.453155452095,0.0
2262.8186359736687,0.0
16823.20560308937,0.0
1401.6259858113563,0.0
0.0,0.0
0.0,0.0
580.2833052402075,0.0
6407.522924971883,0.0
0.0,0.0
6223.322400114366,0.0
8874.86611621507,0.0
5942.9881050890635,0.0
7107.521193424565,0.0
10040.916201539809,0.0
0.0,0.0
12139.675395048955,0.0
4729.337433668468,0.0
12002.10344979475,0.0
0.0,0.0
0.0,0.0
4123.973534433541,0.0
0.0,0.0
0.0,0.0
7205.582294426956,0.0
0.0,0.0
9305.786845027975,0.0
10732.833263167275,0.0
12057.325774326036,0.0
0.0,0.0
3376.9949430523275,0.0
2683.4400918040355,0.0
0.0,0.0
0.0,0.0
0.0,0.0
0.0,0.0
4566.003444862307,0.0
12157.85266759898,0.0
8343.266100546018,0.0
9064.724133667838,0.0
8240.821496159964,0.0
0.0,0.0
0.0,0.0
0.0,0.0
0.0,0.0
0.0,0.0
0.0,0.0
0.0,0.0
1289.3732269402399,0.0
10322.884935470813,0.0
0.0,0.0
0.0,0.0
0.0,0.0
0.0,0.0
0.0,0.0
0.0,0.0
0.0,0.0
0.0,0.0
27263.853441774878,0.0
4718.352584187378,0.0
0.0,0.0
0.0,0.0
0.0,0.0
0.0,0.0
0.0,0.0
0.0,0.0
0.0,0.0
0.0,0.0
0.0,0.0
9364.60310361135,0.0
12903.748345410584,0.0
0.0,0.0
17646.75729952105,0.0
0.0,0.0
0.0,0.0
0.0,0.0
2602.77797548576,0.0
0.0,0.0
0.0,0.0
0.0,0.0
0.0,0.0
0.0,0.0
8168.611117626401,0.0
0.0,0.0
0.0,0.0
0.0,0.0
1700.9038365065867,0.0
6181.866929464256,0.0
6820.8328636324595,0.0
3015.3613531848055,0.0
18123.970916029797,0.0
20096.702103817355,0.0
18597.42640109881,0.0
19652.48940558586,0.0
18955.280818853713,0.0
19464.906577671172,0.0
18472.258673338496,0.0
17150.61381974093,0.0
18071.538313229285,0.0
20962.946680445995,0.0
17053.791985147443,0.0
11090.75448946599,0.0
25441.946588005845,0.0
14535.04059311555,0.0
22824.28914923218,0.0
12522.078543388654,0.0
18694.632668388793,0.0
21251.818191401133,0.0
17719.53817453514,0.0
16064.237369183531,0.0
18290.080820981042,0.0
19059.31327073817,0.0
19604.51678751488,0.0
18796.960612737334,0.0
19585.22993431963,0.0
0.0,0.0
0.0,0.0
0.0,0.0
0.0,0.0
4084.851686856045,0.0
7491.621637693718,0.0
7439.816220675315,0.0
7131.707421813177,0.0
8685.424536790657,0.0
9379.94876010595,0.0
0.0,0.0
0.0,0.0
0.0,0.0
0.0,0.0
0.0,0.0
0.0,0.0
11370.693782491617,0.0
0.0,0.0
10209.200252763763,0.0
0.0,0.0
10540.641684075488,0.0
0.0,0.0
0.0,0.0
0.0,0.0
0.0,0.0
0.0,0.0
4231.942706536105,0.0
0.0,0.0
18070.882495983555,0.0
13151.576889142389,0.0
0.0,0.0
0.0,0.0
0.0,0.0
0.0,0.0
6063.711440705802,0.0
0.0,0.0
0.0,0.0
0.0,0.0
1772.3069188428435,0.0
587.901714749664,0.0
16668.72816467441,0.0
10085.360071988069,0.0
8757.632287461036,0.0
1.126167190688308e-13,0.0
0.0,0.0
0.0,0.0
0.0,0.0
0.0,0.0
0.0,0.0
0.0,0.0
172.13389577537126,0.0
0.0,0.0
0.0,0.0
0.0,0.0
0.0,0.0
0.0,0.0
16216.919105495372,0.0
0.0,0.0
3570.224892172871,0.0
0.0,0.0
3742.1649465061437,0.0
0.0,0.0
0.0,0.0
20339.245312635456,0.0
17375.595847143806,0.0
4185.147586041024,0.0
0.0,0.0
0.0,0.0
0.0,0.0
0.0,0.0
0.0,0.0
4084.6019148890355,0.0
30766.62254468434,0.0
10488.286866039904,0.0
24180.285336714012,0.0
15906.5919389203,0.0
21781.910126420567,0.0
17316.66830392037,0.0
20710.252089020516,0.0
18131.128412344413,0.0
20091.262406618247,0.0
18601.560570970134,0.0
19733.7339660627,0.0
18873.282185792345,0.0
19527.22553879781,0.0
19030.22859051366,0.0
19407.946271209617,0.0
19120.880833880692,0.0
19339.05056625067,0.0
19173.24156964949,0.0
19299.256407066383,0.0
19203.485130629553,0.0
19276.27130072154,0.0
19220.953811451618,0.0
19262.995103296766,0.0
19231.043721494454,0.0
19255.32677166421,0.0
4364.757373590634,0.0
0.0,0.0
3107.6997342794816,0.0
7505.1228258242,0.0
6604.1483401028845,0.0
7975.063762522584,0.0
2831.4635371063237,0.0
7103.665262527015,0.0
10632.629609464046,0.0
0.0,0.0
272.3796387882892,0.0
0.0,0.0
0.0,0.0
0.0,0.0
0.0,0.0
516.0600030708384,0.0
0.0,0.0
0.0,0.0
0.0,0.0
0.0,0.0
11357.727117644834,0.0
0.0,0.0
0.0,0.0
0.0,0.0
0.0,0.0
5619.203153726397,0.0
20594.79074869528,0.0
17829.104347351302,0.0
0.0,0.0
0.0,0.0
1.2649076013259395e-27,0.0
0.0,0.0
0.0,0.0
0.0,0.0
4885.6225186080555,0.0
30157.846885857874,0.0
10950.956366748012,0.0
18753.0432608798,0.0
21249.443097825366,0.0
17721.343245652726,0.0
18452.997765755015,0.0
19846.641698026186,0.0
18787.47230950009,0.0
19592.441044779924,0.0
18980.66480596725,0.0
19445.614747464886,0.0
19092.252791926687,0.0
19360.807878135714,0.0
19156.70601261685,0.0
19311.82343041119,0.0
19193.93419288749,0.0
19283.530013405507,0.0
19215.43718981181,0.0
19267.18773574302,0.0
19227.8573208353,0.0
19257.74843616517,0.0
19235.03118851447,0.0
19252.296296729,0.0
19239.174814485956,0.0
19249.147140990674,0.0
2699.4187908458916,0.0
307.01671218986553,0.0
10608.127100788577,0.0
16810.02325342643,0.0
19025.18322051321,0.0
20863.017165814468,0.0
18015.026953981007,0.0
13586.01019515588,0.0
9827.103177149565,0.0
7433.760915396656,0.0
12430.058366702815,0.0
19321.339679470908,0.0
80.93563341086218,0.0
0.0,0.0
11084.270932343636,0.0
19228.322281538574,0.0
22597.191219274846,0.0
13451.424975079935,0.0
8490.579957832064,0.0
6218.2103992387265,0.0
6754.522275680547,0.0
7649.07600842591,0.0
13657.379836573951,0.0
12293.17446702073,0.0
0.0,0.0
0.0,0.0
3948.4784242733917,0.0
10349.737845740936,0.0
10843.285670997055,0.0
8275.209523613357,0.0
5689.627174513948,0.0
2314.8640179540057,0.0
2146.3601733527075,0.0
-2.8154179767209725e-14,0.0
3799.0185271940595,0.0
22014.761399195333,0.0
17139.701336611546,0.0
19830.541466552753,0.0
19043.117809649302,0.0
19398.150464666527,0.0
19128.32564685343,0.0
19333.392508391385,0.0
17967.86927355559,0.0
15073.682834803527,0.0
23718.59574109579,0.0
15844.787236767204,0.0
6390.426919338543,0.0
0.0,0.0
0.0,0.0
0.0,0.0
0.0,0.0
0.0,0.0
5064.567145180623,0.0
0.0,0.0
9784.578189326447,0.0
11332.682863724505,0.0
16199.912123238088,0.0
1466.8128083420945,0.0
0.0,0.0
5542.451873327957,0.0
0.0,0.0
0.0,0.0
6224.126923059697,0.0
0.0,0.0
6348.082227604458,0.0
3627.163904980274,0.0
4282.340893814155,0.0
8014.170976478284,0.0
13026.757803804036,0.0
0.0,0.0
1611.392439744009,0.0
12627.420192334757,0.0
0.0,0.0
2066.398415410454,0.0
15787.728594398364,0.0
24062.362417219538,0.0
709.881068160759,0.0
15822.568167687581,0.0
15034.833338478535,0.0
10033.434652645989,0.0
11497.140485617187,0.0
0.0,0.0
4413.424185042872,0.0
22842.76792834412,0.0
16510.416374458466,0.0
12565.270507618456,0.0
21748.622673750968,0.0
18463.858209212303,0.0
15238.553043525932,0.0
17009.41541131111,0.0
20943.764287403552,0.0
17953.659141573302,0.0
20226.139052404294,0.0
18499.054320172738,0.0
19811.638716668716,0.0
18814.074575331775,0.0
19572.22332274785,0.0
18996.030274711626,0.0
19433.936991219154,0.0
19101.127886673436,0.0
19354.062806128186,0.0
19161.832267342576,0.0
19307.92747681964,0.0
19196.89511761707,0.0
19281.279710611023,0.0
19217.14741993562,0.0
19265.887960848926,0.0
19228.84514975481,0.0
19256.997686186343,0.0
17493.84728433557,0.0
20993.61713770404,0.0
17915.77097534493,0.0
18023.67325134497,0.0
20172.928328977818,0.0
15662.965178064647,0.0
15882.121408533656,0.0
23426.582630201487,0.0
16066.71720104687,0.0
16312.081099208273,0.0
0.0,0.0
0.0,0.0
5435.591028659147,0.0
19472.259718302328,0.0
13985.74572357325,0.0
0.0,0.0
613.0984529065558,0.0
0.0,0.0
733.9485950474516,0.0
0.0,0.0
0.0,0.0
0.0,0.0
0.0,0.0
0.0,0.0
0.0,0.0
12057.902099800744,0.0
0.0,0.0
0.0,0.0
8429.183412623113,0.0
0.0,0.0
0.0,0.0
0.0,0.0
9618.87708385436,0.0
0.0,0.0
0.0,0.0
0.0,0.0
0.0,0.0
317.2894773748667,0.0
0.0,0.0
0.0,0.0
0.0,0.0
0.0,0.0
0.0,0.0
0.0,0.0
0.0,0.0
0.0,0.0
0.0,0.0
0.0,0.0
0.0,0.0
4530.737422831814,0.0
1116.5913086308353,0.0
0.0,0.0
0.0,0.0
0.0,0.0
0.0,0.0
3750.0143927019267,0.0
7409.585424013825,0.0
0.0,0.0
0.0,0.0
0.0,0.0
11622.494116315145,0.0
21428.511312792347,0.0
1624.069044315882,0.0
0.0,0.0
0.0,0.0
8422.845320273093,0.0
-1.810991636023206e-12,0.0
0.0,0.0
0.0,0.0
2602.9257070191916,0.0
28005.032855114736,0.0
12587.095030112798,0.0
24300.35530296419,0.0
15403.699363543235,0.0
22164.10848370714,0.0
17026.197552382575,0.0
20931.009860189242,0.0
17963.35250625618,0.0
20218.772095245302,0.0
18504.65320761357,0.0
19807.383562213687,0.0
18817.3084927176,0.0
19569.76554553463,0.0
18997.89818539368,0.0
19432.5173791008,0.0
19102.20679188339,0.0
19353.242838168622,0.0
19162.45544299184,0.0
19307.453863326195,0.0
19197.25506387209,0.0
19281.006151457208,0.0
19217.35532489252,0.0
19265.729953081678,0.0
18066.824719675365,0.0
0.0,0.0
0.0,0.0
0.0,0.0
728.0869174207604,0.0
0.0,0.0
0.0,0.0
0.0,0.0
1352.325278641295,0.0
0.0,0.0
0.0,0.0
8065.1696325785215,0.0
0.0,0.0
0.0,0.0
0.0,0.0
0.0,0.0
10428.451770891952,0.0
9534.875135522147,0.0
3025.1499817129643,0.0
0.0,0.0
0.0,0.0
0.0,0.0
10960.011815367303,0.0
0.0,0.0
9842.235774342196,0.0
0.0,0.0
214.29186252972983,0.0
0.0,0.0
0.0,0.0
1416.2586768161632,0.0
0.0,0.0
6528.519178699903,0.0
15835.928272793364,0.0
21835.614512677043,0.0
17275.852970365457,0.0
20741.27174252225,0.0
18107.553475683093,0.0
20109.179358480847,0.0
18587.943687554554,0.0
19744.082797458534,0.0
18865.41707393151,0.0
19533.203023812057,0.0
19025.685701902836,0.0
19411.39886655384,0.0
19118.256861419075,0.0
19341.04478532151,0.0
19171.725963155655,0.0
19300.408268001698,0.0
19202.609716318708,0.0
19276.93661559778,0.0
19220.448172145683,0.0
19263.379389169277,0.0
19230.751664231346,0.0
19255.548735184177,0.0
19236.702961260024,0.0
19251.025749442375,0.0
19240.14043042379,0.0
19248.413272877915,0.0
19242.125912612777,0.0
19246.904306414286,0.0
19243.27272712514,0.0
19246.032727384892,0.0
19243.93512718748,0.0
19245.529303337516,0.0
19244.317729463488,0.0
19245.238525607747,0.0
19244.538720538112,0.0
19245.07057239103,0.0
19244.666364982815,0.0
19244.973562613057,0.0
19244.740092414075,0.0
19244.917529765306,0.0
19244.782677378367,0.0
19244.885165192438,0.0
19244.807274453746,0.0
19244.866471415145,0.0
19244.821481724484,0.0
19244.855673889386,0.0
19244.829687844063,0.0
19244.849437238507,0.0
19244.83442769873,0.0
19244.845834948963,0.0
19244.83716543878,0.0
19244.843754266523,0.0
19244.83874675744,0.0
19244.84255246435,0.0
0.0,0.0
0.0,0.0
0.0,0.0
6384.181171798526,0.0
0.0,0.0
855.7619744954668,0.0
0.0,0.0
713.801278616434,0.0
8607.294284665948,0.0
7384.747654678246,0.0
0.0,0.0
0.0,0.0
0.0,0.0
0.0,0.0
14046.436521976157,0.0
0.0,0.0
0.0,0.0
0.0,0.0
0.0,0.0
0.0,0.0
0.0,0.0
7771.557574772119,0.0
0.0,0.0
0.0,0.0
0.0,0.0
0.0,0.0
3409.582794545462,0.0
1188.5271408054414,0.0
15167.76644325305,0.0
0.0,0.0
0.0,0.0
4358.889108137883,0.0
8695.725054577726,0.0
0.0,0.0
0.0,0.0
0.0,0.0
0.0,0.0
0.0,0.0
4304.8614593629345,0.0
3863.73391528191,0.0
0.0,0.0
0.0,0.0
0.0,0.0
0.0,0.0
758.5317224044601,0.0
0.0,0.0
0.0,0.0
0.0,0.0
0.0,0.0
441.5430424718667,0.0
3519.5345165520885,0.0
21071.53824873075,0.0
13000.718108861485,0.0
6032.484660174945,0.0
0.0,0.0
119.79563913778493,0.0
2676.4672264073906,0.0
5753.390914274493,0.0
8568.813735402835,0.0
27358.621561093845,0.0
13078.367613568673,0.0
20312.572953330742,0.0
18171.414829380094,0.0
20331.954833168937,0.0
18418.6343267916,0.0
17876.681326898557,0.0
20284.64219155709,0.0
18454.591934416614,0.0
19845.430129843367,0.0
18788.393101319038,0.0
19591.74124299753,0.0
18981.196655321874,0.0
19445.210541955374,0.0
19092.55998811391,0.0
19360.574409033426,0.0
19156.88344913459,0.0
19311.688578657704,0.0
19194.03668022014,0.0
19283.45212303269,0.0
19215.496386495153,0.0
19267.14274626367,0.0
19227.891512839604,0.0
19257.722450241898,0.0
19235.050937816155,0.0
19252.28128725972,0.0
19239.18622168261,0.0
19249.138471521215,0.0
19241.57476164387,0.0
19247.323181150652,0.0
19242.9543823255,0.0
19246.274669432616,0.0
19243.75125123121,0.0
19245.669049064283,0.0
19244.21152271114,0.0
19245.31924273953,0.0
19244.477375517956,0.0
11805.858416514102,0.0
2026.5273007273042,0.0
9452.67543854176,0.0
18359.352647146632,0.0
23575.061158435135,0.0
15695.666843568097,0.0
15656.568000643498,0.0
18081.45804856686,0.0
20246.252220119866,0.0
18483.768312708904,0.0
18747.295264147757,0.0
19622.9755992477,0.0
18957.45854457175,0.0
19463.25150612547,0.0
19078.848855344637,0.0
19370.994869938073,0.0
19148.96389884706,0.0
19317.707436876233,0.0
19189.462347974066,0.0
14779.26953608991,0.0
18578.850665830076,0.0
20984.99253376343,0.0
15654.540575792953,0.0
21973.469162397352,0.0
4365.994400766353,0.0
11700.321667544222,0.0
19913.328931336124,0.0
21215.391440396364,0.0
15449.754072576086,0.0
16242.015348702374,0.0
21526.988334986196,0.0
17510.408865410496,0.0
20563.009262288022,0.0
18243.032960661105,0.0
20006.21494989756,0.0
18666.196638077858,0.0
19684.610555060826,0.0
18910.61597815377,0.0
19498.85185660313,0.0
19051.792588981618,0.0
19391.557632373966,0.0
19133.336199395788,0.0
19329.584488459197,0.0
19180.435788771007,0.0
19293.788800534032,0.0
19207.640511594138,0.0
19273.113211188447,0.0
19223.353959496773,0.0
6256.455106820832,0.0
9177.340857669662,0.0
16735.13029387974,0.0
24141.957247127553,0.0
15709.548746289216,0.0
12324.974649231377,0.0
15965.131525025608,0.0
21737.420040980534,0.0
17350.48076885479,0.0
20684.554615670357,0.0
18150.65849209053,0.0
20076.419546011188,0.0
18612.841145031496,0.0
19725.160729776057,0.0
18879.79784537019,0.0
19522.27363751865,0.0
19033.992035485822,0.0
15645.303289488202,0.0
12081.03909450349,0.0
13813.467897841014,0.0
26605.074951600713,0.0
13651.063036783458,0.0
2690.092276379899,0.0
11671.020904465502,0.0
5832.526487831998,0.0
15754.707486287025,0.0
26285.481337519414,0.0
13893.954183485239,0.0
10972.366741617296,0.0
19715.869877707195,0.0
18886.85889294253,0.0
19516.90724136367,0.0
19038.0704965636,0.0
19401.986422611655,0.0
19125.410318815135,0.0
19335.608157700495,0.0
19175.857800147616,0.0
15869.111280080264,0.0
15623.094025720557,0.0
16820.690384162695,0.0
14557.35403793722,0.0
11559.254108133955,0.0
9940.581834373255,0.0
10106.668601235748,0.0
17792.793313376467,0.0
23550.55048026349,0.0
11607.387563277618,0.0
0.0,0.0
0.0,0.0
0.0,0.0
284.0706384510333,0.0
0.0,0.0
0.0,0.0
10390.10232490908,0.0
9052.204297869883,0.0
0.0,0.0
17095.93434519647,0.0
0.0,0.0
6206.601984887424,0.0
0.0,0.0
5900.0624031608895,0.0
11241.176338867532,0.0
6634.442243768745,0.0
4110.4360663097605,0.0
9107.042046463295,0.0
22897.681920984807,0.0
16468.68174005155,0.0
21354.72187756082,0.0
17641.33137305378,0.0
20463.508156479125,0.0
18318.653801075867,0.0
19948.74311118234,0.0
18709.875235501415,0.0
19651.414821018916,0.0
18935.84473602562,0.0
19479.678000620523,0.0
19066.364719528403,0.0
19380.48281315841,0.0
19141.753061999603,0.0
19323.1876728803,0.0
19185.29736861097,0.0
19290.093999855657,0.0
19210.448560109704,0.0
19270.979094316626,0.0
19224.97588831936,0.0
19259.938324877283,0.0
19233.366873093266,0.0
19253.561176449122,0.0
19238.213505898675,0.0
19249.877735517006,0.0
19241.012921007074,0.0
18822.16659187677,0.0
19553.629797815916,0.0
19037.661430503646,0.0
17933.599402616786,0.0
0.0,0.0
0.0,0.0
0.0,0.0
0.0,0.0
0.0,0.0
0.0,0.0
0.0,0.0
0.0,0.0
0.0,0.0
0.0,0.0
0.0,0.0
1116.2120595276313,0.0
0.0,0.0
0.0,0.0
0.0,0.0
883.2435967917803,0.0
1867.7284677949458,0.0
0.0,0.0
0.0,0.0
0.0,0.0
0.0,0.0
0.0,0.0
288.925724497778,0.0
0.0,0.0
0.0,0.0
0.0,0.0
3225.7907272688344,0.0
28866.761330527628,0.0
5866.170696096105,0.0
0.0,0.0
0.0,0.0
0.0,0.0
0.0,0.0
0.0,0.0
0.0,0.0
0.0,0.0
0.0,0.0
0.0,0.0
1067.9036506367815,0.0
0.0,0.0
1791.2725828508255,0.0
0.0,0.0
0.0,0.0
0.0,0.0
0.0,0.0
8804.343949070158,0.0
8124.9060211768065,0.0
0.0,0.0
0.0,0.0
0.0,0.0
0.0,0.0
16099.502652365409,0.0
0.0,0.0
0.0,0.0
0.0,0.0
0.0,0.0
7640.74618336028,0.0
0.0,0.0
0.0,0.0
0.0,0.0
0.0,0.0
0.0,0.0
1885.8475799354273,0.0
3466.160207828816,0.0
960.3565872165235,0.0
0.0,0.0
0.0,0.0
0.0,0.0
4075.5323230645827,0.0
1642.8505114327204,0.0
6204.934225314567,0.0
0.0,0.0
1261.6608303046548,0.0
0.0,0.0
6471.2622582136655,0.0
0.0,0.0
10538.650355553147,0.0
0.0,0.0
14223.011977466173,0.0
11267.40018200001,0.0
0.0,0.0
0.0,0.0
0.0,0.0
1456.2552374429388,0.0
5021.758184551271,0.0
0.0,0.0
0.0,0.0
8183.885820239337,0.0
8778.52075845918,0.0
7215.155037297843,0.0
4621.226124466973,0.0
0.0,0.0
0.0,0.0
12580.399814746743,0.0
0.0,0.0
0.0,0.0
0.0,0.0
0.0,0.0
8074.548061206908,0.0
0.0,0.0
0.0,0.0
0.0,0.0
5029.812560967836,0.0
15760.844105600814,0.0
17101.97947895901,0.0
14802.569023013195,0.0
21836.35665068487,0.0
13409.657849611229,0.0
0.0,0.0
0.0,0.0
0.0,0.0
6957.718245818965,0.0
11738.462979065807,0.0
2589.870871130672,0.0
484.26029177243294,0.0
4304.793238195968,0.0
2909.5416620981146,0.0
8649.942605489974,0.0
5791.085855003633,0.0
0.0,0.0
17053.05384271743,0.0
20910.59907953475,0.0
13976.065495283912,0.0
17818.389058439087,0.0
21862.878629387058,0.0
17255.132241665837,0.0
19713.261135729295,0.0
18888.841536845735,0.0
19515.400431997234,0.0
19039.2156716821,0.0
19401.116089521598,0.0
19126.071771963583,0.0
0.0,0.0
0.0,0.0
13229.87228310289,0.0
0.0,0.0
18290.315902770453,0.0
9183.437464343779,0.0
0.0,0.0
0.0,0.0
0.0,0.0
5570.881442732764,0.0
0.0,0.0
0.0,0.0
9722.433260334234,0.0
23470.16082989108,0.0
16462.518784122265,0.0
21359.405724067074,0.0
17637.77164970903,0.0
20466.213546221134,0.0
18316.59770487194,0.0
19950.30574429732,0.0
18708.687634334037,0.0
19652.317397906125,0.0
18935.15877759134,0.0
19480.19932903058,0.0
19065.96850993675,0.0
19380.783932448063,0.0
19141.524211339467,0.0
19323.361599382002,0.0
19185.16518446967,0.0
19290.194459803042,0.0
19210.37221054969,0.0
19271.03711998223,0.0
19224.931788813497,0.0
19259.971840501737,0.0
19233.341401218673,0.0
19253.58053507381,0.0
19238.198793343905,0.0
19249.88891705863,0.0
19241.004423035443,0.0
19247.756638493058,0.0
19242.624954745275,0.0
19246.525034393584,0.0
19243.560973860876,0.0
19245.81365986573,0.0
19244.10161850204,0.0
19245.402769938442,0.0
19244.41389484678,0.0
19245.165439916444,0.0
19244.594265663505,0.0
19245.02835809573,0.0
19244.69844784724,0.0
19244.949179636093,0.0
19244.758623476566,0.0
19244.903446157798,0.0
19244.793380920066,0.0
19244.877030500746,0.0
19244.81345681943,0.0
19244.86177281723,0.0
19244.825052658904,0.0
19244.852959979224,0.0
19244.831750415786,0.0
0.0,0.0
1723.0167780316965,0.0
21214.810587835385,0.0
18678.13073496871,0.0
6023.917423215678,0.0
0.0,0.0
1682.313261591009,0.0
6108.076657608008,0.0
11605.996123067185,0.0
10726.460337005647,0.0
8303.25677131332,0.0
13244.632144586563,0.0
8995.383718816562,0.0
14097.882512002374,0.0
17850.597804129917,0.0
22507.48805255439,0.0
16055.212417196968,0.0
15544.716114464278,0.0
19009.959465520886,0.0
13783.06625081111,0.0
13193.741830701243,0.0
12710.036612059299,0.0
8368.310129246538,0.0
0.0,0.0
0.0,0.0
0.0,0.0
0.0,0.0
0.0,0.0
3994.6845195661367,0.0
444.2055148644709,0.0
0.0,0.0
88.48640447548937,0.0
0.0,0.0
0.0,0.0
0.0,0.0
0.0,0.0
0.0,0.0
1853.7199803586943,0.0
3340.22057134877,0.0
0.0,0.0
0.0,0.0
8918.450603168441,0.0
6215.192106596675,0.0
5357.695974793421,0.0
8717.140851338174,0.0
9303.569029508208,0.0
0.0,0.0
0.0,0.0
0.0,0.0
0.0,0.0
0.0,0.0
0.0,0.0
0.0,0.0
0.0,0.0
0.0,0.0
0.0,0.0
0.0,0.0
0.0,0.0
0.0,0.0
0.0,0.0
0.0,0.0
0.0,0.0
0.0,0.0
0.0,0.0
0.0,0.0
0.0,0.0
0.0,0.0
0.0,0.0
0.0,0.0
0.0,0.0
0.0,0.0
8389.77267376347,0.0
11409.724954861747,0.0
17691.920702689917,0.0
22987.773735780986,0.0
16400.21196080645,0.0
14646.592138771377,0.0
18916.139126451973,0.0
19494.654263896497,0.0
19054.982759438655,0.0
19389.133102826614,0.0
19135.178841851764,0.0
19328.184080192656,0.0
19181.500099053585,0.0
19292.97992471928,0.0
19208.255257213343,0.0
19272.64600451786,0.0
19223.709036566426,0.0
19260.90113220951,0.0
19232.63513952077,0.0
19254.117293964213,0.0
18699.57171653453,0.0
19788.4180890464,0.0
18831.722252324733,0.0
19558.8110882332,0.0
11086.93207391195,0.0
0.0,0.0
18207.70205062305,0.0
16780.639083574504,0.0
8586.699405017482,0.0
0.0,0.0
1479.5964152246231,0.0
7723.014178114637,0.0
14711.908963784184,0.0
19884.40900455893,0.0
17948.25369482293,0.0
2966.443038592517,0.0
0.0,0.0
0.0,0.0
0.0,0.0
11402.76275263068,0.0
13326.516786829625,0.0
10528.316433911878,0.0
0.0,0.0
0.0,0.0
0.0,0.0
35.38591582923461,0.0
0.0,0.0
0.0,0.0
0.0,0.0
0.0,0.0
0.0,0.0
9599.617472963111,0.0
-1.1261671906883009e-13,0.0
0.0,0.0
0.0,0.0
2600.652384836995,0.0
4904.510998348139,0.0
5960.718456495334,0.0
4618.048436136392,0.0
476.8594254975177,0.0
4552.305199759875,0.0
17843.166529654434,0.0
19403.13105589913,0.0
19342.216169091906,0.0
19170.835711490145,0.0
19301.08485926749,0.0
19202.095506956703,0.0
19277.327414712905,0.0
19220.15116481819,0.0
19263.605114738177,0.0
19230.580112798983,0.0
19255.679114272774,0.0
19228.6899542112,0.0
13675.177672004536,0.0
18537.499141420827,0.0
21289.718279877976,0.0
17690.734107292737,0.0
17279.027118628564,0.0
17943.11942221803,0.0
20234.14923911429,0.0
18492.966578273143,0.0
19816.26540051241,0.0
18810.55829561056,0.0
19574.89569533597,0.0
18993.99927154466,0.0
19435.480553626054,0.0
19099.9547792442,0.0
19354.954367774408,0.0
19161.15468049145,0.0
19308.442442826494,0.0
19196.503743451864,0.0
19281.577154976578,0.0
19216.9213622178,0.0
19266.059764714475,0.0
19228.714578817,0.0
19257.09692009908,0.0
12774.118165097983,0.0
6152.860755506123,0.0
12738.893349731872,0.0
17142.706757119086,0.0
23751.920899866,0.0
15819.460116101838,0.0
14538.913852809379,0.0
19273.089562299632,0.0
19223.371932652273,0.0
19261.157331184266,0.0
19232.44042829995,0.0
19254.26527449203,0.0
19237.678391386053,0.0
19250.2844225466,0.0
19240.703838864578,0.0
19247.985082462925,0.0
19242.451337328177,0.0
19246.656983630583,0.0
19243.460692440756,0.0
19245.88987374502,0.0
19244.043695953776,0.0
19245.446791075126,0.0
19244.380438782897,0.0
19245.190866524987,0.0
19244.574941441002,0.0
19245.04304450484,0.0
19244.687286176322,0.0
19244.95766250599,0.0
19244.752176495447,0.0
19244.90834586346,0.0
19244.78965714377,0.0
19244.87986057073,0.0
19244.811305966243,0.0
19244.863407465655,0.0
19244.8238103261,0.0
19244.85390415216,0.0
19244.831032844355,0.0
19244.848415038286,0.0
19244.8352045709,0.0
19244.84524452611,0.0
19244.837614160155,0.0
19244.84341323828,0.0
19244.839005938906,0.0
19244.842355486424,0.0
19244.83980983031,0.0
19244.841744528963,0.0
19244.84027415799,0.0
0.0,0.0
0.0,0.0
0.0,0.0
9083.676014220975,0.0
10377.137348302567,0.0
11074.31187654792,0.0
9477.752406446998,0.0
4204.068833879567,0.0
0.0,0.0
0.0,0.0
1536.2540474889722,0.0
3000.7762985426425,0.0
9882.359475880638,0.0
19247.96902476563,0.0
10650.176606042,0.0
12045.15390928001,0.0
13057.39912657405,0.0
15492.725807247474,0.0
11976.193462376139,0.0
5502.987871853764,0.0
0.0,0.0
0.0,0.0
0.0,0.0
5178.902307526499,0.0
8368.875193624552,0.0
1457.869054612084,0.0
5538.621529540396,0.0
13530.62996236738,0.0
8008.82839873565,0.0
1935.8751991144493,0.0
0.0,0.0
0.0,0.0
0.0,0.0
16684.21111197831,0.0
874.4875457930204,0.0
0.0,0.0
16250.276760098892,0.0
0.0,0.0
0.0,0.0
5575.333706983493,0.0
22935.98766871223,0.0
5647.821795293653,0.0
0.0,0.0
0.0,0.0
14221.437292317249,0.0
8398.236435616613,0.0
5578.528083612715,0.0
6573.425162070022,0.0
6202.278274978184,0.0
2680.510422305883,0.0
0.0,0.0
2186.998670090425,0.0
2058.139720714243,0.0
952.9833244425538,0.0
0.0,0.0
0.0,0.0
1312.0325006181063,0.0
0.0,0.0
5224.821312473081,0.0
0.0,0.0
7852.604379478972,0.0
0.0,0.0
5512.125780236553,0.0
130.43087189574857,0.0
25591.086611321414,0.0
226.12986912748502,0.0
0.0,0.0
