PumpedStor,BatteryStor
0.0,0.0
33870.92,0.0
8129.0208,0.0
27692.864191999997,0.0
12824.343214079998,0.0
24124.419157299202,0.0
15536.361440452609,0.0
22063.285305256013,0.0
27378.21041231624,0.0
35049.79284266098,0.0
37901.202323371064,0.0
38632.97915834336,0.0
41088.0043984495,0.0
43558.97219307386,0.0
44325.073326337726,0.0
39865.933321793615,0.0
31217.92564603865,0.0
30276.43737570921,0.0
30102.898949801034,0.0
25659.875741658583,0.0
13140.237769097132,0.0
3178.9471601748783,0.0
-1.1185148987527605e-28,0.0
4130.339393518459,0.0
11172.666579799183,0.0
22004.55561799532,0.0
20282.45425472187,0.0
29318.628009887572,0.0
36578.47835093251,0.0
42649.754804223805,0.0
44106.86115301371,0.0
44106.86115301371,0.0
44106.86115301371,0.0
24911.739649709052,0.0
23187.020448047446,0.0
6705.762405640046,0.0
6705.762405640046,0.0
6705.762405640046,0.0
6705.762405640046,0.0
0.0,0.0
0.0,0.0
0.0,0.0
4380.346487675718,0.0
8792.51328066942,0.0
12269.819325043441,0.0
11702.7563456673,0.0
7012.936616555395,0.0
4234.549162498103,0.0
5128.0413117627395,0.0
8346.923599765136,0.0
10861.857266346504,0.0
7596.03132869077,0.0
670.1366753210847,0.0
7925.549259948196,0.0
20756.902224646354,0.0
29473.54025006171,0.0
23111.87970137503,0.0
15196.390981551076,0.0
5875.715089741046,0.0
-5.630835953441605e-14,0.0
0.0,0.0
0.0,0.0
0.0,0.0
0.0,0.0
0.0,0.0
8037.3926109787035,0.0
19330.803261285557,0.0
22428.832507141677,0.0
22428.832507141677,0.0
18854.64404129826,0.0
12858.578324936978,0.0
8178.698780904721,0.0
8178.698780904721,0.0
5442.57737362855,0.0
-1.4540693683785887e-27,0.0
0.0,0.0
0.0,0.0
14393.217153499128,0.0
22932.07496334066,0.0
16442.543027861102,0.0
21374.587298825558,0.0
17626.233652892573,0.0
20474.98242380164,0.0
18309.93335791076,0.0
19955.370647987824,0.0
18704.838307529248,0.0
19655.242886277763,0.0
18932.935406428896,0.0
19481.88909111404,0.0
19064.68429075333,0.0
19381.75993902747,0.0
19140.782446339123,0.0
19323.925340782265,0.0
19184.736741005476,0.0
19290.520076835837,0.0
19210.12474160475,0.0
19271.22519638038,0.0
19224.78885075091,0.0
19260.08047342931,0.0
19233.25884019372,0.0
19253.643281452765,0.0
19238.151106095895,0.0
29293.793006440093,0.0
40901.43032154562,0.0
43687.26327717095,0.0
43687.26327717095,0.0
39652.25294570683,0.0
34806.71317573284,0.0
35235.48958520414,0.0
37119.58090655417,0.0
36103.67191965466,0.0
31253.02348018993,0.0
26675.29466535947,0.0
33635.714510025966,0.0
41943.49148240623,0.0
40733.3988679171,0.0
40733.3988679171,0.0
40733.3988679171,0.0
32143.777995418965,0.0
18751.18962976842,0.0
6708.113625472338,0.0
6708.11362547234,0.0
5.6308359534415714e-14,0.0
5.6308359534415714e-14,0.0
0.0,0.0
2651.1394909704004,0.0
13061.64911584625,0.0
20514.564596911205,0.0
13002.280366525227,0.0
9599.650044861924,0.0
0.0,0.0
711.5533836930963,0.0
11443.991816258855,0.0
25173.486219643273,0.0
14739.070473071108,0.0
22669.226440465955,0.0
16642.307905245878,0.0
21222.76599201313,0.0
17741.61784607002,0.0
20387.290436986783,0.0
18376.579267890047,0.0
19904.71975640357,0.0
18743.33298513329,0.0
19625.986931298692,0.0
18955.169932212986,0.0
19464.990851518127,0.0
19077.526952846216,0.0
19619.539993485967,0.0
18960.069604950662,0.0
19461.267100237495,0.0
19080.3570038195,0.0
19369.84867709718,0.0
19149.83500540614,0.0
19317.045395891335,0.0
19189.965499122583,0.0
19286.54622066683,0.0
19213.144872293207,0.0
19268.929897057158,0.0
19226.533278236555,0.0
19258.75470854022,0.0
19234.26642150943,0.0
19252.87751965283,0.0
19238.733085063843,0.0
19249.482855351474,0.0
19241.313029932884,0.0
19247.522097251007,0.0
19242.803206089233,0.0
19788.830541113275,0.0
29244.476871989144,0.0
36795.0135605841,0.0
40349.418167952914,0.0
32436.24771954135,0.0
19276.922450566573,0.0
19220.458937569398,0.0
25747.663893786936,0.0
25139.281178705805,0.0
12013.7852426487,0.0
5966.837806971563,0.0
6166.015695546372,0.0
10071.20776385027,0.0
20704.862370435832,0.0
18135.224598468765,0.0
20088.149305163737,0.0
18603.926528075564,0.0
19731.93583866257,0.0
18874.64876261644,0.0
35413.00540579835,0.0
42370.0412973916,0.0
44039.72991137399,0.0
39140.891378612876,0.0
34690.81248191198,0.0
34690.81248191198,0.0
34690.81248191198,0.0
34690.81248191198,0.0
34690.81248191198,0.0
34690.81248191198,0.0
34690.81248191198,0.0
34690.81248191198,0.0
34690.81248191198,0.0
34690.81248191198,0.0
29236.225283902993,0.0
22226.9925779009,0.0
16394.064645171024,0.0
13967.455537062337,0.0
13967.455537062337,0.0
13967.455537062337,0.0
13967.455537062337,0.0
13967.455537062337,0.0
13967.455537062337,0.0
13967.455537062337,0.0
20893.078935805137,0.0
22771.748693880178,0.0
22771.748693880178,0.0
22771.748693880178,0.0
22771.748693880178,0.0
22771.748693880178,0.0
22771.748693880178,0.0
23734.554724247526,0.0
24581.02811730127,0.0
24581.02811730127,0.0
11549.889318601852,0.0
11596.22690436307,0.0
26809.07526508631,0.0
37621.36000312037,0.0
26459.503032139135,0.0
11886.470814599481,0.0
0.0,0.0
0.0,0.0
8685.333422157388,0.0
22171.034486677665,0.0
29706.303506375978,0.0
26229.58419511809,0.0
13936.436011710253,0.0
19658.466414901286,0.0
38588.9519395763,0.0
43132.26846549832,0.0
43132.26846549832,0.0
44040.660582848104,0.0
44440.67853988354,0.0
44536.682849572055,0.0
44559.72388389729,0.0
44565.25373213535,0.0
44566.58089571248,0.0
44566.58089571248,0.0
40168.5487107646,0.0
43511.3716905835,0.0
44313.64920574004,0.0
44506.19580937761,0.0
37003.55651922533,0.0
27061.876744154986,0.0
22039.088617277077,0.0
25181.314625707502,0.0
35429.16289669096,0.0
42373.91909520583,0.0
44040.6605828494,0.0
44440.678539883855,0.0
44536.682849572135,0.0
44559.723883897306,0.0
44565.25373213536,0.0
44566.58089571248,0.0
30885.40279249304,0.0
13215.955052385982,0.0
1149.9065765753548,0.0
-2.1076545475332096e-13,0.0
-2.1076545475332096e-13,0.0
-2.1076545475332096e-13,0.0
-2.1076545475332096e-13,0.0
788.7388178843484,0.0
788.7388178843484,0.0
788.7388178843484,0.0
14707.01337978777,0.0
14707.01337978777,0.0
14707.01337978777,0.0
8288.749268202982,0.0
1754.109907393229,0.0
0.0,0.0
0.0,0.0
0.0,0.0
0.0,0.0
0.0,0.0
0.0,0.0
5045.757178338643,0.0
16215.756966278661,0.0
24681.51030892576,0.0
18099.901274209038,0.0
9323.208689743245,0.0
2521.506087935558,0.0
0.0,0.0
1123.9405197173255,0.0
2770.2460752780335,0.0
3680.0995367814153,0.0
3317.799555690663,0.0
8662.090514335408,0.0
27287.731209105088,0.0
26520.714214476124,0.0
40070.07578985519,0.0
38025.71613764452,0.0
27186.277384437202,0.0
13209.349187827724,0.0
5983.520162052311,0.0
8829.58236902067,0.0
14822.629848727562,0.0
22605.72131496705,0.0
16690.571800625043,0.0
21186.08543152497,0.0
17769.495072041023,0.0
20366.103745248824,0.0
18392.681153610898,0.0
19892.482323255714,0.0
18752.633434325653,0.0
19618.9185899125,0.0
18960.541871666494,0.0
19460.908177533463,0.0
19080.629785074565,0.0
19369.64136334333,0.0
19149.992563859076,0.0
19316.925651467107,0.0
19190.056504884997,0.0
19286.477056287404,0.0
19213.19743722157,0.0
19268.889947711607,0.0
19226.563639739175,0.0
19258.731633798223,0.0
19234.283958313346,0.0
19252.864191681856,0.0
21286.335003080396,0.0
23243.310932419092,0.0
16206.003691361491,0.0
13781.931202961041,0.0
23396.652285749602,0.0
16089.464262830299,0.0
37732.391423079265,0.0
34148.51676876879,0.0
22607.942232268782,0.0
11688.096470060387,0.0
10295.632686231142,0.0
13975.166749240556,0.0
17834.208972365228,0.0
21353.71799347545,0.0
17642.094324958663,0.0
17243.941338504625,0.0
20765.524582736478,0.0
18089.121317120276,0.0
20123.187798988587,0.0
18577.29727276868,0.0
19752.174072695805,0.0
18859.26770475119,0.0
19537.876544389095,0.0
19022.133826264282,0.0
19414.098292039136,0.0
20934.095891153527,0.0
17961.00712272332,0.0
14354.91738714102,0.0
22961.182785772824,0.0
16420.421082812663,0.0
24208.776275012002,0.0
31170.129597936982,0.0
31496.925832629247,0.0
28736.230018447142,0.0
25110.871671367167,0.0
21868.05574917253,0.0
18273.621059768568,0.0
13383.98156514334,0.0
6022.8884228465795,0.0
0.0,0.0
8550.201843210405,0.0
27372.766599160095,0.0
40440.38398379843,0.0
38556.93409596699,0.0
29274.22984200842,0.0
18329.09218123694,0.0
9381.609345962386,0.0
6048.7963260031775,0.0
4737.638085512384,0.0
4101.820490451249,0.0
1353.3293919576338,0.0
2383.529994152216,0.0
25636.372198111974,0.0
40023.64932754687,0.0
43476.59583861125,0.0
43476.59583861125,0.0
24525.58464588673,0.0
24525.58464588673,0.0
24525.58464588673,0.0
17661.006029264976,0.0
17661.006029264976,0.0
17661.006029264976,0.0
11442.31525840876,0.0
11442.31525840876,0.0
21991.52318043357,0.0
37391.53858092553,0.0
42844.889259422125,0.0
42844.889259422125,0.0
33540.5994002511,0.0
31722.247197194876,0.0
31722.247197194876,0.0
33863.1453829605,0.0
36645.36125722019,0.0
36645.36125722019,0.0
36645.36125722019,0.0
36645.36125722019,0.0
36645.36125722019,0.0
38804.8209400131,0.0
38804.8209400131,0.0
38804.8209400131,0.0
38165.90077826059,0.0
22453.517666286614,0.0
18012.41650020056,0.0
19697.613736008054,0.0
20211.526231158467,0.0
16039.96550819712,0.0
4642.724394820282,0.0
0.0,0.0
0.0,0.0
9979.426819982178,0.0
26286.555616813544,0.0
13893.137731221705,0.0
23312.135324271505,0.0
16153.697153553654,0.0
21594.110163299225,0.0
17459.39627589259,0.0
20601.77883032163,0.0
18213.568088955566,0.0
20028.608252393766,0.0
18649.17772818074,0.0
19697.54492658264,0.0
18900.785855797196,0.0
19506.322749594136,0.0
19046.114710308455,0.0
19395.872820165572,0.0
19130.056656674165,0.0
19332.07694092763,0.0
19178.541524894998,0.0
19295.2284410798,0.0
20138.96087251818,0.0
18565.309736886185,0.0
14108.670085407764,0.0
34788.52244290016,0.0
42220.16538629604,0.0
44003.75969271105,0.0
44156.62975811765,0.0
44156.62975811765,0.0
44156.62975811765,0.0
44156.62975811765,0.0
44156.62975811765,0.0
44156.62975811765,0.0
44156.62975811765,0.0
44156.62975811765,0.0
44156.62975811765,0.0
44156.62975811765,0.0
44156.62975811765,0.0
44156.62975811765,0.0
42351.55754825624,0.0
32100.89319662445,0.0
24832.652355361115,0.0
7234.594786795946,0.0
0.0,0.0
0.0,0.0
0.0,0.0
0.0,0.0
0.0,0.0
0.0,0.0
9383.006589342955,0.0
17962.0337863302,0.0
17962.0337863302,0.0
9533.484158601987,0.0
1.1261671906883009e-13,0.0
0.0,0.0
4555.29104240963,0.0
10699.357372561095,0.0
15983.912488884418,0.0
14370.061926313985,0.0
14748.534333691978,0.0
22662.033906394092,0.0
16647.774231140495,0.0
21218.611584333226,0.0
36100.59214232671,0.0
33801.57174467296,0.0
26467.551956425807,0.0
23336.49538739684,0.0
25253.67660738172,0.0
28071.031048015142,0.0
26421.48887585421,0.0
13790.588454350798,0.0
4555.726965432506,0.0
11905.762045589694,0.0
22161.83427785801,0.0
31377.491230388016,0.0
26445.76247334914,0.0
13558.679129476444,0.0
7073.299710181349,0.0
9478.419230353227,0.0
16945.727542406323,0.0
20992.16706777119,0.0
17916.873028493894,0.0
20254.096498344632,0.0
18477.806661258077,0.0
19827.786937443856,0.0
18801.801927542663,0.0
19581.55053506757,0.0
18988.941593348645,0.0
19439.32438905503,0.0
19097.033464318178,0.0
19357.174567118185,0.0
19159.467328990177,0.0
19309.724829967457,0.0
19195.529129224724,0.0
19282.317861789208,0.0
19216.3584250402,0.0
19266.487596969448,0.0
19473.581084880567,0.0
38544.57946037133,0.0
39493.94178606639,0.0
26967.7895140539,0.0
13308.770141348354,0.0
9885.441063420318,0.0
10767.453117167079,0.0
12141.858166358628,0.0
11689.938733887799,0.0
4586.680715972572,0.0
6311.304131249875,0.0
22386.597568334022,0.0
39243.703416400174,0.0
43289.408819936034,0.0
43466.76469045146,0.0
30150.605269250435,0.0
14854.254672777084,0.0
4701.2577501661735,0.0
-5.630835953441717e-14,0.0
0.0,0.0
0.0,0.0
0.0,0.0
0.0,0.0
13436.311584126495,0.0
27540.13345794454,0.0
39642.468483895995,0.0
34747.25517668102,0.0
24820.524128040965,0.0
15007.321662688862,0.0
11433.484588635703,0.0
12901.476593650616,0.0
16729.064531437347,0.0
21156.830956107613,0.0
17791.72847335822,0.0
20349.206360247754,0.0
18405.523166211715,0.0
19882.72239367909,0.0
23144.020313472425,0.0
31529.43227372499,0.0
34532.43423626064,0.0
31897.088612633383,0.0
29656.760852719675,0.0
28765.402871318536,0.0
30128.887873313102,0.0
32259.05092765887,0.0
28185.4672582653,0.0
21726.483343650983,0.0
28592.972336965442,0.0
37920.81301333056,0.0
42971.91512319934,0.0
34952.414325249556,0.0
20426.219050157142,0.0
5183.242909782954,0.0
0.0,0.0
3214.0888434730286,0.0
9828.800439905202,0.0
13723.438024327004,0.0
9719.67166148243,0.0
5212.00028980923,0.0
16434.113928467475,0.0
30603.605063590254,0.0
41215.78521526166,0.0
43762.7084516628,0.0
43762.7084516628,0.0
43762.7084516628,0.0
43762.7084516628,0.0
43762.7084516628,0.0
43762.7084516628,0.0
35880.335579904226,0.0
35880.335579904226,0.0
35880.335579904226,0.0
35880.335579904226,0.0
37918.77189353632,0.0
37850.421529449915,0.0
19170.929642909654,0.0
-1.3422178785033126e-27,0.0
-1.3422178785033126e-27,0.0
-1.3422178785033126e-27,0.0
-1.3422178785033126e-27,0.0
0.0,0.0
4118.06360680109,0.0
3728.451827054368,0.0
8877.82304196625,0.0
27123.774488105653,0.0
13256.851389039703,0.0
23795.71294432982,0.0
34595.24770217486,0.0
30983.557848960772,0.0
23204.841230403505,0.0
19450.550125715818,0.0
19482.09145709064,0.0
19064.53049261111,0.0
15565.771629955037,0.0
5824.182889365802,0.0
4810.308953344005,0.0
24914.610552189628,0.0
14935.815980335881,0.0
37455.51583528061,0.0
33872.568861669104,0.0
19350.89250486399,0.0
7472.261672387445,0.0
8520.28419427284,0.0
18975.351158859467,0.0
19449.653119266808,0.0
19089.183629357223,0.0
19363.140441688505,0.0
19154.933264316733,0.0
19313.17071911928,0.0
19192.910253469345,0.0
19284.308207363294,0.0
19214.84576240389,0.0
19267.63722057304,0.0
19227.515712364486,0.0
19258.008058602987,0.0
19234.833875461725,0.0
19252.446254649083,0.0
19239.060846466695,0.0
19249.233756685306,0.0
19241.502344919165,0.0
19247.378217861424,0.0
19242.91255442531,0.0
19246.306458636765,0.0
19243.727091436056,0.0
19245.687410508588,0.0
19244.19756801347,0.0
19245.32984830976,0.0
19244.469315284576,0.0
19245.12332038372,0.0
19244.62627650837,0.0
19245.004029853633,0.0
19244.716937311234,0.0
19244.935127643457,0.0
19244.769302990968,0.0
19244.89532972686,0.0
19244.79954940758,0.0
19244.87234245024,0.0
19244.817019737817,0.0
19244.85906499926,0.0
19244.827110600556,0.0
19244.851395943573,0.0
19244.832939082877,0.0
19244.846966297013,0.0
19244.836305614263,0.0
19244.84440773316,0.0
19244.838250122793,0.0
19244.84292990668,0.0
19244.83937327092,0.0
19244.842076314097,0.0
19244.84002200128,0.0
19244.84158327902,0.0
19244.840396707943,0.0
19244.841298501964,0.0
19244.840613138498,0.0
19244.841134014732,0.0
19244.8407381488,0.0
19244.841039006904,0.0
19244.840810354744,0.0
19244.840984130395,0.0
19244.840852060897,0.0
19244.840952433708,0.0
19244.840876150374,0.0
19244.840934125714,0.0
19244.840890064454,0.0
19244.840923551008,0.0
21138.73681565636,0.0
17805.48002010116,0.0
15386.480981095618,0.0
32195.710096298204,0.0
41597.89042311157,0.0
43854.41370154678,0.0
30918.34224316483,0.0
7678.567101645604,0.0
6990.253241202077,0.0
0.0,0.0
1768.9878621003697,0.0
6712.889952654705,0.0
15035.480585551732,0.0
22443.95475498068,0.0
16813.514386214687,0.0
21092.649066476835,0.0
17840.50670947761,0.0
20312.134900797013,0.0
18433.697475394274,0.0
19861.309918700346,0.0
18776.324461787735,0.0
19600.913409041317,0.0
18974.2258091286,0.0
19450.508385062265,0.0
19088.533627352674,0.0
19363.63444321197,0.0
19154.557823158902,0.0
19313.45605439923,0.0
29680.263606477663,0.0
39648.69103195109,0.0
35533.44205831885,0.0
23626.453728906374,0.0
11328.134972776752,0.0
11846.0962732822,0.0
24867.886832305532,0.0
14971.326007447797,0.0
22492.712234339673,0.0
16776.45870190185,0.0
21120.811386554593,0.0
17819.103346218508,0.0
20328.40145687393,0.0
25552.91232533166,0.0
40003.6189580796,0.0
30357.032769134617,0.0
18041.52427817489,0.0
10518.05178085022,0.0
7435.772338407654,0.0
7169.959702441239,0.0
10926.433297497135,0.0
14204.36790237531,0.0
23075.600394194767,0.0
16333.463700411978,0.0
21457.487587686897,0.0
17563.22943335796,0.0
20522.865630647942,0.0
18273.54212070756,0.0
19983.027988262253,0.0
18683.818728920683,0.0
22909.281011730367,0.0
24335.18576397072,0.0
23654.113370744355,0.0
15893.793838234293,0.0
13598.136981450969,0.0
23536.335894097258,0.0
25919.879724263876,0.0
40091.69113382333,0.0
38380.954787062255,0.0
26341.556393531897,0.0
15131.616142931896,0.0
8811.303725207976,0.0
7462.84224984992,0.0
8497.589455022213,0.0
9265.009191716437,0.0
1293.8849872233395,0.0
0.0,0.0
19250.589350291903,0.0
38491.06144407005,0.0
43108.77474657681,0.0
44217.02593917843,0.0
29310.103410287098,0.0
28220.58541373026,0.0
14420.003186347472,0.0
5189.454436116322,0.0
5189.454436116322,0.0
0.0,0.0
0.0,0.0
6540.869198701013,0.0
23289.12952650568,0.0
16171.181559855688,0.0
21580.822014509675,0.0
17469.49526897265,0.0
20594.103595580782,0.0
18219.401267358608,0.0
20024.175036807454,0.0
18652.546972026335,0.0
19694.984301259985,0.0
18902.731931042414,0.0
19504.84373240776,0.0
19047.238763370093,0.0
19395.018539838726,0.0
30895.99792074393,0.0
41285.95950097855,0.0
43779.55028023485,0.0
43779.55028023485,0.0
43779.55028023485,0.0
43779.55028023485,0.0
43779.55028023485,0.0
41993.978089849625,0.0
26526.89367787982,0.0
10906.212383208376,0.0
0.0,0.0
1538.1774570365856,0.0
9164.87047708419,0.0
18588.905029233036,0.0
20491.132049685286,0.0
15736.954926306906,0.0
13212.39295081242,0.0
17182.192552893946,0.0
20812.453659800598,0.0
18053.455218551542,0.0
20150.29403390082,0.0
18556.696534235376,0.0
19767.830633981113,0.0
18847.368718174355,0.0
19546.91977418749,0.0
19015.260971617503,0.0
19419.321661570695,0.0
19112.235537206267,0.0
19345.620991723234,0.0
19168.24804629034,0.0
19303.051484819334,0.0
19200.60087153731,0.0
19278.463337631645,0.0
19219.287863399946,0.0
19264.261223816033,0.0
19230.081469899807,0.0
19256.058082876134,0.0
19236.31585701413,0.0
19251.319948669257,0.0
19239.916839011363,0.0
19248.58320235136,0.0
19241.99676621296,0.0
19247.002457678147,0.0
19243.1981321646,0.0
19246.0894195549,0.0
19243.89204113827,0.0
19245.56204873491,0.0
19244.292842961462,0.0
36118.390997521085,0.0
42539.33383940506,0.0
44080.36012145721,0.0
33942.07288988235,0.0
18574.67859807796,0.0
8446.027224090074,0.0
1909.3458523013562,0.0
1909.3458523013562,0.0
0.0,0.0
0.0,0.0
7810.929337840911,0.0
27934.613703240902,0.0
40575.227288777816,0.0
43608.97454930667,0.0
44337.0738918336,0.0
31458.366700174265,0.0
18505.240762695874,0.0
11034.78250343859,0.0
7074.823788908584,0.0
7074.823788908584,0.0
7074.823788908584,0.0
0.0,0.0
8027.082123944958,0.0
27020.446878410046,0.0
13335.380372408361,0.0
30487.122554808837,0.0
41187.82941315412,0.0
32606.708044294344,0.0
20332.278213481644,0.0
13478.877236872573,0.0
11299.49243300717,0.0
11124.840514191625,0.0
8014.774240088824,0.0
1.5857581978855425e-12,0.0
6103.378364274452,0.0
23984.17157438987,0.0
32025.293301837475,0.0
41556.990392440995,0.0
40729.606161639735,0.0
24865.62979778386,0.0
8450.163108043998,0.0
740.5366653695708,0.0
0.0,0.0
2672.899244627227,0.0
6030.016584357577,0.0
8071.153021105006,0.0
25162.11075527502,0.0
14747.715825990983,0.0
22662.655972246852,0.0
18017.888439110193,0.0
34292.21318234665,0.0
29584.1793326251,0.0
22167.553802041934,0.0
16780.650457562348,0.0
17765.624538837143,0.0
19136.78280262766,0.0
19326.965070002974,0.0
19182.426546797735,0.0
19292.275824433713,0.0
19208.790373430376,0.0
22270.58687525842,0.0
39215.86085006202,0.0
42040.97525075303,0.0
29768.04698392139,0.0
12040.003204532804,0.0
1626.9779211246798,0.0
0.0,0.0
2325.8811809203326,0.0
3202.152999922386,0.0
355.9454970883364,0.0
3126.806361891286,0.0
20359.501313285935,0.0
38757.200315188624,0.0
43172.64807564527,0.0
43172.64807564527,0.0
22638.36460908388,0.0
-2.2523343813766286e-13,0.0
-2.2523343813766286e-13,0.0
0.0,0.0
0.0,0.0
0.0,0.0
0.0,0.0
906.4148777858084,0.0
23498.330009335128,0.0
16012.189192905307,0.0
21701.656213391965,0.0
23736.815170517195,0.0
19694.689918181644,0.0
16996.94235196831,0.0
20953.24381250408,0.0
17946.4547024969,0.0
20231.61442610235,0.0
18494.89303616222,0.0
19814.801292516706,0.0
18811.67101768729,0.0
19574.050026557652,0.0
18994.64197981618,0.0
24328.33296726854,0.0
32040.467748127176,0.0
25065.324612435703,0.0
14821.273294548868,0.0
13774.105282448516,0.0
17871.84141953699,0.0
20288.320521151883,0.0
18451.79640392457,0.0
19847.55473301733,0.0
18786.778402906828,0.0
19592.968413790804,0.0
18980.264005518984,0.0
19445.91935580557,0.0
19092.021289587767,0.0
19360.98381991329,0.0
19156.572296865896,0.0
19311.92505438192,0.0
19193.856958669738,0.0
19283.588711410994,0.0
19215.39257932764,0.0
19267.22163971099,0.0
19227.831553819644,0.0
19257.768019097068,0.0
28598.163679234913,0.0
40734.47928301637,0.0
43647.19502792393,0.0
43647.19502792393,0.0
43647.19502792393,0.0
43647.19502792393,0.0
43647.19502792393,0.0
43647.19502792393,0.0
43647.19502792393,0.0
43647.19502792393,0.0
43647.19502792393,0.0
43647.19502792393,0.0
43647.19502792393,0.0
43647.19502792393,0.0
43647.19502792393,0.0
38678.994224809765,0.0
31807.53003870063,0.0
27502.240210929198,0.0
27354.589182524578,0.0
16623.47987901058,0.0
0.0,0.0
0.0,0.0
0.0,0.0
13623.14921193689,0.0
29757.394971263355,0.0
41012.6947931032,0.0
41012.6947931032,0.0
38993.140693190595,0.0
11515.158060637186,0.0
7655.110747515082,0.0
7655.110747515082,0.0
7655.110747515082,0.0
0.0,0.0
0.0,0.0
0.0,0.0
8619.910495554954,0.0
21458.376761200634,0.0
28284.970651146563,0.0
23570.511009267808,0.0
9563.130321247972,0.0
0.0,0.0
0.0,0.0
3338.407201838123,0.0
6742.737825452927,0.0
8466.966670613576,0.0
5784.001461324658,0.0
15874.63024758731,0.0
21806.20101183364,0.0
17298.207231006436,0.0
20724.2825044351,0.0
28528.28181727515,0.0
23961.596707840843,0.0
15660.106502040964,0.0
21221.96491166649,0.0
17742.22666713347,0.0
20386.827732978563,0.0
18376.930922936288,0.0
19904.452498568422,0.0
18743.536101088,0.0
19625.83256317312,0.0
18955.28725198843,0.0
19464.90168848879,0.0
19077.59471674852,0.0
19371.948015271122,0.0
19148.23950839394,0.0
19318.257973620603,0.0
19189.043940048337,0.0
19287.246605563258,0.0
19212.61257977192,0.0
19269.334439373335,0.0
19226.225826076257,0.0
19258.988372182037,0.0
19234.08883714165,0.0
19253.012483772345,0.0
19238.630512333013,0.0
19249.560810626906,0.0
19241.25378392355,0.0
19247.5671242181,0.0
19242.76898559424,0.0
19246.41557094837,0.0
19243.64416607923,0.0
19245.75043377978,0.0
19244.149670327362,0.0
19245.366250551204,0.0
30174.354724778346,0.0
41112.7651339468,0.0
43737.98363214723,0.0
27025.44356525853,0.0
20632.55582150748,0.0
0.0,0.0
0.0,0.0
0.0,0.0
0.0,0.0
0.0,0.0
0.0,0.0
9572.137322481089,0.0
23665.699655298482,0.0
28947.533142037802,0.0
35627.138903463085,0.0
26812.939270749466,0.0
16043.981987055524,0.0
13511.575529467,0.0
16595.375202909556,0.0
21258.434845788735,0.0
17714.50951720056,0.0
20407.89276692757,0.0
18360.921497135052,0.0
19916.619662177356,0.0
18734.289056745205,0.0
19632.860316873644,0.0
18949.946159176026,0.0
19468.960919026216,0.0
19074.50970154007,0.0
19374.29262682954,0.0
19146.457603609546,0.0
19319.61222125674,0.0
19188.01471184487,0.0
19288.0288189979,0.0
19212.0180975616,0.0
19269.786245853178,0.0
19225.882453151582,0.0
19259.249335604796,0.0
19233.89050494035,0.0
19253.16321624533,0.0
19238.515955653547,0.0
19249.6478737033,0.0
19241.187615985484,0.0
19247.61741185103,0.0
20482.834518255437,0.0
18303.96576612587,0.0
19959.90601774433,0.0
18701.391426514307,0.0
19657.862515849123,0.0
18930.944487954668,0.0
19483.40218915445,0.0
21163.188098131024,0.0
25005.99868573784,0.0
29470.47702588294,0.0
30821.821187095375,0.0
28183.606383040038,0.0
16030.562873418858,0.0
0.0,0.0
110.9030000463118,0.0
15794.83779680521,0.0
21866.84327442804,0.0
29308.744243548525,0.0
40905.01861845164,0.0
28281.10708915919,0.0
14192.010181023772,0.0
8544.40660135264,0.0
10223.447362510424,0.0
13543.605118384246,0.0
15181.936286753731,0.0
16989.16839760053,0.0
20959.152017823595,0.0
17941.964466454072,0.0
20235.027005494903,0.0
18492.299475823875,0.0
19816.772398373854,0.0
19780.65316064373,0.0
18837.623597910766,0.0
19554.326065587815,0.0
19009.632190153265,0.0
19423.599535483518,0.0
19108.984353032523,0.0
19348.091891695283,0.0
19166.370162311578,0.0
19304.478676643193,0.0
19199.51620575117,0.0
19279.287683629107,0.0
19218.661360441874,0.0
19401.59824229694,0.0
19125.705335854323,0.0
19335.383944750713,0.0
19176.028201989455,0.0
19297.138566488014,0.0
19205.09468946911,0.0
19275.048036003474,0.0
19221.883492637357,0.0
19262.288545595606,0.0
19231.580705347336,0.0
25583.007723308176,0.0
40010.841853593956,0.0
31421.696640515947,0.0
22691.092368824335,0.0
15487.85884931928,0.0
12890.36742780236,0.0
13224.057840452584,0.0
15585.959598277263,0.0
19385.840342006602,0.0
19137.681340074985,0.0
19326.28218154301,0.0
19182.945542027308,0.0
19291.88138805924,0.0
32383.662412237376,0.0
30231.513464314834,0.0
22941.271627965616,0.0
16435.553562746132,0.0
16788.520551310816,0.0
21111.64438100378,0.0
19366.74532555279,0.0
19152.193552579873,0.0
19315.25290003929,0.0
19191.327795970134,0.0
38476.838671032834,0.0
43105.36128104788,0.0
44216.20670745149,0.0
43817.01034777487,0.0
34154.838741871645,0.0
28513.71264907655,0.0
22352.083268161237,0.0
16685.745118304654,0.0
9973.14055152367,0.0
0.0,0.0
13875.305848480597,0.0
23325.687555154742,0.0
16143.3974580824,0.0
21601.937931857374,0.0
20461.532402139826,0.0
18320.15537437373,0.0
19175.840812146744,0.0
19297.280982768476,0.0
19204.986453095953,0.0
19275.130295647068,0.0
19221.820975308226,0.0
19262.336058765748,0.0
19231.544595338037,0.0
19254.946107543088,0.0
19237.160958267246,0.0
19250.677671716887,0.0
25795.145573577953,0.0
19560.579394260974,0.0
19004.879660361654,0.0
19427.211458125137,0.0
19735.182400425787,0.0
20958.58087077129,0.0
17942.39853821382,0.0
11624.094882630927,0.0
19391.03894703034,0.0
19133.730400256936,0.0
19329.28489580473,0.0
26265.101682062275,0.0
31853.196882560176,0.0
25001.330791327768,0.0
20221.610836848133,0.0
18502.49576399542,0.0
19372.42181547672,0.0
19298.81171622977,0.0
17122.069575106838,0.0
12509.409538649188,0.0
24363.768750626612,0.0
15354.455749523777,0.0
22201.53363036192,0.0
18608.54229454093,0.0
34979.664292089685,0.0
30203.782438291444,0.0
23499.812508591378,0.0
18360.57232186075,0.0
16188.67776667885,0.0
16875.685611056848,0.0
18381.047397625236,0.0
19901.323977804816,0.0
18745.913776868336,0.0
19624.02552958006,0.0
18956.66059751915,0.0
19463.857945885436,0.0
24158.072433449935,0.0
22806.016116034058,0.0
18595.485062209555,0.0
16623.813762541824,0.0
18280.47006879097,0.0
19977.76274771886,0.0
18687.82031173366,0.0
19668.176563082416,0.0
18923.10581205736,0.0
19489.3595828364,0.0
19059.00671704434,0.0
19386.0748950463,0.0
19137.503079764807,0.0
19326.417659378738,0.0
19182.842578872154,0.0
19291.959640057157,0.0
19371.227131767242,0.0
22242.89912963716,0.0
16966.316661475757,0.0
9075.071433924417,0.0
20712.252474458877,0.0
18129.608119411256,0.0
20092.41782924744,0.0
27353.33350344329,0.0
31169.122565759106,0.0
24708.876364205727,0.0
23225.593370719605,0.0
20831.720641596057,0.0
18038.812312387,0.0
14485.532901466,0.0
8922.32260677022,0.0
1211.2272187567469,0.0
10523.826228178663,0.0
25872.812066584207,0.0
14207.582829396002,0.0
23073.157049659036,0.0
22380.125908844064,0.0
16862.024309278513,0.0
18927.020096438268,0.0
19486.38472670692,0.0
19061.267607702735,0.0
19384.356618145914,0.0
20667.676481952323,0.0
16438.30395683848,0.0
21377.808992802755,0.0
17623.78516546991,0.0
29385.826505406032,0.0
40923.51836129745,0.0
41978.86319856351,0.0
28697.749681852903,0.0
20611.357016373353,0.0
16784.069732485994,0.0
12208.349318179467,0.0
9729.947974920133,0.0
5299.755581671411,0.0
0.0,0.0
11127.725851685382,0.0
25413.848352719106,0.0
39970.24360465258,0.0
43463.778465116615,0.0
44302.22683162799,0.0
44302.22683162799,0.0
34090.907343538434,0.0
28573.42607062389,0.0
25178.392290872398,0.0
23994.19505270908,0.0
23994.19505270908,0.0
23994.19505270908,0.0
23994.19505270908,0.0
31419.853895625172,0.0
39181.22549131376,0.0
43274.4141179153,0.0
43274.4141179153,0.0
25802.11067439989,0.0
25802.11067439989,0.0
25802.11067439989,0.0
25802.11067439989,0.0
19516.111991296766,0.0
17924.837704426747,0.0
10065.11946645542,0.0
12773.069298172011,0.0
23818.28248740577,0.0
35775.42467835886,0.0
42457.02192280612,0.0
42457.02192280612,0.0
40992.46578353935,0.0
17984.200408080465,0.0
4.474059595011042e-28,0.0
0.0,0.0
0.0,0.0
0.0,0.0
0.0,0.0
13.239632048169481,0.0
14396.594032461588,0.0
32152.74016618609,0.0
41587.57763988466,0.0
41587.57763988466,0.0
40245.875699236065,0.0
36381.35321203404,0.0
36381.35321203404,0.0
36381.35321203404,0.0
36381.35321203404,0.0
34882.38582886713,0.0
17295.436763996735,0.0
11174.990988612159,0.0
21160.007924294674,0.0
34481.53227739538,0.0
42146.48774657489,0.0
42146.48774657489,0.0
24177.68269172005,0.0
17060.060388421472,0.0
5547.621305245973,0.0
9.618041775460177e-13,0.0
0.0,0.0
0.0,0.0
0.0,0.0
1802.313042086752,0.0
16811.196650923815,0.0
32661.65133812434,0.0
41709.71632114984,0.0
41709.71632114984,0.0
41709.71632114984,0.0
41709.71632114984,0.0
24892.963653639537,0.0
10705.682084368475,0.0
1446.295232656637,0.0
1446.295232656637,0.0
0.0,0.0
0.0,0.0
4696.6613908511,0.0
12020.337489669198,0.0
16161.592012965712,0.0
16161.592012965712,0.0
16161.592012965712,0.0
-2.9462829576334234e-12,0.0
-2.9462829576334234e-12,0.0
0.0,0.0
0.0,0.0
0.0,0.0
0.0,0.0
0.0,0.0
9560.23464350511,0.0
22118.466625364075,0.0
28832.754798993865,0.0
22678.641191159255,0.0
22644.063007537236,0.0
21382.136984231536,0.0
21382.136984231536,0.0
21382.136984231536,0.0
21382.136984231536,0.0
21382.136984231536,0.0
21382.136984231536,0.0
14790.03541858394,0.0
24045.76886118758,0.0
36920.699688932,0.0
42731.887925343675,0.0
42731.887925343675,0.0
26495.778309055215,0.0
23866.478641700047,0.0
23195.029494254486,0.0
3121.644601525658,0.0
3121.644601525658,0.0
3121.644601525658,0.0
3121.644601525658,0.0
3612.5863311848652,0.0
14781.067040650161,0.0
28816.686418515543,0.0
40786.92474044373,0.0
43439.30367297684,0.0
43439.30367297684,0.0
35455.92261470534,0.0
25943.758024123596,0.0
18087.678660987884,0.0
9712.217514463739,0.0
0.0,0.0
0.0,0.0
7729.442563047139,0.0
25184.38717739498,0.0
39915.172922574784,0.0
43450.56150141794,0.0
44299.05476034031,0.0
44299.05476034031,0.0
28508.241170382847,0.0
28352.68005984949,0.0
19527.15816073778,0.0
11344.178712650108,0.0
-1.810991636023204e-12,0.0
0.0,0.0
539.220802669301,0.0
13859.090162363838,0.0
29667.73781604852,0.0
40991.17707585165,0.0
40991.17707585165,0.0
40991.17707585165,0.0
20025.089637046596,0.0
2550.3429449942178,0.0
0.0,0.0
0.0,0.0
0.0,0.0
0.0,0.0
4588.931506266543,0.0
23530.655149025974,0.0
15987.622086740257,0.0
24608.249908953716,0.0
30562.941912803457,0.0
24922.198717805935,0.0
19535.84639665325,0.0
19023.676738543527,0.0
20023.200633133092,0.0
20280.068645933537,0.0
14410.533171978159,0.0
2161.6195882430325,0.0
4972.194456643366,0.0
18812.622946516294,0.0
20789.585761185444,0.0
38860.42058268451,0.0
43197.42093984428,0.0
43197.42093984428,0.0
30592.27180355536,0.0
30592.27180355536,0.0
30592.27180355536,0.0
30592.27180355536,0.0
28763.89884172118,0.0
25144.967774393102,0.0
25144.967774393102,0.0
27122.309169266595,0.0
35032.384616572555,0.0
42278.69230797741,0.0
42278.69230797741,0.0
42278.69230797741,0.0
21012.915957400048,0.0
4970.21614756662,0.0
0.0,0.0
0.0,0.0
0.0,0.0
0.0,0.0
7115.582429168436,0.0
25396.029510700155,0.0
14569.93757186788,0.0
37367.70501724829,0.0
42839.16920413958,0.0
39831.91621793669,0.0
34799.1248682595,0.0
31025.92906586115,0.0
25657.090201760664,0.0
19327.32558994092,0.0
9298.171500859575,0.0
0.0,0.0
8243.698263025062,0.0
26230.941111121196,0.0
13935.404755547896,0.0
23280.01238578359,0.0
18516.1453394696,0.0
19798.649542003102,0.0
18823.946348077636,0.0
19564.720775460995,0.0
19001.73221064964,0.0
19429.603519906268,0.0
19104.421324871233,0.0
19351.55979309786,0.0
19163.73455724563,0.0
19306.48173649332,0.0
19197.993880265076,0.0
19280.444650998532,0.0
19217.78206524111,0.0
19265.405630416753,0.0
19229.211720883268,0.0
19256.71909212871,0.0
19235.81348998217,0.0
19251.701747613544,0.0
19239.626671813705,0.0
19248.80372942158,0.0
19241.829165639596,0.0
19247.1298341139,0.0
19243.101326073433,0.0
19246.16299218419,0.0
19243.83612594001,0.0
19245.60454428559,0.0
19244.26054634295,0.0
19245.281984779358,0.0
19244.50569156769,0.0
19245.09567440855,0.0
19244.6472874495,0.0
19244.988061538377,0.0
19244.72907323083,0.0
19244.925904344567,0.0
19244.77631269813,0.0
19244.890002349424,0.0
19244.803598214436,0.0
19244.86926535702,0.0
19244.81935832866,0.0
19244.857287670216,0.0
22379.077094479664,0.0
25158.17225313247,0.0
19703.969018217944,0.0
10401.586588958195,0.0
21671.713900133247,0.0
17400.417435898733,0.0
38047.02018461569,0.0
43002.204844307766,0.0
44191.449162633864,0.0
44191.449162633864,0.0
34599.29916132665,0.0
34599.29916132665,0.0
20407.704672172924,0.0
20407.704672172924,0.0
0.0,0.0
0.0,0.0
0.0,0.0
12626.013072354112,0.0
35643.33257656207,0.0
42425.3198183749,0.0
44052.99675640997,0.0
44052.99675640997,0.0
44052.99675640997,0.0
29034.341189270708,0.0
29034.341189270708,0.0
29034.341189270708,0.0
17524.59152995259,0.0
0.0,0.0
4108.725627926766,0.0
20580.002127969543,0.0
18230.11838274315,0.0
30155.60243115424,0.0
36113.5259369117,0.0
25575.071596878628,0.0
14061.888668885493,0.0
14851.819340757858,0.0
22583.537301024026,0.0
16707.43165122174,0.0
21173.271945071472,0.0
17779.23332174568,0.0
20358.70267547328,0.0
18398.305966640313,0.0
19888.207465353364,0.0
18755.882326331437,0.0
19616.4494319881,0.0
18962.418431689042,0.0
19459.481991916324,0.0
19081.71368614359,0.0
22434.993704149267,0.0
21937.4516681981,0.0
17198.45673216944,0.0
16960.476814456444,0.0
20980.9576210131,0.0
17925.39220803005,0.0
20247.62192189716,0.0
19702.471227328257,0.0
38599.51309455879,0.0
43134.80314269411,0.0
36833.37323805612,0.0
32704.627358722824,0.0
29089.92934033785,0.0
23342.540324290378,0.0
13901.413878119893,0.0
0.0,0.0
4060.1047425807715,0.0
16547.190086667146,0.0
23211.888500115187,0.0
39441.77324002763,0.0
43336.94557760663,0.0
40344.226158435136,0.0
29776.414046092235,0.0
19830.082776946416,0.0
9808.972949173083,0.0
8.948119190022084e-28,0.0
8.948119190022084e-28,0.0
0.0,0.0
5581.237780431996,0.0
20799.266848858886,0.0
18063.477194867246,0.0
38206.154526768136,0.0
43040.39708642435,0.0
43040.39708642435,0.0
35442.71428846161,0.0
34735.52204331574,0.0
28539.29300863738,0.0
21147.255898245345,0.0
10329.800076383186,0.0
0.0,0.0
10319.179524950488,0.0
24738.91464114898,0.0
15069.34487272677,0.0
26823.87809636951,0.0
40308.650743128674,0.0
37231.006521441894,0.0
29051.32793481779,0.0
21882.016269002837,0.0
15759.246495850914,0.0
11221.215737993043,0.0
6302.53001904565,0.0
4406.309426342635,0.0
22822.47580211088,0.0
16525.83839039573,0.0
21311.282823299236,0.0
17674.34505429258,0.0
20438.417758737633,0.0
18337.722503359404,0.0
19934.250897446855,0.0
18720.889317940386,0.0
19643.044118365302,0.0
18942.206470042365,0.0
19474.843082767795,0.0
19070.03925709647,0.0
19377.690164606687,0.0
19143.875474898916,0.0
19321.57463907682,0.0
19186.523274301617,0.0
19289.162311530774,0.0
22479.175133572087,0.0
23046.34103153779,0.0
22225.691252781522,0.0
20330.82997256824,0.0
18419.48922084814,0.0
13764.339485185928,0.0
12088.175210760683,0.0
24683.906839821884,0.0
15111.150801735363,0.0
22386.445390681125,0.0
20081.816524861286,0.0
34407.63831078044,0.0
30812.219102289047,0.0
22951.709782973707,0.0
16427.62056493998,0.0
14801.797789097016,0.0
18119.99826527099,0.0
20099.72131839404,0.0
18595.13179802053,0.0
19738.6198335044,0.0
18869.568926536656,0.0
19530.04761583214,0.0
21652.70354202701,0.0
39067.568850086485,0.0
36156.92305732417,0.0
30112.941110063504,0.0
25477.440466062275,0.0
19535.141257361825,0.0
13412.488681850567,0.0
6946.829894663919,0.0
397.6767368865941,0.0
6102.331787440389,0.0
21039.741011239013,0.0
17880.71683145835,0.0
31337.77159212049,0.0
40487.615910800065,0.0
33090.47943001095,0.0
24918.75698055893,0.0
19522.394058900092,0.0
17143.72701733415,0.0
18703.50338699019,0.0
19656.257425887452,0.0
18128.201061701162,0.0
20093.487193107114,0.0
18599.869733238593,0.0
19735.019002738667,0.0
18872.30555791861,0.0
19527.96777598185,0.0
19820.668488577838,0.0
18807.21194868084,0.0
19577.438919002558,0.0
18992.066421558055,0.0
19436.949519615875,0.0
19266.37255021516,0.0
19228.476861836472,0.0
19257.277585004274,0.0
19235.389035396747,0.0
19252.024333098467,0.0
19239.38150684516,0.0
20520.983345630244,0.0
18274.972657321014,0.0
19981.94078043603,0.0
18684.64500686861,0.0
19670.589794779855,0.0
20808.4639554191,0.0
18056.487393881485,0.0
12565.227164156096,0.0
24321.347355241363,0.0
15386.696010016562,0.0
22177.03103238741,0.0
17016.376415385566,0.0
27969.52496725024,0.0
26588.561093024204,0.0
25026.199648242633,0.0
23111.304255224753,0.0
20772.04272272431,0.0
18084.167530729526,0.0
11198.337823111246,0.0
1075.2164872723115,0.0
9633.557123339038,0.0
25513.549259116724,0.0
18497.7992597922,0.0
34165.01227477989,0.0
39423.59161572354,0.0
32550.04528747275,0.0
28937.55915007389,0.0
23592.416132072398,0.0
17131.91321180222,0.0
12082.03094634233,0.0
6008.401794373315,0.0
0.0,0.0
10178.763619404312,0.0
26135.059649252722,0.0
14008.274666567926,0.0
29437.284831268043,0.0
38685.95972604047,0.0
32882.2205049661,0.0
28590.031428941034,0.0
22861.852000557174,0.0
16495.912479576546,0.0
13720.479773032108,0.0
11500.480716806052,0.0
10106.383526894733,0.0
26190.06851956,0.0
13966.467925134397,0.0
23256.404376897855,0.0
16196.052673557633,0.0
37123.37241713845,0.0
37534.13546581296,0.0
30276.234938685677,0.0
23096.01439718268,0.0
16317.949058141166,0.0
12298.373037653753,0.0
9339.487287428808,0.0
6835.339664708805,0.0
28676.061854821313,0.0
12077.1129903358,0.0
24692.31412734479,0.0
28146.785822205573,0.0
40626.14859732934,0.0
43621.19566335904,0.0
40597.202798896935,0.0
33860.49978785437,0.0
28639.665084348322,0.0
24075.734960724,0.0
14019.127848265796,0.0
0.0,0.0
8765.75731426676,0.0
26872.852067048265,0.0
15415.979174074277,0.0
37570.75500177783,0.0
42887.90120042668,0.0
42887.90120042668,0.0
42887.90120042668,0.0
31670.48828486128,0.0
19726.996930913534,0.0
8746.70169363143,0.0
8746.70169363143,0.0
8746.70169363143,0.0
8746.70169363143,0.0
17797.020246820022,0.0
31846.80769205231,0.0
41514.15384609255,0.0
41514.15384609255,0.0
41514.15384609255,0.0
29560.32500233444,0.0
29560.32500233444,0.0
29560.32500233444,0.0
29560.32500233444,0.0
15259.36073005655,0.0
6699.425116169208,0.0
9333.606604969229,0.0
18871.445507483506,0.0
31181.272409222667,0.0
41354.42537821344,0.0
42111.442758286525,0.0
42111.442758286525,0.0
42111.442758286525,0.0
42111.442758286525,0.0
42111.442758286525,0.0
28859.9342822718,0.0
15248.404371160386,0.0
0.0,0.0
7004.201551851229,0.0
23776.916656217272,0.0
19143.16590639164,0.0
38465.27981753399,0.0
43102.58715620815,0.0
35361.020968441364,0.0
23833.237651890944,0.0
21871.55174512637,0.0
14223.699381332686,0.0
6560.750122054767,0.0
0.0,0.0
0.0,0.0
11673.724200195693,0.0
24998.889607851273,0.0
14871.763898033032,0.0
22568.379437494896,0.0
30473.167896262345,0.0
28647.619728791393,0.0
23415.57169649582,0.0
20221.01017197481,0.0
18502.952269299145,0.0
16867.215109520293,0.0
14402.111078066933,0.0
16085.715950279915,0.0
21645.77587778726,0.0
17420.13033288168,0.0
20631.620947009924,0.0
38822.50902728239,0.0
43188.32216654777,0.0
43682.85906338072,0.0
35286.57465332569,0.0
25697.34478433559,0.0
17548.36564732467,0.0
10112.355677979502,0.0
0.0,0.0
0.0,0.0
0.0,0.0
13388.825658956848,0.0
30256.664496847654,0.0
41132.519479243434,0.0
43742.72467501843,0.0
43742.72467501843,0.0
35098.858666973225,0.0
35098.858666973225,0.0
28954.404485535448,0.0
22707.760487294214,0.0
13249.121986553382,0.0
0.0,0.0
79.80486643859356,0.0
8634.994837487544,0.0
22218.68548221364,0.0
34413.92298457508,0.0
37047.55027833883,0.0
25491.041332635334,0.0
17742.67476466889,0.0
17742.67476466889,0.0
17742.67476466889,0.0
17742.67476466889,0.0
17742.67476466889,0.0
807.3504079552996,0.0
-1.41212505967536e-27,0.0
10373.526010605303,0.0
25987.040231939973,0.0
40107.80965566559,0.0
43496.794317359745,0.0
43496.794317359745,0.0
43496.794317359745,0.0
43496.794317359745,0.0
34381.621071032125,0.0
25441.73061944706,0.0
14809.712835028648,0.0
127.6454308315662,0.0
0.0,0.0
10778.45545065089,0.0
24771.66641557365,0.0
33311.0711925417,0.0
33311.0711925417,0.0
33311.0711925417,0.0
18310.363389657385,0.0
18077.218598722815,0.0
18077.218598722815,0.0
18077.218598722815,0.0
0.0,0.0
0.0,0.0
0.0,0.0
11438.739029815266,0.0
28482.67009425249,0.0
40706.76082262059,0.0
43640.54259742894,0.0
33631.22411495341,0.0
18894.15692171991,0.0
5898.124890565065,0.0
5898.124890565065,0.0
0.0,0.0
0.0,0.0
0.0,0.0
6804.483164927634,0.0
19535.063273657703,0.0
37181.0619651158,0.0
42794.374871627784,0.0
44141.56996919067,0.0
39228.25572217744,0.0
39228.25572217744,0.0
39228.25572217744,0.0
30142.531640829617,0.0
18901.06107496727,0.0
6824.37923700677,0.0
-5.630835953441583e-14,0.0
10016.347709295198,0.0
26258.49574093565,0.0
13914.463236888907,0.0
37210.391176853336,0.0
42801.4138824448,0.0
44143.25933178675,0.0
35943.62542055739,0.0
28565.80211384119,0.0
25525.613238966533,0.0
21149.833401766915,0.0
12318.438584630649,0.0
0.0,0.0
6002.285187303376,0.0
22991.915556786742,0.0
16397.06417684208,0.0
37806.21540244209,0.0
42944.4116965861,0.0
43528.85126751824,0.0
43528.85126751824,0.0
39058.78506363589,0.0
28207.55303076475,0.0
19035.410864178495,0.0
8306.284184478756,0.0
0.0,0.0
10842.960550509799,0.0
25630.269981612553,0.0
14391.914813974458,0.0
22933.064741379418,0.0
17594.45253202157,0.0
20499.1360756636,0.0
17361.252155289323,0.0
20676.368361980112,0.0
18156.880044895115,0.0
20071.69116587971,0.0
18616.434713931423,0.0
19722.429617412115,0.0
18881.87349076679,0.0
19520.696147017235,0.0
19035.190928266893,0.0
19404.17489451716,0.0
19123.747080166955,0.0
19435.050484235344,0.0
19100.281631981143,0.0
19354.705959694333,0.0
20726.73257797186,0.0
21892.88838904955,0.0
17232.32482432235,0.0
14610.80207436296,0.0
22766.71042348415,0.0
16568.220078152048,0.0
21279.072740604435,0.0
38977.89745774507,0.0
43225.615389858816,0.0
38447.99690235827,0.0
31568.18746609046,0.0
23976.862455058545,0.0
19370.20014115424,0.0
19370.20014115424,0.0
19370.20014115424,0.0
7324.4257437658,0.0
11171.738460087965,0.0
20952.204249704806,0.0
33339.56186026596,0.0
41872.41484646381,0.0
42605.690254350746,0.0
30434.227568330654,0.0
15175.630759314157,0.0
15175.630759314157,0.0
10807.23065595917,0.0
7532.9855474896485,0.0
7532.9855474896485,0.0
0.0,0.0
6630.026120977004,0.0
18738.00783455472,0.0
31381.874717911585,0.0
41402.56993229877,0.0
43807.53678375171,0.0
39251.209615050015,0.0
25895.300190177833,0.0
14718.91475944946,0.0
6217.763442303106,0.0
0.0,0.0
0.0,0.0
2593.8695912420203,0.0
18904.901363971636,0.0
19503.194963381553,0.0
19048.491827830014,0.0
19394.06621084919,0.0
19131.42967975461,0.0
19775.105416570852,0.0
18841.83988340615,0.0
19551.121688611318,0.0
19012.0675166554,0.0
19710.92492349028,0.0
18890.61705814738,0.0
18819.473743339335,0.0
19568.119955062102,0.0
18999.1488341528,0.0
19431.566886043867,0.0
19102.92916660666,0.0
19352.69383337894,0.0
21428.06171537353,0.0
21958.897158376443,0.0
22284.441997019487,0.0
20640.735106575983,0.0
18183.961319002254,0.0
15442.71504757587,0.0
11892.911190865925,0.0
24832.3074949419,0.0
14998.366303844155,0.0
22472.16160907844,0.0
16792.07717710039,0.0
21108.941345403702,0.0
20487.27417761106,0.0
18300.591625015593,0.0
19879.591026634393,0.0
19304.2508016475,0.0
20397.89208397265,0.0
18368.522016180792,0.0
16813.07464695775,0.0
21092.98326831211,0.0
17840.2527160828,0.0
36405.16826127632,0.0
42608.160382706315,0.0
44096.878491849515,0.0
29771.35077874114,0.0
17711.47840201847,0.0
7161.99432896983,0.0
-7.365707394083547e-13,0.0
0.0,0.0
0.0,0.0
0.0,0.0
4831.768383456244,0.0
17949.41958229025,0.0
20229.361117459415,0.0
31932.92777070512,0.0
41505.737244301476,0.0
37802.93220847302,0.0
29645.878639579685,0.0
22326.54456131822,0.0
16902.74613339815,0.0
13674.719770278549,0.0
7965.208611138709,0.0
6957.649197752606,0.0
22810.005505837515,0.0
16535.315815563485,0.0
21304.079980171748,0.0
17679.81921506947,0.0
20434.257396547193,0.0
18340.884378624134,0.0
19931.847872245657,0.0
18722.715617093298,0.0
19641.65613100909,0.0
18943.26134043309,0.0
19474.04138127085,0.0
19070.648550234153,0.0
19377.22710182204,0.0
19144.227402615245,0.0
19321.30717401241,0.0
19186.726547750568,0.0
19289.007823709566,0.0
19211.27405398073,0.0
19270.35171897464,0.0
19225.45269357927,0.0
19259.57595287975,0.0
19233.642275811388,0.0
19253.351870383343,0.0
19238.37257850866,0.0
19249.75684033342,0.0
19241.104801346595,0.0
19247.680350976585,0.0
38490.36328423437,0.0
43108.60718821625,0.0
40438.43987708695,0.0
33065.536193921784,0.0
28833.9328714478,0.0
25410.27637041327,0.0
22645.68949669851,0.0
17202.78467760729,0.0
5947.688806485855,0.0
8397.051918929483,0.0
18834.33297229061,0.0
32106.18504387818,0.0
41576.40441053076,0.0
41576.40441053076,0.0
41576.40441053076,0.0
28430.639854887544,0.0
22327.466389781086,0.0
22327.466389781086,0.0
13866.536697523026,0.0
13866.536697523026,0.0
0.0,0.0
1410.5996331032502,0.0
13094.965157768962,0.0
28443.34002680179,0.0
40697.32160643242,0.0
40697.32160643242,0.0
33815.643948449484,0.0
33815.643948449484,0.0
33815.643948449484,0.0
33815.643948449484,0.0
24615.591535130057,0.0
12697.84455534124,0.0
0.0,0.0
3195.5699887376268,0.0
16470.526182030302,0.0
31657.862951644907,0.0
41468.80710839477,0.0
41546.28494926675,0.0
41546.28494926675,0.0
41546.28494926675,0.0
41546.28494926675,0.0
41546.28494926675,0.0
41546.28494926675,0.0
41546.28494926675,0.0
41546.28494926675,0.0
41546.28494926675,0.0
41949.17202743846,0.0
43938.72128658523,0.0
43938.72128658523,0.0
28273.829922764962,0.0
26277.98074448355,0.0
24776.49901059629,0.0
13013.609435178718,0.0
13013.609435178718,0.0
13013.609435178718,0.0
12751.379454397525,0.0
12346.11479091109,0.0
12346.11479091109,0.0
15103.585485043179,0.0
18503.81084605819,0.0
18503.81084605819,0.0
18503.81084605819,0.0
17031.177319799033,0.0
17031.177319799033,0.0
17031.177319799033,0.0
17031.177319799033,0.0
17031.177319799033,0.0
17031.177319799033,0.0
17031.177319799033,0.0
17031.177319799033,0.0
26162.86529532977,0.0
38014.872322582494,0.0
42994.48935741981,0.0
37443.38967310459,0.0
37443.38967310459,0.0
36291.246244368565,0.0
21737.92700412946,0.0
10441.315302402505,0.0
10441.315302402505,0.0
10441.315302402505,0.0
911.1670265719247,0.0
6102.154092107124,0.0
18485.04662962104,0.0
31587.59363193511,0.0
41451.94247166443,0.0
41451.94247166443,0.0
41451.94247166443,0.0
29665.910975902014,0.0
29665.910975902014,0.0
29665.910975902014,0.0
29665.910975902014,0.0
29665.910975902014,0.0
29665.910975902014,0.0
29665.910975902014,0.0
34634.95979393547,0.0
42183.3103505445,0.0
43994.914484130684,0.0
43994.914484130684,0.0
43946.017941635735,0.0
29935.68636045842,0.0
29935.68636045842,0.0
29935.68636045842,0.0
29935.68636045842,0.0
29935.68636045842,0.0
29935.68636045842,0.0
29935.68636045842,0.0
33833.518024543,0.0
40696.39139644913,0.0
43638.05393514779,0.0
43638.05393514779,0.0
43638.05393514779,0.0
43638.05393514779,0.0
43638.05393514779,0.0
43638.05393514779,0.0
43638.05393514779,0.0
21880.661782103034,0.0
20882.81155914866,0.0
20882.81155914866,0.0
25352.259447749355,0.0
34860.158367113305,0.0
42237.35800810719,0.0
39490.820236919695,0.0
39490.820236919695,0.0
39490.820236919695,0.0
39490.820236919695,0.0
39490.820236919695,0.0
32380.887009729704,0.0
19666.141100100416,0.0
19666.141100100416,0.0
19666.141100100416,0.0
27075.452540685295,0.0
38157.25120490359,0.0
43028.66028917686,0.0
43028.66028917686,0.0
43028.66028917686,0.0
41444.08590140126,0.0
41444.08590140126,0.0
27966.04674036791,0.0
27966.04674036791,0.0
27966.04674036791,0.0
27966.04674036791,0.0
27966.04674036791,0.0
33390.270037800525,0.0
40336.05588740862,0.0
43551.57341297807,0.0
43551.57341297807,0.0
27147.242747183936,0.0
11167.592252785254,0.0
8598.888238355596,0.0
8598.888238355596,0.0
0.0,0.0
0.0,0.0
0.0,0.0
5663.464127978674,0.0
20253.42828768697,0.0
18478.314501357905,0.0
30724.014901029277,0.0
36025.624972229714,0.0
30872.349497395826,0.0
26647.391824534614,0.0
21984.96318455532,0.0
17162.34797973796,0.0
14814.319987334935,0.0
13671.65925783779,0.0
12667.199570832232,0.0
24243.848326167503,0.0
15445.5952721127,0.0
22132.26759319435,0.0
17050.396629172297,0.0
20912.618561829047,0.0
18673.88269200677,0.0
19678.76915407485,0.0
18915.05544290311,0.0
19495.47786339363,0.0
21297.748652101254,0.0
18015.397912025892,0.0
15319.977915363934,0.0
22227.736784323413,0.0
19554.792046161685,0.0
36389.95743541907,0.0
42604.50978450059,0.0
44096.00234828014,0.0
35693.75334007362,0.0
30021.877783069474,0.0
24511.785902375916,0.0
18171.045899360368,0.0
13744.367949365393,0.0
13744.367949365393,0.0
0.0,0.0
666.4654972770564,0.0
9456.556964489975,0.0
20155.9523657311,0.0
23482.49294497434,0.0
23482.49294497434,0.0
23482.49294497434,0.0
23482.49294497434,0.0
18800.777893639694,0.0
10419.38871456073,0.0
10419.38871456073,0.0
0.0,0.0
0.0,0.0
728.1123003615786,0.0
16666.316698610837,0.0
21204.519309055762,0.0
38960.00463417339,0.0
43221.321112201615,0.0
43429.86902544831,0.0
40867.28356523514,0.0
36003.87537717684,0.0
29632.20195371817,0.0
28893.27542985573,0.0
13642.64219055059,0.0
13642.64219055059,0.0
10632.60560158417,0.0
18347.999262236266,0.0
30651.178837143314,0.0
41227.202920914395,0.0
41308.00812806067,0.0
29662.876606381877,0.0
16096.001464330631,0.0
2968.851547029656,0.0
2968.851547029656,0.0
2968.851547029656,0.0
2968.851547029656,0.0
2968.851547029656,0.0
2968.851547029656,0.0
6096.041287705841,0.0
15646.00066815643,0.0
22191.26572277291,0.0
22191.26572277291,0.0
22191.26572277291,0.0
17114.542732252903,0.0
0.0,0.0
0.0,0.0
0.0,0.0
0.0,0.0
0.0,0.0
789.938425289004,0.0
11612.084046092064,0.0
25045.73612497003,0.0
39881.896669992806,0.0
43442.575200798274,0.0
43442.575200798274,0.0
41103.53767439514,0.0
41103.53767439514,0.0
28068.930151941673,0.0
17007.599271863466,0.0
6146.371493938108,0.0
0.0,0.0
10673.90792079069,0.0
25758.749980199078,0.0
40053.01999524778,0.0
43483.64479885946,0.0
44306.99475172628,0.0
44306.99475172628,0.0
44306.99475172628,0.0
44306.99475172628,0.0
44306.99475172628,0.0
39686.20047719618,0.0
19385.08546619968,0.0
0.0,0.0
384.58865971384796,0.0
15552.373169207922,0.0
22051.11639140197,0.0
39163.187933936475,0.0
43270.085104144746,0.0
38613.71024586443,0.0
24500.584661983106,0.0
10732.61822538083,0.0
1614.936933492518,0.0
1614.936933492518,0.0
1.982197747356928e-13,0.0
0.0,0.0
18428.779075149087,0.0
19865.04790288669,0.0
18773.483593806115,0.0
38376.55606251347,0.0
43081.29345500323,0.0
44210.43042920077,0.0
39679.753681486334,0.0
38780.171492431815,0.0
35505.01159686544,0.0
28445.250937839737,0.0
15295.287846420882,0.0
0.0,0.0
0.0,0.0
10241.51227709516,0.0
24863.483411033645,0.0
39838.15601864807,0.0
43432.07744447554,0.0
43432.07744447554,0.0
40191.64517593181,0.0
40191.64517593181,0.0
40191.64517593181,0.0
24804.92252032189,0.0
6337.352852573927,0.0
6337.352852573927,0.0
5758.641919516336,0.0
14039.205339695081,0.0
27180.229881855303,0.0
39121.867970432206,0.0
43260.16831290373,0.0
34428.107372670245,0.0
26914.11689662886,0.0
20071.280415174086,0.0
14584.62608507038,0.0
9757.437252494376,0.0
4609.495106791435,0.0
0.0,0.0
7148.145845543299,0.0
17269.721816928326,0.0
27672.377321309927,0.0
38321.72808550642,0.0
42560.336028582235,0.0
36645.39239452004,0.0
29081.110126998276,0.0
20353.146936755074,0.0
13930.239243869144,0.0
11005.245213482749,0.0
5172.21656055622,0.0
0.0,0.0
7725.422074303257,0.0
19662.578413711315,0.0
24789.265853933008,0.0
39820.343804943914,0.0
43427.80251318654,0.0
43427.80251318654,0.0
43427.80251318654,0.0
32063.425044887765,0.0
28730.65198549439,0.0
18684.143614496636,0.0
7878.804156663418,0.0
0.0,0.0
6275.552283538786,0.0
18881.692702584205,0.0
22291.438651363318,0.0
39220.86527632719,0.0
43283.92766631852,0.0
43308.77167643348,0.0
43308.77167643348,0.0
32577.284809857156,0.0
20318.617800715805,0.0
15485.608066837773,0.0
-2.2523343813766286e-13,0.0
0.0,0.0
0.0,0.0
7704.946896176941,0.0
21572.425082890157,0.0
36159.87663023463,0.0
42549.2903912563,0.0
37837.230584654615,0.0
27557.17421382297,0.0
13992.361670113816,0.0
0.0,0.0
0.0,0.0
0.0,0.0
0.0,0.0
0.0,0.0
8567.870339684849,0.0
21856.10322661385,0.0
36004.61686067238,0.0
42512.02804656137,0.0
42512.02804656137,0.0
30220.04961607957,0.0
25161.085822433473,0.0
25161.085822433473,0.0
25161.085822433473,0.0
12347.79487843665,0.0
0.0,0.0
1065.1006470026985,0.0
10810.444822488873,0.0
24030.019386665805,0.0
35923.68393168959,0.0
38408.85830270423,0.0
35560.46329198405,0.0
30481.417718725523,0.0
24908.021057488277,0.0
18880.95121921571,0.0
12225.441794033188,0.0
4407.606903876061,0.0
0.0,0.0
7308.734043549416,0.0
19669.81270026633,0.0
27469.030574233977,0.0
40361.05038718077,0.0
43557.57209292337,0.0
34403.48074253499,0.0
26629.299610557522,0.0
20010.74807397317,0.0
14842.97177401167,0.0
10573.436913188654,0.0
6460.754131268616,0.0
2895.1242555166777,0.0
8828.258789910564,0.0
17863.400824932236,0.0
26514.63580717443,0.0
38101.825874802744,0.0
43015.35820995265,0.0
34313.42274280337,0.0
27094.621213346705,0.0
18087.042654003493,0.0
11904.238614290085,0.0
9487.18352567739,0.0
6002.1506677101515,0.0
3375.9755090831773,0.0
12713.526263353107,0.0
24208.640039851634,0.0
15472.353569712765,0.0
22111.9312870183,0.0
19986.051423758105,0.0
21756.33638324982,0.0
17336.104348730136,0.0
16958.828385208257,0.0
19353.17358567769,0.0
19170.20251000295,0.0
19301.566092397752,0.0
19201.729769777703,0.0
19277.60537496894,0.0
19219.9399150236,0.0
19263.765664582057,0.0
19230.458094917634,0.0
19255.771847862594,0.0
24057.00666131978,0.0
24178.844665157652,0.0
25437.667683705335,0.0
26052.729038785008,0.0
23427.17379197967,0.0
16066.267918095455,0.0
7203.682255721107,0.0
13016.81337592674,0.0
21672.67324389063,0.0
36041.27084494842,0.0
42520.82500278762,0.0
44075.91800066902,0.0
42194.2909579647,0.0
37813.12505807627,0.0
31987.86110321556,0.0
28840.07145716678,0.0
24771.231220755002,0.0
14912.524426334658,0.0
0.0,0.0
2407.818704576091,0.0
12081.751440059381,0.0
25149.40993798626,0.0
35975.879764198246,0.0
39422.35244582988,0.0
35085.34534899156,0.0
30093.708235088696,0.0
22086.933097418747,0.0
14776.145353966042,0.0
14776.145353966042,0.0
5788.425392078584,0.0
0.0,0.0
8202.445002829718,0.0
22817.89868865358,0.0
16529.31699662328,0.0
24883.651951196498,0.0
39842.99646828716,0.0
43433.23915238892,0.0
42814.794685953595,0.0
39190.41689999932,0.0
35767.69456253441,0.0
30284.073817895263,0.0
19459.85895501044,0.0
9364.398241754341,0.0
11153.14375486418,0.0
21595.888456019416,0.0
32469.627172337172,0.0
41663.630521360916,0.0
39112.84563722147,0.0
23978.005289827295,0.0
12928.426590700386,0.0
773.421076234927,0.0
9.91098873678464e-14,0.0
9.91098873678464e-14,0.0
9.91098873678464e-14,0.0
0.0,0.0
0.0,0.0
9891.536394718767,0.0
24552.20957652783,0.0
36685.98939100323,0.0
39472.761905931206,0.0
31013.85977754428,0.0
25742.793389980066,0.0
18353.360267719614,0.0
9737.537130862996,0.0
580.9259876199009,0.0
0.0,0.0
0.0,0.0
7118.128430342996,0.0
25425.985709126155,0.0
14547.17086106412,0.0
22815.070145591264,0.0
34644.137139644234,0.0
39081.907364412386,0.0
37532.62222339196,0.0
31998.79397529019,0.0
24369.478459061953,0.0
15350.11637111292,0.0
7714.747543421637,0.0
5489.451084953927,0.0
14421.043472643536,0.0
22910.926960790915,0.0
16458.61550979891,0.0
21362.372212552826,0.0
20987.174016446257,0.0
26610.65358347458,0.0
21548.40041104354,0.0
17954.32075492445,0.0
20225.63622625742,0.0
21203.469051489352,0.0
16402.08278669276,0.0
13793.924459494685,0.0
23387.537410784036,0.0
16096.391567804134,0.0
21637.662408468856,0.0
39063.958978032526,0.0
43246.270154727805,0.0
39008.20135730111,0.0
32916.67859457021,0.0
26825.54924353538,0.0
21855.341560718905,0.0
16923.463371126454,0.0
8386.211330336757,0.0
0.0,0.0
4857.617045616376,0.0
17129.19325425789,0.0
20852.733126763997,0.0
20235.66606452823,0.0
32063.392766707384,0.0
32235.103226291638,0.0
26771.49424281534,0.0
21743.060175544037,0.0
17346.19426658653,0.0
15066.008492585841,0.0
12629.191893518293,0.0
11583.370527139477,0.0
23480.74643968947,0.0
16025.552705836006,0.0
21691.499943564635,0.0
25889.883210978107,0.0
34997.5985644852,0.0
32402.774521556865,0.0
27308.78466305442,0.0
21693.680008016603,0.0
17383.72319390738,0.0
14200.59278208785,0.0
9923.23087810814,0.0
7352.095309078871,0.0
18550.948688453096,0.0
19772.198996775634,0.0
35487.46320616743,0.0
42387.911169480176,0.0
42592.312120642484,0.0
34263.45575974564,0.0
32908.37751974074,0.0
31408.433411739716,0.0
26732.979510691777,0.0
18688.948446449962,0.0
10347.578304327753,0.0
26.74975087569217,0.0
5680.264291675709,0.0
17924.38694403363,0.0
30330.279744742053,0.0
40850.47582663982,0.0
41683.77751251903,0.0
33194.284568570394,0.0
28044.36822685189,0.0
24223.833018169236,0.0
20003.875604787765,0.0
14529.38658842995,0.0
8283.456570773908,0.0
0.0,0.0
1911.0105007653053,0.0
11291.191557123786,0.0
24763.66968032751,0.0
37287.34799454732,0.0
42819.88351869136,0.0
42819.88351869136,0.0
27962.747306413698,0.0
21016.385277543002,0.0
21016.385277543002,0.0
21016.385277543002,0.0
9381.486981060676,0.0
0.0,0.0
5974.04554485596,0.0
21213.454104962824,0.0
38962.14898519108,0.0
43221.83575644586,0.0
44244.160581547,0.0
44244.160581547,0.0
44244.160581547,0.0
44244.160581547,0.0
44244.160581547,0.0
44244.160581547,0.0
25335.821176648245,0.0
4617.465612918401,0.0
0.0,0.0
12466.819847682216,0.0
30606.61461108545,0.0
41216.5075066605,0.0
43762.881801598516,0.0
43762.881801598516,0.0
43762.881801598516,0.0
43762.881801598516,0.0
31751.967326107846,0.0
15881.87396141496,0.0
15881.87396141496,0.0
0.0,0.0
983.2346252014445,0.0
10791.562568546058,0.0
24240.952239630977,0.0
39688.748537511434,0.0
43396.21964900274,0.0
43396.21964900274,0.0
35327.7919150739,0.0
35327.7919150739,0.0
30159.893053469845,0.0
23965.350458141464,0.0
12362.334393048866,0.0
0.0,0.0
5901.827347116681,0.0
19947.870978298924,0.0
18710.53805649281,0.0
19650.911077065466,0.0
18936.22758143025,0.0
19479.38703811301,0.0
19066.585851034102,0.0
19380.31475321408,0.0
19141.8807875573,0.0
19477.796888119927,0.0
19067.794365028854,0.0
19379.39628257807,0.0
19142.578825240664,0.0
19322.560092817104,0.0
19185.774329459,0.0
19289.731509611156,0.0
19210.724052695517,0.0
19270.7697199514,0.0
20405.467254416766,0.0
21133.17967323732,0.0
20310.79882563235,0.0
18434.712892519412,0.0
14768.370832974033,0.0
14053.89707475097,0.0
23189.95822318926,0.0
16246.55175037616,0.0
21523.54066971412,0.0
39036.56976073139,0.0
43239.69674257553,0.0
35854.07505560135,0.0
27403.500571623168,0.0
18118.89019877222,0.0
11286.767423153979,0.0
6672.656527505115,0.0
3247.7712738949263,0.0
0.0,0.0
10669.53379288346,0.0
25762.074317408573,0.0
14291.743518769486,0.0
23009.194925735188,0.0
24242.100071734112,0.0
25419.876856683797,0.0
24633.425665321403,0.0
22104.262098064493,0.0
19970.908651749818,0.0
16549.44760314154,0.0
12255.072376378082,0.0
11807.08208174178,0.0
24897.53761787624,0.0
14948.791410414053,0.0
22509.838528085318,0.0
39273.28124674049,0.0
43296.50749921771,0.0
43296.50749921771,0.0
43296.50749921771,0.0
43296.50749921771,0.0
43296.50749921771,0.0
43296.50749921771,0.0
43296.50749921771,0.0
27608.13469890365,0.0
27608.13469890365,0.0
32753.109148296902,0.0
39231.748129731146,0.0
43286.539551135465,0.0
43286.539551135465,0.0
43286.539551135465,0.0
43286.539551135465,0.0
43286.539551135465,0.0
43286.539551135465,0.0
38086.96243301579,0.0
22391.062392676275,0.0
5116.377798329903,0.0
5116.377798329903,0.0
14045.183579965764,0.0
28360.95434090975,0.0
40677.54904181834,0.0
43038.42393851544,0.0
43038.42393851544,0.0
43038.42393851544,0.0
43038.42393851544,0.0
43038.42393851544,0.0
43038.42393851544,0.0
25773.975653863414,0.0
4705.98691373483,0.0
0.0,0.0
5847.140283477319,0.0
13350.36695480625,0.0
17769.61377856556,0.0
9502.183139367637,0.0
9502.183139367637,0.0
1558.321650177473,0.0
1.982197747356928e-13,0.0
1.982197747356928e-13,0.0
1.982197747356928e-13,0.0
0.0,0.0
0.0,0.0
0.0,0.0
10073.095904563253,0.0
23659.85998432329,0.0
33243.29121306759,0.0
33243.29121306759,0.0
33243.29121306759,0.0
33243.29121306759,0.0
33243.29121306759,0.0
33243.29121306759,0.0
25881.814391183987,0.0
12176.492176658563,0.0
0.0,0.0
4549.160115557501,0.0
19776.410165014404,0.0
38617.25843960345,0.0
43139.06202550483,0.0
43923.71819134968,0.0
32087.47312111818,0.0
21041.156030217237,0.0
14992.234570071474,0.0
10354.366860608421,0.0
10354.366860608421,0.0
0.0,0.0
0.0,0.0
5413.33227422024,0.0
22465.219198300652,0.0
16797.353409291507,0.0
27658.044271582297,0.0
40508.85062517975,0.0
34726.48779740469,0.0
23018.96238088558,0.0
13062.379088392812,0.0
7538.427929539446,0.0
4526.432027656248,0.0
3286.4522164950386,0.0
4553.6179840997465,0.0
26180.319101005523,0.0
13973.877483235798,0.0
23250.773112740793,0.0
16200.332434317,0.0
21558.667349919077,0.0
29534.653821086376,0.0
28810.60297288005,0.0
28194.898243905736,0.0
27878.24551014032,0.0
24578.255097912315,0.0
15191.446125586643,0.0
6377.222801662349,0.0
9652.770412445714,0.0
20736.93567620482,0.0
22383.461118556523,0.0
39242.950668453566,0.0
43289.22816042886,0.0
28797.76399889854,0.0
28797.76399889854,0.0
28797.76399889854,0.0
28797.76399889854,0.0
26913.39884031483,0.0
14059.047770841595,0.0
0.0,0.0
4529.883162720913,0.0
20634.065609749276,0.0
20463.979631604565,0.0
37602.98438816479,0.0
42895.63625315955,0.0
33283.521937628706,0.0
20540.218983928105,0.0
10184.676232437603,0.0
6788.569004483904,0.0
7672.037423541712,0.0
8734.625391368467,0.0
8632.772974811744,0.0
21137.612271479888,0.0
17806.334673675286,0.0
20338.105648006782,0.0
18413.95970751485,0.0
20599.963550316203,0.0
21348.50324202647,0.0
17646.05753605988,0.0
20005.011742231465,0.0
18667.11107590409,0.0
19683.91558231289,0.0
19440.9165140416,0.0
19095.82344932838,0.0
19358.094178510422,0.0
19158.768424332073,0.0
19310.255997507622,0.0
19195.1254418942,0.0
19282.624664160405,0.0
19216.12525523809,0.0
20357.69930763763,0.0
21668.625879073206,0.0
20663.05841471931,0.0
18166.995604813328,0.0
14210.495540916143,0.0
10227.081703652259,0.0
21228.662203579977,0.0
17737.136725279215,0.0
20390.696088787794,0.0
22216.556177484938,0.0
30744.271403201885,0.0
28133.32086420944,0.0
25057.92763256541,0.0
20299.765900740018,0.0
18357.57501053283,0.0
19324.25676708998,0.0
19184.484857011616,0.0
16713.1885722255,0.0
21168.896685108615,0.0
17782.558519317456,0.0
20356.175525318733,0.0
26628.096670332972,0.0
35125.37206124774,0.0
30638.307927448022,0.0
26783.992702867763,0.0
21321.759991651386,0.0
17666.382406344943,0.0
17087.546519041804,0.0
16251.533959946242,0.0
16950.688415300378,0.0
20988.396804371707,0.0
17919.738428677505,0.0
20251.91879420509,0.0
21661.52406577633,0.0
32068.216575719296,0.0
29572.601189604866,0.0
28606.57678195996,0.0
30150.670140054335,0.0
34457.27899230841,0.0
37858.83746547127,0.0
33585.09193688936,0.0
23471.454683731834,0.0
22443.247069681693,0.0
30010.95298112321,0.0
41073.548715469566,0.0
43728.57169171269,0.0
43728.57169171269,0.0
43728.57169171269,0.0
36341.794951402706,0.0
34205.278346550345,0.0
27302.09145181928,0.0
27302.09145181928,0.0
27302.09145181928,0.0
27302.09145181928,0.0
27302.09145181928,0.0
33751.8583051068,0.0
41971.365993225634,0.0
43255.9667252201,0.0
43255.9667252201,0.0
40727.80234766458,0.0
39108.456240799125,0.0
34999.39640500676,0.0
34999.39640500676,0.0
34999.39640500676,0.0
34234.592494930126,0.0
30434.336860595206,0.0
30434.336860595206,0.0
32585.03283952116,0.0
39110.85033132693,0.0
43257.524079518465,0.0
43257.524079518465,0.0
41986.29071687286,0.0
41986.29071687286,0.0
23048.009939614883,0.0
22224.193621750506,0.0
22224.193621750506,0.0
22224.193621750506,0.0
22224.193621750506,0.0
22224.193621750506,0.0
28630.067109136155,0.0
37408.65264301736,0.0
42848.99663432417,0.0
42848.99663432417,0.0
42848.99663432417,0.0
42848.99663432417,0.0
42848.99663432417,0.0
42848.99663432417,0.0
42848.99663432417,0.0
42848.99663432417,0.0
24601.78646713791,0.0
19554.193126905466,0.0
25109.93663006338,0.0
35361.94986732854,0.0
42357.78796815885,0.0
39136.51934264381,0.0
39136.51934264381,0.0
26461.187521842225,0.0
13615.06407408619,0.0
0.0,0.0
0.0,0.0
0.0,0.0
0.0,0.0
1612.8678735734106,0.0
19093.240127184545,0.0
19360.057503339747,0.0
38517.333800801534,0.0
43115.08011219237,0.0
36022.43315035219,0.0
23476.290187727544,0.0
15240.59693574237,0.0
9054.089455676221,0.0
5251.031873011508,0.0
1270.2645527047312,0.0
-3.6351734209464718e-28,0.0
10780.268309956167,0.0
25677.916084433313,0.0
14355.703775830678,0.0
22960.585130368687,0.0
30345.704182566064,0.0
31784.046619588782,0.0
27757.29351972243,0.0
23038.595158731012,0.0
16361.587679364431,0.0
11834.674913500803,0.0
6019.772140141551,0.0
2108.071528604067,0.0
32268.78563826091,0.0
9346.64291492171,0.0
26767.4713846595,0.0
13527.641747658772,0.0
23589.91227177933,0.0
15942.586673447711,0.0
21754.55412817974,0.0
17337.4588625834,0.0
20694.451264436615,0.0
20433.196368210316,0.0
18341.69076016016,0.0
11936.435301910842,0.0
24799.22917054776,0.0
15023.5058303837,0.0
37177.45756122282,0.0
42793.50981469348,0.0
44141.36235552644,0.0
41680.08704588465,0.0
34013.4870683724,0.0
28531.774185254384,0.0
24218.474865632208,0.0
19085.81918503154,0.0
11980.728693505962,0.0
0.0,0.0
10213.522718019089,0.0
26108.642734305493,0.0
40136.99425623332,0.0
43503.798621496,0.0
44311.83166915904,0.0
44311.83166915904,0.0
44311.83166915904,0.0
35627.43679045003,0.0
29516.261966924303,0.0
29516.261966924303,0.0
24138.379982342303,0.0
12703.259590821053,0.0
13563.805104630686,0.0
23650.17825040597,0.0
36153.12601376561,0.0
42547.67024330374,0.0
42547.67024330374,0.0
42547.67024330374,0.0
42547.67024330374,0.0
42547.67024330374,0.0
31727.680767602244,0.0
25273.880504684817,0.0
13247.346343358828,0.0
0.0,0.0
506.73434565222493,0.0
12994.01472927184,0.0
25315.480810358695,0.0
34123.02036854998,0.0
31062.960561433498,0.0
15883.248682773266,0.0
6192.9326054817275,0.0
560.952873461121,0.0
0.0,0.0
2186.980859285783,0.0
3674.342550520638,0.0
5945.742231901017,0.0
24339.11880485287,0.0
15373.189708311817,0.0
22187.295821683016,0.0
17008.57517552091,0.0
20944.402866604105,0.0
17953.173821380886,0.0
20226.50789575053,0.0
18498.773999229597,0.0
19811.851760585498,0.0
18813.912661955015,0.0
19572.34637691419,0.0
18995.936753545215,0.0
19434.00806730563,0.0
19101.073868847714,0.0
19354.10385967574,0.0
31071.247117077222,0.0
41328.019308098534,0.0
41414.18665968336,0.0
40666.16375375852,0.0
39338.82501050626,0.0
37816.63158098345,0.0
37185.14513714632,0.0
30782.82155416685,0.0
19914.285518399924,0.0
17837.817945747713,0.0
25888.458498812342,0.0
36245.77858774522,0.0
42569.906861058844,0.0
42569.906861058844,0.0
42409.043085739366,0.0
42409.043085739366,0.0
42409.043085739366,0.0
42409.043085739366,0.0
42409.043085739366,0.0
42409.043085739366,0.0
23867.174790125377,0.0
18583.120343101033,0.0
23848.796601553906,0.0
35167.16546904111,0.0
42311.039712569866,0.0
42311.039712569866,0.0
39821.64582174253,0.0
39821.64582174253,0.0
39821.64582174253,0.0
39821.64582174253,0.0
39821.64582174253,0.0
39821.64582174253,0.0
36633.00529702726,0.0
36633.00529702726,0.0
36633.00529702726,0.0
37498.499315402325,0.0
38897.400487963656,0.0
38897.400487963656,0.0
36175.877992968315,0.0
34791.10338032649,0.0
34791.10338032649,0.0
20487.650224874396,0.0
18224.831588900728,0.0
1401.6259858113567,0.0
0.0,0.0
0.0,0.0
580.2833052402075,0.0
6407.522924971884,0.0
12400.339739074689,0.0
15098.188516329436,0.0
8874.86611621507,0.0
5942.9881050890635,0.0
7107.521193424565,0.0
10040.916201539809,0.0
11394.888153207949,0.0
12139.675395048956,0.0
4729.337433668468,0.0
12002.103449794748,0.0
24749.321378155993,0.0
39810.75713075744,0.0
43425.50171138179,0.0
39301.52817694824,0.0
39301.52817694824,0.0
39301.52817694824,0.0
32095.945882521282,0.0
32095.945882521282,0.0
22790.159037493308,0.0
12057.325774326036,0.0
0.0,0.0
3376.994943052327,0.0
17651.955987293048,0.0
35423.94934514629,0.0
42372.66784283511,0.0
42372.66784283511,0.0
42372.66784283511,0.0
42372.66784283511,0.0
37806.66439797279,0.0
25648.811730373818,0.0
17305.545629827797,0.0
8240.821496159962,0.0
0.0,0.0
2296.7852510402695,0.0
16535.459116965336,0.0
32026.237586658284,0.0
41557.21702079799,0.0
41557.21702079799,0.0
41557.21702079799,0.0
41557.21702079799,0.0
40267.84379385775,0.0
29944.958858386934,0.0
29944.958858386934,0.0
29944.958858386934,0.0
29944.958858386934,0.0
29944.958858386934,0.0
34696.331394371824,0.0
42198.03953464924,0.0
43874.496317275596,0.0
43874.496317275596,0.0
16610.64287550072,0.0
11892.29029131334,0.0
11892.29029131334,0.0
11892.29029131334,0.0
11892.29029131334,0.0
11892.29029131334,0.0
11892.29029131334,0.0
11892.29029131334,0.0
21650.671916289644,0.0
36029.02801678644,0.0
42517.88672402874,0.0
33153.28362041739,0.0
20249.535275006812,0.0
20249.535275006812,0.0
2602.7779754857606,0.0
2602.7779754857606,0.0
2602.7779754857606,0.0
2602.7779754857606,0.0
0.0,0.0
0.0,0.0
0.0,0.0
4739.370384632198,0.0
8168.611117626403,0.0
8168.611117626403,0.0
0.0,0.0
0.0,0.0
0.0,0.0
1700.9038365065867,0.0
6181.866929464256,0.0
6820.832863632461,0.0
3015.3613531848055,0.0
18123.9709160298,0.0
20096.702103817355,0.0
18597.42640109881,0.0
19736.8759351649,0.0
18955.280818853716,0.0
19464.906577671172,0.0
19077.591000969904,0.0
19977.283166894274,0.0
21514.85414031369,0.0
20962.946680445995,0.0
17053.791985147443,0.0
11090.75448946599,0.0
25441.946588005845,0.0
14535.04059311555,0.0
22824.28914923218,0.0
16524.460246583545,0.0
25314.711915791395,0.0
21251.818191401133,0.0
17719.538174535137,0.0
16064.237369183531,0.0
18290.080820981042,0.0
19970.458576054407,0.0
19604.516787514884,0.0
18796.96061273733,0.0
19585.22993431963,0.0
18986.145249917085,0.0
38427.5948599801,0.0
43093.542766395214,0.0
44213.370263934856,0.0
44213.370263934856,0.0
40128.518577078816,0.0
32636.896939385093,0.0
25197.080718709778,0.0
18065.373296896607,0.0
9379.948760105948,0.0
0.0,0.0
1864.8273524170268,0.0
15033.957415649413,0.0
31563.550826694172,0.0
41446.1721984066,0.0
41758.989395769604,0.0
41758.989395769604,0.0
30388.295613277987,0.0
30388.295613277987,0.0
20179.095360514224,0.0
20179.095360514224,0.0
9638.45367643873,0.0
9638.45367643873,0.0
9638.45367643873,0.0
18061.117251190884,0.0
31863.306384866042,0.0
41518.113532367846,0.0
37286.170825831745,0.0
37286.170825831745,0.0
19215.28832984819,0.0
6063.7114407058025,0.0
6063.7114407058025,0.0
6063.7114407058025,0.0
6063.7114407058025,0.0
6063.7114407058025,0.0
0.0,0.0
9933.281630836565,0.0
25887.35115315861,0.0
37871.929157716026,0.0
36099.62223887318,0.0
35511.72052412352,0.0
18842.992359449105,0.0
8757.63228746104,0.0
1.1261671906883078e-13,0.0
0.0,0.0
0.0,0.0
0.0,0.0
0.0,0.0
4229.767541586218,0.0
13252.502967185983,0.0
19959.277893443617,0.0
19787.14399766824,0.0
19787.14399766824,0.0
19787.14399766824,0.0
19787.14399766824,0.0
19787.14399766824,0.0
19787.14399766824,0.0
3570.2248921728715,0.0
3570.2248921728715,0.0
0.0,0.0
13857.075225377886,0.0
33454.453107584544,0.0
41899.98874582029,0.0
41899.98874582029,0.0
21560.74343318483,0.0
4185.147586041024,0.0
0.0,0.0
0.0,0.0
0.0,0.0
0.0,0.0
0.0,0.0
4084.601914889036,0.0
30766.622544684335,0.0
10488.286866039904,0.0
25899.82198180967,0.0
15906.5919389203,0.0
21781.910126420567,0.0
17316.66830392037,0.0
20710.252089020516,0.0
18131.128412344413,0.0
20091.262406618247,0.0
18601.560570970138,0.0
19733.7339660627,0.0
18873.282185792345,0.0
19527.22553879781,0.0
19030.22859051366,0.0
19407.946271209614,0.0
19120.880833880692,0.0
19339.05056625067,0.0
19173.24156964949,0.0
19299.256407066383,0.0
19203.485130629553,0.0
19276.27130072154,0.0
19220.95381145162,0.0
19262.995103296766,0.0
19231.043721494454,0.0
19255.32677166421,0.0
19236.871653535192,0.0
34123.01182325781,0.0
42060.442837581875,0.0
38952.74310330238,0.0
31447.620277478192,0.0
24843.471937375303,0.0
20567.758409097387,0.0
17736.29487199106,0.0
10632.629609464047,0.0
0.0,0.0
272.3796387882891,0.0
16975.827517083548,0.0
37945.11860410005,0.0
42977.748464984004,0.0
44185.57963159616,0.0
44185.57963159616,0.0
43669.51962852532,0.0
44281.55464836324,0.0
44498.49311560718,0.0
44498.49311560718,0.0
44498.49311560718,0.0
33140.76599796236,0.0
33140.76599796236,0.0
35471.483503003124,0.0
42384.07604072074,0.0
44043.098249772986,0.0
38423.89509604659,0.0
17829.104347351302,0.0
1.3422178785033126e-27,0.0
1.3422178785033126e-27,0.0
1.3422178785033126e-27,0.0
0.0,0.0
0.0,0.0
0.0,0.0
4885.6225186080555,0.0
30157.846885857874,0.0
10950.956366748012,0.0
25548.193161271513,0.0
21249.443097825366,0.0
17721.343245652726,0.0
18452.997765755015,0.0
19846.641698026186,0.0
18787.47230950009,0.0
19592.441044779924,0.0
18980.664805967255,0.0
19445.614747464886,0.0
19092.252791926687,0.0
19360.807878135714,0.0
19156.70601261685,0.0
19311.82343041119,0.0
19193.93419288749,0.0
19283.530013405507,0.0
19215.43718981181,0.0
19267.18773574302,0.0
19227.8573208353,0.0
19257.74843616517,0.0
19235.03118851447,0.0
19252.296296729,0.0
19239.174814485956,0.0
19249.147140990674,0.0
19241.56817284708,0.0
35789.4775706374,0.0
42153.37790476311,0.0
33379.603596354566,0.0
25072.00160969867,0.0
20863.017165814468,0.0
18015.026953981003,0.0
13586.010195155879,0.0
9827.103177149567,0.0
7433.760915396656,0.0
12430.058366702815,0.0
24424.07564130586,0.0
20411.358474442495,0.0
38688.710400455326,0.0
43156.210496109285,0.0
33144.13958672259,0.0
22597.191219274846,0.0
13451.424975079937,0.0
8490.579957832064,0.0
6218.2103992387265,0.0
6754.522275680548,0.0
7649.076008425908,0.0
13657.379836573953,0.0
23491.311324203798,0.0
27215.66025078818,0.0
40402.678460189156,0.0
43567.5628304454,0.0
39619.084406172005,0.0
29269.34656043107,0.0
18426.06088943402,0.0
10150.851365820663,0.0
4461.224191306713,0.0
2146.3601733527075,0.0
-2.8154179767209593e-14,0.0
3799.0185271940595,0.0
22014.761399195333,0.0
17139.701336611546,0.0
20844.746984175217,0.0
19043.117809649302,0.0
19398.150464666527,0.0
19128.32564685343,0.0
19333.392508391385,0.0
19177.541693622545,0.0
20505.660732913813,0.0
23718.59574109579,0.0
15844.787236767206,0.0
19222.795744043462,0.0
32093.96405923188,0.0
41573.47137421565,0.0
43848.553129811764,0.0
43848.553129811764,0.0
43848.553129811764,0.0
43848.553129811764,0.0
38783.98598463114,0.0
38783.98598463114,0.0
28999.407795304687,0.0
17666.72493158018,0.0
1466.8128083420947,0.0
0.0,0.0
14807.12464131265,0.0
31882.178040587078,0.0
41522.642729740895,0.0
41522.642729740895,0.0
35298.5158066812,0.0
35298.5158066812,0.0
28950.43357907674,0.0
25323.26967409647,0.0
21040.92878028232,0.0
13026.757803804032,0.0
0.0,0.0
1611.392439744009,0.0
16668.927792207167,0.0
25244.042477794956,0.0
39929.49019467078,0.0
41387.59923131053,0.0
28016.215221116163,0.0
16532.44923584834,0.0
15822.568167687581,0.0
15034.833338478535,0.0
15290.085010119306,0.0
11497.140485617185,0.0
0.0,0.0
4413.424185042872,0.0
22842.767928344125,0.0
16510.416374458462,0.0
21323.00355541156,0.0
26423.17034568032,0.0
18463.858209212303,0.0
15238.553043525932,0.0
17009.41541131111,0.0
20943.764287403552,0.0
17953.659141573302,0.0
20226.139052404294,0.0
18499.054320172738,0.0
19811.638716668713,0.0
18814.074575331775,0.0
19572.22332274785,0.0
18996.030274711626,0.0
19433.936991219154,0.0
19101.127886673436,0.0
19354.062806128186,0.0
19161.832267342576,0.0
19307.92747681964,0.0
19196.89511761707,0.0
19281.279710611023,0.0
19217.147419935616,0.0
19265.887960848926,0.0
19228.84514975481,0.0
19256.997686186343,0.0
19235.601758498375,0.0
20993.61713770404,0.0
17915.77097534493,0.0
18023.67325134497,0.0
20172.928328977818,0.0
18539.49446997686,0.0
22657.433494729798,0.0
23426.582630201487,0.0
16066.71720104687,0.0
17282.23198518379,0.0
21706.57457723584,0.0
39080.4978985366,0.0
43250.239495648784,0.0
37814.64846698964,0.0
18342.38874868731,0.0
4356.643025114059,0.0
4356.643025114059,0.0
3743.5445722075033,0.0
3754.9932065567605,0.0
3021.044611509308,0.0
3021.044611509308,0.0
3248.2528224021335,0.0
15983.699553639637,0.0
31438.115237985345,0.0
41416.06765711648,0.0
41416.06765711648,0.0
29358.165557315744,0.0
29358.165557315744,0.0
29358.165557315744,0.0
20928.982144692625,0.0
20928.982144692625,0.0
20928.982144692625,0.0
20928.982144692625,0.0
11310.105060838267,0.0
18571.10076687784,0.0
33240.93173801406,0.0
41848.74361712337,0.0
41848.74361712337,0.0
41531.45413974851,0.0
41531.45413974851,0.0
41531.45413974851,0.0
41531.45413974851,0.0
41531.45413974851,0.0
41531.45413974851,0.0
41531.45413974851,0.0
41531.45413974851,0.0
41531.45413974851,0.0
43221.96468669248,0.0
43221.96468669248,0.0
43221.96468669248,0.0
38691.227263860674,0.0
37574.63595522983,0.0
37574.63595522983,0.0
37574.63595522983,0.0
37574.63595522983,0.0
37574.63595522983,0.0
33824.621562527915,0.0
26415.036138514082,0.0
29804.706528875948,0.0
38445.832473735274,0.0
43097.91979369647,0.0
31475.425677381318,0.0
10046.91436458897,0.0
8422.84532027309,0.0
8422.84532027309,0.0
8422.845320273089,0.0
-1.8109916360232062e-12,0.0
0.0,0.0
0.0,0.0
2602.9257070191916,0.0
28005.032855114736,0.0
12587.095030112798,0.0
24304.72777711427,0.0
15403.699363543235,0.0
22164.10848370714,0.0
17026.197552382575,0.0
20931.009860189242,0.0
17963.35250625618,0.0
20218.772095245302,0.0
18504.65320761357,0.0
19807.383562213687,0.0
18817.3084927176,0.0
19569.76554553463,0.0
18997.89818539368,0.0
19432.5173791008,0.0
19102.20679188339,0.0
19353.242838168622,0.0
19162.45544299184,0.0
19307.453863326195,0.0
19197.25506387209,0.0
19281.006151457208,0.0
19217.35532489252,0.0
19265.729953081678,0.0
19228.96523565792,0.0
20419.046936882532,0.0
38771.4912648518,0.0
43176.07790356443,0.0
43176.07790356443,0.0
42447.99098614368,0.0
42447.99098614368,0.0
42447.99098614368,0.0
42447.99098614368,0.0
41095.66570750237,0.0
41095.66570750237,0.0
41095.66570750237,0.0
33030.49607492386,0.0
36212.14997212543,0.0
42561.8359933101,0.0
43790.724477836564,0.0
43790.724477836564,0.0
33362.27270694461,0.0
23827.39757142246,0.0
20802.247589709503,0.0
20802.247589709503,0.0
20802.247589709503,0.0
20802.247589709503,0.0
9842.235774342196,0.0
9842.235774342196,0.0
0.0,0.0
1630.550539345893,0.0
1416.2586768161632,0.0
1416.2586768161632,0.0
1416.2586768161632,0.0
0.0,0.0
6528.519178699903,0.0
15835.928272793364,0.0
21835.614512677043,0.0
17275.852970365453,0.0
20741.27174252225,0.0
18107.553475683093,0.0
20109.179358480847,0.0
18587.943687554558,0.0
19744.082797458534,0.0
18865.41707393151,0.0
19533.203023812057,0.0
19025.685701902836,0.0
19411.39886655384,0.0
19118.256861419075,0.0
19341.04478532151,0.0
19171.725963155655,0.0
19300.408268001698,0.0
19202.609716318708,0.0
19276.93661559778,0.0
19220.448172145683,0.0
19263.379389169277,0.0
19230.75166423135,0.0
19255.548735184177,0.0
19236.702961260024,0.0
19251.025749442375,0.0
19240.14043042379,0.0
19248.413272877915,0.0
19242.125912612777,0.0
19246.904306414286,0.0
19243.27272712514,0.0
19246.032727384892,0.0
19243.935127187477,0.0
19245.52930333752,0.0
19244.317729463488,0.0
19245.238525607747,0.0
19244.538720538112,0.0
19245.07057239103,0.0
19244.666364982815,0.0
19244.973562613057,0.0
19244.740092414075,0.0
19244.917529765302,0.0
19244.782677378367,0.0
19244.885165192438,0.0
19244.807274453746,0.0
19244.86647141515,0.0
19244.821481724484,0.0
19244.855673889386,0.0
19244.829687844063,0.0
19244.849437238507,0.0
19244.83442769873,0.0
19244.845834948963,0.0
19244.83716543878,0.0
19244.843754266527,0.0
19244.83874675744,0.0
19244.84255246435,0.0
19244.83966012709,0.0
38489.6815184305,0.0
43108.44356442332,0.0
43108.44356442332,0.0
36724.2623926248,0.0
36724.2623926248,0.0
35868.500418129326,0.0
36298.77979089037,0.0
35584.97851227393,0.0
26977.68422760798,0.0
19592.936572929728,0.0
25791.828141759433,0.0
36199.26141616985,0.0
42558.74273988076,0.0
42558.74273988076,0.0
28512.306217904603,0.0
28512.306217904603,0.0
28512.306217904603,0.0
28512.306217904603,0.0
28512.306217904603,0.0
28512.306217904603,0.0
28512.306217904603,0.0
20740.748643132487,0.0
27531.996410039403,0.0
37777.808817572026,0.0
42937.5941162173,0.0
42937.5941162173,0.0
39528.011321671824,0.0
38339.484180866384,0.0
23171.71773761333,0.0
23171.71773761333,0.0
23171.71773761333,0.0
18812.828629475447,0.0
10117.103574897721,0.0
10117.103574897721,0.0
20008.99579630034,0.0
34266.17517671429,0.0
42094.80204241143,0.0
42094.80204241143,0.0
37789.94058304849,0.0
33926.206667766586,0.0
33926.206667766586,0.0
33926.206667766586,0.0
33926.206667766586,0.0
33926.206667766586,0.0
33167.67494536212,0.0
33167.67494536212,0.0
35973.74590721769,0.0
42478.74406996306,0.0
44065.81857679113,0.0
43624.27553431927,0.0
40104.741017767185,0.0
19033.202769036427,0.0
6032.484660174945,0.0
0.0,0.0
119.79563913778493,0.0
2676.4672264073906,0.0
5753.390914274494,0.0
8568.813735402835,0.0
27358.621561093845,0.0
13078.367613568673,0.0
23931.360613687804,0.0
19301.87359395433,0.0
20331.954833168937,0.0
18418.6343267916,0.0
17876.681326898557,0.0
20284.64219155709,0.0
18454.591934416614,0.0
19845.430129843367,0.0
18788.39310131904,0.0
19591.741242997527,0.0
18981.196655321874,0.0
19445.210541955374,0.0
19092.55998811391,0.0
19360.574409033426,0.0
19156.88344913459,0.0
19311.688578657704,0.0
19194.03668022014,0.0
19283.45212303269,0.0
19215.496386495153,0.0
19267.14274626367,0.0
19227.891512839604,0.0
19257.722450241898,0.0
19235.050937816155,0.0
19252.28128725972,0.0
19239.18622168261,0.0
19249.138471521215,0.0
19241.57476164387,0.0
19247.323181150652,0.0
19242.9543823255,0.0
19246.274669432616,0.0
19243.75125123121,0.0
19245.669049064283,0.0
19244.21152271114,0.0
19245.31924273953,0.0
19244.477375517956,0.0
19245.117194606355,0.0
26683.889710191423,0.0
38248.526229718635,0.0
33597.89085659071,0.0
23575.061158435135,0.0
15695.666843568099,0.0
15656.568000643498,0.0
18569.95945286136,0.0
20246.252220119866,0.0
18483.768312708904,0.0
18747.295264147757,0.0
19622.9755992477,0.0
18957.45854457175,0.0
19463.25150612547,0.0
19078.848855344637,0.0
19370.994869938073,0.0
19148.96389884706,0.0
19317.707436876233,0.0
19189.462347974066,0.0
19286.92861553971,0.0
23720.513331639624,0.0
20984.992533763427,0.0
15654.54057579295,0.0
21973.469162397352,0.0
17171.083436578014,0.0
33625.98562401237,0.0
30240.834882218744,0.0
21215.391440396364,0.0
15449.754072576086,0.0
16242.015348702373,0.0
21526.988334986192,0.0
17510.408865410493,0.0
20563.009262288022,0.0
18243.032960661105,0.0
20006.21494989756,0.0
18666.196638077858,0.0
19684.610555060826,0.0
18910.61597815377,0.0
19498.85185660313,0.0
19051.792588981618,0.0
19391.557632373966,0.0
19133.336199395788,0.0
19329.584488459197,0.0
19180.435788771007,0.0
19293.788800534032,0.0
19207.640511594138,0.0
19273.113211188447,0.0
19223.353959496773,0.0
19261.170990782444,0.0
32237.145930966955,0.0
32430.494165762408,0.0
24919.10830590323,0.0
15709.548746289216,0.0
12324.974649231377,0.0
15965.131525025608,0.0
21737.420040980534,0.0
17350.48076885479,0.0
20684.55461567036,0.0
18150.65849209053,0.0
20076.419546011188,0.0
18612.841145031496,0.0
19725.16072977606,0.0
18879.79784537019,0.0
19522.273637518643,0.0
19033.992035485822,0.0
19405.086053030776,0.0
22882.83736323918,0.0
27281.761872673917,0.0
26605.074951600716,0.0
13651.063036783456,0.0
2690.092276379899,0.0
11671.020904465502,0.0
25000.944112606223,0.0
34038.62009919349,0.0
26285.481337519414,0.0
13893.95418348524,0.0
10972.366741617296,0.0
19715.869877707195,0.0
18886.85889294253,0.0
19516.90724136367,0.0
19038.0704965636,0.0
19401.98642261166,0.0
19125.410318815135,0.0
19335.608157700495,0.0
19175.857800147616,0.0
19297.268071887804,0.0
22633.15305717281,0.0
23679.782708000912,0.0
22733.377465757527,0.0
24769.576553844585,0.0
28256.364264788735,0.0
30711.86558917604,0.0
31135.0991401665,0.0
23550.550480263482,0.0
11607.387563277618,0.0
17864.110960310496,0.0
38158.30663047451,0.0
43028.913591313874,0.0
43028.913591313874,0.0
42744.842952862855,0.0
42744.842952862855,0.0
42744.842952862855,0.0
32354.740627953775,0.0
23302.536330083894,0.0
23302.536330083894,0.0
6206.601984887424,0.0
6206.601984887424,0.0
0.0,0.0
5900.0624031608895,0.0
11241.176338867532,0.0
6634.442243768745,0.0
4110.4360663097605,0.0
9107.042046463295,0.0
22897.681920984807,0.0
16468.68174005155,0.0
21354.72187756082,0.0
17641.331373053785,0.0
20463.508156479125,0.0
18318.653801075867,0.0
19948.74311118234,0.0
18709.875235501415,0.0
19651.414821018916,0.0
18935.84473602562,0.0
19479.678000620523,0.0
19066.364719528403,0.0
19380.48281315841,0.0
19141.753061999603,0.0
19323.1876728803,0.0
19185.297368610965,0.0
19290.093999855657,0.0
19210.448560109704,0.0
19270.979094316626,0.0
19224.97588831936,0.0
19259.93832487728,0.0
19233.366873093266,0.0
19253.561176449122,0.0
19238.213505898675,0.0
19249.877735517006,0.0
19241.012921007074,0.0
19247.750180034618,0.0
19668.213451331536,0.0
19037.66143050365,0.0
17933.599402616786,0.0
20241.38445401124,0.0
38728.852268962706,0.0
43165.844544551044,0.0
44230.72269069225,0.0
44230.72269069225,0.0
44230.72269069225,0.0
44230.72269069225,0.0
44230.72269069225,0.0
44230.72269069225,0.0
44230.72269069225,0.0
44230.72269069225,0.0
44230.72269069225,0.0
43114.51063116462,0.0
44218.402551479514,0.0
44218.402551479514,0.0
44218.402551479514,0.0
43335.15895468774,0.0
41467.43048689279,0.0
41467.43048689279,0.0
41467.43048689279,0.0
41467.43048689279,0.0
41467.43048689279,0.0
41467.43048689279,0.0
41178.504762395,0.0
41178.504762395,0.0
41307.99459578789,0.0
41307.99459578789,0.0
38082.203868519064,0.0
9215.442537991428,0.0
3349.271841895325,0.0
3349.271841895325,0.0
3349.271841895325,0.0
3349.271841895325,0.0
3349.271841895325,0.0
3349.271841895325,0.0
3349.271841895325,0.0
3349.271841895325,0.0
16557.27095164254,0.0
33067.27428607645,0.0
31999.370635439656,0.0
31999.370635439656,0.0
30208.098052588826,0.0
32958.45670538283,0.0
38968.050490682384,0.0
43223.25211776377,0.0
43390.5663792253,0.0
34586.222430155154,0.0
26461.316408978346,0.0
33770.87612715969,0.0
41975.93027051833,0.0
41975.93027051833,0.0
41975.93027051833,0.0
25876.427618152917,0.0
25876.427618152917,0.0
25876.427618152917,0.0
25876.427618152917,0.0
25876.427618152917,0.0
18235.681434792634,0.0
18235.681434792634,0.0
18235.681434792634,0.0
18235.681434792634,0.0
18235.681434792634,0.0
18235.681434792634,0.0
16349.833854857208,0.0
12883.673647028392,0.0
11923.31705981187,0.0
11923.31705981187,0.0
11923.31705981187,0.0
11923.31705981187,0.0
7847.784736747287,0.0
6204.934225314566,0.0
0.0,0.0
13944.141883786633,0.0
35955.85322180413,0.0
42500.32477323299,0.0
36029.06251501934,0.0
36029.06251501934,0.0
25490.41215946618,0.0
25490.41215946618,0.0
11267.400182000012,0.0
0.0,0.0
0.0,0.0
0.0,0.0
1456.2552374429388,0.0
14646.81043370304,0.0
31284.448146708655,0.0
41379.18755521007,0.0
41379.18755521007,0.0
33195.30173497074,0.0
24416.780976511556,0.0
17201.625939213714,0.0
12580.399814746743,0.0
12580.399814746743,0.0
12580.399814746743,0.0
0.0,0.0
0.0,0.0
0.0,0.0
6338.85749702342,0.0
8074.548061206908,0.0
0.0,0.0
0.0,0.0
0.0,0.0
5029.812560967838,0.0
15760.844105600814,0.0
21892.678479743376,0.0
22023.183356179405,0.0
24353.914982469858,0.0
17879.5029451079,0.0
24752.342857214666,0.0
39811.48228573152,0.0
43425.675748575566,0.0
43425.675748575566,0.0
36467.9575027566,0.0
24729.49452369079,0.0
22139.62365256012,0.0
21655.363360787687,0.0
17350.570122591726,0.0
14441.02846049361,0.0
5791.085855003633,0.0
0.0,0.0
17053.05384271743,0.0
20910.59907953475,0.0
17978.864699553593,0.0
24209.78203260895,0.0
21862.878629387058,0.0
17255.13224166584,0.0
19713.261135729295,0.0
18888.841536845735,0.0
19515.400431997234,0.0
19039.2156716821,0.0
19401.116089521594,0.0
19126.071771963583,0.0
19335.10545330767,0.0
38511.34530879383,0.0
43113.64287411052,0.0
29883.77059100763,0.0
29883.77059100763,0.0
11593.45468823718,0.0
2410.017223893402,0.0
3989.2517729821084,0.0
5570.881442732764,0.0
5570.881442732764,0.0
0.0,0.0
0.0,0.0
9722.433260334234,0.0
25257.33172505562,0.0
16462.518784122265,0.0
21359.405724067074,0.0
17637.77164970903,0.0
20466.213546221137,0.0
18316.59770487194,0.0
19950.30574429732,0.0
18708.687634334037,0.0
19652.317397906125,0.0
18935.15877759134,0.0
19480.19932903058,0.0
19065.968509936753,0.0
19380.783932448063,0.0
19141.524211339463,0.0
19323.361599382002,0.0
19185.16518446967,0.0
19290.194459803042,0.0
19210.37221054969,0.0
19271.03711998223,0.0
19224.931788813497,0.0
19259.971840501737,0.0
19233.341401218677,0.0
19253.58053507381,0.0
19238.198793343905,0.0
19249.888917058634,0.0
19241.00442303544,0.0
19247.756638493058,0.0
19242.624954745275,0.0
19246.525034393584,0.0
19243.560973860876,0.0
19245.81365986573,0.0
19244.10161850204,0.0
19245.402769938442,0.0
19244.41389484678,0.0
19245.165439916444,0.0
19244.5942656635,0.0
19245.028358095726,0.0
19244.698447847244,0.0
19244.949179636093,0.0
19244.758623476566,0.0
19244.903446157798,0.0
19244.793380920066,0.0
19244.877030500746,0.0
19244.81345681943,0.0
19244.86177281723,0.0
19244.825052658904,0.0
19244.852959979227,0.0
19244.831750415786,0.0
19244.847869683996,0.0
38489.68348872415,0.0
36766.66671069246,0.0
21480.1094227308,0.0
6023.917423215678,0.0
0.0,0.0
1682.313261591009,0.0
6108.076657608008,0.0
11605.996123067185,0.0
10726.460337005647,0.0
8303.25677131332,0.0
13244.632144586563,0.0
22338.3948038708,0.0
30236.751034112433,0.0
27029.857736184607,0.0
22507.48805255439,0.0
16055.212417196968,0.0
15544.71611446428,0.0
19009.959465520886,0.0
19423.350806204122,0.0
24749.457942677876,0.0
26617.04807554144,0.0
27548.974926070645,0.0
32114.363853010407,0.0
41578.367324722494,0.0
43849.7281579334,0.0
43849.7281579334,0.0
43849.7281579334,0.0
43849.7281579334,0.0
39855.04363836727,0.0
39410.8381235028,0.0
40717.305802649615,0.0
40628.81939817412,0.0
40628.81939817412,0.0
40628.81939817412,0.0
40979.45465463494,0.0
43705.98911711239,0.0
43705.98911711239,0.0
41852.2691367537,0.0
38512.048565404926,0.0
38512.048565404926,0.0
38512.048565404926,0.0
29593.597962236476,0.0
23378.4058556398,0.0
18020.70988084638,0.0
9303.569029508208,0.0
0.0,0.0
0.0,0.0
0.0,0.0
0.0,0.0
0.0,0.0
0.0,0.0
0.0,0.0
0.0,0.0
0.0,0.0
0.0,0.0
0.0,0.0
0.0,0.0
0.0,0.0
0.0,0.0
0.0,0.0
0.0,0.0
0.0,0.0
0.0,0.0
0.0,0.0
0.0,0.0
0.0,0.0
0.0,0.0
0.0,0.0
0.0,0.0
0.0,0.0
8389.772673763471,0.0
24619.57686871047,0.0
28369.893493628762,0.0
22987.773735780986,0.0
16400.21196080645,0.0
14646.592138771377,0.0
18916.139126451973,0.0
19494.654263896497,0.0
19054.982759438655,0.0
19389.133102826614,0.0
19135.178841851764,0.0
19328.184080192656,0.0
19181.500099053577,0.0
19292.97992471928,0.0
19208.255257213343,0.0
19272.64600451786,0.0
19223.709036566426,0.0
19260.90113220951,0.0
19232.63513952077,0.0
19254.117293964213,0.0
19237.79085658719,0.0
19788.4180890464,0.0
18831.722252324733,0.0
19558.8110882332,0.0
19006.223572942767,0.0
27345.48158359431,0.0
40433.83558006263,0.0
25367.33848859198,0.0
8586.69940501748,0.0
0.0,0.0
1479.5964152246231,0.0
7723.014178114637,0.0
14711.908963784184,0.0
19884.40900455893,0.0
17948.25369482293,0.0
18699.662157272407,0.0
35392.39587915286,0.0
42365.09501099669,0.0
44038.542802639204,0.0
44038.542802639204,0.0
32635.780050008525,0.0
19309.263263178906,0.0
8780.946829267026,0.0
8780.946829267026,0.0
8780.946829267026,0.0
8780.946829267026,0.0
8745.560913437792,0.0
8745.560913437792,0.0
8745.560913437792,0.0
9599.617472963111,0.0
9599.617472963111,0.0
9599.617472963111,0.0
-1.1261671906883009e-13,0.0
0.0,0.0
0.0,0.0
2600.652384836995,0.0
4904.510998348139,0.0
5960.718456495335,0.0
4618.048436136392,0.0
476.8594254975177,0.0
4552.305199759874,0.0
17843.166529654434,0.0
20310.113437462624,0.0
19342.216169091906,0.0
19170.835711490145,0.0
19301.08485926749,0.0
19202.095506956703,0.0
19277.327414712905,0.0
19220.15116481819,0.0
19263.605114738177,0.0
19230.580112798983,0.0
19255.67911427277,0.0
19236.60387315269,0.0
19259.014975345446,0.0
24817.90592207837,0.0
21289.718279877976,0.0
17690.734107292737,0.0
17279.027118628564,0.0
17943.11942221803,0.0
20234.14923911429,0.0
18492.966578273143,0.0
19816.265400512406,0.0
18810.55829561056,0.0
19574.895695335967,0.0
18993.99927154466,0.0
19435.480553626054,0.0
19099.9547792442,0.0
19354.954367774408,0.0
19161.15468049145,0.0
19308.442442826494,0.0
19196.503743451864,0.0
19281.577154976578,0.0
19216.9213622178,0.0
19266.059764714475,0.0
19228.714578817,0.0
19257.09692009908,0.0
19235.5263407247,0.0
25713.32815667594,0.0
33889.2580020961,0.0
29265.448570771194,0.0
23751.920899866,0.0
15819.460116101838,0.0
14538.913852809379,0.0
19273.08956229963,0.0
19223.371932652273,0.0
19261.157331184266,0.0
19232.440428299953,0.0
19254.26527449203,0.0
19237.678391386053,0.0
19250.284422546603,0.0
19240.70383886458,0.0
19247.985082462925,0.0
19242.451337328177,0.0
19246.656983630583,0.0
19243.460692440756,0.0
19245.88987374502,0.0
19244.043695953776,0.0
19245.446791075126,0.0
19244.3804387829,0.0
19245.190866524987,0.0
19244.574941441002,0.0
19245.04304450484,0.0
19244.687286176322,0.0
19244.95766250599,0.0
19244.752176495447,0.0
19244.90834586346,0.0
19244.78965714377,0.0
19244.87986057073,0.0
19244.811305966243,0.0
19244.863407465655,0.0
19244.8238103261,0.0
19244.85390415216,0.0
19244.831032844355,0.0
19244.848415038286,0.0
19244.8352045709,0.0
19244.84524452611,0.0
19244.837614160155,0.0
19244.84341323828,0.0
19244.839005938906,0.0
19244.842355486424,0.0
19244.839809830315,0.0
19244.841744528963,0.0
19244.84027415799,0.0
19244.84139163993,0.0
38489.681933993576,0.0
43108.44366415846,0.0
44216.94647939803,0.0
35133.270465177055,0.0
24756.133116874484,0.0
13681.821240326566,0.0
4204.068833879568,0.0
0.0,0.0
0.0,0.0
1536.2540474889722,0.0
3000.7762985426425,0.0
9882.359475880638,0.0
19247.96902476563,0.0
19242.463541178116,0.0
27838.93464384075,0.0
28507.110405241765,0.0
27655.22737068397,0.0
25015.44876171667,0.0
27898.434240435865,0.0
35063.55634585084,0.0
42286.173523004196,0.0
44019.60164552101,0.0
44019.60164552101,0.0
38840.699337994505,0.0
30471.824144369963,0.0
29013.95508975788,0.0
23475.333560217477,0.0
9944.7035978501,0.0
1935.8751991144493,0.0
4.2459372923859386e-13,0.0
3079.2775808472934,0.0
10071.85166860602,0.0
16684.211111978308,0.0
16812.977884504868,0.0
15938.49033871185,0.0
16250.276760098894,0.0
18301.47066485512,0.0
26118.46816363025,0.0
28511.321375695727,0.0
22935.98766871223,0.0
13728.138028878171,0.0
8554.317781323365,0.0
9399.217988711842,0.0
16778.034965091265,0.0
23676.21109930465,0.0
31154.974228216495,0.0
35769.58573115925,0.0
35882.19541340819,0.0
36280.36862423978,0.0
39897.698047511665,0.0
40321.998876869926,0.0
38135.00020677949,0.0
36076.860486065256,0.0
35123.8771616227,0.0
36097.53039806156,0.0
39216.0723706332,0.0
41970.74486833386,0.0
43943.898768400126,0.0
38719.07745592706,0.0
38719.07745592706,0.0
30866.473076448077,0.0
31459.773132581195,0.0
25947.647352344644,0.0
25817.216480448897,0.0
226.12986912748502,0.0
0.0,0.0
0.0,0.0
