Lignite,Coal,Gas,WindOnshore,WindOffshore,PVGround,PVRoof
17830.328806471087,0.0,0.0,9506.791352250937,0.0,0.0,0.0
17174.85944561902,0.0,0.0,8013.473887380984,0.0,0.0,0.0
17830.328806471087,0.0,343.002443921997,6830.002082606919,0.0,0.0,0.0
17830.328806471087,0.0,1368.4962038171907,6071.508322711722,0.0,0.0,0.0
17830.328806471087,0.0,3583.3439782959344,5661.6605482329815,0.0,0.0,0.0
17830.328806471087,0.0,6517.75957116076,5345.25534350555,0.0,121.98961186260644,0.0
17830.328806471087,0.0,7351.354796296892,4123.540155879625,0.0,3259.1095743523992,0.0
17830.328806471087,0.0,4640.341602185179,2448.226268732463,0.0,9442.436655611267,0.0
17350.235342436674,0.0,0.0,3871.430865040672,0.0,15972.167125522661,0.0
11380.238949927882,0.0,0.0,5036.337920857524,0.0,21140.25646221459,0.0
5663.757841574878,0.0,0.0,5944.556381092647,0.0,24805.852443332475,0.0
1385.3829562244666,0.0,0.0,6792.96540843728,0.0,26818.984968338256,0.0
1618.297497888029,0.0,0.0,7723.770979903676,0.0,26982.764855208297,0.0
86.91805711396925,0.0,0.0,8759.869619205734,0.0,25611.37898968029,0.0
2866.279059904062,0.0,0.0,9830.839045299088,0.0,22752.71522779685,0.0
5041.448743530767,0.0,0.0,10621.94488086246,0.0,18361.77304160677,0.0
8874.212708925825,0.0,0.0,11122.048276521515,0.0,12499.072347552656,0.0
16034.98945340853,0.0,0.0,11231.27088288645,0.0,6263.906329705021,0.0
17830.328806471087,0.0,2087.0377913672896,12157.24961962397,0.0,1361.7171155376518,0.0
17830.328806471087,0.0,4567.669277412624,13924.33524911629,0.0,0.0,0.0
17830.328806471087,0.0,2247.8469153394476,13776.157611189468,0.0,0.0,0.0
17830.328806471087,0.0,1281.8766990808838,12864.752202383363,0.0,0.0,0.0
17830.328806471087,0.0,0.0,12001.893612100359,0.0,0.0,0.0
17805.340413160066,0.0,0.0,11196.492919839937,0.0,0.0,0.0
17086.37180237699,0.0,0.0,10648.46153062301,0.0,0.0,0.0
13938.778653110743,0.0,0.0,10839.55467988926,0.0,0.0,0.0
14593.167261160854,0.0,0.0,11151.999404839149,0.0,0.0,0.0
16233.018274569007,0.0,0.0,11154.815058430995,0.0,0.0,0.0
17830.328806471087,0.0,0.0,11006.14236053198,0.0,0.0,0.0
17830.328806471087,0.0,1299.726797954279,10715.975334330744,0.0,157.30239424388722,0.0
17830.328806471087,0.0,2570.965193549849,9045.302634422882,0.0,3318.7366985561857,0.0
16461.02445158712,0.0,0.0,8888.925565706626,0.0,9465.38331570626,0.0
6447.038853350202,0.0,0.0,13034.61965534186,0.0,16106.674824307946,0.0
0.0,0.0,0.0,15940.12663213874,0.0,20443.58405541693,0.0
0.0,0.0,0.0,18357.65918259528,0.0,18919.671396417943,0.0
0.0,0.0,0.0,20057.292890876386,0.0,17982.659781246777,0.0
0.0,0.0,0.0,21364.87004242942,0.0,14722.605264960148,0.0
0.0,0.0,0.0,22266.250486798643,0.0,14378.85692013485,0.0
0.0,0.0,0.0,22707.87492324247,0.0,11177.764187501567,0.0
0.0,0.0,0.0,22396.82255446437,0.0,11218.584165194201,0.0
0.0,0.0,0.0,21206.605557569186,0.0,12233.495149880422,0.0
9885.059043335199,0.0,0.0,19343.602058464596,0.0,6045.172231200208,0.0
16790.972880669167,0.0,0.0,18152.333059128498,0.0,1201.5273932023426,0.0
17830.328806471087,0.0,0.0,18018.8834553744,0.0,0.0,0.0
17830.328806471087,0.0,0.0,16523.090690643487,0.0,0.0,0.0
17830.328806471087,0.0,0.0,14965.786724367677,0.0,0.0,0.0
16248.986692536466,0.0,0.0,13780.179973463528,0.0,0.0,0.0
16416.398837367735,0.0,0.0,12940.434495632264,0.0,0.0,0.0
13503.129982895558,0.0,0.0,12193.203350104439,0.0,0.0,0.0
14507.074511907158,0.0,0.0,11694.925488092844,0.0,0.0,0.0
13375.864564295518,0.0,0.0,11283.468768704482,0.0,0.0,0.0
16086.32630534316,0.0,0.0,10634.507027656839,0.0,0.0,0.0
15221.101728454867,0.0,0.0,9666.231604545135,0.0,0.0,0.0
17830.328806471087,0.0,0.0,8630.256730236126,0.0,138.04087658137038,0.0
17191.419892423644,0.0,0.0,6481.077625956103,0.0,3167.835814620255,0.0
16358.4249422057,0.0,0.0,4465.193419188868,0.0,8770.71497160543,0.0
13198.934254454129,0.0,0.0,5211.310679779257,0.0,14340.921731766617,0.0
7144.722846279571,0.0,0.0,6303.072624704692,0.0,18680.537862015743,0.0
3163.6425843495977,0.0,0.0,7494.032211558166,0.0,21410.658537092237,0.0
823.4252445394511,0.0,0.0,8749.442418541432,0.0,22673.46566991911,0.0
0.0,0.0,0.0,10176.607494627184,0.0,22542.263201975322,0.0
0.0,0.0,0.0,10805.674013042342,0.0,21112.864836505178,0.0
0.0,0.0,0.0,11146.058685172844,0.0,18534.84176687619,0.0
2158.2913226024452,0.0,0.0,11532.081698489827,0.0,14750.960311907724,0.0
7704.570569763909,0.0,0.0,10668.728048234634,0.0,9975.034715001453,0.0
16449.5427824344,0.0,0.0,9727.804688586557,0.0,4929.485861979041,0.0
17830.328806471087,0.0,1140.1106437077794,10123.264782623459,0.0,983.6291001976774,0.0
17830.328806471087,0.0,3389.2407477122165,10877.42676776197,0.0,0.0,0.0
17830.328806471087,0.0,2774.1368972499886,10538.867629278926,0.0,0.0,0.0
17830.328806471087,0.0,1251.3627568206673,10041.641769708243,0.0,0.0,0.0
17830.328806471087,0.0,0.0,9644.448965768674,0.0,0.0,0.0
17830.328806471087,0.0,0.0,9002.541829324768,0.0,0.0,0.0
15136.955236859407,0.0,0.0,8458.378096140597,0.0,0.0,0.0
15082.915351304171,0.0,0.0,8003.417981695832,0.0,0.0,0.0
15359.921044414237,0.0,0.0,7324.412288585763,0.0,0.0,0.0
16022.536495735367,0.0,0.0,6546.796837264636,0.0,0.0,0.0
16845.66229448422,0.0,0.0,5923.671038515782,0.0,0.0,0.0
16949.785792388688,0.0,0.0,5326.969065782694,0.0,122.57847482862023,0.0
17014.647892694877,0.0,0.0,3888.85078781219,0.0,3218.667985492934,0.0
13322.094322074374,0.0,0.0,2801.6990888777977,0.0,9213.539922047832,0.0
7947.089045031344,0.0,0.0,3843.119622880922,0.0,15699.124665087735,0.0
3343.3644411057808,0.0,0.0,4464.296122989269,0.0,20932.672768904944,0.0
0.0,0.0,0.0,5404.755363913417,0.0,24472.13810181857,0.0
0.0,0.0,0.0,6725.853840956956,0.0,25463.14340505625,0.0
0.0,0.0,0.0,8385.480515235271,0.0,23115.472156887896,0.0
0.0,0.0,0.0,10255.445795198813,0.0,17545.19617919075,0.0
0.0,0.0,0.0,11992.147118897827,0.0,14853.460288035667,0.0
0.0,0.0,0.0,13155.073934825905,0.0,14408.398508918133,0.0
792.5407807535622,0.0,0.0,13442.332483690514,0.0,12517.460068555923,0.0
7832.584584398733,0.0,0.0,13208.014410602227,0.0,6319.734337999042,0.0
14476.94450355298,0.0,0.0,13239.698248822537,0.0,1402.6905806244852,0.0
17830.328806471087,0.0,0.0,14547.182576630787,0.0,0.5888629660138274,0.0
17830.328806471087,0.0,0.0,14362.122970775634,0.0,0.0,0.0
17830.328806471087,0.0,0.0,12988.207782948823,0.0,0.0,0.0
14669.5109956718,0.0,0.0,11908.822337328202,0.0,0.0,0.0
14149.269322058715,0.0,0.0,10754.06401094129,0.0,0.0,0.0
14043.51327532644,0.0,0.0,9810.82005767356,0.0,0.0,0.0
14263.93291439666,0.0,0.0,9104.400418603342,0.0,0.0,0.0
14765.602116204353,0.0,0.0,8535.73121679565,0.0,0.0,0.0
15680.340884549858,0.0,0.0,8305.992448450139,0.0,0.0,0.0
17830.328806471087,0.0,406.68961396626213,8455.314912562653,0.0,0.0,0.0
17830.328806471087,0.0,3208.456871557058,8443.86665070571,0.0,154.68100426614822,0.0
17830.328806471087,0.0,4815.962241280774,6901.538248588713,0.0,3132.504036659426,0.0
17830.328806471087,0.0,3260.12644321045,4806.846682498111,0.0,8829.03140082035,0.0
17315.767748402388,0.0,0.0,5620.323040554921,0.0,14934.742544042689,0.0
10816.341335588671,0.0,0.0,5091.784637743068,0.0,20049.20735966826,0.0
8915.748320765842,0.0,0.0,4032.0468847688257,0.0,23380.538127465334,0.0
7214.083331583457,0.0,0.0,3661.401671838068,0.0,25102.848329578483,0.0
5617.911049805811,0.0,0.0,3981.2722963708493,0.0,25521.149986823344,0.0
5277.77087069258,0.0,0.0,4751.461848109092,0.0,24371.100614198327,0.0
6473.1304372996565,0.0,0.0,5894.338735163385,0.0,21738.864160536967,0.0
9376.82927427578,0.0,0.0,7232.238310013199,0.0,17542.265748711015,0.0
12677.11918184306,0.0,0.0,8788.799686330723,0.0,12120.414464826214,0.0
16675.35315384499,0.0,0.0,10470.982530592055,0.0,6167.997648562962,0.0
17830.328806471087,0.0,2940.3479444224467,12204.249375733987,0.0,1391.4072063724786,0.0
17830.328806471087,0.0,6320.326356965326,12664.500443631556,0.0,1.177725932027655,0.0
17830.328806471087,0.0,3928.8494768129053,12023.212132152892,0.0,0.0,0.0
17830.328806471087,0.0,1333.8083736902033,11677.196152838704,0.0,0.0,0.0
17830.328806471087,0.0,0.0,11995.117478730981,0.0,0.0,0.0
16821.989324251965,0.0,0.0,12172.844008748032,0.0,0.0,0.0
15104.659662873722,0.0,0.0,12838.17367012628,0.0,0.0,0.0
13573.303084934241,0.0,0.0,13898.530248065761,0.0,0.0,0.0
13631.653644242191,0.0,0.0,13708.17968875781,0.0,0.0,0.0
11354.947870304197,0.0,0.0,14016.385462695805,0.0,0.0,0.0
15715.572854747183,0.0,0.0,14251.260478252814,0.0,0.0,0.0
17830.328806471087,0.0,0.0,14159.860030886799,0.0,148.26049837864264,0.0
17830.328806471087,0.0,442.29181057174156,12299.022419160556,0.0,2817.690296796615,0.0
11810.137432676254,0.0,0.0,15156.477637406515,0.0,8223.718262917233,0.0
1747.6385301281236,0.0,0.0,19587.66662475542,0.0,14455.028178116452,0.0
0.0,0.0,0.0,21558.252844067054,0.0,15508.913821932936,0.0
0.0,0.0,0.0,22526.126030951356,0.0,16092.707302048646,0.0
0.0,0.0,0.0,23656.595477452578,0.0,12287.737855547419,0.0
0.0,0.0,0.0,24944.463053862703,0.0,12132.370279137293,0.0
0.0,0.0,0.0,26311.818697057966,0.0,9044.34796894204,0.0
0.0,0.0,0.0,28003.778975770092,0.0,5983.554357229911,0.0
0.0,0.0,0.0,30413.14303668546,0.0,3347.19029631454,0.0
0.0,0.0,0.0,33147.5139693451,0.0,35.81936365490445,0.0
0.0,0.0,0.0,35147.246844519555,0.0,0.0,0.0
0.0,0.0,0.0,34947.1653947887,0.0,1379.6679382112998,0.0
1223.1296506161968,0.0,0.0,35271.259367553736,0.0,2.944314830069137,0.0
0.0,0.0,0.0,34740.55507736353,0.0,0.0,0.0
0.0,0.0,0.0,32984.670179742076,0.0,0.0,0.0
0.0,0.0,0.0,30414.751981595087,0.0,0.0,0.0
0.0,0.0,0.0,28236.36433895571,0.0,0.0,0.0
1439.202072292999,0.0,0.0,26402.631260707,0.0,0.0,0.0
431.409657509109,0.0,0.0,24603.923675490892,0.0,0.0,0.0
4205.126776851493,0.0,0.0,23056.706556148507,0.0,0.0,0.0
2616.318503191779,0.0,0.0,22769.01482980822,0.0,0.0,0.0
5108.643854172857,0.0,0.0,22541.689478827146,0.0,0.0,0.0
9994.796381124319,0.0,0.0,22650.664555205993,0.0,187.37239666969006,0.0
6654.660589427199,0.0,0.0,25662.42377853466,0.0,3536.748965038144,0.0
0.0,0.0,0.0,32693.358327355145,0.0,4806.475005644844,0.0
0.0,0.0,0.0,34083.17731678863,0.0,4188.6560162113765,0.0
0.0,0.0,0.0,32661.519782893523,0.0,5658.313550106468,0.0
0.0,0.0,0.0,30477.09859684307,0.0,8124.734736156933,0.0
0.0,0.0,0.0,28853.209064307383,0.0,9313.62426869262,0.0
0.0,0.0,0.0,27977.819268478263,0.0,9182.014064521736,0.0
0.0,0.0,0.0,27231.547301646562,0.0,9536.286031353435,0.0
0.0,0.0,0.0,26963.10103172526,0.0,9620.732301274738,0.0
0.0,0.0,0.0,27481.738235093264,0.0,9067.095097906738,0.0
0.0,0.0,0.0,28189.395524093965,0.0,7696.437808906039,0.0
0.0,0.0,0.0,28144.035654141837,0.0,7008.931955189807,0.0
8215.417309869476,0.0,0.0,26596.478181068564,0.0,1753.937842061959,0.0
10438.366733149152,0.0,0.0,26008.22316911101,0.0,6.743430739835764,0.0
11700.048872216215,0.0,0.0,25043.784460783787,0.0,0.0,0.0
8111.280120787779,0.0,0.0,23238.053212212213,0.0,0.0,0.0
10456.32405545562,0.0,0.0,20984.509277544388,0.0,0.0,0.0
8084.496593104945,0.0,0.0,19028.83673989505,0.0,0.0,0.0
