Price
52.38
-70.64940724261372
-70.64940724261372
-70.64940724261373
-70.64940768485651
-70.64940768485651
-70.64940768485651
-70.64940768485651
-70.6494076848565
-14.009016166533167
-14.00901616653317
-14.009016166533161
-70.64940768485651
-70.6494076848565
-70.64940768485651
-70.6494076848565
-70.64940768485651
-70.64940768485651
-70.64940768485651
-70.6494076848565
52.379999999999995
52.37999999999999
52.38000000000001
52.38
-70.64709352530942
-70.64940768485651
-70.6494076848565
-70.64940768485651
-70.64940768485651
-70.64940768485651
-70.64940768485653
-70.64940768485651
52.38
52.38000000000001
52.38
52.38000000000001
52.38
52.38000000000001
52.38
52.38
52.38
52.38
-20.193199999999994
-25.41079999999999
74.12
74.12
74.12
74.12
74.12
74.12
74.12
74.12
74.12
74.12
52.38
52.379999999999995
52.379999999999995
52.38
52.38
52.38
52.38
-70.6366078735996
-70.64940768485653
-70.64940768485653
-70.64940768485651
-70.64940768485651
-70.64940768485651
-70.64940768485653
52.38
52.38
74.12
74.12
52.379999999999995
52.38
52.38
52.38
74.12
52.38
-3.670799999999997
52.38
52.38000000000001
74.12
74.12
74.12
52.38
52.38
52.38
74.12
74.12
74.12
52.38
52.379999999999995
74.12
74.12
74.12
74.12
52.38
52.38
52.38
74.12
74.12
52.38
52.38
52.38
74.12
74.12
74.12
52.38
-70.6470935253094
-70.64709352530942
-70.64940768485651
-70.64940768485651
-70.64940768485651
-70.6494076848565
-70.64940768485651
-70.64940768485651
-70.64940768485651
52.38
52.38
52.38
52.38
52.38
52.38
52.38
52.38
-20.193199999999994
-43.111053676253086
52.38
74.11999999999999
74.12
74.12000000000002
74.12
74.12
52.38
52.38
74.12
74.11999999999999
52.38
52.38
52.38
74.12
74.12000000000002
74.12
74.12
74.12
52.38
52.38
74.12
74.12000000000002
52.38000000000001
52.38
52.38
74.12
74.12
74.12000000000002
74.11999999999999
74.12
74.12
74.12
74.12
74.12
74.11999999999999
74.12
74.12
74.12
176.4890914990708
176.48909149907078
74.12
74.12
74.12
74.12
74.12
74.12
74.12
74.12
74.12
74.12
20326.363281732334
20326.363281732334
74.12
74.12
74.12
74.12
74.12
74.12
74.12
74.12
74.11999999999999
74.12
176.4763157894737
74.12
74.12
74.12
74.12
74.12
74.12
74.12
52.379999999999995
52.38
52.38
74.12
74.12
74.12
74.12
52.38
52.379999999999995
52.379999999999995
52.38
52.38
52.38000000000001
52.38
52.38
52.379999999999995
52.38
52.38
52.38
-58.539917840490965
-58.539917840490965
-70.64940768485651
52.38
52.38
52.379999999999995
-54.57454184049095
-70.64940768485651
74.12
74.12
74.12
52.38
52.38
-69.95190106982106
-70.64940768485651
-67.74313012220877
-10.185697529222065
-67.74313012220878
-70.6494076848565
-70.64940768485651
52.379999999999995
52.38
52.38
-70.6486704157281
-70.64940768485653
-70.64940768485651
-70.64940768485651
-70.64940768485651
-70.64940768485653
-70.64940768485651
-70.64940768485651
-70.64940768485653
52.38
52.38
52.38
52.38
52.38
52.38
52.379999999999995
74.12
74.11999999999999
74.12
52.38
52.38
74.12
74.12
74.12
74.12
52.38
52.38
52.38000000000001
74.12
74.12
52.38
-3.670799999999997
-3.670799999999997
74.12
74.12
74.12
74.12
52.38
52.38
52.38
52.38
52.38000000000001
-3.6707999999999976
-3.6707999999999976
52.379999999999995
74.12
74.12
74.12
74.12
52.379999999999995
52.38000000000001
52.38
52.38
52.38
-3.6707999999999985
-3.6707999999999985
-3.670799999999998
52.38
74.12
74.12
52.38
52.38
52.38
52.38
52.38
74.12
52.38000000000001
-3.6707999999999985
52.38000000000001
52.379999999999995
74.12
74.12
52.38
52.38
-20.193199999999997
-20.193199999999994
52.38
52.38
52.38
-20.193199999999997
-25.4108
74.12
74.12
74.12
74.12
52.38000000000001
52.38
52.38
74.12
74.12
52.38
-3.6707999999999994
52.38
74.12
74.12
74.12
52.38
52.38
52.38
-20.193200000000008
52.38
52.38
-70.64940768485651
-70.64940768485651
-70.64940768485653
-70.64940768485651
52.38
52.38
52.38
-20.193200000000004
-20.193200000000004
-20.193200000000004
52.38
52.38
-70.64940768485651
-70.64940768485651
-70.64940768485651
-70.64940768485651
-70.64940768485651
-70.64940768485651
-70.64940768485651
-70.64940768485651
-70.64940768485651
-70.64940768485651
-70.64940768485651
-70.64940768485651
-70.64940768485651
-70.64940768485651
-70.64940768485651
-70.64940768485651
52.38
52.38
52.38
52.38
52.38
52.38
52.38
52.38
-20.193199999999994
-20.193199999999997
-25.41079999999999
52.38
74.12000000000002
74.12
74.12
52.38
52.38
52.38
74.12
74.12
74.12000000000002
52.38
52.38
74.12
74.12
74.12
74.12
52.38
52.38
52.38
74.11999999999999
74.12
52.38
-58.53991784049096
-70.64940768485651
52.38000000000001
52.38
52.38
-70.64805342381052
-70.64805342381054
-70.64940768485651
-70.64940768485651
-70.64940768485651
-70.6494076848565
-70.64940768485651
-70.64940768485651
-70.64940768485651
-70.64940768485651
52.38
74.12
52.38
52.38
52.38
74.12
74.12
74.12
52.38
52.38
52.38
74.12
74.12
74.12
74.12
74.12
74.12
74.12
74.12
74.12
74.11999999999999
74.12
74.12
74.12
22743.948238610723
22743.948238610723
74.12
74.12
74.12
74.11999999999999
74.11999999999999
74.11999999999999
74.12
74.12
74.12
74.12
176.4763157894737
74.11999999999999
74.12
74.12
74.12
74.12
74.12
74.12
74.12
74.12
74.12
74.12
74.12
176.47631578947372
74.12
74.12
74.12
74.12
74.12
74.12
74.12
74.12
74.12
74.12
176.4763157894737
176.47631578947366
74.12
74.12
74.12
74.12
74.12
74.11999999999999
74.12
74.12
74.12
74.12
176.4763157894737
176.47631578947366
74.12
74.12
74.12
74.12
74.12
74.11999999999999
74.12
74.12
74.12
74.11999999999999
176.47631578947366
74.12000000000002
74.12
74.12
74.12
74.12
74.11999999999999
74.12
74.12
74.12
74.12
74.12
74.12
74.12
74.12
74.12
74.12
74.12
74.12
74.12
74.12
74.12
74.12
74.12
74.12
74.12
74.12
74.12
74.12
74.11999999999999
74.12
74.12
74.12
52.38
52.38
74.12
74.12
74.12000000000002
74.12
74.12
74.11999999999999
74.12
74.12
74.12
52.38
52.38
52.38
52.38
74.11999999999999
74.12
74.12
74.12
74.12
74.12
74.12
74.12
52.38
52.38
52.38
74.12
74.12
74.12
74.12
74.12
74.11999999999999
74.12
74.12
74.12
52.38
52.38
52.379999999999995
74.12
74.12
74.12
74.12
74.12
74.12
74.12
74.12
74.11999999999999
74.12
74.12
74.12
74.12
74.11999999999999
74.12
74.12
74.12
52.38
52.379999999999995
74.12
74.12
52.38
52.38
52.38
74.12
74.12
74.12
74.12
74.12
52.38
52.38
74.12
74.12
52.38
52.38
52.38000000000001
74.12
74.12
74.12
74.12
74.12
74.12
74.12
74.12
74.12
52.38
-20.193199999999994
-20.193199999999997
52.38000000000001
52.38
52.379999999999995
52.38
-70.64633573015486
-70.6494076848565
-70.64940768485651
-70.6494076848565
-70.64940768485651
-70.64940768485651
-70.64940768485651
-70.64940768485651
52.38
74.12
74.12
74.12
74.12
74.11999999999999
74.12
74.12
74.12
74.12
52.38
74.12
74.11999999999999
74.12
74.12
52.38
52.38
52.38
52.379999999999995
52.38000000000001
52.379999999999995
-67.74313012220878
-70.64940768485651
-70.64940768485651
52.38
52.38
52.38000000000001
52.38
-20.193199999999994
-20.193199999999997
-25.410799999999995
52.38
52.379999999999995
52.379999999999995
-3.6707999999999976
52.38
74.12
74.12
74.12
74.12
52.38
52.38
52.38000000000001
74.12
74.12
52.38
-3.670799999999997
52.379999999999995
52.38
74.12
74.11999999999999
74.12
74.12
74.12
52.38
74.12
74.12
-66.79143988220878
-70.64940768485653
-70.6494076848565
52.38
74.12
74.12
74.12
74.12000000000002
74.12
74.12
74.12
74.12
52.38000000000001
-3.6707999999999976
-3.670799999999997
52.38000000000001
74.12
74.12
52.379999999999995
52.38000000000001
52.38
52.38
52.38
52.38
-66.79143988220879
-70.64940768485651
-70.64940768485651
52.38
52.38
74.12
52.38
52.38
52.38
52.38
74.11999999999999
74.12
52.38
52.38
-3.6707999999999985
52.38
74.12
74.12
52.38000000000001
-20.193199999999994
-20.193199999999994
-20.193199999999994
52.38
52.38000000000001
-66.79143988220879
-70.64940768485651
-70.6494076848565
52.38000000000001
74.12
74.12
74.12
74.12
74.11999999999999
74.12
74.12
74.11999999999999
74.12
52.38
52.38
74.12
74.12
74.12
74.12
74.12
74.12
74.12
74.12
74.12
52.38
52.379999999999995
52.38
74.12
74.12
74.12
74.12
74.12
74.12
74.12
74.12
74.12
52.38000000000001
52.38
52.38
74.12
74.11999999999999
74.12
74.12
74.12
74.12
74.12
74.12
74.12
74.12
74.12
74.12
74.12
74.12
74.12
74.12
74.11999999999999
74.12
74.11999999999999
74.12
52.38
52.38
52.38
52.38
74.12
74.12
74.12
74.12
74.12
74.12
74.12
74.12
74.12
52.379999999999995
52.379999999999995
52.38
74.12
74.11999999999999
74.12
74.12
74.12
74.12
74.12
74.12
74.12
52.38
52.379999999999995
52.38
74.12
74.11999999999999
74.12
74.12000000000002
52.38
52.38
52.38
74.12
74.12
52.38
-3.670799999999998
52.38
74.12
74.12
74.12
74.12
74.12
74.11999999999999
74.12
74.12
74.12
52.38
52.38
52.38
74.12
74.12
74.12
74.12
74.12
74.12
74.12
74.12
74.12
74.12
52.38
52.38
74.12
74.12
74.12
74.12
74.12
74.12
74.12
74.12
74.12
52.379999999999995
52.38
52.379999999999995
74.12
74.12
74.12
74.12
74.12
74.12
74.11999999999999
74.11999999999999
74.12
52.38
52.38
52.38
74.12
74.12000000000002
74.12
52.38
52.38
-20.193199999999994
52.38
52.38
52.38
-66.79143988220878
-70.64940768485651
-70.64940768485653
52.38
74.12
74.12
52.38
52.38
52.38
52.38000000000001
52.38000000000001
52.38
-70.64940768485651
-70.64940768485653
-70.64940768485651
52.38
74.12
74.12
74.12
52.38
74.11999999999999
74.12
74.12
74.11999999999999
52.38
52.38
52.38
74.11999999999999
74.12
74.12
74.12
74.12
74.12
74.12
74.12
74.11999999999999
52.38
52.38
52.38
74.11999999999999
74.12
74.12
74.12
74.12
74.12
52.379999999999995
74.12
74.12
52.38
-3.6707999999999976
-3.6707999999999976
52.38
74.11999999999999
74.12
74.12
74.12
52.38
52.38
52.38
52.38
-3.6707999999999976
-3.6707999999999976
-3.6707999999999976
52.38
74.12
74.12000000000002
74.12
74.12
74.12
52.38
60.50492445786105
52.38
52.38
-3.670799999999999
52.38
52.38
74.11999999999999
74.12
74.11999999999999
52.38
52.37999999999999
52.38
74.12
74.12
52.38
-3.670799999999999
52.38
74.12
74.12
74.12
74.12
74.12
74.12
74.12
74.12
74.12
52.38
-3.6707999999999967
52.379999999999995
74.11999999999999
74.11999999999999
74.12
74.12
74.12
74.12
74.12
74.12
74.12
74.12
74.12
74.11999999999999
74.12
74.11999999999999
74.12
74.12
74.12
74.12
74.12
74.12
74.12
52.38
52.38
52.38
74.12
74.12
74.12
74.12
52.38000000000001
52.38
52.38000000000001
52.38
52.38
52.38
-3.6707999999999976
52.38
74.12
74.12
74.12
74.12
74.12
74.11999999999999
74.12
74.12
52.38
-3.670799999999997
-3.6707999999999976
-3.6707999999999976
52.38
74.12
74.12
74.12
74.12
74.12
74.12
74.12
74.12
52.38
52.38000000000001
52.38
52.38
74.12
74.12
52.38
52.38
52.38
52.38
74.12
52.38000000000001
-3.6707999999999976
-3.6707999999999945
52.38
52.38
74.12
74.12
74.12
74.12
74.12
74.12
74.12
74.12
52.379999999999995
52.38
52.38
74.12
74.12
74.12
74.12
74.12
74.12
74.12
74.12
74.11999999999999
52.38
52.379999999999995
52.38000000000001
74.12
74.12
74.12
74.12
74.12
52.38000000000001
52.379999999999995
52.38
-70.48200609724799
-70.6494076848565
-70.64940768485651
-70.64940768485651
-70.64940768485651
-70.64940768485653
-70.64940768485651
-70.64940768485651
-70.64940768485651
-70.64940768485651
-70.6494076848565
-70.64940768485651
-70.64940768485651
-70.64940768485651
-70.64940768485653
-70.64940768485651
-70.64940768485651
-70.64940768485651
-70.6494076848565
-70.64940768485651
-70.64940768485651
-70.6494076848565
-70.64940768485651
-70.64940768485651
-70.64940768485651
-70.64940768485651
-70.64940768485651
-70.6494076848565
-70.64940768485651
52.38
52.38
52.38
-70.60923130383047
-70.60923130383048
-13.956883294513762
-13.956883294513768
-70.64940768485651
-70.64940768485651
-70.64940768485651
-70.64940768485651
-70.64940768485653
52.379999999999995
52.38
52.38
52.38
52.379999999999995
52.38000000000002
52.38
-70.48200609724799
-70.64940768485651
-70.64940768485651
-70.6494076848565
-70.64940768485651
52.38
52.38
52.38
52.38
52.38
52.38
52.379999999999995
52.38000000000001
-66.79143988220878
-70.64940768485651
-70.64940768485651
52.38
74.12
74.12
74.12
74.12
74.12
74.12
74.12
52.38
52.38
52.38
52.38
74.12
74.12
74.12000000000002
74.12
74.12
74.12
74.12
74.12
74.12
52.38
-3.670799999999997
-3.6707999999999976
52.38
74.12
74.11999999999999
52.38
52.38
74.12
74.12
74.12
52.38
52.379999999999995
-20.193199999999997
-20.193199999999994
52.38
52.38
52.38000000000001
52.38
52.38
-20.193200000000004
-20.193200000000004
52.379999999999995
-70.427188739424
-70.6494076848565
-70.64940768485651
-70.6494076848565
-70.64940768485651
74.12
74.12
74.12
52.38000000000001
52.38
52.38
52.38000000000001
52.379999999999995
-69.95190106982105
-70.64940768485651
-70.6494076848565
-70.64940768485651
52.38
52.38
52.38
-70.64937569391493
-70.64937569391493
-70.64937569391495
-14.009704860414374
-70.64940768485651
-70.64940768485651
-70.64940768485653
-70.64940768485651
-70.64940768485651
-70.6494076848565
-70.64940768485651
-70.64940768485653
-70.64940768485651
-70.64940768485651
52.38
52.38000000000001
52.38
-70.6494076848565
-70.64940768485651
-70.64940768485651
52.379999999999995
74.12
74.12000000000002
74.12
74.12
74.11999999999999
74.12
74.12
74.12
52.38000000000001
52.38
52.38
74.12
74.12
74.12
74.12
74.12000000000002
74.12
74.11999999999999
74.12
52.38
-3.6707999999999976
-3.6707999999999976
52.379999999999995
74.11999999999999
74.12
74.12
74.12
74.12
74.12
74.12
74.12
74.12
52.38000000000001
52.38
74.12
74.12
74.12
74.12
74.11999999999999
74.12
74.12
74.12
74.12
74.12
52.38000000000001
52.38
52.38
74.12
74.12
74.12
74.12
74.12
74.12
74.12
74.12
52.38
-67.7431301222088
-67.74313012220878
-70.64940768485651
-70.64940768485651
52.38
52.38
52.38
52.38000000000001
52.38
52.38
52.38000000000001
52.38000000000001
-66.79143988220878
-70.64940768485651
-70.6494076848565
52.38
74.12
74.12
74.11999999999999
74.12
74.12
74.12
74.12
74.12
52.38
52.38
52.379999999999995
74.12
74.12
74.11999999999999
74.11999999999999
74.11999999999999
74.12
74.12
74.12
74.12
52.38
-3.6707999999999985
52.379999999999995
74.12
74.12
74.12
74.12
74.12
74.12
74.12
74.12
52.38
52.38
-3.6707999999999985
-3.6707999999999976
52.38
74.12
74.12
74.12000000000002
74.11999999999999
74.12
74.11999999999999
74.12
74.12
52.38000000000001
52.38
-3.6707999999999976
52.38000000000001
74.12
74.12
74.12
52.38000000000001
52.38
52.379999999999995
52.38
-69.95190106982105
-69.95190106982105
-70.64940768485651
-70.6494076848565
-70.64940768485651
52.38000000000001
52.38000000000001
52.379999999999995
52.38
52.38
52.38
52.38
52.38
-70.64940768485651
-70.64940768485651
-70.64940768485651
-70.64940768485651
74.12
74.12
74.12
74.11999999999999
74.12
74.12
74.12
52.379999999999995
-69.95190106982106
-70.64940768485651
-70.64940768485651
-70.64940768485651
52.38000000000001
52.38
52.38
52.38
52.38
52.38
52.38000000000001
-70.64940768485653
-70.64940768485651
-70.64940768485653
-70.64940768485651
-70.64940768485651
52.379999999999995
74.12
74.12
52.38000000000001
74.12
74.12
74.12
52.38
-70.64940768485651
-70.6494076848565
-70.64940768485651
-3.670799999999997
74.12
74.12
74.12
52.38000000000001
52.38
52.38
74.12
-69.72349541222107
-70.64940768485651
-70.64940768485651
-70.6494076848565
52.38000000000001
74.12
74.12
74.12
74.12
74.12
74.12
74.12
52.38
-69.95190106982106
-70.64940768485651
-70.64940768485651
-70.64940768485651
52.379999999999995
52.38
52.38
52.38
52.38
52.38000000000001
52.379999999999995
52.38
-66.79143988220878
-70.6494076848565
-70.64940768485651
52.38
74.12
74.12
74.12
52.38
52.38
52.38
52.38
-69.72349541222106
-70.64940768485651
-70.64940768485651
-70.64940768485651
52.38000000000001
74.12
74.12
52.38
52.38
52.38
52.38
74.12
52.38
-66.79143988220879
-70.6494076848565
-70.64940768485653
52.379999999999995
74.12
74.12
74.12
74.12
74.12
74.12
74.11999999999999
74.12
52.38
52.379999999999995
52.38
52.38
52.38
52.38000000000001
52.38
52.38
52.38
52.379999999999995
52.38
-70.6494076848565
-70.64940768485651
-70.64940768485651
-70.64940768485651
-70.64940768485651
-70.64940768485651
-70.64940768485651
-70.64940768485651
-70.64940768485651
-70.64940768485651
-70.64940768485653
-12.791441331869798
-70.64940768485651
-70.64940768485651
-70.64940768485653
52.38
52.38
74.12
74.12
74.12
74.12
74.12
74.12
74.12
74.12
52.38
52.379999999999995
52.379999999999995
74.12
74.12
74.12
74.12
74.12
74.12
74.12
74.12
52.38
52.38000000000001
52.38
52.38
52.38
74.12
74.12
74.12
74.12
74.12
74.12
74.12
52.38
52.38
-3.6707999999999976
52.38
52.38
74.12
74.12
74.12
74.11999999999999
74.11999999999999
74.12
74.12
74.12
52.38000000000001
52.38
52.379999999999995
74.12
74.12
74.12
74.12
74.12
74.12
74.12
74.12
74.12
52.38
52.38000000000001
52.38
74.12
74.12
74.12
74.12
74.12
74.12
74.12
74.12
52.379999999999995
52.38000000000001
-3.670799999999998
52.38
52.38
74.12
74.12
74.12
52.38
52.38
74.12
74.12
52.38
52.38
-3.6707999999999976
52.38
52.38
74.12
74.12
74.12
74.12
74.12
74.12
74.12
74.12
52.38
52.38
52.379999999999995
74.12
74.12
74.12
74.12
74.12
74.12
74.12
74.12
52.379999999999995
52.38
52.38
52.38
52.379999999999995
74.12
74.12
74.12
74.12
74.12
74.12
74.12
52.38
-66.79143988220879
-70.64940768485651
-70.64940768485651
52.38
74.11999999999999
74.12
74.12
74.12
74.12
74.12
74.12
52.38
52.38000000000001
-3.6707999999999985
-3.6707999999999985
52.38000000000001
74.12
74.12
74.12000000000002
74.12
74.12
74.12000000000002
74.12
52.38
-69.72349541222106
-70.6494076848565
-70.64940768485651
-70.64940768485653
52.379999999999995
52.38
52.38
52.38
74.11999999999999
74.11999999999999
74.12
52.38
52.38
-3.670799999999998
-3.670799999999998
52.38
74.12
74.12
74.12
52.38
52.38
74.12
74.12
52.379999999999995
52.38
-3.6707999999999985
-3.670799999999999
52.38
74.12
74.11999999999999
74.12
74.12
52.379999999999995
74.11999999999999
74.12
52.38
52.38
52.379999999999995
52.38
74.12
74.12
74.12
74.12
74.11999999999999
74.12
74.12
74.12
52.38
-66.79143988220878
-70.64940768485651
-70.64940768485651
52.38
74.11999999999999
74.12
74.12
52.38
52.38
52.38000000000001
52.38
-70.64940768485653
-70.64940768485651
-70.64940768485651
-70.6494076848565
-70.64940768485651
-70.64940768485651
52.38
52.38
52.38
52.38
52.38000000000001
52.38
-70.48200609724799
-70.64940768485651
-70.64940768485651
-70.6494076848565
-70.64940768485651
52.379999999999995
52.379999999999995
52.38
52.38
52.38
52.38
52.38000000000001
-66.79143988220878
-66.79143988220878
-70.64940768485651
-70.64940768485651
52.38
74.12
74.12
74.11999999999999
52.38
52.38
52.38
74.12
52.38
52.38
52.38
52.38
74.11999999999999
74.12
74.12
74.12
74.12
74.12000000000002
74.12
74.12
52.38
52.379999999999995
52.38
52.379999999999995
74.12
74.12
74.12
74.12
74.12
74.12
74.12
74.12
74.12
52.38
52.38
52.38
74.12
74.12
74.12000000000002
74.12
74.12
74.12
74.12
74.11999999999999
74.11999999999999
52.38
52.379999999999995
52.38000000000001
74.12
74.11999999999999
74.11999999999999
74.12
74.12
74.12
74.11999999999999
74.12
52.38
52.38
52.38
52.38000000000001
74.12
74.12
74.12
74.12
74.12
74.12
74.12
74.12
74.12
52.38
52.38
52.38
74.12
74.12
74.12
74.12
74.12
74.12
74.11999999999999
74.12
74.12
52.38
52.379999999999995
52.38
74.12
74.12
74.12
74.12
74.12
74.12
74.12
74.12
74.12
52.38
52.38000000000001
52.38
52.38
74.12
74.12
74.12000000000002
74.12000000000002
74.12
74.12
74.12
74.11999999999999
52.38
52.38
52.38
74.11999999999999
74.12
74.12
74.12
74.12
74.12
74.11999999999999
74.12
74.12
74.12
52.38000000000002
74.12
74.12
74.12
74.12
74.12
74.12
74.12
74.12
74.12
74.12
52.38
52.38000000000001
52.38000000000001
74.12
74.12
74.12
74.12
74.11999999999999
74.12
74.12
74.12
52.38
-3.6707999999999976
-3.670799999999997
-3.6707999999999985
52.38
74.12
74.12
74.12
74.12
74.12
74.12
74.12
74.12
52.38
52.379999999999995
52.379999999999995
74.12
74.12
74.12
74.12
74.12
74.12
74.12
74.12
74.12
52.38
-3.670799999999998
52.38
74.12
74.12
74.12
74.12
74.12
74.12
74.12
74.12
74.11999999999999
52.379999999999995
-3.6707999999999976
52.38
74.11999999999999
74.12
74.12
74.12
74.12
74.12
74.12
74.12
74.12
52.38
52.38
52.38
52.38000000000001
74.12
74.12
74.12
74.12
74.12
74.12
74.12
74.12
52.38
52.38
52.38
52.38
74.12
74.12
74.11999999999999
52.38000000000001
52.38
52.38
52.38
52.38
-3.670799999999998
-3.6707999999999976
52.38
52.38000000000001
74.11999999999999
74.12
52.38
52.38
52.38000000000001
52.38000000000001
52.379999999999995
52.38
-3.670799999999997
-3.6707999999999976
-3.6707999999999967
-3.670799999999997
52.38
74.12
74.11999999999999
74.12
74.12
74.12
74.12
74.12
52.38
52.38
52.38
74.12
74.12
74.12
74.11999999999999
74.12
74.11999999999999
74.12
74.12
74.12
52.379999999999995
52.38000000000001
52.38
74.12
74.12
74.12
74.12
74.12
74.12
74.12
74.12
74.12
52.38
52.38
52.379999999999995
74.12
74.12
74.12
74.12
74.12
52.38
74.12
74.12
52.38
52.38
-20.193199999999997
-20.193199999999997
52.38
52.38000000000001
52.38000000000001
52.38
52.38
52.38
52.38000000000001
52.38
52.38
-20.193199999999997
-20.193199999999994
-20.193199999999997
52.38
52.38000000000001
52.38
52.38
52.38
52.38
52.379999999999995
52.38000000000001
52.38
-20.193199999999994
-20.193199999999997
-25.41079999999999
52.38
74.12
74.12
74.12
74.12
74.12
74.12
74.12
52.38
-3.670799999999997
-3.670799999999998
-3.670799999999998
52.38
74.12
74.12
74.12
74.12
74.12
74.12
74.12
74.12
52.38000000000001
52.38
52.38
74.12
74.11999999999999
74.12
74.12
74.12
74.12
74.12
74.11999999999999
74.12
52.38
52.38
52.38
52.38
74.12
74.12
74.12
74.11999999999999
74.12
74.12
74.12
52.38
52.38
-3.6707999999999985
-3.670799999999999
52.38
74.12
74.12
74.12
74.12
74.12
74.12
74.12
74.12
74.12
52.38
74.12
74.12
74.12
74.12
74.12
74.12
74.12
74.12
74.12
74.12
74.12
52.38
52.38
74.12
74.12
74.12
74.12
74.12
74.12
74.12
74.12
52.38
52.38
52.38
52.38000000000001
52.38
74.12
74.12
74.12
74.12
74.12
74.12
74.12
52.38
52.38
52.38
-3.670799999999998
52.38
74.12
74.12
74.12
74.12
74.12
74.12
74.12
52.38
-69.72349541222107
-70.64940768485651
-70.64940768485651
-70.64940768485651
74.12
74.12
74.12
52.38
52.38
52.38
52.38
-70.64940768485651
-70.64940768485651
-70.64940768485651
-70.64940768485651
-70.64940768485651
-70.64940768485651
52.38
52.38
52.37999999999999
52.38
52.38
52.38
-70.427188739424
-70.64940768485651
-70.64940768485651
-70.64940768485651
-70.6494076848565
74.12
74.12
74.11999999999999
74.12
74.12
74.12
74.12
52.38
52.38
-3.6707999999999976
-3.670799999999997
52.38
74.12
74.12
74.12
74.12
74.12
74.12
74.12
74.12
52.38
52.379999999999995
52.38
74.12
74.12
74.12
74.12
74.12
74.11999999999999
74.12
74.12
52.379999999999995
52.38
52.38000000000001
52.38
74.12
74.12
74.12
74.12
74.12
74.11999999999999
74.12
74.12
52.38
52.38
52.38
52.38
52.38000000000002
74.12
74.12
74.12
74.12
74.12
74.12
74.12
74.12
74.12
52.379999999999995
74.12
74.12
74.12
74.12
74.11999999999999
74.12
74.12
74.12
74.12
74.12
74.12
52.38
74.12
74.12
74.12
74.12
74.12
74.12
74.12
74.12
74.12
74.12
74.12
52.38
74.12
74.12
74.12
74.11999999999999
74.12
74.12
74.12
74.12
74.11999999999999
74.12
74.12
74.12
74.11999999999999
74.12
74.12
74.12
74.11999999999999
74.11999999999999
74.12
74.12
74.12
74.12
74.12000000000002
52.379999999999995
74.12
74.12
74.12
74.12
74.12
74.12
74.12
74.12
74.12
52.379999999999995
52.38
52.38
52.38000000000001
52.38
74.12
74.12
74.12
74.12
74.12
74.12
74.12
52.38
52.38
-3.670799999999998
52.38
52.38
74.12
74.12
74.12
74.12
74.12
74.12
74.12
74.12
74.12
52.38
74.12
74.12
74.12
74.12
74.12
74.12
74.12
74.12
74.12
74.12
74.12
52.38
52.379999999999995
74.12
74.12
74.12
74.12
74.12
74.12
74.12
74.12
74.12
52.38
-54.57454184049094
-70.64940768485651
-3.670799999999986
74.12
74.12
74.12
52.38
74.12
74.11999999999999
74.12
52.38
52.38000000000001
52.38
52.38
74.12000000000002
74.12
74.12
74.12
74.12
74.12
74.12
74.12
74.12
74.12
52.379999999999995
52.38
74.12
74.12
74.12
74.12
74.12
74.12
74.12
74.12
52.37999999999999
52.38
-3.6707999999999976
-3.6707999999999976
52.38
74.12
74.12
74.12
74.12
74.12
74.12
74.12
52.38
-54.574541840490944
-54.57454184049095
-70.64940768485651
52.38000000000001
74.12
74.12
74.12
74.11999999999999
74.12
74.12
74.12
74.11999999999999
52.38
52.38
52.38
74.12000000000002
74.12
74.12
74.12
74.12
74.12
74.12
74.12
74.12
52.38
52.38
74.12
74.12
74.12
74.11999999999999
74.11999999999999
74.12
74.12
74.12
74.12
74.12
74.12
52.38
52.38
74.12
74.11999999999999
74.12000000000002
74.12
74.12
74.12
74.12
74.12
74.12
52.38
52.38
52.38
52.38
74.12
74.12000000000002
74.12
74.12
74.12
74.12
74.12
74.12
74.12
52.38
52.38
74.12
74.12
74.12
74.12
74.12
74.12
74.12
74.12
52.38
-66.79143988220878
-70.64940768485651
-70.64940768485651
52.38
74.12
74.12
74.12
74.12
74.12
74.12
74.11999999999999
52.38
-69.72349541222106
-70.64940768485651
-70.64940768485651
-70.64940768485651
52.38
74.12
74.12
74.12000000000002
74.12000000000002
74.12000000000002
74.12
74.12
52.38
52.38
52.38
74.12
74.12
74.11999999999999
74.11999999999999
74.11999999999999
74.12
74.12
74.11999999999999
74.12
74.12
52.38000000000001
74.12
74.12
74.11999999999999
74.12
74.11999999999999
74.12
74.12
74.12000000000002
74.12
74.12
74.12
52.379999999999995
52.38
74.12
74.12
74.12
74.12
74.12
74.12
74.12
74.12
74.12
74.12
52.38000000000001
74.12
74.12
74.12
74.12000000000002
74.12
74.12
74.12
74.12
74.12
74.12
52.379999999999995
52.38
52.38
74.12
74.12
74.12
74.12
74.11999999999999
74.12
74.11999999999999
74.12
74.12
52.38
52.38
52.38
52.38
74.12
74.12
74.11999999999999
74.11999999999999
52.38
52.38
52.38
52.38000000000001
52.38
52.379999999999995
52.379999999999995
52.379999999999995
74.12
74.12
74.12
52.38
52.38000000000001
74.12
74.12
52.38000000000001
52.379999999999995
-3.6707999999999985
52.38
52.38
74.12
74.12
74.11999999999999
74.12
52.379999999999995
74.12000000000002
74.12
52.38
52.38000000000001
-3.670799999999998
52.379999999999995
74.12
74.12
74.12
74.12
74.12
74.12
74.12
74.12
74.12
52.38
52.38000000000001
52.38
74.12
74.12
74.12
74.12
74.11999999999999
74.12
74.12
74.11999999999999
74.12
52.38
52.38
52.38
74.12
74.12
74.12
74.12
74.12
74.12
74.12
74.12
74.12
52.379999999999995
52.38
52.379999999999995
74.12
74.12
74.12
74.12
74.12
74.12
74.12
74.12
52.38
52.38
52.379999999999995
52.38
74.12
74.12
74.12
74.12
74.12
74.12
74.12
74.12
52.379999999999995
52.38
52.38
52.38
52.38
74.12
74.12
74.12
74.12
74.12
74.12
74.12
74.11999999999999
52.379999999999995
52.38
52.38
74.12
74.12
74.12
74.12
74.12
74.12
74.12
74.12
74.12
52.38
52.38
52.38
74.12
74.12
74.12
74.12
74.12
74.12
74.12
74.12
74.12
52.379999999999995
52.38
52.38
74.12
74.12
74.11999999999999
74.12
74.12
74.12
74.12
74.12
74.12
52.38
52.38000000000001
52.38
74.11999999999999
74.12
74.11999999999999
74.12
74.12
74.12
74.12
74.12
74.11999999999999
52.379999999999995
52.38
52.38
52.38
74.12
74.11999999999999
74.12
74.12
74.12
74.12
74.12
52.38
52.38
-3.6707999999999976
-3.670799999999998
52.38
52.38
74.12
74.12
74.12
74.12
74.12
74.12
52.38
52.38
-3.670799999999998
-3.6707999999999976
52.38
74.12
74.12
74.12
74.12
74.12
74.12
74.12
74.12
52.38000000000001
52.38
52.38
74.12
74.12
74.12
74.12
74.12
74.12
74.12
74.12
74.12
52.379999999999995
52.38
52.38
74.12
74.12
74.12
74.12
74.12
74.12
74.12
74.12
74.12
52.379999999999995
52.38000000000001
52.38000000000001
74.12
74.12
74.12000000000002
74.12
74.12
74.12
74.12
74.12
74.12
52.38
52.38
52.38000000000001
74.12
74.12
74.12000000000002
74.12
74.12
74.12
74.12
74.12
74.12
52.379999999999995
52.38000000000001
52.38
74.12
74.12
74.12
74.12
74.12
74.12
74.12
74.12
74.12
52.38000000000001
52.38
52.38
74.12
74.12
74.12
74.12
74.12
74.12
74.12
74.12
52.38000000000001
52.379999999999995
52.38000000000001
52.379999999999995
74.12
74.12
74.12
74.12
74.12
74.12
74.12
74.12
74.12
52.38000000000001
52.379999999999995
52.38
74.12
74.12
74.12
74.12
74.12
74.12
74.12
74.12
74.12
52.379999999999995
52.38
52.379999999999995
74.12
74.12
74.11999999999999
74.12
74.12
74.12
74.12
74.12
74.12
52.38000000000001
52.379999999999995
52.38
74.12
74.12
74.12
74.11999999999999
74.12
74.11999999999999
74.12
74.12
52.38
-66.79143988220878
-70.6494076848565
-70.64940768485651
52.38
74.12
74.12
74.12
74.12
74.12
74.12
74.12
52.38
-69.95190106982105
-70.64940768485651
-70.64940768485651
-70.6494076848565
52.379999999999995
52.379999999999995
52.38000000000001
52.38
52.379999999999995
52.38
52.38
-70.64940768485651
-70.64940768485651
-70.64940768485651
-70.6494076848565
-70.64940768485651
74.12
74.12
74.12
74.12
74.12
74.12
74.12
52.38
52.38
-3.6707999999999976
-3.6707999999999976
52.38000000000001
74.12
74.12
74.12
74.12
74.12
74.12
74.12
74.12
74.12
52.38
74.12
74.12
74.12
74.12
74.12
74.12
74.12
74.11999999999999
74.12
74.12
52.38
52.38000000000001
52.38
74.12
74.12
74.12
74.11999999999999
74.12
74.12
74.12
74.12
74.12
74.12
52.38
52.38
74.12
74.12
74.12
74.12
74.12
74.12
74.12
74.12
74.12
52.38000000000001
52.38000000000001
52.38
74.12
74.12
74.12
74.12
74.12
74.11999999999999
74.12
74.12
52.38
52.38000000000001
52.38
52.38
74.12
74.12
74.12
74.12
74.12
74.12
74.12
74.12
74.12
52.379999999999995
52.38
52.379999999999995
74.12
74.12
74.12
74.12
74.12
74.12
74.12
74.12
52.38
52.379999999999995
52.379999999999995
52.38000000000001
52.38
74.12
74.12
74.12
74.12
74.12
74.12
74.12
52.38
-69.72349541222106
-70.64940768485651
-70.64940768485653
-70.64940768485651
74.12
74.12
74.12
74.12
74.12
74.12
74.12
52.38
-69.95190106982106
-70.64940768485651
-70.6494076848565
-70.64940768485651
52.38
52.38000000000001
52.38
52.38000000000001
-20.1932
52.38
52.379999999999995
-70.64940768485651
-70.64940768485651
-70.64940768485651
-70.64940768485651
-70.64940768485651
74.12
74.12
52.38
52.38
52.38
74.12
74.11999999999999
52.38
-3.6708000000000003
-3.6708
-3.670800000000002
52.38
74.12
74.12
74.11999999999999
52.379999999999995
52.38
74.12
74.12
52.38
52.38
-3.6707999999999976
-3.6707999999999976
52.38
74.12
74.12
74.12
52.38
52.38
52.38
52.38
52.38
-3.6707999999999976
-3.6707999999999976
-3.670799999999997
52.38
74.12
74.12
52.38000000000001
52.38
52.379999999999995
52.38
52.38000000000001
52.38
52.38000000000001
-3.6707999999999985
52.38
52.38
74.12
74.12
74.12
52.38
52.38000000000001
52.379999999999995
74.12000000000002
52.38
-3.670799999999998
-3.6707999999999985
-3.670799999999998
52.38
74.12
74.12
52.38
52.379999999999995
52.38
74.12
74.12
52.38
52.38
52.38
52.38
74.12
74.12
74.12
74.12
74.12
74.11999999999999
74.12
74.12
74.12
52.38
52.38000000000001
52.38
74.12
74.12
74.12
74.12
74.12
74.12
74.12
74.12
74.12
52.38
52.379999999999995
52.38
74.12
74.12
74.12
74.12
74.12
74.12
74.12
74.12
74.11999999999999
52.38
52.38
52.38000000000001
74.12
74.12
74.12
74.12
74.12
74.12
52.38000000000001
52.379999999999995
52.379999999999995
-67.74313012220878
-70.64940768485651
-70.64940768485651
52.38
52.38000000000001
52.38
52.38
52.38000000000001
52.379999999999995
52.38
52.38000000000001
52.379999999999995
-70.6494076848565
-70.64940768485651
-70.64940768485651
52.38000000000001
74.12000000000002
74.12
74.12
74.12
74.12
74.12
74.12
74.12
52.38000000000001
52.379999999999995
52.379999999999995
74.12
74.12
74.12000000000002
74.12
74.11999999999999
74.12
74.12
74.12
74.12
52.38
52.38000000000001
52.38
74.12
74.12
74.12
74.12
74.12
74.12
74.12
74.12
74.12
52.38
52.38
66.5493215361572
74.12
74.12
74.12
74.12000000000002
74.12
74.12000000000002
74.12
74.12
74.12
52.38
52.38
52.38
74.12
74.12000000000002
74.12
74.12
74.12
74.11999999999999
74.12
74.12
74.12
52.38
52.38
52.38
74.12
74.11999999999999
74.12
74.12
74.12
74.11999999999999
74.12
74.12
74.12
52.38
52.38000000000001
52.379999999999995
74.12
74.12
74.12
74.12
74.12
74.12
74.12
74.12
74.12
52.379999999999995
52.38
52.38000000000001
74.12
74.12
74.12
74.12
74.12
74.12
74.12
74.12
74.12
74.12
52.38
52.38
74.12
74.12
74.12
74.12
74.12
74.12
74.12
74.12
74.12
74.12
52.38
74.12
74.12
74.12
74.12
74.12
74.11999999999999
74.12
74.12
74.12
74.12
52.38
-3.670799999999997
52.38
52.38
74.12
52.38
52.38
52.38
52.38
52.38
74.12
52.38
-70.64940768485651
-70.64940768485651
-70.64940768485651
-70.64940768485651
74.12
74.12
74.12
74.12
74.12
52.38
52.38
-70.482006097248
-70.64940768485651
-70.64940768485651
-70.64940768485651
-70.6494076848565
52.38
52.38000000000001
52.38
52.38000000000001
52.38
52.38
52.38
52.379999999999995
-54.574541840490944
-54.574541840490944
-70.6494076848565
52.38
74.12
74.12
74.12
74.12
74.12
74.12
74.12
52.38000000000001
52.38000000000001
-58.53991784049095
-70.64940768485651
52.38
52.38000000000001
52.38000000000001
52.38
52.38000000000001
52.38
52.38
52.38000000000001
52.379999999999995
-70.64940768485651
-70.64940768485651
-70.64940768485651
52.38
74.12
74.12
52.38
52.38
52.38
52.38
74.12
52.38
52.379999999999995
52.38
52.38000000000001
74.12
74.12
74.12000000000002
74.12000000000002
74.12
52.38
74.11999999999999
74.12
74.11999999999999
52.38
-3.6707999999999985
-3.670799999999998
52.38
74.12
74.12
74.12000000000002
52.38
52.38
52.38
74.12
52.38
-66.79143988220878
-70.64940768485651
-70.64940768485651
52.38
74.12
74.12
74.12
52.38
52.38000000000001
74.12
74.12
74.12
52.38
-3.670799999999997
52.38000000000001
74.12
74.12
74.12
74.12
74.12
74.12
74.12
74.12
74.12
52.379999999999995
52.379999999999995
52.379999999999995
74.11999999999999
74.12
74.12
74.12
74.12
74.12
74.12
74.12
74.12
52.379999999999995
52.38
52.38
74.12
74.12
74.12
52.38
52.38
52.38
74.12
74.11999999999999
74.12
52.38
52.38
52.38
74.12
74.12
74.12
74.12
74.12
74.12
74.12
74.12
74.12
74.12
74.12
74.12
74.12
74.12
74.12
74.12
74.12
74.12
74.11999999999999
74.12
74.12
74.12
74.12
74.12
74.12
74.12
74.12
74.12
74.12
74.11999999999999
74.12
74.12
74.12
74.12
74.12
74.12
74.12
74.12
74.12
74.11999999999999
74.12
74.12
74.12
74.12
74.12
74.12
74.12
74.12
74.12
74.12
74.12
74.12
74.12
74.12
74.12
74.12
74.12
74.12
74.12
74.12
74.12
74.12
74.12
74.12
74.12
52.38
52.379999999999995
74.12
74.12
-67.74313012220877
-70.64940768485651
-70.64940768485653
52.38
52.38000000000001
52.38
52.379999999999995
52.38
52.38
52.38
52.38000000000001
52.38
-70.64940768485651
-70.64940768485651
-70.64940768485651
-70.64940768485651
52.38
52.38
52.38
52.38
52.38
52.38
52.38
52.38
-66.79143988220878
-70.64940768485651
-70.64940768485651
74.12
74.11999999999999
74.12
74.11999999999999
74.12
74.12
74.12
74.12
74.11999999999999
74.12
74.12
74.12
74.12
74.12
74.12
74.12
74.12
74.12
74.12
74.12
74.12
52.38000000000001
-67.74313012220877
-70.64940768485651
-70.6494076848565
52.38000000000001
52.38
52.38
52.38
52.38
52.38
52.379999999999995
52.38
-66.79143988220878
-70.64940768485651
-70.64940768485651
52.379999999999995
74.12
74.12
52.38
52.38
52.38
74.12
74.12
74.12
52.38
-58.53991784049094
-70.64940768485651
52.38
52.38
52.38000000000002
52.379999999999995
-70.64633573015485
-70.64633573015485
-70.64940768485651
-70.6494076848565
-70.64940768485651
-70.6494076848565
-70.64940768485651
-70.64940768485651
-70.64940768485651
52.38
52.38
52.38
52.38
52.38
52.38
74.12
74.12
52.38
52.38
52.38
74.12
74.11999999999999
74.12
74.12000000000002
74.12
74.12
74.12
74.12
74.12
74.12000000000002
52.38
74.12
74.12
74.12
74.11999999999999
74.12
74.11999999999999
52.38
52.38
74.12
74.12
-3.6707999999999985
-3.6707999999999985
52.38000000000001
74.12
74.12
74.12
74.12000000000002
74.12000000000002
52.38
52.379999999999995
74.11999999999999
74.12
-70.64940768485651
-70.64940768485651
-70.64940768485651
-70.64940768485651
-14.00974695375855
-14.009746953758553
-70.6494076848565
-70.64940768485651
-70.64940768485651
-70.64940768485651
-14.00974695375856
-70.64940768485651
-70.64940768485651
-70.64940768485653
-70.64940768485651
-70.64940768485651
-70.64940768485651
-70.64940768485651
-70.64940768485651
-70.64940768485651
-70.64940768485651
-70.64940768485651
-70.64940768485651
-70.64940768485651
-70.64940768485651
-70.64940768485651
-70.64940768485651
-70.64940768485651
-70.64940768485651
-70.64940768485651
-70.64940768485651
-70.64940768485651
-70.64940768485651
-70.64940768485651
-70.64940768485651
-70.64940768485651
-70.64940768485651
-70.64940768485651
-70.64940768485651
-70.64940768485653
52.38
74.12
74.12
52.38
52.38
52.38
74.12
74.12000000000002
52.38000000000001
-3.6707999999999976
-3.670799999999997
74.12
74.12
74.12
52.38
52.38
52.38
52.38
74.12
74.12
74.12
74.12
74.12
74.12
74.12
74.12
74.12
74.12
74.11999999999999
74.12
74.12
74.12
74.12
52.379999999999995
74.12
74.12
74.12
74.12
74.12
52.38
52.38
52.38
74.11999999999999
74.12
52.38
-3.670799999999995
52.38
74.11999999999999
74.11999999999999
74.12
74.12
52.379999999999995
74.12
74.12
74.12
74.12
52.379999999999995
52.38
52.38
74.12
74.12
74.12
74.12
74.12
74.12
74.12
74.12
74.12
52.38
52.379999999999995
52.38
74.12
74.12
74.12
74.11999999999999
52.38
52.38
52.38
52.38
74.12
52.38
52.38
52.38
74.12
74.12
74.12000000000002
74.12
74.12
74.12
74.12
74.12
74.12
52.38000000000001
52.38
52.38
74.11999999999999
74.11999999999999
74.12
74.12
74.12
74.12
74.12
74.12
74.12
74.12
74.12
74.12
74.12
74.12
74.12
74.11999999999999
74.12
74.12
74.12
74.12
74.12
74.12
74.12
74.12
74.12
74.12
74.12
74.12
74.12
74.12
74.12
74.12
74.12
74.12
74.12
74.12
74.12
74.12
74.12
74.12
74.12
74.12
74.12
74.12
74.12
74.12
52.38
52.38
74.12
74.12
74.12
74.12
74.12
74.12
74.12
74.12
74.12
74.12
52.38
52.38
74.12
74.12
74.12
74.12
52.38
52.38
52.38
52.38
52.38
-58.53991784049095
-58.53991784049096
-70.64940768485651
52.38
52.379999999999995
52.38
52.38
52.38
52.38
52.38
52.38
52.38000000000001
-67.7431301222088
-70.64940768485651
-70.64940768485651
52.38000000000001
52.38000000000001
52.38
52.38
-60.15204151180806
-60.66113319748716
-70.64940768485651
52.38
52.38
-66.79143988220879
-70.64940768485651
-70.64940768485651
52.38
74.12
74.12
52.38
52.38
52.38
52.38
74.12000000000002
74.12
52.38
52.38
52.38000000000001
74.12
74.12
74.12
74.12
74.12
74.12
74.12
74.12
74.12
74.12
52.38
74.12
74.12
74.12
74.11999999999999
74.11999999999999
74.12
74.12
74.12
74.12
74.12
74.12
74.12
74.12
74.12
74.11999999999999
74.12
74.12
74.12
74.12
74.11999999999999
74.12
74.12
74.12
52.38
52.38
52.38
52.38
52.38
52.38
-3.6707999999999905
-3.6707999999999905
52.38
52.38
52.38
52.379999999999995
-3.6707999999999883
-3.6707999999999976
52.379999999999995
52.38
52.38
52.38
52.38
52.38
52.38
74.12
74.12
74.12
52.379999999999995
74.11999999999999
74.12
74.11999999999999
74.12
74.12
62.682503999838026
52.38
74.12
74.12000000000002
74.12
74.12
74.12
74.12000000000002
74.12
74.12
74.12
74.12
74.12
74.12
74.12
74.12
74.12
74.12
74.12
74.12
74.12
74.12
74.12
74.11999999999999
52.379999999999995
52.38
52.38
52.38
52.379999999999995
-70.64936521815471
-70.64940768485651
-70.64940768485651
-70.64867041572812
-14.008776862800133
-70.64867041572812
-70.64940768485651
-70.64940768485651
-70.64940768485651
-70.64940768485651
-70.64940768485651
-12.791441331869807
-70.6494076848565
-70.64940768485651
-70.64940768485651
52.38000000000001
74.12
74.12
74.12
74.12
74.12
74.12000000000002
74.12
74.12
74.11999999999999
52.38
52.38
74.12
74.12
74.12
74.12
52.38
52.38
52.38
52.38
52.38
52.38000000000001
-3.670799999999997
-3.6707999999999976
52.38
74.12
74.12
52.38000000000001
52.379999999999995
52.38
52.38000000000001
74.12
74.12
52.38
-3.670799999999997
-3.6707999999999976
52.38
52.38
74.12
74.12
52.38
52.38
52.38
74.12
74.11999999999999
74.12
74.12
74.12
74.12
74.12
74.12
74.12
74.12
74.12
74.12
74.11999999999999
74.12
74.12
74.12
74.11999999999999
74.12
74.12
74.12
74.11999999999999
74.12
74.12
74.12
74.12
74.12
74.12
74.12
74.12
74.12
74.11999999999999
74.12
74.12
74.12
52.38
52.38
74.12
74.12
74.12
74.12
74.12
74.12
74.12
74.12000000000002
74.12
52.379999999999995
52.38
52.38
52.38
52.38000000000001
-66.79143988220878
-70.64940768485651
-70.64940768485651
52.38
52.38
52.38
52.38
52.38
52.38
52.379999999999995
52.38
52.38
52.38
-3.6707999999999976
52.38
52.379999999999995
52.38
74.12
74.12
52.38
52.38
52.38
74.12
74.12
52.38
-3.670799999999997
52.38000000000001
74.12
74.12000000000002
74.12
74.12
74.12
74.12
74.11999999999999
74.12
74.12
74.12
52.38
74.12000000000002
74.12
74.12
74.11999999999999
74.12
74.12
74.12
74.12
74.12
74.12
74.12
52.379999999999995
52.38
74.12
74.11999999999999
74.11999999999999
74.12
52.38
52.38
52.38
74.12
74.12
74.12
52.38
74.12
74.12
74.12
74.12
74.12
74.12
74.12
74.12
74.12
74.12
74.12
52.38
74.12
74.12
74.12000000000002
74.12
74.12000000000002
74.11999999999999
74.11999999999999
74.12
74.12
74.12
74.12
74.12
74.12
74.12
74.12
74.12
74.12
74.12
74.12
74.12
74.12
74.12
52.38
52.38
74.12
74.12
74.12
74.12
74.12
74.12
52.38
74.12
74.12
74.11999999999999
74.12
52.38
74.12000000000002
74.12
74.12
74.12
74.12
52.38
52.38
74.12
74.12
74.12
74.11999999999999
52.38
74.12
74.12
74.12
74.11999999999999
74.12
74.12
74.12
74.12
74.12
74.12
74.11999999999999
74.12
74.12
74.12
74.12
74.12
74.12
74.12
52.38
74.12
74.12
74.12
74.12
52.38
74.12
74.12
74.11999999999999
74.12
74.12000000000002
52.38
52.38
52.38
74.12
74.12
74.12
52.38
52.379999999999995
74.12
74.12
74.12
74.12
74.12
52.38
74.11999999999999
74.12
74.12
74.12
52.38
52.38000000000001
74.12
74.11999999999999
74.11999999999999
74.12
74.12
74.12
74.12
74.11999999999999
74.12
52.38
52.379999999999995
52.38
74.12
74.12
74.12
74.12
74.12
52.38
52.38
74.12
74.12
74.12
52.379999999999995
74.12
74.12
74.12
74.11999999999999
74.12
52.379999999999995
52.38
52.38
52.38
52.38000000000001
-70.64940768485651
-70.6494076848565
-70.64940768485651
52.38
52.38
74.12
52.38
52.38
52.379999999999995
52.38
74.12
74.12
52.38
-3.6707999999999976
-3.6707999999999976
74.12
74.12
74.12
74.12
52.38
52.38000000000001
52.38
52.38
52.38
-54.57454184049094
-54.574541840490944
-70.64940768485651
74.12
74.12
74.12
74.12
74.12
52.38000000000001
52.38
74.11999999999999
52.38
52.38
52.379999999999995
52.38
74.12
74.12
74.12
74.12
74.12
52.38
52.38
52.38
52.38000000000001
52.38
52.38
52.38
74.12
74.12
74.12
74.12
52.38
52.38
52.38
52.38000000000001
52.38
52.379999999999995
-70.64927438926661
-70.64940768485653
-14.009016166533163
-14.009016166533163
-70.64885228656522
-70.64885228656522
-70.64940768485651
-70.6494076848565
-70.64940768485653
-70.64940768485651
-70.64940768485651
-70.64940768485651
-70.64940768485651
-70.6494076848565
52.38000000000001
52.38
52.38
52.38
52.38
52.38
52.38
52.38
52.379999999999995
52.38
-70.64940724261375
-70.6494076848565
-70.64940768485651
-70.64940768485651
-70.64940768485653
-70.64940768485651
-70.64940768485651
-70.64940768485651
-70.64940768485653
-70.64940768485651
-70.64940768485651
-70.64940768485653
-70.64940768485651
-70.64940768485651
52.38
52.38
52.38
52.38
52.38
-20.1932
-20.193200000000004
52.38
52.38
-67.74313012220878
-70.6494076848565
-70.64940768485651
52.38000000000001
52.38
52.379999999999995
52.38
