PumpedStor,BatteryStor
0.0,0.0
5267.56,0.0
6531.7744,0.0
6835.185856,0.0
6908.00460544,0.0
6908.00460544,0.0
3340.715337867897,0.0
2316.3723651793207,0.0
0.0,0.0
0.0,0.0
287.5951499212406,0.0
5336.582835981098,0.0
6548.3398806354635,0.0
6839.161571352512,0.0
6908.958777124602,0.0
6925.710106509905,0.0
6929.730425562377,0.0
6930.695302134971,0.0
6930.926872512393,0.0
6930.982449402974,0.0
6930.995787856714,0.0
6930.995787856714,0.0
6930.995787856714,0.0
0.0,0.0
0.0,0.0
0.0,0.0
0.0,0.0
0.0,0.0
0.0,0.0
5267.56,0.0
6531.7744,0.0
6531.7744,0.0
4574.8120114817175,0.0
4574.8120114817175,0.0
4574.8120114817175,0.0
506.39112815886983,0.0
506.39112815886983,0.0
506.39112815886983,0.0
506.39112815886983,0.0
506.39112815886983,0.0
506.39112815886983,0.0
0.0,0.0
0.0,0.0
0.0,0.0
0.0,0.0
0.0,0.0
0.0,0.0
5267.56,0.0
5267.56,0.0
5267.56,0.0
6531.7744,0.0
6835.185856,0.0
6839.16157135251,0.0
6839.16157135251,0.0
6839.16157135251,0.0
6839.16157135251,0.0
6839.16157135251,0.0
6908.958777124602,0.0
6925.710106509905,0.0
6929.730425562377,0.0
6930.695302134971,0.0
6930.926872512393,0.0
6930.982449402974,0.0
6930.995787856714,0.0
3102.6236276435625,0.0
6012.189670634455,0.0
6710.485520952269,0.0
6710.485520952269,0.0
6710.485520952269,0.0
6710.485520952269,0.0
6710.485520952269,0.0
6710.485520952269,0.0
6710.485520952269,0.0
2152.8269925059567,0.0
2152.8269925059567,0.0
2152.8269925059567,0.0
2152.8269925059567,0.0
2152.8269925059567,0.0
2152.8269925059567,0.0
2152.8269925059567,0.0
2152.8269925059567,0.0
2152.8269925059567,0.0
2152.8269925059567,0.0
2152.8269925059567,0.0
0.0,0.0
0.0,0.0
0.0,0.0
0.0,0.0
0.0,0.0
5235.68456575199,0.0
6524.124295780477,0.0
6833.349830987315,0.0
6907.563959436956,0.0
6925.37535026487,0.0
6929.650084063569,0.0
6930.676020175257,0.0
6930.922244842061,0.0
6930.981338762096,0.0
6930.995521302903,0.0
3704.492181448487,0.0
3704.492181448487,0.0
3704.492181448487,0.0
3704.492181448487,0.0
0.0,0.0
0.0,0.0
0.0,0.0
0.0,0.0
0.0,0.0
0.0,0.0
0.0,0.0
0.0,0.0
0.0,0.0
0.0,0.0
0.0,0.0
0.0,0.0
0.0,0.0
5267.56,0.0
5267.56,0.0
5336.582835981098,0.0
5336.582835981098,0.0
5336.582835981098,0.0
5336.582835981098,0.0
5336.582835981098,0.0
6548.3398806354635,0.0
6548.3398806354635,0.0
6839.161571352512,0.0
6839.161571352512,0.0
6839.161571352512,0.0
6908.958777124602,0.0
6925.710106509905,0.0
6929.730425562377,0.0
6930.695302134971,0.0
6930.926872512393,0.0
6930.982449402974,0.0
6930.995787856714,0.0
2538.179869569186,0.0
2538.179869569186,0.0
2641.5507808786565,0.0
2641.5507808786565,0.0
2641.5507808786565,0.0
2641.5507808786565,0.0
2641.5507808786565,0.0
2641.5507808786565,0.0
2641.5507808786565,0.0
2641.5507808786565,0.0
2641.5507808786565,0.0
2641.5507808786565,0.0
0.0,0.0
0.0,0.0
4165.228300450476,0.0
4165.228300450476,0.0
0.0,0.0
0.0,0.0
0.0,0.0
0.0,0.0
0.0,0.0
0.0,0.0
0.0,0.0
0.0,0.0
0.0,0.0
0.0,0.0
5267.56,0.0
5267.56,0.0
5267.56,0.0
5267.56,0.0
5267.56,0.0
5267.56,0.0
6531.7744,0.0
6531.7744,0.0
6531.7744,0.0
6548.3398806354635,0.0
6548.3398806354635,0.0
6548.3398806354635,0.0
6839.161571352512,0.0
6839.161571352512,0.0
6839.161571352512,0.0
6908.958777124602,0.0
6925.710106509905,0.0
6929.730425562377,0.0
6930.695302134971,0.0
6930.926872512393,0.0
6930.982449402974,0.0
6930.995787856714,0.0
399.18856162014254,0.0
399.18856162014254,0.0
5363.365254788834,0.0
6554.767661149321,0.0
6554.767661149321,0.0
6554.767661149321,0.0
6554.767661149321,0.0
6554.767661149321,0.0
6554.767661149321,0.0
6554.767661149321,0.0
6840.704238675837,0.0
6909.329017282201,0.0
6925.798964147728,0.0
6929.751751395454,0.0
6930.700420334909,0.0
6930.928100880378,0.0
6930.982744211291,0.0
6930.982744211291,0.0
6930.982744211291,0.0
6930.982744211291,0.0
6930.982744211291,0.0
6930.982744211291,0.0
6930.982744211291,0.0
6930.982744211291,0.0
6930.982744211291,0.0
6930.982744211291,0.0
6930.982744211291,0.0
6930.982744211291,0.0
6930.982744211291,0.0
6930.982744211291,0.0
6930.982744211291,0.0
6930.982744211291,0.0
6930.982744211291,0.0
6930.982744211291,0.0
6930.982744211291,0.0
6930.982744211291,0.0
6930.982744211291,0.0
6930.982744211291,0.0
6930.982744211291,0.0
6930.982744211291,0.0
6930.982744211291,0.0
6930.982744211291,0.0
6930.982744211291,0.0
6930.982744211291,0.0
6930.982744211291,0.0
6930.982744211291,0.0
6930.982744211291,0.0
6930.982744211291,0.0
6930.982744211291,0.0
6930.982744211291,0.0
6930.982744211291,0.0
6930.982744211291,0.0
6930.995787856714,0.0
1096.0189529159388,0.0
287.5951492068989,0.0
5336.582835809656,0.0
6548.339880594318,0.0
6839.161571342636,0.0
6908.958777122233,0.0
6925.710106509337,0.0
6929.730425562241,0.0
6930.695302134938,0.0
6930.926872512386,0.0
6930.982449402973,0.0
6930.995787856714,0.0
208.1456709310005,0.0
0.0,0.0
0.0,0.0
0.0,0.0
0.0,0.0
0.0,0.0
0.0,0.0
0.0,0.0
0.0,0.0
0.0,0.0
0.0,0.0
0.0,0.0
0.0,0.0
0.0,0.0
0.0,0.0
0.0,0.0
0.0,0.0
0.0,0.0
0.0,0.0
0.0,0.0
0.0,0.0
0.0,0.0
0.0,0.0
0.0,0.0
0.0,0.0
0.0,0.0
0.0,0.0
0.0,0.0
0.0,0.0
0.0,0.0
0.0,0.0
0.0,0.0
0.0,0.0
0.0,0.0
0.0,0.0
0.0,0.0
0.0,0.0
0.0,0.0
0.0,0.0
0.0,0.0
287.5951499212406,0.0
287.5951499212406,0.0
287.5951499212406,0.0
287.5951499212406,0.0
287.5951499212406,0.0
287.5951499212406,0.0
287.5951499212406,0.0
287.5951499212406,0.0
287.5951499212406,0.0
287.5951499212406,0.0
5336.582835981098,0.0
6548.3398806354635,0.0
6839.161571352512,0.0
6908.958777124602,0.0
6925.710106509905,0.0
6929.730425562377,0.0
6930.695302134971,0.0
6930.926872512393,0.0
6930.982449402974,0.0
6930.995787856714,0.0
756.0451895604301,0.0
756.0451895604301,0.0
568.4424710723306,0.0
0.0,0.0
0.0,0.0
0.0,0.0
0.0,0.0
0.0,0.0
0.0,0.0
0.0,0.0
2475.0608281132722,0.0
0.0,0.0
0.0,0.0
0.0,0.0
3897.1457588019075,0.0
6202.874982112458,0.0
6756.24999570699,0.0
6889.0599989696775,0.0
6920.934399752723,0.0
0.0,0.0
0.0,0.0
0.0,0.0
0.0,0.0
0.0,0.0
0.0,0.0
0.0,0.0
0.0,0.0
0.0,0.0
0.0,0.0
0.0,0.0
0.0,0.0
0.0,0.0
0.0,0.0
5267.56,0.0
6531.7744,0.0
6835.185856,0.0
0.0,0.0
0.0,0.0
0.0,0.0
0.0,0.0
0.0,0.0
0.0,0.0
0.0,0.0
0.0,0.0
0.0,0.0
5267.56,0.0
6531.7744,0.0
6531.7744,0.0
426.3954003704039,0.0
426.3954003704039,0.0
426.3954003704039,0.0
426.3954003704039,0.0
426.3954003704039,0.0
426.3954003704039,0.0
0.0,0.0
0.0,0.0
5267.56,0.0
6531.7744,0.0
6835.185856,0.0
4831.578079051831,0.0
0.0,0.0
0.0,0.0
0.0,0.0
0.0,0.0
0.0,0.0
0.0,0.0
0.0,0.0
0.0,0.0
4.433253085165197,0.0
5268.62398074044,0.0
6532.029755377705,0.0
0.0,0.0
0.0,0.0
0.0,0.0
0.0,0.0
0.0,0.0
0.0,0.0
0.0,0.0
0.0,0.0
0.0,0.0
0.0,0.0
0.0,0.0
0.0,0.0
0.0,0.0
0.0,0.0
0.0,0.0
0.0,0.0
0.0,0.0
0.0,0.0
0.0,0.0
0.0,0.0
0.0,0.0
0.0,0.0
0.0,0.0
0.0,0.0
0.0,0.0
0.0,0.0
0.0,0.0
0.0,0.0
0.0,0.0
0.0,0.0
0.0,0.0
0.0,0.0
0.0,0.0
0.0,0.0
0.0,0.0
0.0,0.0
0.0,0.0
0.0,0.0
0.0,0.0
0.0,0.0
0.0,0.0
0.0,0.0
0.0,0.0
0.0,0.0
0.0,0.0
0.0,0.0
0.0,0.0
5267.56,0.0
5267.56,0.0
0.0,0.0
0.0,0.0
0.0,0.0
0.0,0.0
0.0,0.0
0.0,0.0
0.0,0.0
0.0,0.0
0.0,0.0
0.0,0.0
0.0,0.0
5267.56,0.0
5267.56,0.0
5267.56,0.0
5336.582835981098,0.0
6548.3398806354635,0.0
6839.161571352512,0.0
6908.958777124602,0.0
6908.958777124602,0.0
6925.710106509905,0.0
6929.730425562377,0.0
6930.695302134971,0.0
6930.926872512393,0.0
6930.982449402974,0.0
6930.995787856714,0.0
2667.9430893178887,0.0
2667.9430893178887,0.0
0.0,0.0
0.0,0.0
0.0,0.0
0.0,0.0
0.0,0.0
5190.412854746958,0.0
6513.25908513927,0.0
6830.742180433424,0.0
6906.938123304022,0.0
6925.225149592965,0.0
6929.614035902312,0.0
6930.667368616555,0.0
6930.920168467973,0.0
6930.980840432313,0.0
6930.980840432313,0.0
6930.980840432313,0.0
0.0,0.0
0.0,0.0
0.0,0.0
0.0,0.0
0.0,0.0
0.0,0.0
0.0,0.0
0.0,0.0
0.0,0.0
0.0,0.0
0.0,0.0
0.0,0.0
0.0,0.0
0.0,0.0
5267.56,0.0
6531.7744,0.0
6835.185856,0.0
6908.00460544,0.0
6925.4811053056,0.0
6929.675465273344,0.0
6930.682111665603,0.0
6930.923706799745,0.0
6930.923706799745,0.0
6930.923706799745,0.0
0.0,0.0
0.0,0.0
0.0,0.0
0.0,0.0
0.0,0.0
0.0,0.0
0.0,0.0
0.0,0.0
0.0,0.0
0.0,0.0
0.0,0.0
0.0,0.0
0.0,0.0
0.0,0.0
0.0,0.0
0.0,0.0
0.0,0.0
0.0,0.0
0.0,0.0
0.0,0.0
0.0,0.0
0.0,0.0
0.0,0.0
0.0,0.0
0.0,0.0
0.0,0.0
0.0,0.0
0.0,0.0
0.0,0.0
0.0,0.0
0.0,0.0
0.0,0.0
0.0,0.0
0.0,0.0
0.0,0.0
0.0,0.0
0.0,0.0
0.0,0.0
0.0,0.0
0.0,0.0
0.0,0.0
0.0,0.0
0.0,0.0
0.0,0.0
0.0,0.0
0.0,0.0
0.0,0.0
0.0,0.0
0.0,0.0
0.0,0.0
0.0,0.0
0.0,0.0
0.0,0.0
0.0,0.0
0.0,0.0
0.0,0.0
0.0,0.0
0.0,0.0
0.0,0.0
0.0,0.0
0.0,0.0
0.0,0.0
0.0,0.0
0.0,0.0
0.0,0.0
0.0,0.0
0.0,0.0
0.0,0.0
0.0,0.0
0.0,0.0
0.0,0.0
0.0,0.0
0.0,0.0
0.0,0.0
0.0,0.0
0.0,0.0
0.0,0.0
0.0,0.0
0.0,0.0
0.0,0.0
0.0,0.0
0.0,0.0
0.0,0.0
0.0,0.0
0.0,0.0
0.0,0.0
0.0,0.0
0.0,0.0
0.0,0.0
0.0,0.0
0.0,0.0
0.0,0.0
0.0,0.0
0.0,0.0
0.0,0.0
0.0,0.0
0.0,0.0
0.0,0.0
0.0,0.0
0.0,0.0
0.0,0.0
0.0,0.0
0.0,0.0
0.0,0.0
0.0,0.0
0.0,0.0
0.0,0.0
0.0,0.0
0.0,0.0
5267.56,0.0
6531.7744,0.0
6835.185856,0.0
6908.00460544,0.0
6925.4811053056,0.0
6929.675465273344,0.0
6930.682111665603,0.0
6930.923706799745,0.0
6930.923706799745,0.0
6930.923706799745,0.0
5952.144186211785,0.0
0.0,0.0
0.0,0.0
800.5053587592009,0.0
800.5053587592009,0.0
800.5053587592009,0.0
800.5053587592009,0.0
800.5053587592009,0.0
800.5053587592009,0.0
228.84257248012182,0.0
228.84257248012182,0.0
228.84257248012182,0.0
228.84257248012182,0.0
228.84257248012182,0.0
0.0,0.0
5267.56,0.0
6531.7744,0.0
6835.185856,0.0
6908.00460544,0.0
6925.4811053056,0.0
6929.675465273344,0.0
6930.682111665603,0.0
6930.923706799745,0.0
6930.981689631939,0.0
4597.504734139,0.0
4597.504734139,0.0
0.0,0.0
5267.56,0.0
6531.7744,0.0
0.0,0.0
0.0,0.0
0.0,0.0
0.0,0.0
0.0,0.0
0.0,0.0
0.0,0.0
0.0,0.0
0.0,0.0
0.0,0.0
5267.56,0.0
6531.7744,0.0
3618.3603517752636,0.0
3618.3603517752636,0.0
3618.3603517752636,0.0
3618.3603517752636,0.0
0.0,0.0
0.0,0.0
0.0,0.0
0.0,0.0
0.0,0.0
0.0,0.0
434.70492729213527,0.0
2579.918526553389,0.0
0.0,0.0
0.0,0.0
0.0,0.0
0.0,0.0
0.0,0.0
0.0,0.0
0.0,0.0
0.0,0.0
0.0,0.0
0.0,0.0
5267.56,0.0
6531.7744,0.0
0.0,0.0
0.0,0.0
0.0,0.0
0.0,0.0
0.0,0.0
0.0,0.0
0.0,0.0
0.0,0.0
0.0,0.0
0.0,0.0
0.0,0.0
0.0,0.0
0.0,0.0
0.0,0.0
0.0,0.0
0.0,0.0
0.0,0.0
0.0,0.0
0.0,0.0
0.0,0.0
0.0,0.0
0.0,0.0
0.0,0.0
0.0,0.0
0.0,0.0
0.0,0.0
0.0,0.0
0.0,0.0
0.0,0.0
0.0,0.0
0.0,0.0
0.0,0.0
0.0,0.0
0.0,0.0
5267.56,0.0
6531.7744,0.0
6835.185856,0.0
0.0,0.0
0.0,0.0
0.0,0.0
0.0,0.0
0.0,0.0
0.0,0.0
5267.56,0.0
5267.56,0.0
5336.582835981098,0.0
6548.3398806354635,0.0
6839.161571352512,0.0
6908.958777124602,0.0
6925.710106509905,0.0
6929.730425562377,0.0
6930.695302134971,0.0
6930.926872512393,0.0
6930.982449402974,0.0
6930.995787856714,0.0
6930.995787856714,0.0
0.0,0.0
5267.56,0.0
6531.774399999995,0.0
6835.185855999999,0.0
4124.33857882533,0.0
4124.33857882533,0.0
4124.33857882533,0.0
4124.33857882533,0.0
4124.33857882533,0.0
0.0,0.0
0.0,0.0
0.0,0.0
0.0,0.0
0.0,0.0
2753.7385270632767,0.0
2753.7385270632767,0.0
2753.7385270632767,0.0
2753.7385270632767,0.0
1172.3025646845017,0.0
1172.3025646845017,0.0
1172.3025646845017,0.0
1172.3025646845017,0.0
1172.3025646845017,0.0
1172.3025646845017,0.0
1172.3025646845017,0.0
0.0,0.0
0.0,0.0
0.0,0.0
0.0,0.0
0.0,0.0
0.0,0.0
0.0,0.0
0.0,0.0
0.0,0.0
0.0,0.0
0.0,0.0
0.0,0.0
0.0,0.0
5267.56,0.0
6531.7744,0.0
0.0,0.0
0.0,0.0
0.0,0.0
0.0,0.0
0.0,0.0
0.0,0.0
0.0,0.0
0.0,0.0
0.0,0.0
5267.56,0.0
6531.7744,0.0
6835.185856,0.0
6908.00460544,0.0
0.0,0.0
0.0,0.0
0.0,0.0
0.0,0.0
0.0,0.0
0.0,0.0
0.0,0.0
0.0,0.0
5267.56,0.0
6531.7744,0.0
6835.185856,0.0
6908.00460544,0.0
1506.9613708213647,0.0
1506.9613708213647,0.0
1506.9613708213647,0.0
4242.510287256291,0.0
6285.76246894151,0.0
6285.76246894151,0.0
3082.1224241479995,0.0
0.0,0.0
5267.56,0.0
6531.7744,0.0
6835.185856000004,0.0
6908.004605440001,0.0
6908.004605440001,0.0
3749.0205546372745,0.0
3749.0205546372745,0.0
3749.0205546372745,0.0
1003.4132498764466,0.0
1003.4132498764466,0.0
1003.4132498764466,0.0
0.0,0.0
5267.56,0.0
6531.7744,0.0
6835.185856000004,0.0
6908.004605440001,0.0
0.0,0.0
0.0,0.0
0.0,0.0
0.0,0.0
0.0,0.0
0.0,0.0
0.0,0.0
0.0,0.0
5267.56,0.0
6531.7744,0.0
6835.185856,0.0
6908.00460544,0.0
0.0,0.0
0.0,0.0
0.0,0.0
0.0,0.0
0.0,0.0
0.0,0.0
0.0,0.0
0.0,0.0
1160.0679048142053,0.0
5545.976297155408,0.0
6598.594311317298,0.0
6598.594311317298,0.0
0.0,0.0
0.0,0.0
0.0,0.0
0.0,0.0
0.0,0.0
0.0,0.0
0.0,0.0
0.0,0.0
5267.56,0.0
6531.7744,0.0
6835.185856,0.0
6908.00460544,0.0
3599.2347482116493,0.0
3599.2347482116493,0.0
3599.2347482116493,0.0
0.0,0.0
0.0,0.0
0.0,0.0
0.0,0.0
0.0,0.0
5267.56,0.0
6531.7744,0.0
6835.185856,0.0
6908.00460544,0.0
0.0,0.0
0.0,0.0
0.0,0.0
0.0,0.0
0.0,0.0
0.0,0.0
0.0,0.0
0.0,0.0
0.0,0.0
0.0,0.0
0.0,0.0
0.0,0.0
0.0,0.0
287.5951499212397,0.0
5336.582835981098,0.0
6548.3398806354635,0.0
6839.161571352512,0.0
6908.958777124602,0.0
6925.710106509905,0.0
6929.730425562377,0.0
6930.695302134971,0.0
6930.926872512393,0.0
6930.982449402974,0.0
6930.995787856714,0.0
2762.5239095689094,0.0
2762.5239095689094,0.0
2762.5239095689094,0.0
0.0,0.0
0.0,0.0
0.0,0.0
0.0,0.0
0.0,0.0
0.0,0.0
0.0,0.0
5267.56,0.0
5267.56,0.0
0.0,0.0
0.0,0.0
0.0,0.0
0.0,0.0
0.0,0.0
946.990512000004,0.0
946.990512000004,0.0
946.990512000004,0.0
946.990512000004,0.0
946.990512000004,0.0
946.990512000004,0.0
946.990512000004,0.0
946.990512000004,0.0
946.990512000004,0.0
5494.837722880001,0.0
6586.3210534912005,0.0
6848.277052837888,0.0
6911.146492681093,0.0
6926.235158243462,0.0
6929.856437978431,0.0
6930.725545114823,0.0
6930.934130827558,0.0
6930.984191398614,0.0
6930.995787856714,0.0
0.0,0.0
0.0,0.0
0.0,0.0
0.0,0.0
0.0,0.0
0.0,0.0
0.0,0.0
0.0,0.0
0.0,0.0
5267.56,0.0
6531.7744,0.0
6835.185856,0.0
0.0,0.0
0.0,0.0
0.0,0.0
0.0,0.0
0.0,0.0
0.0,0.0
0.0,0.0
0.0,0.0
5267.56,0.0
6531.7744,0.0
6835.185856,0.0
6908.00460544,0.0
0.0,0.0
0.0,0.0
0.0,0.0
0.0,0.0
0.0,0.0
0.0,0.0
0.0,0.0
0.0,0.0
3955.4251285881287,0.0
6216.862030861151,0.0
6759.606887406675,0.0
6889.865652977602,0.0
3691.2339388374003,0.0
3691.2339388374003,0.0
3691.2339388374003,0.0
0.0,0.0
0.0,0.0
0.0,0.0
0.0,0.0
0.0,0.0
0.0,0.0
5267.56,0.0
6531.7744,0.0
692.8943541610788,0.0
692.8943541610788,0.0
692.8943541610788,0.0
692.8943541610788,0.0
692.8943541610788,0.0
692.8943541610788,0.0
692.8943541610788,0.0
692.8943541610788,0.0
692.8943541610788,0.0
692.8943541610788,0.0
692.8943541610788,0.0
692.8943541610788,0.0
692.8943541610788,0.0
692.8943541610788,0.0
692.8943541610788,0.0
692.8943541610788,0.0
692.8943541610788,0.0
692.8943541610788,0.0
692.8943541610788,0.0
692.8943541610788,0.0
692.8943541610788,0.0
692.8943541610788,0.0
692.8943541610788,0.0
692.8943541610788,0.0
692.8943541610788,0.0
692.8943541610788,0.0
692.8943541610788,0.0
692.8943541610788,0.0
692.8943541610788,0.0
692.8943541610788,0.0
692.8943541610788,0.0
0.0,0.0
0.0,0.0
0.0,0.0
0.0,0.0
0.0,0.0
0.0,0.0
0.0,0.0
0.0,0.0
0.0,0.0
0.0,0.0
0.0,0.0
0.0,0.0
0.0,0.0
0.0,0.0
0.0,0.0
0.0,0.0
0.0,0.0
0.0,0.0
0.0,0.0
0.0,0.0
0.0,0.0
0.0,0.0
0.0,0.0
0.0,0.0
0.0,0.0
0.0,0.0
0.0,0.0
0.0,0.0
0.0,0.0
0.0,0.0
0.0,0.0
0.0,0.0
0.0,0.0
0.0,0.0
0.0,0.0
5267.56,0.0
5267.56,0.0
5267.56,0.0
6531.7744,0.0
6835.185856,0.0
6908.00460544,0.0
6908.958777124602,0.0
6925.710106509905,0.0
6929.730425562377,0.0
6930.695302134971,0.0
6930.926872512393,0.0
6930.982449402974,0.0
6930.995787856714,0.0
6930.995787856714,0.0
0.0,0.0
5267.56,0.0
6531.7744,0.0
6835.185856,0.0
4790.46072705358,0.0
4790.46072705358,0.0
0.0,0.0
0.0,0.0
0.0,0.0
0.0,0.0
0.0,0.0
0.0,0.0
0.0,0.0
0.0,0.0
0.0,0.0
3396.9293721974364,0.0
850.273289669999,0.0
850.273289669999,0.0
850.273289669999,0.0
850.273289669999,0.0
47.369376677042965,0.0
47.369376677042965,0.0
47.369376677042965,0.0
47.369376677042965,0.0
47.369376677042965,0.0
0.0,0.0
3352.379874580769,0.0
3352.379874580769,0.0
0.0,0.0
0.0,0.0
0.0,0.0
0.0,0.0
0.0,0.0
0.0,0.0
0.0,0.0
0.0,0.0
0.0,0.0
0.0,0.0
3162.0072676211503,0.0
3162.0072676211503,0.0
0.0,0.0
0.0,0.0
0.0,0.0
0.0,0.0
0.0,0.0
0.0,0.0
0.0,0.0
0.0,0.0
3567.5043821726495,0.0
3567.5043821726495,0.0
3567.5043821726495,0.0
3567.5043821726495,0.0
3567.5043821726495,0.0
3567.5043821726495,0.0
3567.5043821726495,0.0
3567.5043821726495,0.0
6123.761051721436,0.0
6737.262652413141,0.0
6839.16157135251,0.0
6839.16157135251,0.0
6839.16157135251,0.0
6839.16157135251,0.0
6839.16157135251,0.0
6908.958777124602,0.0
6925.710106509905,0.0
6929.730425562377,0.0
6930.695302134971,0.0
6930.926872512393,0.0
6930.982449402974,0.0
6930.995787856714,0.0
4198.29202102325,0.0
3710.668592406352,0.0
6158.120462177525,0.0
6745.508910922606,0.0
6886.482138621425,0.0
6920.315713269142,0.0
6928.435771184594,0.0
2294.79635514892,0.0
2294.79635514892,0.0
2294.79635514892,0.0
0.0,0.0
0.0,0.0
0.0,0.0
0.0,0.0
0.0,0.0
0.0,0.0
5267.56,0.0
6531.7744,0.0
6835.185856,0.0
0.0,0.0
0.0,0.0
0.0,0.0
0.0,0.0
0.0,0.0
0.0,0.0
0.0,0.0
0.0,0.0
0.0,0.0
5267.56,0.0
6531.7744,0.0
6531.7744,0.0
0.0,0.0
0.0,0.0
0.0,0.0
533.4428265173892,0.0
533.4428265173892,0.0
533.4428265173892,0.0
533.4428265173892,0.0
0.0,0.0
5267.56,0.0
6531.7744,0.0
6835.185856,0.0
6908.00460544,0.0
0.0,0.0
0.0,0.0
0.0,0.0
0.0,0.0
0.0,0.0
0.0,0.0
0.0,0.0
0.0,0.0
0.0,0.0
0.0,0.0
0.0,0.0
0.0,0.0
0.0,0.0
0.0,0.0
0.0,0.0
0.0,0.0
0.0,0.0
0.0,0.0
0.0,0.0
0.0,0.0
0.0,0.0
0.0,0.0
3262.4523360683884,0.0
3262.4523360683884,0.0
0.0,0.0
0.0,0.0
0.0,0.0
0.0,0.0
0.0,0.0
0.0,0.0
0.0,0.0
5267.56,0.0
6531.7744,0.0
6835.185856,0.0
6908.00460544,0.0
6925.4811053056,0.0
4099.5814274182085,0.0
4099.5814274182085,0.0
0.0,0.0
0.0,0.0
0.0,0.0
0.0,0.0
0.0,0.0
0.0,0.0
5267.56,0.0
6531.7744,0.0
6835.185856,0.0
6908.00460544,0.0
0.0,0.0
0.0,0.0
0.0,0.0
0.0,0.0
0.0,0.0
0.0,0.0
0.0,0.0
0.0,0.0
0.0,0.0
2839.369266788324,0.0
5949.008624029198,0.0
916.5700174143631,0.0
916.5700174143631,0.0
916.5700174143631,0.0
916.5700174143631,0.0
0.0,0.0
0.0,0.0
0.0,0.0
0.0,0.0
0.0,0.0
0.0,0.0
5267.56,0.0
6531.7744,0.0
754.4462207067081,0.0
754.4462207067081,0.0
754.4462207067081,0.0
754.4462207067081,0.0
0.0,0.0
0.0,0.0
0.0,0.0
0.0,0.0
0.0,0.0
0.0,0.0
5267.56,0.0
6531.7744,0.0
6531.7744,0.0
0.0,0.0
0.0,0.0
0.0,0.0
0.0,0.0
0.0,0.0
0.0,0.0
0.0,0.0
0.0,0.0
0.0,0.0
5267.56,0.0
6531.7744,0.0
6835.185856,0.0
0.0,0.0
0.0,0.0
0.0,0.0
0.0,0.0
0.0,0.0
0.0,0.0
0.0,0.0
0.0,0.0
5267.56,0.0
6531.7744,0.0
6835.185856,0.0
6908.00460544,0.0
0.0,0.0
0.0,0.0
0.0,0.0
0.0,0.0
0.0,0.0
0.0,0.0
0.0,0.0
0.0,0.0
5267.56,0.0
6531.7744,0.0
6835.185856,0.0
6908.00460544,0.0
0.0,0.0
0.0,0.0
0.0,0.0
0.0,0.0
0.0,0.0
0.0,0.0
0.0,0.0
0.0,0.0
5267.56,0.0
6531.7744,0.0
6835.185856,0.0
6908.00460544,0.0
0.0,0.0
0.0,0.0
0.0,0.0
0.0,0.0
0.0,0.0
1677.6642011784159,0.0
0.0,0.0
3613.8226412712315,0.0
6134.877433905096,0.0
6739.930584137223,0.0
6885.1433401929335,0.0
6919.994401646304,0.0
6928.358656395113,0.0
6928.358656395113,0.0
0.0,0.0
2679.302828192209,0.0
5910.59267876613,0.0
5910.59267876613,0.0
1559.3000615142137,0.0
0.0,0.0
5267.56,0.0
6531.7744,0.0
6835.185856,0.0
6908.00460544,0.0
0.0,0.0
0.0,0.0
0.0,0.0
0.0,0.0
0.0,0.0
0.0,0.0
0.0,0.0
0.0,0.0
0.0,0.0
5267.56,0.0
6531.7744,0.0
6531.7744,0.0
0.0,0.0
0.0,0.0
0.0,0.0
0.0,0.0
0.0,0.0
0.0,0.0
0.0,0.0
0.0,0.0
5267.56,0.0
6531.7744,0.0
6835.185856,0.0
6835.185856,0.0
0.0,0.0
0.0,0.0
0.0,0.0
0.0,0.0
0.0,0.0
0.0,0.0
0.0,0.0
0.0,0.0
4673.525659872325,0.0
6389.206158369358,0.0
6800.969478008643,0.0
6899.7926747220745,0.0
0.0,0.0
0.0,0.0
0.0,0.0
0.0,0.0
0.0,0.0
0.0,0.0
0.0,0.0
0.0,0.0
5267.56,0.0
6531.7744,0.0
6835.185856,0.0
6908.00460544,0.0
0.0,0.0
0.0,0.0
0.0,0.0
0.0,0.0
0.0,0.0
0.0,0.0
0.0,0.0
0.0,0.0
5267.56,0.0
6531.7744,0.0
6835.185856,0.0
6908.00460544,0.0
4752.1061123211775,0.0
3609.5953560416337,0.0
3609.5953560416337,0.0
0.0,0.0
0.0,0.0
0.0,0.0
0.0,0.0
0.0,0.0
5267.56,0.0
6531.7744,0.0
6835.185856,0.0
6908.00460544,0.0
0.0,0.0
0.0,0.0
0.0,0.0
0.0,0.0
0.0,0.0
0.0,0.0
0.0,0.0
0.0,0.0
5267.56,0.0
6531.7744,0.0
6835.185856,0.0
6908.00460544,0.0
0.0,0.0
0.0,0.0
0.0,0.0
3081.4325702112674,0.0
4775.50070483691,0.0
4775.50070483691,0.0
0.0,0.0
0.0,0.0
5267.56,0.0
6531.7744,0.0
6835.185856,0.0
6908.00460544,0.0
989.8947546433437,0.0
989.8947546433437,0.0
989.8947546433437,0.0
989.8947546433437,0.0
989.8947546433437,0.0
989.8947546433437,0.0
989.8947546433437,0.0
0.0,0.0
0.0,0.0
5267.56,0.0
6531.7744,0.0
6835.185856,0.0
0.0,0.0
0.0,0.0
0.0,0.0
0.0,0.0
0.0,0.0
0.0,0.0
0.0,0.0
0.0,0.0
5267.56,0.0
6531.7744,0.0
6835.185856,0.0
6908.00460544,0.0
6908.00460544,0.0
6908.00460544,0.0
6908.00460544,0.0
0.0,0.0
0.0,0.0
0.0,0.0
0.0,0.0
0.0,0.0
5267.56,0.0
6531.7744,0.0
6835.185856,0.0
6908.00460544,0.0
6908.00460544,0.0
6908.00460544,0.0
6908.00460544,0.0
0.0,0.0
0.0,0.0
0.0,0.0
0.0,0.0
0.0,0.0
4714.279495085064,0.0
6398.987078820417,0.0
6803.3168989169,0.0
4287.205654573695,0.0
0.0,0.0
0.0,0.0
287.59514992123513,0.0
5336.582835981097,0.0
6548.3398806354635,0.0
6839.161571352512,0.0
6908.958777124602,0.0
6925.710106509905,0.0
6929.730425562377,0.0
6930.695302134971,0.0
6930.926872512393,0.0
6930.982449402974,0.0
6930.995787856714,0.0
4013.9096825994475,0.0
0.0,0.0
4584.665637876825,0.0
6367.879753090438,0.0
6795.851140741705,0.0
304.03960675640064,0.0
0.0,0.0
5267.56,0.0
6531.7744,0.0
6835.185856,0.0
6908.00460544,0.0
6925.4811053056,0.0
3325.802841292707,0.0
0.0,0.0
0.0,0.0
0.0,0.0
738.6443419817354,0.0
0.0,0.0
5267.56,0.0
6531.7744,0.0
6835.185856,0.0
6908.00460544,0.0
6925.4811053056,0.0
6929.675465273344,0.0
4198.482206458988,0.0
4198.482206458988,0.0
4198.482206458988,0.0
4198.482206458988,0.0
0.0,0.0
0.0,0.0
0.0,0.0
5267.56,0.0
6531.7744,0.0
6835.185856,0.0
6908.00460544,0.0
6908.00460544,0.0
6908.00460544,0.0
6908.00460544,0.0
0.0,0.0
0.0,0.0
0.0,0.0
0.0,0.0
0.0,0.0
5267.56,0.0
6531.7744,0.0
6835.185856,0.0
6908.00460544,0.0
3408.216978389827,0.0
3408.216978389827,0.0
3408.216978389827,0.0
0.0,0.0
0.0,0.0
0.0,0.0
0.0,0.0
0.0,0.0
5267.56,0.0
6531.7744,0.0
6835.185856,0.0
6908.00460544,0.0
6908.00460544,0.0
1171.8267184538072,0.0
0.0,0.0
2034.9050545181178,0.0
2520.815366547453,0.0
0.0,0.0
0.0,0.0
0.0,0.0
5267.56,0.0
6531.7744,0.0
6835.185856,0.0
6908.00460544,0.0
6925.4811053056,0.0
6929.675465273344,0.0
6930.682111665603,0.0
6930.923706799745,0.0
6930.981689631939,0.0
6930.981689631939,0.0
0.0,0.0
5267.56,0.0
5267.56,0.0
5267.56,0.0
5267.56,0.0
5267.56,0.0
6531.7744,0.0
6531.7744,0.0
6531.7744,0.0
6835.185856,0.0
6839.161571352512,0.0
6839.161571352512,0.0
6839.161571352512,0.0
6908.958777124602,0.0
6925.710106509905,0.0
6929.730425562377,0.0
6930.695302134971,0.0
6930.926872512393,0.0
6930.982449402974,0.0
6930.995787856714,0.0
5495.241137001925,0.0
6586.417872880462,0.0
6848.300289491311,0.0
6911.152069477915,0.0
0.0,0.0
3039.9882460047243,0.0
5997.157179041134,0.0
6706.877722969873,0.0
6877.21065351277,0.0
6918.090556843064,0.0
6927.901733642335,0.0
2847.5393924420223,0.0
2847.5393924420223,0.0
0.0,0.0
0.0,0.0
0.0,0.0
0.0,0.0
2644.5265250302764,0.0
5902.246366007266,0.0
6684.099127841744,0.0
6871.743790682018,0.0
6916.778509763684,0.0
2624.103124372432,0.0
2624.103124372432,0.0
2624.103124372432,0.0
2624.103124372432,0.0
2624.103124372432,0.0
2624.103124372432,0.0
0.0,0.0
0.0,0.0
5267.56,0.0
6531.7744,0.0
6835.185856,0.0
6908.00460544,0.0
0.0,0.0
0.0,0.0
0.0,0.0
0.0,0.0
0.0,0.0
0.0,0.0
0.0,0.0
0.0,0.0
5267.56,0.0
6531.7744,0.0
6835.185856,0.0
6908.00460544,0.0
6908.00460544,0.0
2126.8257503506084,0.0
2126.8257503506084,0.0
0.0,0.0
0.0,0.0
0.0,0.0
0.0,0.0
5267.56,0.0
6531.7744,0.0
6835.185856,0.0
6908.00460544,0.0
6925.4811053056,0.0
4205.37214433925,0.0
4205.37214433925,0.0
4205.37214433925,0.0
0.0,0.0
0.0,0.0
0.0,0.0
0.0,0.0
0.0,0.0
0.0,0.0
0.0,0.0
0.0,0.0
0.0,0.0
0.0,0.0
0.0,0.0
0.0,0.0
0.0,0.0
0.0,0.0
0.0,0.0
0.0,0.0
0.0,0.0
0.0,0.0
5267.56,0.0
6531.7744,0.0
6531.7744,0.0
1618.1273959262744,0.0
1618.1273959262744,0.0
0.0,0.0
1058.5557036290004,0.0
1058.5557036290004,0.0
4559.031212135701,0.0
4559.031212135701,0.0
5487.127942975694,0.0
5487.127942975694,0.0
6584.470706314167,0.0
6847.8329695154,0.0
6911.039912683696,0.0
6926.209579044087,0.0
6929.850298970581,0.0
6930.724071752939,0.0
6930.933777220705,0.0
6930.984106532969,0.0
6930.995787856714,0.0
0.0,0.0
0.0,0.0
5267.56,0.0
6531.7744,0.0
6835.185856,0.0
6908.00460544,0.0
4945.658325880414,0.0
4945.658325880414,0.0
1095.2671681980519,0.0
1095.2671681980519,0.0
1095.2671681980519,0.0
1095.2671681980519,0.0
1095.2671681980519,0.0
1095.2671681980519,0.0
1095.2671681980519,0.0
1095.2671681980519,0.0
1095.2671681980519,0.0
1095.2671681980519,0.0
1095.2671681980519,0.0
1095.2671681980519,0.0
1095.2671681980519,0.0
0.0,0.0
0.0,0.0
0.0,0.0
0.0,0.0
0.0,0.0
5267.56,0.0
6531.7744,0.0
6835.185856,0.0
6908.00460544,0.0
0.0,0.0
0.0,0.0
0.0,0.0
0.0,0.0
0.0,0.0
0.0,0.0
0.0,0.0
0.0,0.0
5267.56,0.0
6531.7744,0.0
6835.185856,0.0
6908.00460544,0.0
6925.4811053056,0.0
6925.4811053056,0.0
6394.7749068862595,0.0
3894.0468809245067,0.0
3894.0468809245067,0.0
0.0,0.0
0.0,0.0
5267.56,0.0
6531.7744,0.0
6835.185856,0.0
6908.00460544,0.0
6925.4811053056,0.0
1818.7634106521782,0.0
1818.7634106521782,0.0
1818.7634106521782,0.0
0.0,0.0
0.0,0.0
0.0,0.0
0.0,0.0
0.0,0.0
5267.56,0.0
6531.7744,0.0
6835.185856,0.0
6908.00460544,0.0
0.0,0.0
0.0,0.0
0.0,0.0
0.0,0.0
0.0,0.0
0.0,0.0
0.0,0.0
0.0,0.0
0.0,0.0
5267.56,0.0
6531.7744,0.0
2391.7892035421464,0.0
2391.7892035421464,0.0
2391.7892035421464,0.0
2391.7892035421464,0.0
0.0,0.0
0.0,0.0
0.0,0.0
0.0,0.0
0.0,0.0
5267.56,0.0
6531.7744,0.0
6835.185856,0.0
6908.00460544,0.0
5252.538282183236,0.0
5252.538282183236,0.0
0.0,0.0
0.0,0.0
0.0,0.0
0.0,0.0
0.0,0.0
0.0,0.0
0.0,0.0
0.0,0.0
0.0,0.0
0.0,0.0
0.0,0.0
0.0,0.0
0.0,0.0
0.0,0.0
0.0,0.0
0.0,0.0
0.0,0.0
0.0,0.0
0.0,0.0
5267.56,0.0
6531.7744,0.0
6835.185856,0.0
0.0,0.0
0.0,0.0
0.0,0.0
0.0,0.0
0.0,0.0
0.0,0.0
0.0,0.0
0.0,0.0
0.0,0.0
4055.5901059983726,0.0
4055.5901059983726,0.0
1514.676488660215,0.0
1514.676488660215,0.0
1514.676488660215,0.0
1514.676488660215,0.0
0.0,0.0
0.0,0.0
0.0,0.0
0.0,0.0
0.0,0.0
4464.585461756914,0.0
6339.06051082166,0.0
6788.934522597196,0.0
6896.904285423327,0.0
4361.738394189135,0.0
4361.738394189135,0.0
0.0,0.0
0.0,0.0
0.0,0.0
0.0,0.0
0.0,0.0
0.0,0.0
5267.56,0.0
6531.7744,0.0
6835.185856,0.0
6908.00460544,0.0
0.0,0.0
0.0,0.0
0.0,0.0
0.0,0.0
0.0,0.0
0.0,0.0
0.0,0.0
0.0,0.0
0.0,0.0
0.0,0.0
0.0,0.0
0.0,0.0
0.0,0.0
0.0,0.0
0.0,0.0
0.0,0.0
0.0,0.0
0.0,0.0
0.0,0.0
0.0,0.0
0.0,0.0
5267.56,0.0
6531.7744,0.0
6531.7744,0.0
0.0,0.0
0.0,0.0
0.0,0.0
0.0,0.0
0.0,0.0
0.0,0.0
0.0,0.0
0.0,0.0
411.73317685898985,0.0
5366.375962446158,0.0
6555.490230987078,0.0
6840.877655436899,0.0
0.0,0.0
0.0,0.0
0.0,0.0
0.0,0.0
0.0,0.0
0.0,0.0
0.0,0.0
1369.3744210000004,0.0
1369.3744210000004,0.0
1369.3744210000004,0.0
1369.3744210000004,0.0
5596.20986104,0.0
5596.20986104,0.0
5596.20986104,0.0
5596.20986104,0.0
6610.6503666496,0.0
6854.116087995904,0.0
6912.547861119017,0.0
6912.547861119017,0.0
6926.571486668564,0.0
6929.937156800455,0.0
6930.74491763211,0.0
6930.938780231706,0.0
6930.98530725561,0.0
6930.995787856714,0.0
6930.995787856714,0.0
0.0,0.0
0.0,0.0
0.0,0.0
0.0,0.0
0.0,0.0
5267.56,0.0
6531.7744,0.0
6835.185856,0.0
6908.00460544,0.0
6925.4811053056,0.0
6929.675465273344,0.0
6930.682111665603,0.0
6930.923706799745,0.0
6930.981689631939,0.0
6930.995605511665,0.0
6930.995605511665,0.0
0.0,0.0
0.0,0.0
5267.56,0.0
6531.7744,0.0
6835.185856,0.0
6908.00460544,0.0
0.0,0.0
0.0,0.0
0.0,0.0
0.0,0.0
0.0,0.0
0.0,0.0
0.0,0.0
0.0,0.0
1205.055448038995,0.0
5556.773307529365,0.0
6601.185593807048,0.0
4840.8506612784095,0.0
0.0,0.0
0.0,0.0
0.0,0.0
0.0,0.0
0.0,0.0
0.0,0.0
0.0,0.0
0.0,0.0
5267.56,0.0
6531.7744,0.0
6835.185856,0.0
6908.00460544,0.0
6908.00460544,0.0
6908.00460544,0.0
6908.00460544,0.0
0.0,0.0
0.0,0.0
0.0,0.0
0.0,0.0
0.0,0.0
0.0,0.0
0.0,0.0
0.0,0.0
0.0,0.0
0.0,0.0
0.0,0.0
0.0,0.0
0.0,0.0
0.0,0.0
0.0,0.0
0.0,0.0
0.0,0.0
2371.826480755489,0.0
5836.798355381317,0.0
6668.3916052915165,0.0
6668.3916052915165,0.0
4215.267104867547,0.0
0.0,0.0
0.0,0.0
0.0,0.0
0.0,0.0
0.0,0.0
0.0,0.0
5267.56,0.0
6531.7744,0.0
6835.185856,0.0
6908.00460544,0.0
6925.4811053056,0.0
6925.4811053056,0.0
6925.4811053056,0.0
6925.4811053056,0.0
0.0,0.0
0.0,0.0
0.0,0.0
0.0,0.0
0.0,0.0
120.5408824593651,0.0
5296.489811790248,0.0
5812.295724054379,0.0
584.093776042243,0.0
584.093776042243,0.0
584.093776042243,0.0
0.0,0.0
0.0,0.0
3.0050322976571624,0.0
0.0,0.0
0.0,0.0
0.0,0.0
0.0,0.0
0.0,0.0
0.0,0.0
0.0,0.0
0.0,0.0
833.0093026123493,0.0
833.0093026123493,0.0
833.0093026123493,0.0
833.0093026123493,0.0
833.0093026123493,0.0
833.0093026123493,0.0
833.0093026123493,0.0
833.0093026123493,0.0
833.0093026123493,0.0
833.0093026123493,0.0
833.0093026123493,0.0
833.0093026123493,0.0
287.59514992123604,0.0
287.59514992123604,0.0
287.59514992123604,0.0
287.59514992123604,0.0
287.59514992123604,0.0
5336.582835981097,0.0
6548.3398806354635,0.0
6839.161571352512,0.0
6908.958777124602,0.0
6925.710106509905,0.0
6929.730425562377,0.0
6930.695302134971,0.0
6930.926872512393,0.0
6930.982449402974,0.0
6930.995787856714,0.0
6930.995787856714,0.0
6930.995787856714,0.0
0.0,0.0
0.0,0.0
5267.56,0.0
6531.7744,0.0
6835.185856,0.0
5180.230979172082,0.0
0.0,0.0
0.0,0.0
0.0,0.0
0.0,0.0
0.0,0.0
0.0,0.0
0.0,0.0
0.0,0.0
0.0,0.0
4418.420202505942,0.0
6327.980848601426,0.0
2837.7093079250717,0.0
2837.7093079250717,0.0
2837.7093079250717,0.0
2837.7093079250717,0.0
0.0,0.0
0.0,0.0
0.0,0.0
0.0,0.0
0.0,0.0
4863.934099727645,0.0
6434.904183934635,0.0
6811.937004144313,0.0
6902.424880994635,0.0
0.0,0.0
0.0,0.0
0.0,0.0
0.0,0.0
0.0,0.0
0.0,0.0
0.0,0.0
0.0,0.0
0.0,0.0
4285.629282420936,0.0
4464.320756415444,0.0
4152.599527112181,0.0
0.0,0.0
0.0,0.0
0.0,0.0
0.0,0.0
0.0,0.0
0.0,0.0
0.0,0.0
0.0,0.0
4117.087629031517,0.0
6255.661030967564,0.0
6768.918647432214,0.0
6892.1004753837315,0.0
0.0,0.0
0.0,0.0
0.0,0.0
0.0,0.0
0.0,0.0
0.0,0.0
0.0,0.0
0.0,0.0
0.0,0.0
5267.56,0.0
6531.7744,0.0
6835.185856,0.0
0.0,0.0
0.0,0.0
0.0,0.0
0.0,0.0
0.0,0.0
0.0,0.0
0.0,0.0
0.0,0.0
5267.56,0.0
6531.7744,0.0
6835.185856,0.0
6908.00460544,0.0
0.0,0.0
0.0,0.0
0.0,0.0
0.0,0.0
0.0,0.0
0.0,0.0
0.0,0.0
0.0,0.0
0.0,0.0
5267.56,0.0
6531.7744,0.0
6835.185856,0.0
0.0,0.0
0.0,0.0
0.0,0.0
0.0,0.0
0.0,0.0
0.0,0.0
0.0,0.0
0.0,0.0
5267.56,0.0
6531.7744,0.0
6835.185856,0.0
6908.00460544,0.0
2494.629108989576,0.0
2494.629108989576,0.0
2494.629108989576,0.0
0.0,0.0
0.0,0.0
0.0,0.0
0.0,0.0
0.0,0.0
5267.56,0.0
6531.7744,0.0
6835.185856,0.0
6908.00460544,0.0
4930.451925680275,0.0
0.0,0.0
0.0,0.0
0.0,0.0
0.0,0.0
0.0,0.0
0.0,0.0
0.0,0.0
5267.56,0.0
6531.7744,0.0
6835.185856,0.0
6908.00460544,0.0
0.0,0.0
0.0,0.0
0.0,0.0
0.0,0.0
0.0,0.0
0.0,0.0
0.0,0.0
0.0,0.0
4155.193767787641,0.0
6264.806504269036,0.0
6771.113561024568,0.0
6771.113561024568,0.0
0.0,0.0
0.0,0.0
0.0,0.0
0.0,0.0
0.0,0.0
0.0,0.0
0.0,0.0
0.0,0.0
0.0,0.0
5267.56,0.0
6531.7744,0.0
6835.185856,0.0
0.0,0.0
0.0,0.0
0.0,0.0
0.0,0.0
0.0,0.0
0.0,0.0
0.0,0.0
0.0,0.0
0.0,0.0
5267.56,0.0
6531.7744,0.0
2841.9804849372376,0.0
2841.9804849372376,0.0
2841.9804849372376,0.0
2841.9804849372376,0.0
0.0,0.0
0.0,0.0
0.0,0.0
0.0,0.0
0.0,0.0
0.0,0.0
5267.56,0.0
5267.56,0.0
1675.6619986453525,0.0
1675.6619986453525,0.0
1675.6619986453525,0.0
1675.6619986453525,0.0
0.0,0.0
0.0,0.0
0.0,0.0
0.0,0.0
0.0,0.0
5267.56,0.0
6531.7744,0.0
6835.185856,0.0
6908.00460544,0.0
6908.00460544,0.0
0.0,0.0
0.0,0.0
0.0,0.0
0.0,0.0
0.0,0.0
0.0,0.0
201.64306095425212,0.0
5315.95433462902,0.0
6543.389040310965,0.0
6837.973369674633,0.0
6908.673608721912,0.0
6908.673608721912,0.0
0.0,0.0
0.0,0.0
0.0,0.0
0.0,0.0
0.0,0.0
0.0,0.0
0.0,0.0
5267.56,0.0
6531.7744,0.0
6835.185856,0.0
6908.00460544,0.0
0.0,0.0
0.0,0.0
0.0,0.0
0.0,0.0
0.0,0.0
0.0,0.0
0.0,0.0
0.0,0.0
1027.1449123944826,0.0
5514.074778974676,0.0
6590.937946953922,0.0
4106.492192061611,0.0
4106.492192061611,0.0
4106.492192061611,0.0
4106.492192061611,0.0
0.0,0.0
0.0,0.0
0.0,0.0
0.0,0.0
0.0,0.0
0.0,0.0
0.0,0.0
0.0,0.0
0.0,0.0
0.0,0.0
0.0,0.0
0.0,0.0
0.0,0.0
0.0,0.0
0.0,0.0
0.0,0.0
0.0,0.0
5267.56,0.0
6531.7744,0.0
6835.185856,0.0
6908.00460544,0.0
6925.4811053056,0.0
6925.4811053056,0.0
6925.4811053056,0.0
4952.2007044029,0.0
4952.2007044029,0.0
4952.2007044029,0.0
0.0,0.0
5267.56,0.0
6531.7744,0.0
6835.185856,0.0
6908.00460544,0.0
6925.4811053056,0.0
6925.4811053056,0.0
6925.4811053056,0.0
1737.6312492015395,0.0
1737.6312492015395,0.0
0.0,0.0
0.0,0.0
0.0,0.0
0.0,0.0
5267.56,0.0
6531.7744,0.0
6835.185856,0.0
6908.00460544,0.0
6925.4811053056,0.0
6925.4811053056,0.0
6925.4811053056,0.0
0.0,0.0
0.0,0.0
0.0,0.0
0.0,0.0
2508.323040798431,0.0
5869.557529791624,0.0
6676.253807149989,0.0
6869.860913715997,0.0
6916.326619291838,0.0
6927.478388630041,0.0
6927.478388630041,0.0
6927.478388630041,0.0
4894.280843256245,0.0
2089.549217644908,0.0
2089.549217644908,0.0
0.0,0.0
2913.231649281234,0.0
5966.735595827497,0.0
6699.5765429985995,0.0
6875.458370319664,0.0
6917.670008876719,0.0
4565.4346568854635,0.0
0.0,0.0
0.0,0.0
0.0,0.0
0.0,0.0
0.0,0.0
0.0,0.0
0.0,0.0
5267.56,0.0
6531.7744,0.0
6835.185856,0.0
6908.00460544,0.0
0.0,0.0
0.0,0.0
0.0,0.0
3638.292605967844,0.0
3638.292605967844,0.0
3638.292605967844,0.0
0.0,0.0
0.0,0.0
5267.56,0.0
6531.7744,0.0
6835.185856,0.0
6908.00460544,0.0
6908.00460544,0.0
6908.00460544,0.0
6908.00460544,0.0
0.0,0.0
0.0,0.0
0.0,0.0
0.0,0.0
0.0,0.0
0.0,0.0
0.0,0.0
0.0,0.0
0.0,0.0
0.0,0.0
0.0,0.0
0.0,0.0
3579.1773181005665,0.0
6126.562556344135,0.0
6737.935013522592,0.0
5540.058386072647,0.0
0.0,0.0
0.0,0.0
0.0,0.0
0.0,0.0
590.3444150000068,0.0
590.3444150000068,0.0
5409.242659600001,0.0
6565.778238304,0.0
6843.34677719296,0.0
6909.963226526311,0.0
6925.951174366314,0.0
6929.788281847916,0.0
6930.7091876435,0.0
6930.9302050344395,0.0
6930.983249208265,0.0
6930.995787856714,0.0
6930.995787856714,0.0
0.0,0.0
0.0,0.0
0.0,0.0
0.0,0.0
0.0,0.0
0.0,0.0
0.0,0.0
0.0,0.0
5267.56,0.0
6531.7744,0.0
6835.185856,0.0
6908.00460544,0.0
0.0,0.0
0.0,0.0
0.0,0.0
0.0,0.0
0.0,0.0
0.0,0.0
0.0,0.0
0.0,0.0
2190.392011211875,0.0
5793.254082690844,0.0
6657.940979845803,0.0
4052.23875648141,0.0
4052.23875648141,0.0
4052.23875648141,0.0
4052.23875648141,0.0
4052.23875648141,0.0
4052.23875648141,0.0
4052.23875648141,0.0
4052.23875648141,0.0
0.0,0.0
0.0,0.0
0.0,0.0
0.0,0.0
0.0,0.0
0.0,0.0
0.0,0.0
0.0,0.0
0.0,0.0
0.0,0.0
0.0,0.0
0.0,0.0
0.0,0.0
0.0,0.0
0.0,0.0
0.0,0.0
0.0,0.0
0.0,0.0
0.0,0.0
0.0,0.0
0.0,0.0
0.0,0.0
0.0,0.0
0.0,0.0
0.0,0.0
0.0,0.0
0.0,0.0
0.0,0.0
0.0,0.0
0.0,0.0
0.0,0.0
0.0,0.0
0.0,0.0
0.0,0.0
0.0,0.0
0.0,0.0
0.0,0.0
4061.2096579379213,0.0
6242.250317905101,0.0
6765.700076297226,0.0
6891.328018311334,0.0
6891.328018311334,0.0
0.0,0.0
0.0,0.0
0.0,0.0
0.0,0.0
0.0,0.0
0.0,0.0
0.0,0.0
0.0,0.0
0.0,0.0
0.0,0.0
0.0,0.0
0.0,0.0
0.0,0.0
0.0,0.0
0.0,0.0
0.0,0.0
0.0,0.0
287.59514992123786,0.0
287.59514992123786,0.0
287.59514992123786,0.0
287.59514992123786,0.0
287.59514992123786,0.0
287.59514992123786,0.0
287.59514992123786,0.0
287.59514992123786,0.0
287.59514992123786,0.0
287.59514992123786,0.0
287.59514992123786,0.0
287.59514992123786,0.0
287.59514992123786,0.0
287.59514992123786,0.0
287.59514992123786,0.0
287.59514992123786,0.0
287.59514992123786,0.0
5336.582835981097,0.0
5336.582835981097,0.0
5336.582835981097,0.0
5336.582835981097,0.0
6548.3398806354635,0.0
6839.161571352512,0.0
6908.958777124602,0.0
6908.958777124602,0.0
6925.710106509905,0.0
6929.730425562377,0.0
6930.695302134971,0.0
6930.926872512393,0.0
6930.982449402974,0.0
6930.995787856714,0.0
6930.995787856714,0.0
6930.995787856714,0.0
0.0,0.0
0.0,0.0
0.0,0.0
0.0,0.0
0.0,0.0
0.0,0.0
5267.56,0.0
6531.7744,0.0
6531.7744,0.0
0.0,0.0
0.0,0.0
0.0,0.0
0.0,0.0
0.0,0.0
0.0,0.0
0.0,0.0
0.0,0.0
0.0,0.0
5267.56,0.0
6531.7744,0.0
6531.7744,0.0
0.0,0.0
0.0,0.0
0.0,0.0
0.0,0.0
0.0,0.0
0.0,0.0
0.0,0.0
0.0,0.0
5267.56,0.0
5267.56,0.0
5267.56,0.0
5267.56,0.0
5267.56,0.0
3344.1711114192103,0.0
3344.1711114192103,0.0
3344.1711114192103,0.0
3344.1711114192103,0.0
3344.1711114192103,0.0
3344.1711114192103,0.0
3344.1711114192103,0.0
3344.1711114192103,0.0
3344.1711114192103,0.0
3344.1711114192103,0.0
3344.1711114192103,0.0
3344.1711114192103,0.0
3344.1711114192103,0.0
3344.1711114192103,0.0
3344.1711114192103,0.0
3344.1711114192103,0.0
3344.1711114192103,0.0
5402.289374379207,0.0
6564.10944985101,0.0
6842.946267964242,0.0
6909.867104311418,0.0
6925.92810503474,0.0
6929.7827452083375,0.0
6930.707858850001,0.0
6930.929886124,0.0
6930.98317266976,0.0
6930.995787856714,0.0
6930.995787856714,0.0
6930.995787856714,0.0
0.0,0.0
0.0,0.0
1802.1516951235242,0.0
5700.076406829646,0.0
6635.5783376391155,0.0
6860.098801033388,0.0
523.1759217992276,0.0
523.1759217992276,0.0
523.1759217992276,0.0
0.0,0.0
0.0,0.0
0.0,0.0
0.0,0.0
0.0,0.0
0.0,0.0
5267.56,0.0
5267.56,0.0
5267.56,0.0
5267.56,0.0
5267.56,0.0
5267.56,0.0
6531.7744,0.0
6531.7744,0.0
6531.7744,0.0
6531.7744,0.0
6531.7744,0.0
6531.7744,0.0
6531.7744,0.0
6835.185856,0.0
6908.00460544,0.0
6925.4811053056,0.0
6929.675465273344,0.0
6930.682111665603,0.0
6930.923706799745,0.0
6930.981689631939,0.0
6930.995605511665,0.0
1339.335198298937,0.0
5589.000447591745,0.0
6608.920107422019,0.0
6853.700825781285,0.0
6912.448198187509,0.0
6926.547567565002,0.0
6929.931416215601,0.0
6929.931416215601,0.0
6929.931416215601,0.0
0.0,0.0
0.0,0.0
0.0,0.0
0.0,0.0
0.0,0.0
5267.56,0.0
6531.7744,0.0
6835.185856,0.0
6908.00460544,0.0
6925.4811053056,0.0
3601.502173597727,0.0
5688.952926086505,0.0
6632.908702260761,0.0
6859.458088542583,0.0
6913.82994125022,0.0
5439.517164539089,0.0
6573.044119489381,0.0
6845.090588677452,0.0
6910.381741282588,0.0
6926.051617907821,0.0
6929.812388297877,0.0
6930.714973191491,0.0
6930.714973191491,0.0
6930.714973191491,0.0
0.0,0.0
0.0,0.0
0.0,0.0
0.0,0.0
0.0,0.0
1849.372730045696,0.0
5711.409455210967,0.0
6638.298269250632,0.0
6638.298269250632,0.0
0.0,0.0
0.0,0.0
0.0,0.0
0.0,0.0
0.0,0.0
0.0,0.0
0.0,0.0
0.0,0.0
5267.56,0.0
6531.7744,0.0
6835.185856,0.0
6908.00460544,0.0
6908.00460544,0.0
6908.00460544,0.0
6908.00460544,0.0
0.0,0.0
0.0,0.0
0.0,0.0
0.0,0.0
0.0,0.0
5267.56,0.0
6531.7744,0.0
6835.185856,0.0
6835.185856,0.0
0.0,0.0
0.0,0.0
0.0,0.0
0.0,0.0
0.0,0.0
0.0,0.0
0.0,0.0
0.0,0.0
0.0,0.0
1134.254499836483,0.0
1134.254499836483,0.0
1134.254499836483,0.0
1134.254499836483,0.0
1134.254499836483,0.0
1134.254499836483,0.0
0.0,0.0
0.0,0.0
0.0,0.0
0.0,0.0
0.0,0.0
0.0,0.0
5267.56,0.0
6531.7744,0.0
6531.7744,0.0
2306.9463935147105,0.0
2306.9463935147105,0.0
2306.9463935147105,0.0
0.0,0.0
0.0,0.0
0.0,0.0
0.0,0.0
0.0,0.0
1011.3792460700267,0.0
5510.291019056806,0.0
6590.029844573633,0.0
6849.167162697672,0.0
0.0,0.0
0.0,0.0
0.0,0.0
0.0,0.0
0.0,0.0
5170.3739214542,0.0
6508.449741149008,0.0
6829.587937875762,0.0
6906.661105090183,0.0
6925.158665221644,0.0
6929.598079653195,0.0
6930.6635391167665,0.0
6930.919249388024,0.0
6930.980619853124,0.0
6930.995348764749,0.0
6930.995348764749,0.0
6930.995348764749,0.0
6930.995348764749,0.0
0.0,0.0
0.0,0.0
5267.56,0.0
6531.7744,0.0
6835.185856,0.0
6908.00460544,0.0
0.0,0.0
0.0,0.0
0.0,0.0
0.0,0.0
0.0,0.0
0.0,0.0
0.0,0.0
0.0,0.0
5267.56,0.0
6531.7744,0.0
6835.185856,0.0
6835.185856,0.0
0.0,0.0
0.0,0.0
0.0,0.0
0.0,0.0
0.0,0.0
0.0,0.0
0.0,0.0
0.0,0.0
0.0,0.0
0.0,0.0
0.0,0.0
0.0,0.0
0.0,0.0
0.0,0.0
0.0,0.0
0.0,0.0
0.0,0.0
0.0,0.0
0.0,0.0
0.0,0.0
4762.375854988422,0.0
6410.530205197221,0.0
6806.087249247333,0.0
6901.020939819359,0.0
0.0,0.0
0.0,0.0
0.0,0.0
0.0,0.0
0.0,0.0
0.0,0.0
0.0,0.0
0.0,0.0
0.0,0.0
5267.56,0.0
6531.7744,0.0
6531.7744,0.0
0.0,0.0
0.0,0.0
0.0,0.0
0.0,0.0
0.0,0.0
0.0,0.0
0.0,0.0
0.0,0.0
4743.530333692739,0.0
6406.007280086257,0.0
6805.001747220702,0.0
6900.760419332969,0.0
0.0,0.0
0.0,0.0
0.0,0.0
0.0,0.0
0.0,0.0
0.0,0.0
0.0,0.0
0.0,0.0
5267.56,0.0
6531.7744,0.0
6835.185856,0.0
6908.00460544,0.0
1541.7334517216705,0.0
1541.7334517216705,0.0
1541.7334517216705,0.0
1541.7334517216705,0.0
1541.7334517216705,0.0
1541.7334517216705,0.0
1541.7334517216705,0.0
0.0,0.0
955.5948069931401,0.0
5496.902753678354,0.0
6586.816660882805,0.0
6586.816660882805,0.0
0.0,0.0
0.0,0.0
0.0,0.0
0.0,0.0
0.0,0.0
0.0,0.0
0.0,0.0
0.0,0.0
0.0,0.0
747.0690119579688,0.0
2602.2129448312207,0.0
0.0,0.0
0.0,0.0
0.0,0.0
1715.247855345488,0.0
5679.219485282918,0.0
6630.5726764679,0.0
6858.897442352296,0.0
3872.001547439737,0.0
0.0,0.0
5267.56,0.0
6531.7744,0.0
6835.185856,0.0
6908.00460544,0.0
0.0,0.0
0.0,0.0
0.0,0.0
0.0,0.0
0.0,0.0
1732.2683387879906,0.0
5683.3044013091185,0.0
6631.553056314188,0.0
6631.553056314188,0.0
6859.132733515406,0.0
6913.751856043697,0.0
6926.8604454504875,0.0
6930.006506908117,0.0
6930.761561657948,0.0
6930.942774797907,0.0
6930.986265951497,0.0
6930.995787856714,0.0
6930.995787856714,0.0
3653.0349982579337,0.0
0.0,0.0
5267.56,0.0
6531.7744,0.0
6835.185856,0.0
6908.00460544,0.0
0.0,0.0
0.0,0.0
0.0,0.0
0.0,0.0
0.0,0.0
0.0,0.0
0.0,0.0
0.0,0.0
5267.56,0.0
6531.7744,0.0
6835.185856,0.0
6908.00460544,0.0
6925.4811053056,0.0
6925.4811053056,0.0
6925.4811053056,0.0
6925.4811053056,0.0
6925.4811053056,0.0
6925.4811053056,0.0
1605.6736336572303,0.0
0.0,0.0
5267.56,0.0
6531.7744,0.0
6835.185856000004,0.0
6908.004605440001,0.0
6908.004605440001,0.0
6908.004605440001,0.0
6908.004605440001,0.0
0.0,0.0
0.0,0.0
0.0,0.0
0.0,0.0
0.0,0.0
5267.56,0.0
6531.7744,0.0
6835.185856,0.0
6908.00460544,0.0
6925.4811053056,0.0
5575.083485975547,0.0
6605.580036634131,0.0
6852.8992087921915,0.0
6912.255810110126,0.0
6912.255810110126,0.0
0.0,0.0
0.0,0.0
0.0,0.0
5267.56,0.0
6531.7744,0.0
6531.7744,0.0
0.0,0.0
0.0,0.0
0.0,0.0
0.0,0.0
0.0,0.0
0.0,0.0
0.0,0.0
0.0,0.0
5267.56,0.0
6531.7744,0.0
6835.185856,0.0
6835.185856,0.0
0.0,0.0
0.0,0.0
0.0,0.0
0.0,0.0
0.0,0.0
0.0,0.0
0.0,0.0
0.0,0.0
0.0,0.0
0.0,0.0
2312.2032002162005,0.0
2312.2032002162005,0.0
0.0,0.0
0.0,0.0
0.0,0.0
0.0,0.0
0.0,0.0
0.0,0.0
0.0,0.0
0.0,0.0
0.0,0.0
5267.56,0.0
6531.7744,0.0
3252.736548550627,0.0
3252.736548550627,0.0
3252.736548550627,0.0
3252.736548550627,0.0
0.0,0.0
0.0,0.0
0.0,0.0
0.0,0.0
0.0,0.0
0.0,0.0
2864.5339714910974,0.0
2864.5339714910974,0.0
0.0,0.0
0.0,0.0
0.0,0.0
0.0,0.0
0.0,0.0
0.0,0.0
0.0,0.0
0.0,0.0
0.0,0.0
0.0,0.0
4650.708441590158,0.0
6383.730025981638,0.0
4498.447280981411,0.0
0.0,0.0
0.0,0.0
0.0,0.0
0.0,0.0
0.0,0.0
0.0,0.0
0.0,0.0
0.0,0.0
5267.56,0.0
6531.7744,0.0
6835.185856,0.0
6908.00460544,0.0
6925.4811053056,0.0
2477.144596655149,0.0
0.0,0.0
5267.56,0.0
6531.7744,0.0
6835.185856,0.0
6908.00460544,0.0
6925.4811053056,0.0
6929.675465273344,0.0
6930.682111665603,0.0
6930.923706799745,0.0
6930.981689631939,0.0
6930.995605511665,0.0
6930.995605511665,0.0
6930.995605511665,0.0
0.0,0.0
0.0,0.0
0.0,0.0
0.0,0.0
0.0,0.0
5267.56,0.0
6531.7744,0.0
6835.185856,0.0
6908.00460544,0.0
0.0,0.0
0.0,0.0
0.0,0.0
0.0,0.0
0.0,0.0
0.0,0.0
0.0,0.0
0.0,0.0
0.0,0.0
5267.56,0.0
6531.7744,0.0
6531.7744,0.0
0.0,0.0
0.0,0.0
0.0,0.0
0.0,0.0
0.0,0.0
0.0,0.0
0.0,0.0
0.0,0.0
5267.56,0.0
6531.7744,0.0
6835.185856,0.0
6908.00460544,0.0
6925.4811053056,0.0
6929.675465273344,0.0
6930.682111665603,0.0
6930.923706799745,0.0
6930.981689631939,0.0
6930.995605511665,0.0
2249.7869613378916,0.0
0.0,0.0
5267.56,0.0
6531.7744,0.0
6835.185856,0.0
6908.00460544,0.0
6925.4811053056,0.0
696.3390461185891,0.0
0.0,0.0
0.0,0.0
0.0,0.0
0.0,0.0
0.0,0.0
0.0,0.0
0.0,0.0
0.0,0.0
0.0,0.0
0.0,0.0
0.0,0.0
287.59514992123786,0.0
5336.582835981097,0.0
6548.3398806354635,0.0
6839.161571352512,0.0
6908.958777124602,0.0
6925.710106509905,0.0
6929.730425562377,0.0
6930.695302134971,0.0
6930.926872512393,0.0
6930.982449402974,0.0
6930.995787856714,0.0
897.2094607887748,0.0
897.2094607887748,0.0
897.2094607887748,0.0
897.2094607887748,0.0
897.2094607887748,0.0
897.2094607887748,0.0
897.2094607887748,0.0
0.0,0.0
0.0,0.0
0.0,0.0
0.0,0.0
4402.651537999997,0.0
4876.246368163519,0.0
4876.246368163519,0.0
6437.859128359247,0.0
6548.339880635492,0.0
6839.161571352518,0.0
6908.958777124604,0.0
6908.958777124604,0.0
6925.710106509905,0.0
6929.730425562377,0.0
6930.695302134971,0.0
6930.926872512393,0.0
6930.982449402974,0.0
6930.995787856714,0.0
6930.995787856714,0.0
6930.995787856714,0.0
0.0,0.0
0.0,0.0
0.0,0.0
0.0,0.0
0.0,0.0
0.0,0.0
0.0,0.0
0.0,0.0
0.0,0.0
0.0,0.0
0.0,0.0
0.0,0.0
0.0,0.0
0.0,0.0
0.0,0.0
0.0,0.0
0.0,0.0
0.0,0.0
5267.56,0.0
6531.7744,0.0
3755.667509190953,0.0
3755.667509190953,0.0
3755.667509190953,0.0
0.0,0.0
0.0,0.0
0.0,0.0
0.0,0.0
0.0,0.0
0.0,0.0
0.0,0.0
5267.56,0.0
6531.7744,0.0
6835.185856,0.0
2549.3507394584503,0.0
2549.3507394584503,0.0
2549.3507394584503,0.0
0.0,0.0
0.0,0.0
0.0,0.0
0.0,0.0
0.0,0.0
0.0,0.0
5267.56,0.0
6531.7744,0.0
4123.823937313322,0.0
4123.823937313322,0.0
4123.823937313322,0.0
4123.823937313322,0.0
4123.823937313322,0.0
0.0,0.0
0.0,0.0
0.0,0.0
0.0,0.0
5267.56,0.0
6531.7744,0.0
6835.185856,0.0
6908.00460544,0.0
0.0,0.0
0.0,0.0
0.0,0.0
0.0,0.0
0.0,0.0
0.0,0.0
0.0,0.0
0.0,0.0
0.0,0.0
5267.56,0.0
6531.7744,0.0
355.6922182346527,0.0
355.6922182346527,0.0
355.6922182346527,0.0
355.6922182346527,0.0
355.6922182346527,0.0
355.6922182346527,0.0
1987.5669656479567,0.0
0.0,0.0
0.0,0.0
0.0,0.0
5267.56,0.0
6531.7744,0.0
0.0,0.0
0.0,0.0
0.0,0.0
0.0,0.0
0.0,0.0
0.0,0.0
0.0,0.0
0.0,0.0
0.0,0.0
0.0,0.0
0.0,0.0
0.0,0.0
0.0,0.0
0.0,0.0
0.0,0.0
0.0,0.0
0.0,0.0
0.0,0.0
0.0,0.0
0.0,0.0
0.0,0.0
5267.56,0.0
6531.7744,0.0
6835.185856,0.0
6908.00460544,0.0
2851.6386113515246,0.0
2851.6386113515246,0.0
0.0,0.0
0.0,0.0
0.0,0.0
0.0,0.0
0.0,0.0
0.0,0.0
5267.56,0.0
6531.7744,0.0
6835.185856,0.0
6908.00460544,0.0
0.0,0.0
0.0,0.0
0.0,0.0
0.0,0.0
0.0,0.0
0.0,0.0
0.0,0.0
0.0,0.0
0.0,0.0
5267.56,0.0
6531.7744,0.0
6835.185856,0.0
0.0,0.0
0.0,0.0
0.0,0.0
0.0,0.0
0.0,0.0
0.0,0.0
5267.56,0.0
5336.582835981098,0.0
5336.582835981098,0.0
6548.3398806354635,0.0
6839.161571352512,0.0
6908.958777124602,0.0
6925.710106509905,0.0
6929.730425562377,0.0
6930.695302134971,0.0
6930.926872512393,0.0
6930.982449402974,0.0
6930.995787856714,0.0
0.0,0.0
0.0,0.0
5267.56,0.0
6531.7744,0.0
6835.185856,0.0
6908.00460544,0.0
422.1086223562861,0.0
422.1086223562861,0.0
422.1086223562861,0.0
0.0,0.0
0.0,0.0
0.0,0.0
0.0,0.0
0.0,0.0
0.0,0.0
3661.290749627369,0.0
6146.269779910568,0.0
0.0,0.0
0.0,0.0
0.0,0.0
0.0,0.0
0.0,0.0
0.0,0.0
0.0,0.0
0.0,0.0
0.0,0.0
0.0,0.0
5267.56,0.0
6531.7744,0.0
6835.185856,0.0
2198.9369401246404,0.0
2198.9369401246404,0.0
2198.9369401246404,0.0
0.0,0.0
0.0,0.0
0.0,0.0
0.0,0.0
0.0,0.0
5267.56,0.0
6531.7744,0.0
6835.185856,0.0
6908.00460544,0.0
0.0,0.0
0.0,0.0
141.04713189567792,0.0
5301.411311654962,0.0
6539.898714797191,0.0
6539.898714797191,0.0
0.0,0.0
0.0,0.0
5267.56,0.0
5267.56,0.0
5684.535027808316,0.0
5851.156411268949,0.0
5851.156411268949,0.0
5851.156411268949,0.0
5851.156411268949,0.0
5851.156411268949,0.0
5851.156411268949,0.0
5851.156411268949,0.0
3209.0194904283735,0.0
0.0,0.0
5267.56,0.0
5267.56,0.0
6531.7744,0.0
6531.7744,0.0
6531.7744,0.0
6531.7744,0.0
6835.185856,0.0
6835.185856,0.0
6908.00460544,0.0
6925.4811053056,0.0
6925.710106509905,0.0
6929.730425562377,0.0
6930.695302134971,0.0
6930.926872512393,0.0
6930.982449402974,0.0
6930.995787856714,0.0
4240.038234692543,0.0
6285.16917632621,0.0
6285.16917632621,0.0
6285.16917632621,0.0
0.0,0.0
0.0,0.0
0.0,0.0
0.0,0.0
0.0,0.0
5267.56,0.0
6531.7744,0.0
3025.7076756716197,0.0
0.0,0.0
0.0,0.0
0.0,0.0
4417.30047313151,0.0
6327.712113551563,0.0
6786.210907252375,0.0
6786.210907252375,0.0
0.0,0.0
0.0,0.0
0.0,0.0
0.0,0.0
0.0,0.0
0.0,0.0
0.0,0.0
0.0,0.0
0.0,0.0
0.0,0.0
0.0,0.0
0.0,0.0
0.0,0.0
0.0,0.0
0.0,0.0
0.0,0.0
0.0,0.0
0.0,0.0
0.0,0.0
0.0,0.0
0.0,0.0
0.0,0.0
0.0,0.0
0.0,0.0
0.0,0.0
0.0,0.0
0.0,0.0
0.0,0.0
0.0,0.0
0.0,0.0
3386.541294686027,0.0
3386.541294686027,0.0
3386.541294686027,0.0
3386.541294686027,0.0
3386.541294686027,0.0
3386.541294686027,0.0
3386.541294686027,0.0
3386.541294686027,0.0
3386.541294686027,0.0
3386.541294686027,0.0
3386.541294686027,0.0
3386.541294686027,0.0
3386.541294686027,0.0
3386.541294686027,0.0
3386.541294686027,0.0
3386.541294686027,0.0
3386.541294686027,0.0
3386.541294686027,0.0
6080.329910724642,0.0
6080.329910724642,0.0
6080.329910724642,0.0
6080.329910724642,0.0
6080.329910724642,0.0
6080.329910724642,0.0
6548.3398806354635,0.0
6839.161571352512,0.0
6839.161571352512,0.0
6908.958777124602,0.0
6925.710106509905,0.0
6929.730425562377,0.0
6930.695302134971,0.0
6930.926872512393,0.0
6930.982449402974,0.0
6930.995787856714,0.0
6930.995787856714,0.0
0.0,0.0
0.0,0.0
0.0,0.0
0.0,0.0
0.0,0.0
0.0,0.0
0.0,0.0
0.0,0.0
0.0,0.0
5267.56,0.0
6531.7744,0.0
6835.185856,0.0
6835.185856,0.0
6431.579597120941,0.0
6431.579597120941,0.0
0.0,0.0
0.0,0.0
0.0,0.0
0.0,0.0
0.0,0.0
0.0,0.0
5267.56,0.0
6531.7744,0.0
6835.185856,0.0
2502.4868933423427,0.0
2502.4868933423427,0.0
4095.369399870133,0.0
4095.369399870133,0.0
4095.369399870133,0.0
0.0,0.0
0.0,0.0
0.0,0.0
0.0,0.0
5267.56,0.0
6531.7744,0.0
6531.7744,0.0
0.0,0.0
0.0,0.0
0.0,0.0
0.0,0.0
5267.56,0.0
5267.56,0.0
5267.56,0.0
5267.56,0.0
5267.56,0.0
5267.56,0.0
5267.56,0.0
5267.56,0.0
5267.56,0.0
5267.56,0.0
6531.7744,0.0
6531.7744,0.0
6531.7744,0.0
6531.7744,0.0
6531.7744,0.0
6531.7744,0.0
6531.7744,0.0
6835.185856,0.0
6908.00460544,0.0
6908.958777124602,0.0
6925.710106509905,0.0
6929.730425562377,0.0
6930.695302134971,0.0
6930.926872512393,0.0
6930.982449402974,0.0
6930.995787856714,0.0
6930.995787856714,0.0
0.0,0.0
0.0,0.0
1534.9366722012562,0.0
2696.080978450542,0.0
2696.080978450542,0.0
2696.080978450542,0.0
2696.080978450542,0.0
2696.080978450542,0.0
0.0,0.0
0.0,0.0
0.0,0.0
0.0,0.0
0.0,0.0
0.0,0.0
5267.56,0.0
6531.7744,0.0
6835.185856,0.0
303.7079327163883,0.0
303.7079327163883,0.0
303.7079327163883,0.0
303.7079327163883,0.0
0.0,0.0
0.0,0.0
0.0,0.0
0.0,0.0
0.0,0.0
5267.56,0.0
6531.7744,0.0
6835.185856,0.0
0.0,0.0
0.0,0.0
0.0,0.0
0.0,0.0
0.0,0.0
0.0,0.0
0.0,0.0
0.0,0.0
0.0,0.0
5267.56,0.0
6531.7744,0.0
6835.185856,0.0
0.0,0.0
798.647823177251,0.0
4033.6985775837475,0.0
6235.647658620099,0.0
6764.115438068824,0.0
6890.9477051365175,0.0
6921.387449232764,0.0
0.0,0.0
5267.56,0.0
6531.7744,0.0
6835.185856,0.0
6835.185856,0.0
0.0,0.0
0.0,0.0
0.0,0.0
0.0,0.0
0.0,0.0
0.0,0.0
0.0,0.0
0.0,0.0
0.0,0.0
0.0,0.0
0.0,0.0
0.0,0.0
0.0,0.0
0.0,0.0
0.0,0.0
0.0,0.0
0.0,0.0
0.0,0.0
0.0,0.0
0.0,0.0
0.0,0.0
0.0,0.0
0.0,0.0
0.0,0.0
0.0,0.0
0.0,0.0
0.0,0.0
0.0,0.0
0.0,0.0
0.0,0.0
0.0,0.0
0.0,0.0
0.0,0.0
0.0,0.0
0.0,0.0
0.0,0.0
0.0,0.0
0.0,0.0
0.0,0.0
0.0,0.0
0.0,0.0
0.0,0.0
0.0,0.0
0.0,0.0
0.0,0.0
0.0,0.0
0.0,0.0
0.0,0.0
0.0,0.0
0.0,0.0
0.0,0.0
0.0,0.0
0.0,0.0
0.0,0.0
0.0,0.0
0.0,0.0
0.0,0.0
5267.56,0.0
6531.7744,0.0
6835.185856,0.0
0.0,0.0
0.0,0.0
0.0,0.0
0.0,0.0
0.0,0.0
0.0,0.0
0.0,0.0
0.0,0.0
0.0,0.0
0.0,0.0
0.0,0.0
287.59514992123786,0.0
287.59514992123786,0.0
5336.582835981097,0.0
6548.3398806354635,0.0
6839.161571352512,0.0
6908.958777124602,0.0
6925.710106509905,0.0
6929.730425562377,0.0
6930.695302134971,0.0
6930.926872512393,0.0
6930.982449402974,0.0
6930.995787856714,0.0
6930.995787856714,0.0
0.0,0.0
0.0,0.0
0.0,0.0
0.0,0.0
0.0,0.0
0.0,0.0
0.0,0.0
0.0,0.0
0.0,0.0
0.0,0.0
0.0,0.0
0.0,0.0
0.0,0.0
0.0,0.0
0.0,0.0
0.0,0.0
0.0,0.0
0.0,0.0
0.0,0.0
0.0,0.0
0.0,0.0
0.0,0.0
0.0,0.0
0.0,0.0
0.0,0.0
0.0,0.0
0.0,0.0
0.0,0.0
0.0,0.0
0.0,0.0
0.0,0.0
0.0,0.0
0.0,0.0
0.0,0.0
0.0,0.0
0.0,0.0
0.0,0.0
0.0,0.0
0.0,0.0
0.0,0.0
0.0,0.0
0.0,0.0
0.0,0.0
0.0,0.0
0.0,0.0
0.0,0.0
0.0,0.0
0.0,0.0
0.0,0.0
0.0,0.0
0.0,0.0
0.0,0.0
0.0,0.0
0.0,0.0
0.0,0.0
0.0,0.0
0.0,0.0
0.0,0.0
0.0,0.0
0.0,0.0
0.0,0.0
0.0,0.0
0.0,0.0
0.0,0.0
0.0,0.0
0.0,0.0
0.0,0.0
0.0,0.0
0.0,0.0
0.0,0.0
0.0,0.0
0.0,0.0
0.0,0.0
0.0,0.0
0.0,0.0
0.0,0.0
0.0,0.0
0.0,0.0
0.0,0.0
0.0,0.0
0.0,0.0
0.0,0.0
0.0,0.0
0.0,0.0
0.0,0.0
0.0,0.0
0.0,0.0
0.0,0.0
0.0,0.0
0.0,0.0
0.0,0.0
0.0,0.0
0.0,0.0
0.0,0.0
0.0,0.0
0.0,0.0
0.0,0.0
0.0,0.0
0.0,0.0
0.0,0.0
0.0,0.0
0.0,0.0
0.0,0.0
0.0,0.0
0.0,0.0
0.0,0.0
0.0,0.0
0.0,0.0
0.0,0.0
0.0,0.0
0.0,0.0
0.0,0.0
0.0,0.0
0.0,0.0
0.0,0.0
0.0,0.0
0.0,0.0
0.0,0.0
0.0,0.0
0.0,0.0
0.0,0.0
0.0,0.0
0.0,0.0
0.0,0.0
0.0,0.0
0.0,0.0
0.0,0.0
0.0,0.0
0.0,0.0
0.0,0.0
0.0,0.0
0.0,0.0
0.0,0.0
0.0,0.0
0.0,0.0
0.0,0.0
0.0,0.0
0.0,0.0
0.0,0.0
0.0,0.0
0.0,0.0
0.0,0.0
0.0,0.0
0.0,0.0
0.0,0.0
0.0,0.0
0.0,0.0
0.0,0.0
0.0,0.0
0.0,0.0
0.0,0.0
0.0,0.0
0.0,0.0
0.0,0.0
0.0,0.0
0.0,0.0
0.0,0.0
0.0,0.0
0.0,0.0
0.0,0.0
0.0,0.0
0.0,0.0
0.0,0.0
0.0,0.0
0.0,0.0
0.0,0.0
0.0,0.0
0.0,0.0
0.0,0.0
5267.56,0.0
5336.582835981098,0.0
5336.582835981098,0.0
5336.582835981098,0.0
5336.582835981098,0.0
5336.582835981098,0.0
6548.3398806354635,0.0
6548.3398806354635,0.0
6548.3398806354635,0.0
6548.3398806354635,0.0
6548.3398806354635,0.0
6548.3398806354635,0.0
6548.3398806354635,0.0
6839.161571352512,0.0
6839.161571352512,0.0
6908.958777124602,0.0
6925.710106509905,0.0
6929.730425562377,0.0
6930.695302134971,0.0
6930.926872512393,0.0
6930.982449402974,0.0
6930.995787856714,0.0
6930.995787856714,0.0
0.0,0.0
0.0,0.0
0.0,0.0
5267.56,0.0
6531.7744,0.0
6835.185856,0.0
6908.00460544,0.0
6925.4811053056,0.0
6929.675465273344,0.0
6930.682111665603,0.0
6930.923706799745,0.0
6930.981689631939,0.0
1183.6536636899164,0.0
1183.6536636899164,0.0
0.0,0.0
0.0,0.0
0.0,0.0
0.0,0.0
0.0,0.0
0.0,0.0
0.0,0.0
0.0,0.0
0.0,0.0
0.0,0.0
0.0,0.0
0.0,0.0
0.0,0.0
0.0,0.0
0.0,0.0
0.0,0.0
0.0,0.0
0.0,0.0
0.0,0.0
0.0,0.0
0.0,0.0
0.0,0.0
0.0,0.0
0.0,0.0
0.0,0.0
0.0,0.0
5267.56,0.0
5267.56,0.0
5336.582835981098,0.0
5336.582835981098,0.0
5336.582835981098,0.0
5336.582835981098,0.0
6548.3398806354635,0.0
6839.161571352512,0.0
6908.958777124602,0.0
6925.710106509905,0.0
6929.730425562377,0.0
6930.695302134971,0.0
6930.926872512393,0.0
6930.982449402974,0.0
6930.995787856714,0.0
0.0,0.0
0.0,0.0
0.0,0.0
0.0,0.0
0.0,0.0
0.0,0.0
0.0,0.0
0.0,0.0
0.0,0.0
3127.588970770784,0.0
3127.588970770784,0.0
3127.588970770784,0.0
3127.588970770784,0.0
3127.588970770784,0.0
3127.588970770784,0.0
3127.588970770784,0.0
3127.588970770784,0.0
3127.588970770784,0.0
3127.588970770784,0.0
3127.588970770784,0.0
3127.588970770784,0.0
3127.588970770784,0.0
3127.588970770784,0.0
5336.582835981097,0.0
5336.582835981097,0.0
6548.3398806354635,0.0
6548.3398806354635,0.0
6839.161571352512,0.0
6908.958777124602,0.0
6925.710106509905,0.0
6929.730425562377,0.0
6930.695302134971,0.0
6930.926872512393,0.0
6930.982449402974,0.0
6930.995787856714,0.0
6930.995787856714,0.0
0.0,0.0
0.0,0.0
0.0,0.0
0.0,0.0
0.0,0.0
0.0,0.0
0.0,0.0
0.0,0.0
0.0,0.0
0.0,0.0
0.0,0.0
0.0,0.0
0.0,0.0
0.0,0.0
0.0,0.0
0.0,0.0
0.0,0.0
0.0,0.0
0.0,0.0
0.0,0.0
0.0,0.0
0.0,0.0
0.0,0.0
0.0,0.0
0.0,0.0
0.0,0.0
0.0,0.0
0.0,0.0
0.0,0.0
0.0,0.0
0.0,0.0
0.0,0.0
0.0,0.0
0.0,0.0
0.0,0.0
0.0,0.0
0.0,0.0
0.0,0.0
0.0,0.0
2112.742726178978,0.0
2112.742726178978,0.0
2112.742726178978,0.0
5774.618254282955,0.0
6653.468381027909,0.0
6864.392411446698,0.0
6915.014178747208,0.0
6927.163402899329,0.0
6930.079216695839,0.0
6930.779012007001,0.0
6930.9469628816805,0.0
6930.987271091603,0.0
6930.995787856714,0.0
6930.995787856714,0.0
6930.995787856714,0.0
3891.6212643681138,0.0
3891.6212643681138,0.0
3891.6212643681138,0.0
3891.6212643681138,0.0
3891.6212643681138,0.0
3891.6212643681138,0.0
3891.6212643681138,0.0
3891.6212643681138,0.0
3891.6212643681138,0.0
3891.6212643681138,0.0
3891.6212643681138,0.0
3891.6212643681138,0.0
3891.6212643681138,0.0
3891.6212643681138,0.0
3891.6212643681138,0.0
3891.6212643681138,0.0
3891.6212643681138,0.0
3891.6212643681138,0.0
3891.6212643681138,0.0
3891.6212643681138,0.0
3891.6212643681138,0.0
3891.6212643681138,0.0
3891.6212643681138,0.0
3891.6212643681138,0.0
3891.6212643681138,0.0
3891.6212643681138,0.0
3891.6212643681138,0.0
3891.6212643681138,0.0
3891.6212643681138,0.0
3891.6212643681138,0.0
3891.6212643681138,0.0
3891.6212643681138,0.0
3891.6212643681138,0.0
3891.6212643681138,0.0
3891.6212643681138,0.0
3891.6212643681138,0.0
3891.6212643681138,0.0
3891.6212643681138,0.0
3891.6212643681138,0.0
3891.6212643681138,0.0
3891.6212643681138,0.0
3891.6212643681138,0.0
3891.6212643681138,0.0
3891.6212643681138,0.0
3891.6212643681138,0.0
3891.6212643681138,0.0
3891.6212643681138,0.0
3891.6212643681138,0.0
3891.6212643681138,0.0
3891.6212643681138,0.0
3891.6212643681138,0.0
3891.6212643681138,0.0
3891.6212643681138,0.0
3891.6212643681138,0.0
3891.6212643681138,0.0
3891.6212643681138,0.0
3891.6212643681138,0.0
3891.6212643681138,0.0
3891.6212643681138,0.0
0.0,0.0
0.0,0.0
0.0,0.0
0.0,0.0
0.0,0.0
0.0,0.0
0.0,0.0
0.0,0.0
0.0,0.0
0.0,0.0
0.0,0.0
0.0,0.0
0.0,0.0
0.0,0.0
0.0,0.0
0.0,0.0
0.0,0.0
0.0,0.0
0.0,0.0
0.0,0.0
0.0,0.0
0.0,0.0
0.0,0.0
0.0,0.0
0.0,0.0
0.0,0.0
0.0,0.0
0.0,0.0
0.0,0.0
0.0,0.0
0.0,0.0
0.0,0.0
0.0,0.0
0.0,0.0
1320.6297881123976,0.0
1320.6297881123976,0.0
1320.6297881123976,0.0
1320.6297881123976,0.0
1320.6297881123976,0.0
1320.6297881123976,0.0
1320.6297881123976,0.0
1320.6297881123976,0.0
1320.6297881123976,0.0
1320.6297881123976,0.0
1320.6297881123976,0.0
1320.6297881123976,0.0
1320.6297881123976,0.0
1320.6297881123976,0.0
1320.6297881123976,0.0
1320.6297881123976,0.0
1320.6297881123976,0.0
1320.6297881123976,0.0
1320.6297881123976,0.0
1320.6297881123976,0.0
1320.6297881123976,0.0
1320.6297881123976,0.0
1320.6297881123976,0.0
1320.6297881123976,0.0
1320.6297881123976,0.0
1320.6297881123976,0.0
1320.6297881123976,0.0
1320.6297881123976,0.0
1320.6297881123976,0.0
1320.6297881123976,0.0
1320.6297881123976,0.0
1320.6297881123976,0.0
1320.6297881123976,0.0
1320.6297881123976,0.0
1320.6297881123976,0.0
1320.6297881123976,0.0
1320.6297881123976,0.0
0.0,0.0
0.0,0.0
0.0,0.0
0.0,0.0
0.0,0.0
927.1429130996585,0.0
5490.074299143918,0.0
6540.399825338885,0.0
2966.596782543409,0.0
0.0,0.0
5267.56,0.0
6531.7744,0.0
0.0,0.0
0.0,0.0
0.0,0.0
0.0,0.0
0.0,0.0
0.0,0.0
0.0,0.0
0.0,0.0
0.0,0.0
0.0,0.0
0.0,0.0
0.0,0.0
0.0,0.0
0.0,0.0
0.0,0.0
0.0,0.0
0.0,0.0
0.0,0.0
0.0,0.0
0.0,0.0
0.0,0.0
0.0,0.0
0.0,0.0
0.0,0.0
0.0,0.0
0.0,0.0
0.0,0.0
0.0,0.0
0.0,0.0
0.0,0.0
0.0,0.0
0.0,0.0
0.0,0.0
0.0,0.0
5267.56,0.0
6531.7744,0.0
6835.185856,0.0
6908.00460544,0.0
6925.4811053056,0.0
6929.675465273344,0.0
6930.682111665603,0.0
6930.923706799745,0.0
6930.981689631939,0.0
6930.995605511665,0.0
6930.995605511665,0.0
0.0,0.0
0.0,0.0
0.0,0.0
0.0,0.0
0.0,0.0
0.0,0.0
0.0,0.0
0.0,0.0
0.0,0.0
0.0,0.0
0.0,0.0
0.0,0.0
0.0,0.0
0.0,0.0
0.0,0.0
0.0,0.0
0.0,0.0
0.0,0.0
0.0,0.0
0.0,0.0
0.0,0.0
0.0,0.0
0.0,0.0
0.0,0.0
0.0,0.0
0.0,0.0
0.0,0.0
0.0,0.0
0.0,0.0
0.0,0.0
0.0,0.0
0.0,0.0
0.0,0.0
0.0,0.0
0.0,0.0
0.0,0.0
0.0,0.0
0.0,0.0
0.0,0.0
0.0,0.0
0.0,0.0
0.0,0.0
0.0,0.0
0.0,0.0
0.0,0.0
0.0,0.0
0.0,0.0
0.0,0.0
0.0,0.0
0.0,0.0
0.0,0.0
0.0,0.0
0.0,0.0
0.0,0.0
0.0,0.0
0.0,0.0
0.0,0.0
0.0,0.0
0.0,0.0
0.0,0.0
0.0,0.0
0.0,0.0
0.0,0.0
0.0,0.0
0.0,0.0
0.0,0.0
0.0,0.0
0.0,0.0
0.0,0.0
0.0,0.0
0.0,0.0
0.0,0.0
0.0,0.0
0.0,0.0
0.0,0.0
0.0,0.0
0.0,0.0
0.0,0.0
0.0,0.0
0.0,0.0
0.0,0.0
0.0,0.0
0.0,0.0
0.0,0.0
0.0,0.0
0.0,0.0
0.0,0.0
0.0,0.0
0.0,0.0
0.0,0.0
0.0,0.0
0.0,0.0
0.0,0.0
0.0,0.0
0.0,0.0
0.0,0.0
0.0,0.0
0.0,0.0
0.0,0.0
0.0,0.0
287.5951499212388,0.0
287.5951499212388,0.0
287.5951499212388,0.0
287.5951499212388,0.0
287.5951499212388,0.0
287.5951499212388,0.0
287.5951499212388,0.0
287.5951499212388,0.0
287.5951499212388,0.0
287.5951499212388,0.0
5336.582835981098,0.0
6548.3398806354635,0.0
6839.161571352512,0.0
6908.958777124602,0.0
6925.710106509905,0.0
6929.730425562377,0.0
6930.695302134971,0.0
6930.926872512393,0.0
6930.982449402974,0.0
6930.995787856714,0.0
6930.995787856714,0.0
6930.995787856714,0.0
6930.995787856714,0.0
428.32864217143833,0.0
428.32864217143833,0.0
428.32864217143833,0.0
428.32864217143833,0.0
428.32864217143833,0.0
0.0,0.0
0.0,0.0
1486.68042023324,0.0
1011.5831457006498,0.0
3948.1433266677786,0.0
6215.1143984002665,0.0
6759.187455616064,0.0
6889.764989347856,0.0
6921.103597443485,0.0
6928.624863386436,0.0
6930.4299672127445,0.0
6930.863192131059,0.0
6930.967166111454,0.0
6930.967166111454,0.0
6930.967166111454,0.0
1437.8571655806136,0.0
1437.8571655806136,0.0
1437.8571655806136,0.0
1437.8571655806136,0.0
1437.8571655806136,0.0
1437.8571655806136,0.0
1437.8571655806136,0.0
1437.8571655806136,0.0
1437.8571655806136,0.0
1437.8571655806136,0.0
1437.8571655806136,0.0
1437.8571655806136,0.0
1437.8571655806136,0.0
1437.8571655806136,0.0
1437.8571655806136,0.0
1437.8571655806136,0.0
1437.8571655806136,0.0
1437.8571655806136,0.0
1437.8571655806136,0.0
1437.8571655806136,0.0
1437.8571655806136,0.0
1437.8571655806136,0.0
1437.8571655806136,0.0
1437.8571655806136,0.0
0.0,0.0
0.0,0.0
0.0,0.0
0.0,0.0
0.0,0.0
0.0,0.0
0.0,0.0
0.0,0.0
0.0,0.0
0.0,0.0
0.0,0.0
0.0,0.0
0.0,0.0
0.0,0.0
0.0,0.0
0.0,0.0
0.0,0.0
0.0,0.0
0.0,0.0
0.0,0.0
0.0,0.0
0.0,0.0
0.0,0.0
0.0,0.0
0.0,0.0
0.0,0.0
0.0,0.0
0.0,0.0
0.0,0.0
0.0,0.0
0.0,0.0
0.0,0.0
0.0,0.0
0.0,0.0
0.0,0.0
0.0,0.0
0.0,0.0
0.0,0.0
0.0,0.0
0.0,0.0
0.0,0.0
0.0,0.0
0.0,0.0
0.0,0.0
0.0,0.0
0.0,0.0
0.0,0.0
0.0,0.0
0.0,0.0
0.0,0.0
287.59514992123604,0.0
287.59514992123604,0.0
287.59514992123604,0.0
287.59514992123604,0.0
287.59514992123604,0.0
5336.582835981097,0.0
6548.3398806354635,0.0
6839.161571352512,0.0
6908.958777124602,0.0
6925.710106509905,0.0
6929.730425562377,0.0
6930.695302134971,0.0
6930.926872512393,0.0
6930.982449402974,0.0
6930.995787856714,0.0
6930.995787856714,0.0
6930.995787856714,0.0
6930.995787856714,0.0
0.0,0.0
0.0,0.0
0.0,0.0
0.0,0.0
0.0,0.0
0.0,0.0
1384.050443829355,0.0
3473.064307186176,0.0
2412.010969755107,0.0
0.0,0.0
0.0,0.0
0.0,0.0
0.0,0.0
