DK,FR,DE,IB,LU,UK
0.0,1241.666667,0.0,0.0,0.0,0.0
0.0,0.0,0.0,0.0,0.0,0.0
0.0,1241.6666670000002,0.0,0.0,0.0,0.0
0.0,1241.666667,0.0,0.0,0.0,0.0
0.0,1241.666667,0.0,0.0,0.0,0.0
0.0,1241.6666669999997,0.0,0.0,0.0,0.0
0.0,1241.6666669999997,0.0,0.0,0.0,0.0
0.0,1241.6666669999997,0.0,0.0,0.0,0.0
0.0,1241.6666670000002,0.0,0.0,0.0,0.0
0.0,0.0,0.0,0.0,0.0,0.0
0.0,0.0,0.0,0.0,0.0,0.0
0.0,0.0,0.0,0.0,0.0,0.0
0.0,0.0,0.0,0.0,0.0,0.0
0.0,0.0,0.0,0.0,0.0,0.0
0.0,0.0,0.0,0.0,0.0,0.0
0.0,0.0,0.0,0.0,0.0,0.0
0.0,0.0,0.0,0.0,0.0,0.0
0.0,0.0,0.0,0.0,0.0,0.0
0.0,1241.666667,0.0,0.0,0.0,0.0
0.0,1241.666667,0.0,0.0,0.0,0.0
0.0,1241.666667,0.0,0.0,0.0,0.0
0.0,725.8958931838328,0.0,0.0,0.0,0.0
0.0,1241.666667,0.0,0.0,0.0,0.0
0.0,1241.666667,0.0,0.0,0.0,0.0
0.0,0.0,0.0,0.0,0.0,0.0
0.0,1241.666667,0.0,0.0,0.0,0.0
0.0,992.9047639099057,0.0,0.0,0.0,0.0
0.0,0.0,0.0,0.0,0.0,0.0
0.0,0.0,0.0,0.0,0.0,0.0
0.0,0.0,0.0,0.0,0.0,0.0
0.0,0.0,0.0,0.0,0.0,0.0
0.0,0.0,0.0,0.0,0.0,0.0
0.0,0.0,0.0,0.0,0.0,0.0
0.0,0.0,0.0,0.0,0.0,0.0
0.0,953.3718902604684,0.0,0.0,0.0,0.0
0.0,607.8141883348029,0.0,0.0,0.0,0.0
0.0,0.0,0.0,0.0,0.0,0.0
0.0,1241.666667,0.0,0.0,0.0,0.0
0.0,326.7736978834384,0.0,0.0,0.0,0.0
0.0,0.0,0.0,0.0,0.0,0.0
0.0,0.0,0.0,0.0,0.0,0.0
0.0,1241.666667,0.0,0.0,0.0,0.0
0.0,0.0,0.0,0.0,0.0,0.0
0.0,1241.666667,0.0,0.0,0.0,0.0
0.0,1241.6666669999997,0.0,0.0,0.0,0.0
0.0,0.0,0.0,0.0,0.0,0.0
0.0,0.0,0.0,0.0,0.0,0.0
0.0,0.0,0.0,0.0,0.0,0.0
0.0,0.0,0.0,0.0,0.0,0.0
0.0,1241.666667,0.0,0.0,0.0,0.0
0.0,0.0,0.0,0.0,0.0,0.0
0.0,0.0,0.0,0.0,0.0,0.0
0.0,1241.666667,0.0,0.0,0.0,0.0
0.0,944.6156647585753,0.0,0.0,0.0,0.0
0.0,0.0,0.0,0.0,0.0,0.0
0.0,1241.666667,0.0,0.0,0.0,0.0
0.0,1164.150397468458,0.0,0.0,0.0,0.0
0.0,1241.666667,0.0,0.0,0.0,0.0
0.0,1241.666667,0.0,0.0,0.0,0.0
0.0,1241.666667,0.0,0.0,0.0,0.0
0.0,1241.666667,0.0,0.0,0.0,0.0
0.0,1241.666667,0.0,0.0,0.0,0.0
0.0,1241.666667,0.0,0.0,0.0,0.0
0.0,1241.666667,0.0,0.0,0.0,0.0
0.0,1241.6666669999997,0.0,0.0,0.0,0.0
0.0,1241.6666669999997,0.0,0.0,0.0,0.0
0.0,1241.6666670000002,0.0,0.0,0.0,0.0
0.0,1241.666667,0.0,0.0,0.0,0.0
0.0,1241.666667,0.0,0.0,0.0,0.0
0.0,1241.6666669999997,0.0,0.0,0.0,0.0
0.0,0.0,0.0,0.0,0.0,0.0
0.0,0.0,0.0,0.0,0.0,0.0
0.0,0.0,0.0,0.0,0.0,0.0
0.0,1241.666667,0.0,0.0,0.0,0.0
0.0,1241.666667,0.0,0.0,0.0,0.0
0.0,0.0,0.0,0.0,0.0,0.0
0.0,0.0,0.0,0.0,0.0,0.0
0.0,1241.666667,0.0,0.0,0.0,0.0
0.0,1241.666667,0.0,0.0,0.0,0.0
0.0,0.0,0.0,0.0,0.0,0.0
0.0,0.0,0.0,0.0,0.0,0.0
0.0,0.0,0.0,0.0,0.0,0.0
0.0,1241.6666670000002,0.0,0.0,0.0,0.0
0.0,1241.666667,0.0,0.0,0.0,0.0
0.0,1241.666667,0.0,0.0,0.0,0.0
0.0,0.0,0.0,0.0,0.0,0.0
0.0,0.0,0.0,0.0,0.0,0.0
0.0,1241.666667,0.0,0.0,0.0,0.0
0.0,0.0,0.0,0.0,0.0,0.0
0.0,383.9995507747015,0.0,0.0,0.0,0.0
0.0,1241.666667,0.0,0.0,0.0,0.0
0.0,1241.666667,0.0,0.0,0.0,0.0
0.0,0.0,0.0,0.0,0.0,0.0
0.0,0.0,0.0,0.0,0.0,0.0
0.0,0.0,0.0,0.0,0.0,0.0
0.0,0.0,0.0,0.0,0.0,0.0
0.0,0.0,0.0,0.0,0.0,0.0
0.0,1241.666667,0.0,0.0,0.0,0.0
0.0,0.0,0.0,0.0,0.0,0.0
0.0,1241.6666670000002,0.0,0.0,0.0,0.0
0.0,1241.6666670000002,0.0,0.0,0.0,0.0
0.0,1241.6666670000002,0.0,0.0,0.0,0.0
0.0,0.0,0.0,0.0,0.0,0.0
0.0,1241.6666670000002,0.0,0.0,0.0,0.0
0.0,0.0,0.0,0.0,0.0,0.0
0.0,0.0,0.0,0.0,0.0,0.0
0.0,1241.666667,0.0,0.0,0.0,0.0
0.0,0.0,0.0,0.0,0.0,0.0
0.0,0.0,0.0,0.0,0.0,0.0
0.0,1241.666667,0.0,0.0,0.0,0.0
0.0,0.0,0.0,0.0,0.0,0.0
0.0,0.0,0.0,0.0,0.0,0.0
0.0,0.0,0.0,0.0,0.0,0.0
0.0,1241.666667,0.0,0.0,0.0,0.0
0.0,1241.666667,0.0,0.0,0.0,0.0
0.0,1241.666667,0.0,0.0,0.0,0.0
0.0,1241.666667,0.0,0.0,0.0,0.0
0.0,1241.666667,0.0,0.0,0.0,0.0
0.0,1241.666667,0.0,0.0,0.0,0.0
0.0,1241.666667,0.0,0.0,0.0,0.0
0.0,1241.666667,0.0,0.0,0.0,0.0
0.0,1241.666667,0.0,0.0,0.0,0.0
0.0,1241.666667,0.0,0.0,0.0,0.0
0.0,1241.6666670000002,0.0,0.0,0.0,0.0
0.0,1241.6666670000002,0.0,0.0,0.0,0.0
0.0,1241.666667,0.0,0.0,0.0,0.0
0.0,1241.6666670000002,0.0,0.0,0.0,0.0
0.0,0.0,0.0,0.0,0.0,0.0
0.0,0.0,0.0,0.0,0.0,0.0
0.0,0.0,0.0,0.0,0.0,0.0
0.0,381.46340080832846,0.0,0.0,0.0,0.0
0.0,0.0,0.0,0.0,0.0,0.0
0.0,0.0,0.0,0.0,0.0,0.0
0.0,0.0,0.0,0.0,0.0,0.0
0.0,976.0748271920471,0.0,0.0,0.0,0.0
0.0,0.0,0.0,0.0,0.0,0.0
0.0,0.0,0.0,0.0,0.0,0.0
0.0,1241.666667,0.0,0.0,0.0,0.0
0.0,1241.666667,0.0,0.0,0.0,0.0
0.0,0.0,0.0,0.0,0.0,0.0
0.0,0.0,0.0,0.0,0.0,0.0
0.0,1241.666667,0.0,0.0,0.0,0.0
0.0,1241.666667,0.0,0.0,0.0,0.0
0.0,1241.666667,0.0,0.0,0.0,0.0
0.0,1241.666667,0.0,0.0,0.0,0.0
0.0,1241.6666670000002,0.0,0.0,0.0,0.0
0.0,1241.666667,0.0,0.0,0.0,0.0
0.0,1241.666667,0.0,0.0,0.0,0.0
0.0,1241.6666670000002,0.0,0.0,0.0,0.0
0.0,0.0,0.0,0.0,0.0,0.0
0.0,1241.666667,0.0,0.0,0.0,0.0
0.0,0.0,0.0,0.0,0.0,0.0
0.0,266.3289760628449,0.0,0.0,0.0,0.0
0.0,0.0,0.0,0.0,0.0,0.0
0.0,0.0,0.0,0.0,0.0,0.0
0.0,0.0,0.0,0.0,0.0,0.0
0.0,0.0,0.0,0.0,0.0,0.0
0.0,0.0,0.0,0.0,0.0,0.0
0.0,0.0,0.0,0.0,0.0,0.0
0.0,0.0,0.0,0.0,0.0,0.0
0.0,0.0,0.0,0.0,0.0,0.0
0.0,0.0,0.0,0.0,0.0,0.0
0.0,1241.666667,0.0,0.0,0.0,0.0
0.0,1241.6666669999997,0.0,0.0,0.0,0.0
0.0,1241.666667,0.0,0.0,0.0,0.0
0.0,1241.6666670000002,0.0,0.0,0.0,0.0
0.0,1241.666667,0.0,0.0,0.0,0.0
0.0,1241.666667,0.0,0.0,0.0,0.0
