Price
169.82676258992797
169.82676258992797
169.82676258992797
169.82676258992797
240.31232613908858
240.31232613908858
240.31232613908864
240.3123261390886
240.3123261390886
169.82676258992797
169.82676258992797
169.82676258992797
169.82676258992794
169.82676258992794
169.82676258992797
169.82676258992797
169.82676258992794
240.3123261390886
240.3123261390886
240.3123261390886
240.31232613908864
169.82676258992797
169.82676258992797
169.82676258992797
169.82676258992797
169.82676258992797
169.82676258992797
169.82676258992797
169.82676258992797
240.3123261390886
240.3123261390886
169.82676258992794
169.82676258992797
169.82676258992797
169.82676258992797
169.82676258992797
169.82676258992794
169.82676258992797
169.82676258992794
169.82676258992797
169.82676258992797
169.82676258992797
169.82676258992797
169.82676258992797
169.82676258992797
169.82676258992797
169.82676258992797
169.82676258992797
169.82676258992794
169.82676258992797
169.82676258992797
169.82676258992794
169.82676258992797
169.82676258992797
240.31232613908858
169.82676258992797
169.82676258992797
169.82676258992797
169.82676258992797
169.82676258992797
169.82676258992797
169.82676258992797
169.82676258992797
169.82676258992797
169.82676258992797
169.82676258992797
240.3123261390886
240.31232613908864
169.82676258992797
169.82676258992797
169.82676258992797
169.82676258992797
169.82676258992797
169.82676258992794
169.82676258992797
169.82676258992797
169.82676258992797
169.826762589928
169.82676258992797
169.82676258992797
169.82676258992797
169.82676258992794
169.82676258992797
169.82676258992797
169.82676258992797
169.82676258992797
169.82676258992797
169.82676258992794
169.82676258992794
169.82676258992797
240.3123261390886
240.31232613908858
169.82676258992797
169.82676258992797
169.82676258992797
169.82676258992797
169.82676258992797
169.82676258992794
169.82676258992797
169.82676258992797
169.82676258992797
169.82676258992797
169.82676258992797
169.82676258992797
169.82676258992797
169.82676258992797
169.82676258992797
169.82676258992797
169.82676258992794
169.82676258992797
169.82676258992794
169.82676258992797
169.82676258992797
169.82676258992797
240.3123261390886
240.31232613908864
240.31232613908858
240.3123261390886
240.3123261390886
240.3123261390886
240.3123261390886
240.3123261390886
240.3123261390886
240.3123261390886
240.3123261390886
240.3123261390886
240.3123261390886
240.3123261390886
240.3123261390886
240.3123261390886
240.3123261390886
169.82676258992797
169.82676258992797
169.82676258992797
240.3123261390886
240.3123261390886
240.3123261390886
240.3123261390886
240.3123261390886
240.31232613908858
240.3123261390886
240.3123261390886
240.3123261390886
240.3123261390886
240.3123261390886
240.3123261390886
240.3123261390886
240.3123261390886
240.3123261390886
240.31232613908858
240.3123261390886
240.3123261390886
240.31232613908858
169.82676258992797
169.82676258992797
169.82676258992797
169.82676258992797
169.82676258992797
169.82676258992797
169.82676258992797
169.82676258992797
240.31232613908864
240.31232613908858
240.3123261390886
240.31232613908864
240.31232613908858
240.3123261390886
240.31232613908858
