PumpedStor,BatteryStor
0.0,0.0
0.0,0.0
11615.228665069992,0.0
21978.041743577614,0.0
26771.163347760143,0.0
26771.163347760143,0.0
26771.163347760143,0.0
26771.163347760143,0.0
26771.163347760143,0.0
26771.163347760143,0.0
26771.163347760143,0.0
26771.163347760143,0.0
26771.163347760143,0.0
26771.163347760143,0.0
26771.163347760143,0.0
26771.163347760143,0.0
26771.163347760143,0.0
26771.163347760143,0.0
26771.163347760143,0.0
26771.163347760143,0.0
26771.163347760143,0.0
26771.163347760143,0.0
26771.163347760143,0.0
26771.163347760143,0.0
26771.163347760143,0.0
32847.6552086318,0.0
38264.77451791559,0.0
43054.465884299745,0.0
43701.748673844326,0.0
43701.748673844326,0.0
43701.748673844326,0.0
43701.748673844326,0.0
43701.748673844326,0.0
43701.748673844326,0.0
43701.748673844326,0.0
43701.748673844326,0.0
43701.748673844326,0.0
43701.748673844326,0.0
43701.748673844326,0.0
43701.748673844326,0.0
38992.690617866894,0.0
26700.48231696747,0.0
12732.850895375514,0.0
2407.1892047431593,0.0
2407.1892047431593,0.0
2407.1892047431593,0.0
2.8154179767206822e-14,0.0
2.8154179767206822e-14,0.0
2.8154179767206822e-14,0.0
251.49578267785964,0.0
1693.3268276233634,0.0
5694.000165561902,0.0
8852.078381827361,0.0
8852.078381827361,0.0
8852.078381827361,0.0
8852.078381827361,0.0
9091.763369941993,0.0
21963.001713983205,0.0
39142.04041135597,0.0
43265.00969872544,0.0
43701.748673844326,0.0
43701.748673844326,0.0
43701.748673844326,0.0
43701.748673844326,0.0
43701.748673844326,0.0
35832.52508588069,0.0
26373.148001032132,0.0
19039.38587603037,0.0
16382.342505021827,0.0
16382.342505021827,0.0
16382.342505021827,0.0
16382.342505021827,0.0
16382.342505021827,0.0
17149.163067195026,0.0
18117.537278447307,0.0
18930.619583013504,0.0
18930.619583013504,0.0
16390.10137757534,0.0
10480.077180460868,0.0
6266.282664172304,0.0
5065.075084965743,0.0
7747.088538881662,0.0
19964.410155074125,0.0
36243.97315139218,0.0
42569.47355633413,0.0
43701.748673844326,0.0
43701.748673844326,0.0
43701.748673844326,0.0
41456.60750122862,0.0
27471.969631668493,0.0
17663.987846381435,0.0
10077.540606552673,0.0
7865.363489149809,0.0
4195.054203754506,0.0
1881.0001414056098,0.0
500.59249925780637,0.0
0.0,0.0
643.1105998453128,0.0
1929.7212642696616,0.0
3767.1604746649114,0.0
4821.802051713082,0.0
4821.802051713082,0.0
4821.802051713082,0.0
4715.775677741474,0.0
4715.775677741474,0.0
12903.169621430225,0.0
31533.91421056719,0.0
41439.05941053612,0.0
43701.748673844326,0.0
43701.748673844326,0.0
43701.748673844326,0.0
43701.748673844326,0.0
43701.748673844326,0.0
38607.3757658023,0.0
26228.76776180515,0.0
14576.664117931792,0.0
5401.093651334033,0.0
5401.093651334033,0.0
5401.093651334033,0.0
5401.093651334033,0.0
5401.093651334033,0.0
3055.376313709773,0.0
1881.661930189708,0.0
1625.7518636739508,0.0
1529.3420969946903,0.0
892.7702043882347,0.0
-9.207134242604612e-14,0.0
-9.207134242604612e-14,0.0
0.0,0.0
0.0,0.0
0.0,0.0
13296.655796565983,0.0
29195.75819447408,0.0
40877.90196667377,0.0
43681.61647200171,0.0
43701.748673844326,0.0
39483.834131126896,0.0
28477.768054630975,0.0
15557.063259813722,0.0
4927.321207444458,0.0
0.0,0.0
0.0,0.0
0.0,0.0
0.0,0.0
0.0,0.0
0.0,0.0
0.0,0.0
0.0,0.0
0.0,0.0
0.0,0.0
0.0,0.0
0.0,0.0
0.0,0.0
0.0,0.0
0.0,0.0
0.0,0.0
0.0,0.0
0.0,0.0
0.0,0.0
0.0,0.0
0.0,0.0
0.0,0.0
0.0,0.0
0.0,0.0
0.0,0.0
0.0,0.0
0.0,0.0
0.0,0.0
