Lignite,Coal,Gas,WindOnshore,WindOffshore,PVGround,PVRoof
38801.072413331705,0.0,0.0,0.0,6615.677586668295,0.0,0.0
38801.072413331705,0.0,0.0,0.0,12695.677586668295,0.0,0.0
38801.072413331705,0.0,0.0,0.0,12950.677586668295,0.0,0.0
38801.072413331705,0.0,0.0,0.0,11092.677586668295,0.0,0.0
38801.072413331705,0.0,0.0,0.0,14947.677586668295,0.0,0.0
38801.072413331705,0.0,0.0,0.0,23543.677586668295,0.0,0.0
38801.072413331705,0.0,0.0,0.0,26870.677586668295,0.0,0.0
38801.072413331705,0.0,0.0,0.0,29218.677586668295,0.0,0.0
38801.072413331705,0.0,0.0,0.0,32828.677586668295,0.0,0.0
38801.072413331705,0.0,0.0,0.0,36879.677586668295,0.0,0.0
38801.072413331705,0.0,0.0,0.0,30159.677586668295,0.0,0.0
38801.072413331705,0.0,0.0,0.0,36346.677586668295,0.0,0.0
38801.072413331705,0.0,0.0,0.0,28058.927586668295,0.0,0.0
38801.072413331705,0.0,0.0,0.0,34589.677586668295,0.0,0.0
38801.072413331705,0.0,0.0,0.0,34082.677586668295,0.0,0.0
38801.072413331705,0.0,0.0,0.0,32415.677586668295,0.0,0.0
38801.072413331705,0.0,0.0,0.0,38107.927586668295,0.0,0.0
38801.072413331705,0.0,0.0,0.0,34173.677586668295,0.0,0.0
38801.072413331705,0.0,0.0,0.0,35591.677586668295,0.0,0.0
38801.072413331705,0.0,0.0,0.0,24380.677586668295,0.0,0.0
38801.072413331705,0.0,0.0,0.0,20292.927586668295,0.0,0.0
38801.072413331705,0.0,0.0,0.0,20772.677586668295,0.0,0.0
38801.072413331705,0.0,0.0,0.0,15705.677586668295,0.0,0.0
38801.072413331705,0.0,8111.377416820873,0.0,6860.550169847422,0.0,0.0
