PumpedStor,BatteryStor
0.0,0.0
4555.4400000000005,0.0
1093.3055999999997,0.0
3724.5277440000004,0.0
1724.7989145599993,0.0
3244.592824934401,0.0
2089.549453049856,0.0
2967.3824156821097,0.0
2300.2293640815965,0.0
2807.2656832979856,0.0
2421.9180806935306,0.0
2714.782258672916,0.0
2492.2054834085825,0.0
2661.363832609477,0.0
2532.803487216797,0.0
2630.5093497152334,0.0
2556.252894216422,0.0
2612.687800395519,0.0
5182.485072094924,0.0
5799.236417302782,0.0
1663.2152836401556,0.0
1663.2152836401556,0.0
1663.2152836401556,0.0
1663.2152836401556,0.0
1663.2152836401556,0.0
1663.2152836401556,0.0
1663.2152836401556,0.0
1663.2152836401556,0.0
1663.2152836401556,0.0
1663.2152836401556,0.0
1663.2152836401556,0.0
1663.2152836401556,0.0
1663.2152836401556,0.0
1663.2152836401556,0.0
0.0,0.0
4555.4400000000005,0.0
1093.3055999999988,0.0
3724.527744000001,0.0
1724.7989145599986,0.0
3244.592824934401,0.0
2089.5494530498554,0.0
2967.38241568211,0.0
2300.2293640815965,0.0
2807.265683297987,0.0
2421.918080693529,0.0
2714.782258672917,0.0
2492.205483408583,0.0
2661.3638326094765,0.0
2532.8034872167977,0.0
2630.509349715233,0.0
2556.2528942164226,0.0
2612.6878003955176,0.0
2569.7972716994063,0.0
2602.3940735084516,0.0
2577.620504133576,0.0
2596.4484168584827,0.0
2582.1392031875525,0.0
2593.0142055774595,0.0
2584.74920376113,0.0
2591.030605141541,0.0
2586.256740092428,0.0
2589.884877529754,0.0
2587.1274930773866,0.0
2589.2231052611855,0.0
2587.6304400014988,0.0
2588.8408655988605,0.0
2587.9209421448654,0.0
5176.541026114767,0.0
5797.809846267545,0.0
5797.809846267545,0.0
4760.906651204253,0.0
4760.906651204253,0.0
5698.05759628902,0.0
5698.05759628902,0.0
5698.05759628902,0.0
5698.05759628902,0.0
5698.05759628902,0.0
5698.05759628902,0.0
5698.05759628902,0.0
5698.05759628902,0.0
5698.05759628902,0.0
5681.812413984543,0.0
5681.812413984543,0.0
5681.812413984543,0.0
5681.812413984543,0.0
5681.812413984543,0.0
5681.812413984543,0.0
5681.812413984543,0.0
5681.812413984543,0.0
5681.812413984543,0.0
5681.812413984543,0.0
5681.812413984543,0.0
5681.812413984543,0.0
5681.812413984543,0.0
5681.812413984543,0.0
5681.812413984543,0.0
5681.812413984543,0.0
5681.812413984543,0.0
5681.812413984543,0.0
5681.812413984543,0.0
5681.812413984543,0.0
5681.812413984543,0.0
5681.812413984543,0.0
5681.812413984543,0.0
0.0,0.0
0.0,0.0
0.0,0.0
0.0,0.0
0.0,0.0
0.0,0.0
1202.240302067663,0.0
3641.737370428576,0.0
1787.7195984742816,0.0
3196.7731051595465,0.0
2125.892440078745,0.0
2939.7617455401537,0.0
2379.946519987831,0.0
2746.6806448092484,0.0
2467.9627099449713,0.0
2679.7883404418217,0.0
2518.8008612642157,0.0
2641.1513454391957,0.0
2548.16497746621,0.0
2618.8346171256803,0.0
2565.1256909844824,0.0
5171.070165836276,0.0
5796.496839800707,0.0
5.630835953441363e-14,0.0
0.0,0.0
0.0,0.0
0.0,0.0
938.886804774306,0.0
3841.8860283715276,0.0
1635.6066184376386,0.0
3312.3789699873937,0.0
2632.14473593023,0.0
2555.0100006930243,0.0
2613.632399473302,0.0
2569.079376400291,0.0
2602.9396739357785,0.0
2577.2058478088074,0.0
2596.763555665306,0.0
2581.899697694367,0.0
2593.1962297522805,0.0
2584.6108653882666,0.0
2591.135742304917,0.0
2586.1768358482627,0.0
2589.94560475532,0.0
2587.081340385957,0.0
2589.258181306673,0.0
2587.603782206929,0.0
2588.861125522734,0.0
2587.905544602722,0.0
2588.6317861019315,0.0
2588.079842562532,0.0
2588.4993196524747,0.0
2588.1805170641187,0.0
2588.42280703127,0.0
2588.2386666562343,0.0
2588.3786133412614,0.0
2588.2722538606413,0.0
2588.3530870659133,0.0
2588.2916538299064,0.0
2588.3383430892713,0.0
2588.302859252154,0.0
2588.329826968363,0.0
2588.3093315040433,0.0
2588.3249080569267,0.0
2588.313069876736,0.0
2588.322066893681,0.0
2588.3152291608026,0.0
2588.3204258377896,0.0
2588.3164763632794,0.0
2588.319477963907,0.0
5176.636674711338,0.0
5797.832801930721,0.0
4369.1631802046995,0.0
0.0,0.0
123.84604625442601,0.0
4461.317004846637,0.0
5187.565298661162,0.0
5800.45567167868,0.0
5947.549361202883,0.0
5947.549361202883,0.0
0.0,0.0
0.0,0.0
0.0,0.0
0.0,0.0
0.0,0.0
0.0,0.0
0.0,0.0
550.987673939724,0.0
4136.689367805809,0.0
1411.5560804675845,0.0
3482.657378844636,0.0
1908.620392078077,0.0
3104.8885020206612,0.0
5300.613240484959,0.0
5827.587177716389,0.0
5827.587177716389,0.0
5827.587177716389,0.0
5827.587177716389,0.0
5827.587177716389,0.0
2007.8926283011745,0.0
0.0,0.0
751.8080089414491,0.0
3852.7465995329158,0.0
1627.3525843549837,0.0
3318.6520358902117,0.0
2033.264452723439,0.0
3010.1590159301854,0.0
2267.719147893059,0.0
2831.973447601275,0.0
2403.1401798230318,0.0
2729.0534633344964,0.0
2481.359367865782,0.0
2669.606880422005,0.0
2526.538770879276,0.0
2635.27053413175,0.0
2552.6343940598695,0.0
2615.437860514499,0.0
2567.7072260089813,0.0
2603.982508233174,0.0
2576.4132937427867,0.0
2597.365896755482,0.0
2581.4419184658336,0.0
2593.544141965966,0.0
2584.346452105866,0.0
2591.3366963995413,0.0
5177.360807135889,0.0
5798.006593712612,0.0
1556.7189247494966,0.0
1556.7189247494966,0.0
1556.7189247494966,0.0
1556.7189247494966,0.0
1556.7189247494966,0.0
1556.7189247494966,0.0
1556.7189247494966,0.0
1556.7189247494966,0.0
1556.7189247494966,0.0
1556.7189247494966,0.0
1556.7189247494966,0.0
1556.7189247494966,0.0
1556.7189247494966,0.0
1556.7189247494966,0.0
1556.7189247494966,0.0
1556.7189247494966,0.0
1556.7189247494966,0.0
1556.7189247494966,0.0
1556.7189247494966,0.0
1556.7189247494966,0.0
1556.7189247494966,0.0
1556.7189247494966,0.0
1556.7189247494966,0.0
1556.7189247494966,0.0
1556.7189247494966,0.0
1556.7189247494966,0.0
1556.7189247494966,0.0
1556.7189247494966,0.0
1556.7189247494966,0.0
1556.7189247494966,0.0
1556.7189247494966,0.0
1556.7189247494966,0.0
1556.7189247494966,0.0
1556.7189247494966,0.0
1556.7189247494966,0.0
1556.7189247494966,0.0
1556.7189247494966,0.0
1556.7189247494966,0.0
1556.7189247494966,0.0
1556.7189247494966,0.0
1556.7189247494966,0.0
1556.7189247494966,0.0
1556.7189247494966,0.0
1556.7189247494966,0.0
1556.7189247494966,0.0
1556.7189247494966,0.0
1556.7189247494966,0.0
1556.7189247494966,0.0
1556.7189247494966,0.0
1556.7189247494966,0.0
1556.7189247494966,0.0
1556.7189247494966,0.0
1556.7189247494966,0.0
1556.7189247494966,0.0
1556.7189247494966,0.0
1556.7189247494966,0.0
1556.7189247494966,0.0
1556.7189247494966,0.0
1556.7189247494966,0.0
1556.7189247494966,0.0
1556.7189247494966,0.0
1556.7189247494966,0.0
1556.7189247494966,0.0
1556.7189247494966,0.0
1556.7189247494966,0.0
1556.7189247494966,0.0
1556.7189247494966,0.0
1556.7189247494966,0.0
1556.7189247494966,0.0
1556.7189247494966,0.0
1556.7189247494966,0.0
1556.7189247494966,0.0
1556.7189247494966,0.0
1556.7189247494966,0.0
1556.7189247494966,0.0
1556.7189247494966,0.0
1556.7189247494966,0.0
1556.7189247494966,0.0
0.0,0.0
0.0,0.0
0.0,0.0
0.0,0.0
0.0,0.0
0.0,0.0
0.0,0.0
0.0,0.0
0.0,0.0
0.0,0.0
0.0,0.0
0.0,0.0
0.0,0.0
0.0,0.0
0.0,0.0
0.0,0.0
0.0,0.0
0.0,0.0
0.0,0.0
0.0,0.0
0.0,0.0
0.0,0.0
0.0,0.0
0.0,0.0
0.0,0.0
0.0,0.0
0.0,0.0
0.0,0.0
0.0,0.0
0.0,0.0
0.0,0.0
0.0,0.0
0.0,0.0
0.0,0.0
0.0,0.0
0.0,0.0
0.0,0.0
0.0,0.0
0.0,0.0
0.0,0.0
0.0,0.0
0.0,0.0
0.0,0.0
0.0,0.0
0.0,0.0
0.0,0.0
0.0,0.0
0.0,0.0
0.0,0.0
0.0,0.0
0.0,0.0
0.0,0.0
0.0,0.0
0.0,0.0
0.0,0.0
0.0,0.0
0.0,0.0
0.0,0.0
0.0,0.0
0.0,0.0
0.0,0.0
0.0,0.0
0.0,0.0
0.0,0.0
0.0,0.0
0.0,0.0
0.0,0.0
0.0,0.0
0.0,0.0
0.0,0.0
0.0,0.0
1334.6294850054362,0.0
3541.121591395868,0.0
1864.1875905391403,0.0
3138.6574311902527,0.0
2170.0603522954075,0.0
2906.19413225549,0.0
5252.926591741318,0.0
5816.142382017916,0.0
5816.142382017916,0.0
5816.142382017916,0.0
5816.142382017916,0.0
5816.142382017916,0.0
5816.142382017916,0.0
0.0,0.0
0.0,0.0
0.0,0.0
308.43253486652475,0.0
3111.6244155040454,0.0
2919.087162649056,0.0
857.1127124064809,0.0
857.1127124064809,0.0
857.1127124064809,0.0
857.1127124064809,0.0
857.1127124064809,0.0
857.1127124064809,0.0
857.1127124064809,0.0
857.1127124064809,0.0
857.1127124064809,0.0
857.1127124064809,0.0
857.1127124064809,0.0
2588.3085026436074,0.0
-2.8154179766806822e-14,0.0
0.0,0.0
315.2322935505057,0.0
4315.863456901615,0.0
1275.383772754772,0.0
3586.1483327063734,0.0
1829.967267143156,0.0
3164.6648769712015,0.0
2150.2946935018867,0.0
2921.2160329385656,0.0
2335.3158149666892,0.0
2780.5999806253158,0.0
2442.184014724759,0.0
2699.380148809182,0.0
2503.911086905021,0.0
2652.4675739521836,0.0
2539.5646437963405,0.0
2625.370870714781,0.0
2560.1581382567665,0.0
2609.719814924857,0.0
2572.0529406571077,0.0
2600.6797651005973,0.0
2578.9233785235456,0.0
2595.4582323221052,0.0
2582.8917434351997,0.0
2592.4422749892483,0.0
2585.1838710081715,0.0
2590.70025803379,0.0
2586.5078038943193,0.0
2589.694069040317,0.0
2587.2725075293592,0.0
2589.112894277687,0.0
2587.714200348957,0.0
5176.49140808375,0.0
5797.7979379400995,0.0
5.630835953441557e-14,0.0
5.630835953441557e-14,0.0
5.630835953441557e-14,0.0
5.630835953441557e-14,0.0
5.630835953441557e-14,0.0
5.630835953441557e-14,0.0
5.630835953441557e-14,0.0
0.0,0.0
280.9245892473155,0.0
4341.93731217204,0.0
1255.5676427492494,0.0
3601.208591510571,0.0
1818.5214704519653,0.0
3173.363682456506,0.0
4389.507361651878,0.0
1219.4144051445717,0.0
3628.6850520901253,0.0
1797.639360411504,0.0
3189.2340860872564,0.0
5320.856180660941,0.0
5832.445483358626,0.0
5832.445483358626,0.0
5832.445483358626,0.0
5832.445483358626,0.0
5832.445483358626,0.0
5832.445483358626,0.0
5832.445483358626,0.0
5832.445483358626,0.0
5832.445483358626,0.0
5832.445483358626,0.0
5832.445483358626,0.0
5832.445483358626,0.0
0.0,0.0
0.0,0.0
2611.909785175842,0.0
2570.3885632663605,0.0
2601.9446919175657,0.0
2577.9620341426503,0.0
2596.1888540515856,0.0
2582.3364709207945,0.0
2592.8642821001968,0.0
2584.8631456038493,0.0
2590.9440093410744,0.0
5177.266562241857,0.0
5797.983974938046,0.0
5946.956153985132,0.0
5982.709476956432,0.0
5991.290274469544,0.0
5993.34966587269,0.0
5993.843919809446,0.0
5993.962540754268,0.0
5993.991009781023,0.0
5993.997842347446,0.0
5993.999482163386,0.0
5993.999875719213,0.0
5993.999970172611,0.0
5993.999992841426,0.0
5993.999998281943,0.0
5993.999999587666,0.0
5993.99999990104,0.0
5993.999999976251,0.0
5993.999999994298,0.0
5993.999999998632,0.0
5993.999999999672,0.0
5993.999999999923,0.0
5993.999999999981,0.0
5391.229024082662,0.0
413.4107039880931,0.0
0.0,0.0
0.0,0.0
0.0,0.0
0.0,0.0
0.0,0.0
0.0,0.0
0.0,0.0
0.0,0.0
0.0,0.0
0.0,0.0
0.0,0.0
0.0,0.0
0.0,0.0
0.0,0.0
0.0,0.0
0.0,0.0
0.0,0.0
0.0,0.0
0.0,0.0
0.0,0.0
0.0,0.0
0.0,0.0
0.0,0.0
0.0,0.0
0.0,0.0
0.0,0.0
0.0,0.0
0.0,0.0
0.0,0.0
0.0,0.0
0.0,0.0
0.0,0.0
0.0,0.0
0.0,0.0
0.0,0.0
0.0,0.0
0.0,0.0
0.0,0.0
0.0,0.0
0.0,0.0
0.0,0.0
0.0,0.0
0.0,0.0
0.0,0.0
0.0,0.0
0.0,0.0
0.0,0.0
0.0,0.0
0.0,0.0
0.0,0.0
0.0,0.0
0.0,0.0
0.0,0.0
0.0,0.0
0.0,0.0
0.0,0.0
0.0,0.0
0.0,0.0
0.0,0.0
0.0,0.0
0.0,0.0
0.0,0.0
0.0,0.0
0.0,0.0
0.0,0.0
0.0,0.0
0.0,0.0
0.0,0.0
0.0,0.0
0.0,0.0
0.0,0.0
0.0,0.0
0.0,0.0
0.0,0.0
0.0,0.0
0.0,0.0
0.0,0.0
0.0,0.0
0.0,0.0
0.0,0.0
0.0,0.0
0.0,0.0
0.0,0.0
0.0,0.0
0.0,0.0
0.0,0.0
0.0,0.0
0.0,0.0
0.0,0.0
0.0,0.0
0.0,0.0
0.0,0.0
0.0,0.0
0.0,0.0
0.0,0.0
0.0,0.0
0.0,0.0
0.0,0.0
0.0,0.0
0.0,0.0
0.0,0.0
0.0,0.0
0.0,0.0
0.0,0.0
2249.9452683152867,0.0
2249.9452683152867,0.0
2249.9452683152867,0.0
2249.9452683152867,0.0
2249.9452683152867,0.0
2249.9452683152867,0.0
2249.9452683152867,0.0
2249.9452683152867,0.0
1082.872820977752,0.0
0.0,0.0
0.0,0.0
0.0,0.0
516.7078350546187,0.0
516.7078350546187,0.0
516.7078350546187,0.0
323.11363144918613,0.0
323.11363144918613,0.0
323.11363144918613,0.0
323.11363144918613,0.0
323.11363144918613,0.0
323.11363144918613,0.0
323.11363144918613,0.0
323.11363144918613,0.0
323.11363144918613,0.0
323.11363144918613,0.0
323.11363144918613,0.0
323.11363144918613,0.0
-3.5192724707607124e-15,0.0
-3.5192724707607124e-15,0.0
-3.5192724707607124e-15,0.0
-3.5192724707607124e-15,0.0
-3.5192724707607124e-15,0.0
-3.5192724707607124e-15,0.0
-3.5192724707607124e-15,0.0
-3.5192724707607124e-15,0.0
-3.5192724707607124e-15,0.0
-3.5192724707607124e-15,0.0
-3.5192724707607124e-15,0.0
-3.5192724707607124e-15,0.0
-3.5192724707607124e-15,0.0
-3.5192724707607124e-15,0.0
-3.5192724707607124e-15,0.0
-3.5192724707607124e-15,0.0
-3.5192724707607124e-15,0.0
-3.5192724707607124e-15,0.0
0.0,0.0
0.0,0.0
4555.44,0.0
5648.7456,0.0
5911.138944000001,0.0
5911.138944000001,0.0
0.0,0.0
0.0,0.0
0.0,0.0
0.0,0.0
0.0,0.0
2633.762553818291,0.0
2553.780459098098,0.0
2614.5668510854457,0.0
2568.3691931750604,0.0
2603.479413186954,0.0
2576.7956459779157,0.0
2597.0753090567846,0.0
2581.662765116843,0.0
2593.376298511199,0.0
2584.4740131314893,0.0
2591.239750020068,0.0
2586.0977899847476,0.0
4591.009896407648,0.0
5657.2823751378355,0.0
3161.7352092275705,0.0
1968.4713941434125,0.0
4777.442218789965,0.0
5702.026132509591,0.0
5702.026132509591,0.0
0.0,0.0
0.0,0.0
1712.3435272745924,0.0
3254.0589192713096,0.0
2082.355221353805,0.0
2972.8500317711078,0.0
2296.073975853958,0.0
2810.4237783509925,0.0
5229.9417068042385,0.0
5810.626009633016,0.0
5810.626009633016,0.0
5810.626009633016,0.0
5810.626009633016,0.0
5810.626009633016,0.0
5810.626009633016,0.0
0.0,0.0
2213.500629034815,0.0
2873.1795219335404,0.0
2371.8235633305085,0.0
2752.8540918688122,0.0
2463.2708901797023,0.0
2683.3541234634267,0.0
2516.0908661677954,0.0
2643.2109417124752,0.0
2546.5996842985187,0.0
2620.0242399331246,0.0
2564.2215776508247,0.0
2606.631600985373,0.0
2574.3999832511167,0.0
2598.8960127291507,0.0
2580.2790303258457,0.0
2594.427936952357,0.0
2583.674767916209,0.0
2591.8471763836806,0.0
2585.6361459484024,0.0
5175.992675027615,0.0
5797.6782420066265,0.0
5797.6782420066265,0.0
5797.6782420066265,0.0
5797.6782420066265,0.0
5797.6782420066265,0.0
5797.6782420066265,0.0
5797.6782420066265,0.0
0.0,0.0
1150.6489026160739,0.0
3680.9468340117837,0.0
1757.920406151045,0.0
3219.4204913252056,0.0
2108.680426592844,0.0
2952.842875789438,0.0
2311.2794144000272,0.0
2798.8676450559788,0.0
5227.1682348134345,0.0
5809.960376355223,0.0
5809.960376355223,0.0
5809.960376355223,0.0
0.0,0.0
2011.9775666218843,0.0
0.0,0.0
0.0,0.0
0.0,0.0
0.0,0.0
0.0,0.0
0.0,0.0
0.0,0.0
0.0,0.0
0.0,0.0
0.0,0.0
0.0,0.0
3224.766600771459,0.0
3139.7830133371617,0.0
2169.204909863757,0.0
2140.1516987664563,0.0
2928.924708937493,0.0
2329.457221207505,0.0
2785.052511882296,0.0
2438.8000909694547,0.0
2701.9519308632143,0.0
2501.956532543957,0.0
2653.9530352665925,0.0
2538.43569319739,0.0
2626.228873169983,0.0
2559.5060563908123,0.0
2610.2153971429825,0.0
2571.6762981713327,0.0
2600.966013389787,0.0
2578.7058298237625,0.0
2595.6235693339395,0.0
2582.7660873062055,0.0
2592.5377736472833,0.0
2585.1112920280643,0.0
2590.755418058671,0.0
2586.46588227541,0.0
2589.7259294706882,0.0
2587.248293602275,0.0
2589.1312968622706,0.0
2587.700214384674,0.0
2588.787837067648,0.0
2587.9612438285867,0.0
2588.589454690273,0.0
2588.1120144353927,0.0
2588.4748690291012,0.0
2588.199099537883,0.0
2588.4086843512096,0.0
2588.249399893081,0.0
2588.3704560812585,0.0
2588.2784533782433,0.0
2588.348375432535,0.0
2588.2952346712727,0.0
2588.335621649832,0.0
2588.3049275461267,0.0
2588.3282550649437,0.0
2588.3105261506425,0.0
2588.3240001255103,0.0
2588.3137599046117,0.0
2588.321542472495,0.0
2588.3156277209036,0.0
2588.320122932113,0.0
2588.316706571594,0.0
2588.319303005588,0.0
2588.3173297157523,0.0
2588.318829416028,0.0
2588.317689643818,0.0
2588.3185558706978,0.0
2588.3178975382693,0.0
2588.3183978709158,0.0
2588.318017618104,0.0
2588.318306610241,0.0
2588.318086976217,0.0
5176.636340874292,0.0
5797.832721809829,0.0
5797.832721809829,0.0
0.0,0.0
0.0,0.0
0.0,0.0
0.0,0.0
0.0,0.0
0.0,0.0
0.0,0.0
0.0,0.0
4555.44,0.0
5648.7456,0.0
5648.7456,0.0
5648.7456,0.0
5648.7456,0.0
5648.7456,0.0
5648.7456,0.0
5648.7456,0.0
5648.7456,0.0
5648.7456,0.0
5648.7456,0.0
5648.7456,0.0
5648.7456,0.0
5648.7456,0.0
5648.7456,0.0
5648.7456,0.0
5648.7456,0.0
5648.7456,0.0
5648.7456,0.0
5648.7456,0.0
5648.7456,0.0
5648.7456,0.0
5648.7456,0.0
5648.7456,0.0
5648.7456,0.0
5648.7456,0.0
5648.7456,0.0
5648.7456,0.0
0.0,0.0
0.0,0.0
1645.0275253906416,0.0
3305.219080703112,0.0
5348.692579368747,0.0
5839.1262190484995,0.0
5839.1262190484995,0.0
0.0,0.0
371.4085648457316,0.0
4644.578055562975,0.0
5670.138733335115,0.0
5670.138733335115,0.0
0.0,0.0
4192.972244123018,0.0
1368.7810944665066,0.0
3515.166368205455,0.0
1883.9135601638543,0.0
3123.66569427547,0.0
2181.4540723506425,0.0
2897.534905013512,0.0
2353.313472189731,0.0
2766.9217611358044,0.0
2452.579461536788,0.0
2691.479609232041,0.0
2509.9154969836477,0.0
4134.093482084146,0.0
5547.622435700196,0.0
5886.869384568047,0.0
5886.869384568047,0.0
5886.869384568047,0.0
5886.869384568047,0.0
0.0,0.0
0.0,0.0
0.0,0.0
2622.909261413941,0.0
2562.028961325405,0.0
2608.2979893926927,0.0
2573.1335280615535,0.0
2599.8585186732194,0.0
2579.547525808353,0.0
2594.983880385651,0.0
2583.2522509069045,0.0
2592.1682893107527,0.0
2585.3921001238273,0.0
2590.542003905891,0.0
2586.628077031522,0.0
2589.6026614560433,0.0
2587.3419772934076,0.0
2589.0600972570105,0.0
2587.754326084671,0.0
2588.7467121756495,0.0
2587.9924987465065,0.0
2588.565700952655,0.0
2588.1300672759817,0.0
2588.461148870253,0.0
2588.2095268586077,0.0
2588.4007595874573,0.0
2588.2554227135315,0.0
5176.621301451246,0.0
5797.829112348299,0.0
5797.829112348299,0.0
0.0,0.0
0.0,0.0
0.0,0.0
1309.5833344672815,0.0
3560.156665804866,0.0
1849.7209339883018,0.0
3149.6520901688905,0.0
2161.7044114716423,0.0
2912.544647281551,0.0
2341.906068066021,0.0
2775.5913882698237,0.0
2445.990544914934,0.0
2696.4871858646507,0.0
2506.109738742866,0.0
2650.7965985554224,0.0
2540.8345850978794,0.0
2624.4057153256113,0.0
2560.8916563525354,0.0
2609.1623411720725,0.0
2572.4766207092252,0.0
5172.834388970214,0.0
5796.9202533528505,0.0
5796.9202533528505,0.0
5796.9202533528505,0.0
5796.9202533528505,0.0
5796.9202533528505,0.0
5796.9202533528505,0.0
5796.9202533528505,0.0
5796.9202533528505,0.0
0.0,0.0
0.0,0.0
2216.5658478808245,0.0
5087.415803491398,0.0
5776.419792837936,0.0
2552.1230693285975,0.0
2552.1230693285975,0.0
2552.1230693285975,0.0
2552.1230693285975,0.0
120.91169411629058,0.0
120.91169411629058,0.0
120.91169411629058,0.0
0.0,0.0
1522.9268853347626,0.0
3398.015567145581,0.0
5370.96373611494,0.0
5844.471296667585,0.0
5844.471296667585,0.0
5844.471296667585,0.0
4524.240516987768,0.0
4524.240516987768,0.0
4524.240516987768,0.0
4524.240516987768,0.0
4524.240516987768,0.0
4524.240516987768,0.0
4524.240516987768,0.0
4524.240516987768,0.0
4524.240516987768,0.0
4524.240516987768,0.0
4524.240516987768,0.0
4524.240516987768,0.0
4524.240516987768,0.0
4524.240516987768,0.0
4524.240516987768,0.0
4524.240516987768,0.0
4524.240516987768,0.0
4524.240516987768,0.0
4524.240516987768,0.0
4524.240516987768,0.0
5641.257724077064,0.0
4235.197254568597,0.0
1482.727243842393,0.0
0.0,0.0
684.4449906363611,0.0
4719.706797752728,0.0
5688.169631460654,0.0
5688.169631460654,0.0
5688.169631460654,0.0
0.0,0.0
0.0,0.0
4555.44,0.0
1093.3056000000001,0.0
4817.833344,0.0
5711.7200025600005,0.0
4483.471263741281,0.0
0.0,0.0
4555.4400000000005,0.0
1093.3055999999988,0.0
3724.527744000001,0.0
1724.7989145599986,0.0
3244.5928249344,0.0
2089.549453049856,0.0
2967.3824156821097,0.0
2300.2293640815965,0.0
2807.2656832979865,0.0
2421.91808069353,0.0
2714.7822586729167,0.0
2492.205483408583,0.0
2661.3638326094765,0.0
2532.8034872167977,0.0
2630.509349715233,0.0
2556.252894216422,0.0
2612.6878003955194,0.0
2569.797271699405,0.0
2602.3940735084516,0.0
2577.620504133577,0.0
2596.448416858482,0.0
2582.1392031875534,0.0
2593.014205577459,0.0
2584.749203761131,0.0
2591.0306051415396,0.0
2586.2567400924295,0.0
2589.8848775297533,0.0
2587.127493077387,0.0
2589.223105261186,0.0
2587.6304400014988,0.0
2588.840865598861,0.0
2587.920942144866,0.0
2588.6200839699013,0.0
2588.088736182875,0.0
2588.4925605010153,0.0
2588.185654019228,0.0
2588.418902945387,0.0
2588.241633761506,0.0
2588.376358341255,0.0
2588.2739676606457,0.0
2588.3517845779097,0.0
2588.2926437207884,0.0
2588.337590772201,0.0
2588.3034310131275,0.0
2588.3293924300224,0.0
2588.309661753183,0.0
2588.3246570675806,0.0
2588.3132606286385,0.0
2588.3219219222347,0.0
2588.3153393391012,0.0
5176.635681441384,0.0
5797.832563545932,0.0
2077.146162570034,0.0
0.0,0.0
4555.4400000000005,0.0
5648.7456,0.0
5911.138944000001,0.0
3832.9496804873343,0.0
3832.9496804873343,0.0
0.0,0.0
4555.44,0.0
1093.3055999999995,0.0
3724.5277440000004,0.0
1724.798914559999,0.0
3244.5928249344,0.0
2089.5494530498554,0.0
2967.3824156821092,0.0
5267.611779763707,0.0
5819.666827143289,0.0
5819.666827143289,0.0
5819.666827143289,0.0
5819.666827143289,0.0
5819.666827143289,0.0
5819.666827143289,0.0
5819.666827143289,0.0
5819.666827143289,0.0
5819.666827143289,0.0
5819.666827143289,0.0
5819.666827143289,0.0
5819.666827143289,0.0
5819.666827143289,0.0
5819.666827143289,0.0
5819.666827143289,0.0
5819.666827143289,0.0
5819.666827143289,0.0
5819.666827143289,0.0
5819.666827143289,0.0
5819.666827143289,0.0
5819.666827143289,0.0
5819.666827143289,0.0
5819.666827143289,0.0
5819.666827143289,0.0
0.0,0.0
0.0,0.0
0.0,0.0
0.0,0.0
3744.1333155155,0.0
1709.8986802082195,0.0
3255.9170030417527,0.0
2080.9430776882677,0.0
2973.9232609569162,0.0
2295.258321672744,0.0
2811.043675528714,0.0
2419.0468065981777,0.0
2716.964426985385,0.0
2490.547035491107,0.0
2662.6242530267577,0.0
2531.8455676996637,0.0
2631.2373685482557,0.0
2555.6995999033256,0.0
2613.1083040734716,0.0
2569.477688904162,0.0
2602.6369564328365,0.0
2577.4359131110446,0.0
2596.5887060356067,0.0
2582.0325834129385,0.0
2593.0952366061665,0.0
2584.687620179313,0.0
2591.0774086637225,0.0
2586.221169415571,0.0
2589.911911244166,0.0
2587.106947454434,0.0
2589.2387199346304,0.0
2587.6185728496816,0.0
2588.8498846342422,0.0
2587.914087677976,0.0
2588.625293364737,0.0
2588.084777042799,0.0
2588.4955694474725,0.0
5094.852478553765,0.0
3875.1310819376354,0.0
1610.3403777273966,0.0
3073.366228237896,0.0
2219.681666539199,0.0
2868.4819334302088,0.0
2375.3937305930417,0.0
2750.140764749288,0.0
2465.333018790541,0.0
2681.786905719189,0.0
5199.068857372605,0.0
5803.216525769424,0.0
5803.216525769424,0.0
5803.216525769424,0.0
4780.793240061906,0.0
4780.793240061906,0.0
4780.793240061906,0.0
4780.793240061906,0.0
4780.793240061906,0.0
4780.793240061906,0.0
0.0,0.0
0.0,0.0
4555.44,0.0
5648.7456,0.0
5648.7456,0.0
5648.7456,0.0
0.0,0.0
0.0,0.0
0.0,0.0
0.0,0.0
0.0,0.0
0.0,0.0
0.0,0.0
4555.44,0.0
5648.7456,0.0
5911.138944000001,0.0
5911.138944000001,0.0
5911.138944000001,0.0
5911.138944000001,0.0
5911.138944000001,0.0
5911.138944000001,0.0
2441.009856150803,0.0
0.0,0.0
0.0,0.0
0.0,0.0
4555.44,0.0
1093.3055999999995,0.0
3737.872943109998,0.0
5452.529506346398,0.0
982.2419991459429,0.0
-1.9821977472992385e-13,0.0
2906.973464064602,0.0
2346.1401673109017,0.0
5118.513640154616,0.0
5783.883273637109,0.0
0.0,0.0
4555.4400000000005,0.0
1093.3055999999997,0.0
3724.5277440000004,0.0
1724.7989145599988,0.0
3244.5928249343997,0.0
2089.5494530498554,0.0
2967.3824156821092,0.0
2300.2293640815974,0.0
2807.265683297985,0.0
2421.918080693531,0.0
2714.782258672916,0.0
2492.205483408584,0.0
2661.363832609475,0.0
2532.803487216799,0.0
2630.509349715232,0.0
2556.2528942164236,0.0
2612.6878003955185,0.0
2569.7972716994054,0.0
2602.3940735084507,0.0
2577.620504133577,0.0
2596.44841685848,0.0
5065.580233096143,0.0
3337.279974494528,0.0
-3.174117874666425e-14,0.0
4555.44,0.0
1093.3056000000001,0.0
3724.527744,0.0
5449.326658559999,0.0
5863.2783980544,0.0
5.630835953441548e-14,0.0
0.0,0.0
2528.8718964119544,0.0
2633.497358726915,0.0
2553.982007367544,0.0
2614.413674400666,0.0
3348.100289700957,0.0
849.288583512543,0.0
3909.9806765304675,0.0
5493.835362367311,0.0
5873.960486968154,0.0
0.0,0.0
0.0,0.0
0.0,0.0
0.0,0.0
0.0,0.0
0.0,0.0
0.0,0.0
0.0,0.0
0.0,0.0
4555.44,0.0
1093.3055999999995,0.0
3724.5277440000004,0.0
3147.0858481244586,0.0
2163.6547554254103,0.0
2911.062385876688,0.0
2343.0325867337174,0.0
2774.7352340823745,0.0
5221.37645617977,0.0
5808.570349483145,0.0
2194.1211889256506,0.0
0.0,0.0
4555.44,0.0
1093.3055999999995,0.0
4817.833344,0.0
5711.7200025600005,0.0
5711.7200025600005,0.0
0.0,0.0
0.0,0.0
0.0,0.0
0.0,0.0
0.0,0.0
0.0,0.0
0.0,0.0
2874.9540760461464,0.0
5245.428978251075,0.0
5245.428978251075,0.0
5245.428978251075,0.0
5245.428978251075,0.0
5245.428978251075,0.0
5245.428978251075,0.0
5245.428978251075,0.0
5245.428978251075,0.0
0.0,0.0
0.0,0.0
0.0,0.0
4555.44,0.0
5648.7456,0.0
5911.138944000001,0.0
1902.940507265241,0.0
1902.940507265241,0.0
1902.940507265241,0.0
1902.940507265241,0.0
2883.076483955002,0.0
2906.358146478762,0.0
2906.358146478762,0.0
0.0,0.0
341.29054376487363,0.0
4296.059186738696,0.0
1290.4350180785907,0.0
3574.709386260271,0.0
1838.6608664421938,0.0
3158.0577415039324,0.0
2155.316116457011,0.0
2917.399751492672,0.0
2338.216188865569,0.0
2778.3956964621666,0.0
2443.859270688753,0.0
2698.1069542765476,0.0
2504.8787147498238,0.0
2651.732176790134,0.0
2540.123545639498,0.0
2624.9461053139817,0.0
2560.480959961374,0.0
2609.4744704293553,0.0
2572.2394024736896,0.0
2600.5380541199956,0.0
2579.0310788688034,0.0
2595.376380059709,0.0
2582.95395115462,0.0
2592.394997122488,0.0
2585.2198021869085,0.0
2590.67295033795,0.0
2586.5285577431573,0.0
4988.552257066506,0.0
5752.692541695962,0.0
5936.086210007031,0.0
0.0,0.0
2139.5680089414477,0.0
2929.3683132045003,0.0
2329.1200819645805,0.0
4193.375130806002,0.0
1368.4749005874378,0.0
3515.3990755535465,0.0
1883.7367025793044,0.0
5007.536808619034,0.0
5757.248834068569,0.0
5757.248834068569,0.0
5757.248834068569,0.0
5757.248834068569,0.0
5757.248834068569,0.0
5757.248834068569,0.0
3549.004804449479,0.0
0.0,0.0
0.0,0.0
334.5661270824671,0.0
4301.169743417327,0.0
3747.2432844068353,0.0
5454.778388257641,0.0
5864.586813181832,0.0
5864.586813181832,0.0
0.0,0.0
2336.4692352377,0.0
5116.192616457048,0.0
5783.326227949691,0.0
1375.1117676585097,0.0
1375.1117676585097,0.0
0.0,0.0
4555.44,0.0
5648.7456,0.0
5911.138944000001,0.0
0.0,0.0
0.0,0.0
0.0,0.0
0.0,0.0
0.0,0.0
0.0,0.0
0.0,0.0
0.0,0.0
0.0,0.0
0.0,0.0
2787.887383657152,0.0
2787.887383657152,0.0
0.0,0.0
0.0,0.0
0.0,0.0
0.0,0.0
0.0,0.0
0.0,0.0
0.0,0.0
0.0,0.0
0.0,0.0
4555.4400000000005,0.0
5648.7456,0.0
5911.138944000001,0.0
5911.138944000001,0.0
5911.138944000001,0.0
5911.138944000001,0.0
0.0,0.0
0.0,0.0
0.0,0.0
0.0,0.0
0.0,0.0
0.0,0.0
2189.5976013192544,0.0
5080.94342431662,0.0
5080.94342431662,0.0
5080.94342431662,0.0
5080.94342431662,0.0
5080.94342431662,0.0
5080.94342431662,0.0
0.0,0.0
0.0,0.0
0.0,0.0
0.0,0.0
0.0,0.0
4555.4400000000005,0.0
5648.7456,0.0
5911.138944000001,0.0
5911.138944000001,0.0
5911.138944000001,0.0
5.630835953441557e-14,0.0
0.0,0.0
0.0,0.0
0.0,0.0
0.0,0.0
0.0,0.0
3266.7668369191533,0.0
2072.6972039414436,0.0
5052.887328945945,0.0
5768.132958947026,0.0
5551.383211986501,0.0
5551.383211986501,0.0
3631.4560058147185,0.0
0.0,0.0
0.0,0.0
0.0,0.0
0.0,0.0
0.0,0.0
0.0,0.0
4555.44,0.0
1093.3055999999995,0.0
4817.833344,0.0
5711.72000256,0.0
5711.72000256,0.0
0.0,0.0
231.1963275323652,0.0
1831.5937561418275,0.0
4995.022501474037,0.0
5754.24540035377,0.0
0.0,0.0
2660.8689742683946,0.0
2533.1795795560197,0.0
2630.2235195374255,0.0
5186.693644688981,0.0
5800.246474725356,0.0
5800.246474725356,0.0
0.0,0.0
0.0,0.0
0.0,0.0
4472.303378725499,0.0
4320.11273034351,0.0
1272.1543249389322,0.0
3588.6027130464113,0.0
1828.101938084727,0.0
3166.082527055607,0.0
2149.217279437738,0.0
2922.0348676273184,0.0
2334.693500603238,0.0
2781.0729395415383,0.0
2441.824565948431,0.0
2699.653329879192,0.0
2503.703469291813,0.0
2652.625363338222,0.0
2539.4447238629505,0.0
2625.462009864157,0.0
2560.08887250324,0.0
2609.7724568975373,0.0
2572.012932757871,0.0
2600.7101711040177,0.0
2578.9002699609464,0.0
2595.4757948296806,0.0
2582.8783959294424,0.0
2592.4524190936227,0.0
2585.1761614888464,0.0
2590.7061172684757,0.0
2586.503350875959,0.0
2589.6974533342714,0.0
2587.2699354659535,0.0
2589.1148490458745,0.0
2587.7127147251344,0.0
2588.7783368088963,0.0
2587.9684640252385,0.0
2588.5839673408186,0.0
2588.116184820977,0.0
2588.471699536057,0.0
2588.201508352596,0.0
2588.4068536520263,0.0
2588.25079122446,0.0
2588.3693986694107,0.0
2588.279257011248,0.0
2588.3477646714514,0.0
2588.2956988496967,0.0
2588.33526887423,0.0
2588.3051956555846,0.0
2588.3280513017557,0.0
2588.310681010666,0.0
2588.323882431894,0.0
2588.3138493517604,0.0
3069.20539240909,0.0
2222.843901769092,0.0
2866.07863465549,0.0
2377.2202376618275,0.0
2748.752619377011,0.0
5215.140628650482,0.0
5807.073750876116,0.0
5807.073750876116,0.0
5807.073750876116,0.0
5807.073750876116,0.0
5807.073750876116,0.0
5807.073750876116,0.0
5807.073750876116,0.0
5807.073750876116,0.0
1548.7385733706235,0.0
2596.464514395797,0.0
5178.591483454991,0.0
5178.591483454991,0.0
0.0,0.0
0.0,0.0
0.0,0.0
0.0,0.0
0.0,0.0
0.0,0.0
0.0,0.0
0.0,0.0
0.0,0.0
4555.4400000000005,0.0
5648.7456,0.0
5911.138944000001,0.0
5911.138944000001,0.0
5911.138944000001,0.0
0.0,0.0
0.0,0.0
0.0,0.0
0.0,0.0
0.0,0.0
0.0,0.0
973.177322502577,0.0
3815.825234898041,0.0
1655.4128214774883,0.0
4952.739077154596,0.0
5744.097378517104,0.0
5744.097378517104,0.0
0.0,0.0
0.0,0.0
0.0,0.0
0.0,0.0
106.43730419752879,0.0
3332.1281472370024,0.0
2023.022608099878,0.0
3017.9428178440917,0.0
2261.8034584384905,0.0
2836.469371586747,0.0
2399.723277594071,0.0
2731.6503090285055,0.0
2479.385765138336,0.0
2671.1068184948645,0.0
2525.398817943902,0.0
2636.1368983626344,0.0
2551.9759572443973,0.0
2615.9382724942575,0.0
2567.326912904364,0.0
2604.2715461926837,0.0
2576.1936248935594,0.0
2597.5328450808934,0.0
2581.3150377385214,0.0
3452.413045144067,0.0
1931.6060856905085,0.0
3087.419374875213,0.0
2209.0012750948376,0.0
2876.5990309279227,0.0
2369.224736494778,0.0
2754.829200263968,0.0
2461.7698077993837,0.0
2684.4949460724683,0.0
2515.223840984924,0.0
2643.8698808514573,0.0
2546.098890552893,0.0
2620.4048431798014,0.0
2563.932319183351,0.0
2606.851437420653,0.0
2574.2329075603034,0.0
2599.0229902541687,0.0
2580.1825274068315,0.0
2594.5012791708077,0.0
2583.6190278301856,0.0
2591.889538849058,0.0
2585.603950474715,0.0
2590.3809976392167,0.0
2586.750441794195,0.0
2589.509664236412,0.0
2587.4126551803274,0.0
2589.006382062951,0.0
2587.795149632157,0.0
2588.7156862795605,0.0
2588.0160784275336,0.0
2588.547780395074,0.0
2588.1436868997434,0.0
2588.4507979561945,0.0
5176.668191509486,0.0
5797.840365962276,0.0
4988.99541325828,0.0
4988.99541325828,0.0
4988.99541325828,0.0
4988.99541325828,0.0
4988.99541325828,0.0
0.0,0.0
0.0,0.0
0.0,0.0
4555.44,0.0
1093.3055999999995,0.0
3724.527744000001,0.0
1724.7989145599988,0.0
3244.5928249344,0.0
3572.7093743156624,0.0
1840.1808755200964,0.0
3156.9025346047265,0.0
2156.1940737004074,0.0
2916.73250398769,0.0
2338.723296969355,0.0
2778.01029430329,0.0
2444.152176329499,0.0
2697.88434598958,0.0
2505.047897047919,0.0
5156.6514952914995,0.0
5793.03635886996,0.0
5793.03635886996,0.0
0.0,0.0
0.0,0.0
0.0,0.0
0.0,0.0
0.0,0.0
0.0,0.0
0.0,0.0
4555.44,0.0
5648.7456,0.0
5911.138944000001,0.0
5911.138944000001,0.0
0.0,0.0
0.0,0.0
0.0,0.0
0.0,0.0
0.0,0.0
0.0,0.0
0.0,0.0
0.0,0.0
1682.0888348068372,0.0
4959.1413203536395,0.0
5745.6339168848735,0.0
5745.6339168848735,0.0
5745.6339168848735,0.0
5745.6339168848735,0.0
5745.6339168848735,0.0
5745.6339168848735,0.0
5745.6339168848735,0.0
5745.6339168848735,0.0
0.0,0.0
0.0,0.0
4555.44,0.0
5648.7456,0.0
5911.138944000001,0.0
5736.25094087184,0.0
5736.25094087184,0.0
250.9083533052693,0.0
12.244485653575339,0.0
0.0,0.0
0.0,0.0
0.0,0.0
0.0,0.0
3728.459056242463,0.0
1721.8111172557276,0.0
3246.8635508856464,0.0
2087.8237013269086,0.0
5056.517688318458,0.0
4721.008552324859,0.0
847.7035447769188,0.0
1374.0193590848623,0.0
3511.185287095505,0.0
1886.9391818074168,0.0
3121.3662218263635,0.0
2183.201671411964,0.0
2896.2067297269073,0.0
2354.3228854075505,0.0
2766.1546070902614,0.0
2453.1624986114016,0.0
2691.0365010553337,0.0
2510.252259197946,0.0
2647.6482830095606,0.0
2543.227304912733,0.0
2622.587248266322,0.0
2562.2736913175945,0.0
2608.1119945986275,0.0
2573.274884105042,0.0
2599.7510880801683,0.0
2579.629173059072,0.0
2594.9218284751055,0.0
2583.29941035892,0.0
2592.132448127221,0.0
2585.4193394233125,0.0
2590.521302038283,0.0
2586.6438104509048,0.0
2589.590704057312,0.0
2587.3510649164427,0.0
2589.0531906635033,0.0
2587.759575095737,0.0
2588.7427229272394,0.0
2587.9955305752974,0.0
2588.563396762773,0.0
5176.695215223065,0.0
5797.846851653536,0.0
5797.846851653536,0.0
5797.846851653536,0.0
0.0,0.0
0.0,0.0
0.0,0.0
0.0,0.0
0.0,0.0
4555.44,0.0
1093.3055999999995,0.0
3724.527744000001,0.0
1724.7989145599984,0.0
4969.391739494399,0.0
5748.0940174786565,0.0
645.3883611904596,0.0
0.0,0.0
0.0,0.0
0.0,0.0
269.248259482362,0.0
4261.626297126572,0.0
1316.6040141838048,0.0
3554.8209492203077,0.0
1853.7760785925652,0.0
5000.346258862217,0.0
5755.523102126931,0.0
5755.523102126931,0.0
5755.523102126931,0.0
3839.62153689819,0.0
0.0,0.0
0.0,0.0
0.0,0.0
0.0,0.0
4095.888319905944,0.0
1442.5648768714827,0.0
4901.655570449156,0.0
5731.837336907798,0.0
5731.837336907798,0.0
5731.837336907798,0.0
5731.837336907798,0.0
5731.837336907798,0.0
5731.837336907798,0.0
5731.837336907798,0.0
5731.837336907798,0.0
5731.837336907798,0.0
5731.837336907798,0.0
5731.837336907798,0.0
5731.837336907798,0.0
5731.837336907798,0.0
5731.837336907798,0.0
5731.837336907798,0.0
5731.837336907798,0.0
0.0,0.0
0.0,0.0
0.0,0.0
0.0,0.0
0.0,0.0
0.0,0.0
4456.4061026122745,0.0
5624.977464626946,0.0
5905.434591510467,0.0
5905.434591510467,0.0
5905.434591510467,0.0
5905.434591510467,0.0
5905.434591510467,0.0
5905.434591510467,0.0
5905.434591510467,0.0
5905.434591510467,0.0
5905.434591510467,0.0
0.0,0.0
0.0,0.0
2099.2905777130204,0.0
5059.2697386511245,0.0
5657.48095578199,0.0
5657.48095578199,0.0
5657.48095578199,0.0
0.0,0.0
0.0,0.0
0.0,0.0
0.0,0.0
0.0,0.0
0.0,0.0
0.0,0.0
0.0,0.0
1584.434918845374,0.0
639.6806800247095,0.0
0.0,0.0
3115.2129426066836,0.0
2187.8781636189196,0.0
2892.65259564962,0.0
2357.024027306288,0.0
2764.101739247221,0.0
2454.7226781721115,0.0
2689.8507645891946,0.0
2511.1534189122117,0.0
2646.963401626718,0.0
2543.747814763694,0.0
2622.1916607795933,0.0
2562.574337807509,0.0
2607.8835032662932,0.0
2573.4485375176173,0.0
2599.619111486611,0.0
2579.729475270175,0.0
2594.8455987946663,0.0
2583.3573449160535,0.0
2592.0884178637984,0.0
2585.4528024235124,0.0
2590.495870158131,0.0
2586.6631386798213,0.0
4688.0839371873335,0.0
5680.580144924959,0.0
238.19908985703051,0.0
4367.192910782449,0.0
1236.3733878053392,0.0
3615.7962252679413,0.0
1807.4348687963643,0.0
3181.7894997147628,0.0
2137.2799802167797,0.0
2931.1072150352466,0.0
5258.90573160846,0.0
5817.57737558603,0.0
5817.57737558603,0.0
5817.57737558603,0.0
5817.57737558603,0.0
5817.57737558603,0.0
5817.57737558603,0.0
5817.57737558603,0.0
5817.57737558603,0.0
5817.57737558603,0.0
5817.57737558603,0.0
5817.57737558603,0.0
5817.57737558603,0.0
4281.006317529743,0.0
4281.006317529743,0.0
4281.006317529743,0.0
4281.006317529743,0.0
0.0,0.0
0.0,0.0
0.0,0.0
0.0,0.0
0.0,0.0
0.0,0.0
2662.3727078686525,0.0
5194.409449888476,0.0
5802.098267973233,0.0
5802.098267973233,0.0
5802.098267973233,0.0
5802.098267973233,0.0
3327.738819438036,0.0
3327.738819438036,0.0
3327.738819438036,0.0
3327.738819438036,0.0
3327.738819438036,0.0
3327.738819438036,0.0
3574.897274007348,0.0
5413.415345761762,0.0
5413.415345761762,0.0
0.0,0.0
0.0,0.0
0.0,0.0
0.0,0.0
0.0,0.0
0.0,0.0
0.0,0.0
0.0,0.0
0.0,0.0
4555.4400000000005,0.0
1093.3055999999988,0.0
3724.527744000001,0.0
1724.7989145599988,0.0
3244.5928249344,0.0
2089.5494530498554,0.0
2967.3824156821092,0.0
2300.229364081597,0.0
2807.265683297986,0.0
2421.91808069353,0.0
2714.7822586729167,0.0
2492.205483408584,0.0
2661.3638326094765,0.0
2532.8034872167977,0.0
2630.5093497152334,0.0
2556.252894216422,0.0
2612.687800395519,0.0
2569.7972716994054,0.0
2602.3940735084516,0.0
2577.6205041335766,0.0
2596.4484168584813,0.0
2582.1392031875534,0.0
2593.01420557746,0.0
2584.74920376113,0.0
2591.0306051415405,0.0
2586.2567400924295,0.0
2589.8848775297533,0.0
2587.127493077388,0.0
2589.2231052611855,0.0
2587.6304400014988,0.0
2588.84086559886,0.0
2587.9209421448663,0.0
2588.6200839699018,0.0
2588.088736182875,0.0
2588.4925605010144,0.0
2588.1856540192284,0.0
2588.418902945386,0.0
2588.241633761507,0.0
5176.617992102761,0.0
5797.828318104663,0.0
5797.828318104663,0.0
5797.828318104663,0.0
5797.828318104663,0.0
5797.828318104663,0.0
5797.828318104663,0.0
5797.828318104663,0.0
5797.828318104663,0.0
5543.654570383149,0.0
5543.654570383148,0.0
5885.917096891955,0.0
3938.8053929199205,0.0
-7.365707394083463e-13,0.0
-7.365707394083463e-13,0.0
-7.365707394083463e-13,0.0
-7.365707394083463e-13,0.0
-7.365707394083463e-13,0.0
-7.365707394083463e-13,0.0
-7.365707394083463e-13,0.0
-7.365707394083463e-13,0.0
-7.365707394083463e-13,0.0
-7.365707394083463e-13,0.0
61.69945471101523,0.0
61.69945471101523,0.0
61.69945471101523,0.0
61.69945471101523,0.0
61.69945471101523,0.0
61.69945471101523,0.0
61.69945471101523,0.0
61.69945471101523,0.0
61.69945471101523,0.0
61.69945471101523,0.0
61.69945471101523,0.0
61.69945471101523,0.0
61.69945471101523,0.0
61.69945471101523,0.0
61.69945471101523,0.0
61.69945471101523,0.0
61.69945471101523,0.0
61.69945471101523,0.0
61.69945471101523,0.0
61.69945471101523,0.0
61.69945471101523,0.0
61.69945471101523,0.0
61.69945471101523,0.0
61.69945471101523,0.0
1106.3344541941829,0.0
1106.3344541941829,0.0
1106.3344541941829,0.0
1106.3344541941829,0.0
1106.3344541941829,0.0
1106.3344541941829,0.0
1106.3344541941829,0.0
1106.3344541941829,0.0
1106.3344541941829,0.0
1106.3344541941829,0.0
1106.3344541941829,0.0
1106.3344541941829,0.0
1106.3344541941829,0.0
1106.3344541941829,0.0
1106.3344541941829,0.0
1106.3344541941829,0.0
1106.3344541941829,0.0
1106.3344541941829,0.0
1106.3344541941829,0.0
1106.3344541941829,0.0
1106.3344541941829,0.0
1106.3344541941829,0.0
1106.3344541941829,0.0
1106.3344541941829,0.0
1106.3344541941829,0.0
1106.3344541941829,0.0
1106.3344541941829,0.0
1106.3344541941829,0.0
1106.3344541941829,0.0
1106.3344541941829,0.0
1106.3344541941829,0.0
1106.3344541941829,0.0
1106.3344541941829,0.0
1106.3344541941829,0.0
1106.3344541941829,0.0
1856.1344291597834,0.0
1856.1344291597834,0.0
1856.1344291597834,0.0
1856.1344291597834,0.0
1856.1344291597834,0.0
1856.1344291597834,0.0
1856.1344291597834,0.0
1856.1344291597834,0.0
1856.1344291597834,0.0
1856.1344291597834,0.0
1856.1344291597834,0.0
0.0,0.0
24.521918969750935,0.0
2322.7042729840587,0.0
2322.7042729840587,0.0
2322.7042729840587,0.0
2322.7042729840587,0.0
2322.7042729840587,0.0
0.0,0.0
0.0,0.0
0.0,0.0
0.0,0.0
0.0,0.0
0.0,0.0
4555.4400000000005,0.0
1093.3055999999985,0.0
4817.833344,0.0
5711.7200025600005,0.0
60.96998154833647,0.0
60.96998154833647,0.0
60.96998154833647,0.0
60.96998154833647,0.0
60.96998154833647,0.0
60.96998154833647,0.0
60.96998154833647,0.0
60.96998154833647,0.0
3276.1928264694648,0.0
5341.726278352671,0.0
5341.726278352671,0.0
5341.726278352671,0.0
5341.726278352671,0.0
5341.726278352671,0.0
5341.726278352671,0.0
5341.726278352671,0.0
2793.18984884666,0.0
1641.4250394978094,0.0
0.0,0.0
3639.7655981788407,0.0
1789.218145384081,0.0
3195.6342095080986,0.0
5322.392210281942,0.0
5832.814130467667,0.0
5832.814130467667,0.0
5832.814130467667,0.0
5832.814130467667,0.0
5832.814130467667,0.0
5832.814130467667,0.0
5832.814130467667,0.0
0.0,0.0
0.0,0.0
4555.4400000000005,0.0
5648.7456,0.0
5911.138944000001,0.0
5911.138944000001,0.0
5911.138944000001,0.0
0.0,0.0
0.0,0.0
0.0,0.0
0.0,0.0
0.0,0.0
0.0,0.0
0.0,0.0
2527.738799471075,0.0
5162.097311873057,0.0
5794.343354849534,0.0
5794.343354849534,0.0
5794.343354849534,0.0
0.0,0.0
0.0,0.0
0.0,0.0
0.0,0.0
0.0,0.0
0.0,0.0
0.0,0.0
2276.8319748834356,0.0
5101.879673972024,0.0
5779.891121753286,0.0
5779.891121753286,0.0
5779.891121753286,0.0
5779.891121753286,0.0
5779.891121753286,0.0
5779.891121753286,0.0
5779.891121753286,0.0
5779.891121753286,0.0
5779.891121753286,0.0
5779.891121753286,0.0
5779.891121753286,0.0
5779.891121753286,0.0
5779.891121753286,0.0
0.0,0.0
0.0,0.0
0.0,0.0
0.0,0.0
4279.929973932169,0.0
1302.6932198115512,0.0
3565.3931529432216,0.0
418.6770228096951,0.0
4237.245462664631,0.0
1335.1334483748803,0.0
4875.872027609971,0.0
5725.649286626393,0.0
1005.6708660856749,0.0
1005.6708660856749,0.0
1005.6708660856749,0.0
1005.6708660856749,0.0
1005.6708660856749,0.0
1005.6708660856749,0.0
1005.6708660856749,0.0
1005.6708660856749,0.0
1005.6708660856749,0.0
1005.6708660856749,0.0
3037.670436542349,0.0
5284.480904770165,0.0
0.0,0.0
0.0,0.0
0.0,0.0
0.0,0.0
0.0,0.0
0.0,0.0
0.0,0.0
0.0,0.0
0.0,0.0
0.0,0.0
0.0,0.0
0.0,0.0
0.0,0.0
0.0,0.0
0.0,0.0
0.0,0.0
0.0,0.0
0.0,0.0
0.0,0.0
0.0,0.0
4555.4400000000005,0.0
1093.3055999999988,0.0
3724.5277440000013,0.0
1724.798914559999,0.0
3865.3968039163615,0.0
1617.738429023565,0.0
2583.5192249161796,0.0
2591.9653890637037,0.0
2585.546304311585,0.0
2590.424808723195,0.0
2586.717145370372,0.0
2589.5349695185173,0.0
2587.393423165927,0.0
2589.0209983938953,0.0
2587.784041220639,0.0
5176.508169892954,0.0
5797.801960774309,0.0
5797.801960774309,0.0
5797.801960774309,0.0
0.0,0.0
0.0,0.0
0.0,0.0
0.0,0.0
0.0,0.0
0.0,0.0
4555.439999999999,0.0
5648.7456,0.0
5911.138944000001,0.0
5610.907664813388,0.0
5610.907664813388,0.0
0.0,0.0
2935.6157681080126,0.0
2324.3720162379104,0.0
2788.917267659188,0.0
2435.862876579017,0.0
2704.184213799947,0.0
2500.2599975120406,0.0
2655.2424018908487,0.0
2537.455774562955,0.0
2626.9736113321537,0.0
2558.940055387562,0.0
2610.6455579054527,0.0
2571.349375991855,0.0
2601.2144742461896,0.0
2578.5169995728957,0.0
2595.7670803245987,0.0
2582.657018953305,0.0
2592.620665595488,0.0
2585.0482941474284,0.0
2590.8032964479544,0.0
2586.4294946995547,0.0
5176.183078727892,0.0
5797.723938894694,0.0
5185.884634737042,0.0
0.0,0.0
0.0,0.0
0.0,0.0
0.0,0.0
0.0,0.0
0.0,0.0
0.0,0.0
0.0,0.0
151.0871906263542,0.0
151.0871906263542,0.0
151.0871906263542,0.0
151.0871906263542,0.0
151.0871906263542,0.0
151.0871906263542,0.0
151.0871906263542,0.0
151.0871906263542,0.0
151.0871906263542,0.0
151.0871906263542,0.0
0.0,0.0
4555.4400000000005,0.0
5648.7456,0.0
5911.138944000001,0.0
5911.138944000001,0.0
5821.666203493437,0.0
5.6308359534334764e-14,0.0
122.2005626474904,0.0
3461.7245547348934,0.0
1924.5293384014801,0.0
3790.3230253163742,0.0
1674.7945007595547,0.0
3282.596179422739,0.0
2060.666903638718,0.0
2989.3331532345737,0.0
5272.879956776298,0.0
5820.931189626312,0.0
5864.020875341189,0.0
109.08797949678045,0.0
0.0,0.0
1148.6112800864835,0.0
2484.1725754524964,0.0
3749.7122062168323,0.0
1705.6587232752079,0.0
3259.1393703108415,0.0
2078.494078563759,0.0
2975.7845002915424,0.0
5269.628280069971,0.0
5820.150787216793,0.0
5820.150787216793,0.0
5820.150787216793,0.0
5054.064454201002,0.0
5054.064454201002,0.0
1330.8908156124546,0.0
1330.8908156124546,0.0
1330.8908156124546,0.0
1330.8908156124546,0.0
2476.620526757767,0.0
5149.828926421864,0.0
5149.828926421864,0.0
5149.828926421864,0.0
5149.828926421864,0.0
5149.828926421864,0.0
5149.828926421864,0.0
5149.828926421864,0.0
0.0,0.0
0.0,0.0
0.0,0.0
119.29168397149348,0.0
4464.778320181666,0.0
3679.5712017119704,0.0
5438.537088410872,0.0
5860.68890121861,0.0
5860.68890121861,0.0
5860.68890121861,0.0
5860.68890121861,0.0
5271.7375884593275,0.0
5271.7375884593275,0.0
5271.7375884593275,0.0
0.0,0.0
4555.4400000000005,0.0
1093.3055999999997,0.0
3724.5277440000004,0.0
1724.7989145599984,0.0
3244.592824934401,0.0
5334.142277984256,0.0
1691.2453728581838,0.0
1962.7178519751405,0.0
4208.7726906137395,0.0
5565.545445747296,0.0
5565.545445747296,0.0
0.0,0.0
409.39066122880087,0.0
4244.303097466111,0.0
5574.0727433918655,0.0
5893.217458414048,0.0
5893.217458414048,0.0
5893.217458414048,0.0
0.0,0.0
0.0,0.0
0.0,0.0
0.0,0.0
0.0,0.0
0.0,0.0
0.0,0.0
4555.4400000000005,0.0
4269.7241897176,0.0
5580.173805532223,0.0
5894.681713327733,0.0
4614.0295552792995,0.0
4614.0295552792995,0.0
0.0,0.0
0.0,0.0
925.8159324315378,0.0
2821.5922088583084,0.0
2411.0299212676855,0.0
2723.057259836559,0.0
2485.9164825242146,0.0
2666.1434732815965,0.0
2529.1709603059867,0.0
5162.441030473435,0.0
5794.425847313624,0.0
936.4014652580646,0.0
936.4014652580646,0.0
1051.6539264963333,0.0
437.1877205823391,0.0
437.1877205823391,0.0
0.0,0.0
2595.83433496177,0.0
2582.605905429055,0.0
5175.265417302972,0.0
5797.503700152713,0.0
3313.0170512314185,0.0
0.0,0.0
0.0,0.0
0.0,0.0
0.0,0.0
0.0,0.0
0.0,0.0
0.0,0.0
0.0,0.0
3621.3500838116224,0.0
5424.564020114789,0.0
5857.335364827551,0.0
4158.1935662507985,0.0
0.0,0.0
0.0,0.0
1476.0702465975335,0.0
3433.626612585874,0.0
1945.8837744347356,0.0
5022.452105864336,0.0
609.9036182096231,0.0
4091.9132501606864,0.0
1445.585929877878,0.0
3456.7946932928126,0.0
1928.276033097462,0.0
3089.9502148459283,0.0
2207.0778367170933,0.0
2878.0608440950086,0.0
2368.1137584877924,0.0
2755.6735435492774,0.0
2461.1281069025495,0.0
2684.982638754063,0.0
2514.853194546912,0.0
2644.151572144346,0.0
2545.8848051702967,0.0
2620.567548070574,0.0
5184.376211536937,0.0
5799.6902907688645,0.0
5799.6902907688645,0.0
5799.6902907688645,0.0
5799.6902907688645,0.0
5799.6902907688645,0.0
3116.6702213164563,0.0
3116.6702213164563,0.0
3116.6702213164563,0.0
3116.6702213164563,0.0
3116.6702213164563,0.0
3116.6702213164563,0.0
3116.6702213164563,0.0
685.312228680362,0.0
685.312228680362,0.0
685.312228680362,0.0
685.312228680362,0.0
685.312228680362,0.0
685.312228680362,0.0
685.312228680362,0.0
685.312228680362,0.0
685.312228680362,0.0
0.0,0.0
1948.9738511069806,0.0
5023.193724265675,0.0
5761.006493823762,0.0
3078.9497953825153,0.0
2691.1620824060496,0.0
0.0,0.0
2391.920919778319,0.0
2737.5801009684765,0.0
2474.8791232639574,0.0
2674.531866319392,0.0
2522.795781597262,0.0
2638.11520598608,0.0
2550.472443450579,0.0
2617.08094297756,0.0
2566.4584833370545,0.0
2604.931552663838,0.0
2575.6920199754836,0.0
2597.914064818632,0.0
2581.0253107378394,0.0
2593.860763839242,0.0
2584.1058194821762,0.0
2591.5195771935464,0.0
2585.8851213329044,0.0
2590.1673077869923,0.0
2586.9128460818856,0.0
2589.3862369777667,0.0
5176.892696874664,0.0
4622.49963577084,0.0
105.944320062148,0.0
1.949052210501392e-15,0.0
2939.769124592154,0.0
2321.2154653099633,0.0
3333.971642934554,0.0
2021.6215513697375,0.0
3019.0076209589993,0.0
2260.9942080711603,0.0
5098.078609937078,0.0
5778.9788663848985,0.0
4853.893502772655,0.0
4370.745094088896,0.0
4370.745094088896,0.0
0.0,0.0
0.0,0.0
1635.8973894386424,0.0
2580.2890441843247,0.0
905.9745168443269,0.0
3866.899367198311,0.0
1616.5964809292834,0.0
3326.8266744937437,0.0
5353.878401878499,0.0
5840.37081645084,0.0
4450.116083539373,0.0
4450.116083539373,0.0
1227.515909587933,0.0
1227.515909587933,0.0
1227.515909587933,0.0
1227.515909587933,0.0
1227.515909587933,0.0
0.0,0.0
4547.840614766896,0.0
5646.921747544055,0.0
5910.701219410574,0.0
5910.701219410574,0.0
5910.701219410574,0.0
5910.701219410574,0.0
5910.701219410574,0.0
5910.701219410574,0.0
5910.701219410574,0.0
5910.701219410574,0.0
5910.701219410574,0.0
5910.701219410574,0.0
5910.701219410574,0.0
5910.701219410574,0.0
5265.000960573809,0.0
5265.000960573809,0.0
5265.000960573809,0.0
5265.000960573809,0.0
5265.000960573809,0.0
5265.000960573809,0.0
0.0,0.0
0.0,0.0
0.0,0.0
1761.2178485574839,0.0
3216.914435096311,0.0
2110.585029326803,0.0
2951.39537771163,0.0
2312.379512939161,0.0
3182.7496547737246,0.0
2136.5502623719685,0.0
2931.661800597303,0.0
2327.37703154605,0.0
2786.6334560250016,0.0
2437.598573420998,0.0
2702.8650842000407,0.0
2501.2625360079687,0.0
2654.4804726339435,0.0
2538.034840798203,0.0
2626.5335209933655,0.0
2559.274524045042,0.0
2610.391361725768,0.0
2571.542565088416,0.0
2601.0676505328033,0.0
2578.6285855950687,0.0
2595.682274947748,0.0
2582.7214710397116,0.0
2592.5716820098187,0.0
2585.0855216725363,0.0
2590.775003528872,0.0
2586.4509973180575,0.0
2589.7372420382762,0.0
2587.2396960509104,0.0
2589.137831001308,0.0
2587.695248439006,0.0
2588.7916111863565,0.0
2587.9583754983696,0.0
2588.5916346212393,0.0
2588.1103576878586,0.0
2588.4761281572273,0.0
2588.1981426005073,0.0
2588.4094116236142,0.0
2588.248847166053,0.0
5176.619723319852,0.0
5797.828733596765,0.0
5797.828733596765,0.0
5416.3030276817735,0.0
5416.3030276817735,0.0
5416.3030276817735,0.0
5416.3030276817735,0.0
5416.3030276817735,0.0
5416.3030276817735,0.0
5416.3030276817735,0.0
5416.3030276817735,0.0
5416.3030276817735,0.0
5855.352726643626,0.0
5855.352726643626,0.0
5855.352726643626,0.0
3907.7310947944443,0.0
0.0,0.0
294.583691598113,0.0
610.0800254187005,0.0
610.0800254187005,0.0
0.0,0.0
1563.3784861624354,0.0
3367.2723505165486,0.0
5147.515016382025,0.0
5790.843603931686,0.0
5945.242464943605,0.0
5945.242464943605,0.0
0.0,0.0
0.0,0.0
0.0,0.0
0.0,0.0
0.0,0.0
0.0,0.0
3143.4155371269644,0.0
2166.444191783507,0.0
2908.9424142445346,0.0
2344.6437651741526,0.0
2773.510738467644,0.0
2447.571838764591,0.0
2695.2854025389106,0.0
2507.0230940704278,0.0
2650.102448506475,0.0
2541.362139135079,0.0
2624.00477425734,0.0
2561.196371564421,0.0
2608.93075761104,0.0
2572.6526242156096,0.0
2600.2240055961356,0.0
2579.269755746936,0.0
2595.1949856323276,0.0
2583.091810919431,0.0
2592.290223701232,0.0
2585.2994299870634,0.0
2590.612433209832,0.0
2586.574550760528,0.0
2589.6433414219982,0.0
2587.311060519281,0.0
2589.083594005346,0.0
2587.736468555937,0.0
2588.760283897488,0.0
2587.9821842379083,0.0
2588.573539979189,0.0
2588.124109615816,0.0
2588.4656766919798,0.0
2588.2060857140955,0.0
2588.403374857287,0.0
2588.253435108462,0.0
2588.367389317569,0.0
2588.280784118647,0.0
2588.3466040698286,0.0
2588.2965809069296,0.0
2588.3345985107335,0.0
2588.3057051318424,0.0
2588.3276640997997,0.0
5097.252134811592,0.0
2323.1830481482707,0.0
2789.820883407314,0.0
2435.1761286104415,0.0
3594.064077770504,0.0
5264.060630630439,0.0
554.7539207208671,0.0
3613.4295005358517,0.0
1809.233579592753,0.0
3180.4224795095074,0.0
5318.741395082282,0.0
5831.937934819747,0.0
5.63083595344249e-14,0.0
0.0,0.0
0.0,0.0
0.0,0.0
0.0,0.0
0.0,0.0
0.0,0.0
4555.44,0.0
1093.3056000000001,0.0
3724.5277440000004,0.0
5449.3266585599995,0.0
5863.2783980544,0.0
5863.2783980544,0.0
3878.0477875989923,0.0
4175.549130895462,0.0
4902.944045612487,0.0
5732.146570946997,0.0
4975.364460346959,0.0
0.0,0.0
3435.186161789433,0.0
1944.6985170400303,0.0
3459.332942996873,0.0
5385.67990631925,0.0
5848.003177516619,0.0
5848.003177516619,0.0
0.0,0.0
0.0,0.0
0.0,0.0
0.0,0.0
0.0,0.0
0.0,0.0
0.0,0.0
4555.44,0.0
5648.7456,0.0
5911.138944000001,0.0
736.8455105923651,0.0
736.8455105923651,0.0
0.0,0.0
3422.6065076761292,0.0
1954.259054166142,0.0
3070.2031188337314,0.0
2222.0856296863644,0.0
2866.654921438363,0.0
2376.7822597068443,0.0
2749.0854826227987,0.0
2466.1350332066727,0.0
2681.1773747629286,0.0
2517.745195180174,0.0
2641.953651663068,0.0
2547.555224736068,0.0
2619.298029200587,0.0
2564.7734978075537,0.0
2606.2121416662585,0.0
3349.652590512506,0.0
2009.7040312104955,0.0
3028.0649362800227,0.0
2254.1106484271822,0.0
5096.426555622523,0.0
5778.582373349406,0.0
5778.582373349406,0.0
5778.582373349406,0.0
0.0,0.0
0.0,0.0
0.0,0.0
0.0,0.0
0.0,0.0
0.0,0.0
48.94281096940465,0.0
3876.7997057441253,0.0
5485.871929378591,0.0
5485.871929378591,0.0
5485.871929378591,0.0
5485.871929378591,0.0
5485.871929378591,0.0
5485.871929378591,0.0
5485.871929378591,0.0
5485.871929378591,0.0
5485.871929378591,0.0
5485.871929378591,0.0
5272.544062044841,0.0
5058.57989981239,0.0
5769.499175954975,0.0
5769.499175954975,0.0
5.630835953441363e-14,0.0
5.630835953441363e-14,0.0
5.630835953441363e-14,0.0
5.630835953441363e-14,0.0
5.630835953441363e-14,0.0
5.630835953441363e-14,0.0
5.630835953441363e-14,0.0
0.0,0.0
0.0,0.0
3927.3240966398953,0.0
4374.3056953320975,0.0
5605.273366879704,0.0
5900.705608051128,0.0
5900.705608051128,0.0
4416.514382040268,0.0
5142.511332186319,0.0
5245.463332889139,0.0
2961.1541515539197,0.0
0.0,0.0
0.0,0.0
0.0,0.0
0.0,0.0
951.1216302255169,0.0
3832.587561028607,0.0
1642.6734536182573,0.0
3307.0081752501237,0.0
2042.1137868099063,0.0
3003.4335220244707,0.0
2272.830523261402,0.0
2828.088802321334,0.0
2406.092510235786,0.0
2726.8096922208024,0.0
2483.0646339121895,0.0
2668.3108782267354,0.0
2527.5237325476805,0.0
2634.521963263763,0.0
4232.052574223411,0.0
1339.080043590207,0.0
2420.1118888588635,0.0
2716.1549644672637,0.0
2491.16222700488,0.0
2662.156707476291,0.0
4245.580597905904,0.0
1328.7987455915124,0.0
3545.5529533504505,0.0
1860.8197554536575,0.0
3141.21698585522,0.0
2168.115090750033,0.0
2907.672531029975,0.0
2345.608876417219,0.0
2772.777253922913,0.0
2448.129287018587,0.0
2694.861741865874,0.0
2507.3450761819345,0.0
3735.0489965926436,0.0
72.95956780740129,0.0
4499.990728466376,0.0
1135.447046365554,0.0
3692.500244762178,0.0
5441.6400587429225,0.0
5861.4336140983005,0.0
2782.4327715343998,0.0
0.0,0.0
4555.44,0.0
1093.3056,0.0
3724.527744,0.0
1724.7989145599993,0.0
3244.592824934401,0.0
2089.5494530498554,0.0
2967.38241568211,0.0
2300.2293640815965,0.0
5107.4950473795825,0.0
5781.2388113710995,0.0
5781.2388113710995,0.0
0.0,0.0
0.0,0.0
0.0,0.0
0.0,0.0
0.0,0.0
0.0,0.0
0.0,0.0
0.0,0.0
512.6159741466728,0.0
512.6159741466728,0.0
512.6159741466728,0.0
512.6159741466728,0.0
512.6159741466728,0.0
512.6159741466728,0.0
512.6159741466728,0.0
512.6159741466728,0.0
512.6159741466728,0.0
512.6159741466728,0.0
512.6159741466728,0.0
512.6159741466728,0.0
2807.5114396463728,0.0
2807.5114396463728,0.0
2807.5114396463728,0.0
2807.5114396463728,0.0
2807.5114396463728,0.0
2807.5114396463728,0.0
2807.5114396463728,0.0
2807.5114396463728,0.0
2807.5114396463728,0.0
2807.5114396463728,0.0
2807.5114396463728,0.0
2918.9707867135517,0.0
4653.810736847167,0.0
1929.3665867132545,0.0
1929.3665867132545,0.0
0.0,0.0
0.0,0.0
4555.44,0.0
1093.3056,0.0
3724.527744,0.0
2721.0188289377857,0.0
2487.4656900072832,0.0
2664.966075594464,0.0
2530.065782548207,0.0
2632.590005263362,0.0
2554.6715959998446,0.0
2613.889587040118,0.0
2568.88391384951,0.0
3938.6602941548626,0.0
5500.718470597165,0.0
5875.61243294332,0.0
5875.61243294332,0.0
5168.534760656428,0.0
5168.534760656428,0.0
0.0,0.0
4555.44,0.0
5648.7456,0.0
5911.138944000001,0.0
5911.138944000001,0.0
5911.138944000001,0.0
5911.138944000001,0.0
5911.138944000001,0.0
5911.138944000001,0.0
5911.138944000001,0.0
5911.138944000001,0.0
5911.138944000001,0.0
5911.138944000001,0.0
5911.138944000001,0.0
5911.138944000001,0.0
5911.138944000001,0.0
5911.138944000001,0.0
5911.138944000001,0.0
5911.138944000001,0.0
5911.138944000001,0.0
2130.119190347821,0.0
0.0,0.0
0.0,0.0
0.0,0.0
962.6385177502792,0.0
3823.8347265097873,0.0
1649.3256078525606,0.0
3301.952538032054,0.0
2045.9560710956387,0.0
3000.5133859673147,0.0
2275.049826664841,0.0
2826.4021317347206,0.0
2407.374379881613,0.0
2725.835471289974,0.0
4026.8634100149393,0.0
1495.0238083886452,0.0
3190.190102027747,0.0
2881.100193502978,0.0
5246.904046440715,0.0
5814.6969711457705,0.0
5814.6969711457705,0.0
0.0,0.0
0.0,0.0
0.0,0.0
0.0,0.0
0.0,0.0
0.0,0.0
0.0,0.0
468.3571013083204,0.0
4199.488603005677,0.0
5563.317264721361,0.0
5890.636143533126,0.0
5890.636143533126,0.0
0.0,0.0
0.0,0.0
4555.44,0.0
1093.3055999999995,0.0
3724.5277440000004,0.0
1724.7989145599988,0.0
3244.592824934401,0.0
2089.5494530498554,0.0
2967.3824156821092,0.0
2300.229364081597,0.0
2807.265683297985,0.0
2421.9180806935306,0.0
2714.782258672916,0.0
2492.205483408584,0.0
2661.363832609476,0.0
2532.8034872167977,0.0
2630.509349715233,0.0
2556.252894216422,0.0
2612.687800395519,0.0
2569.797271699405,0.0
2602.3940735084516,0.0
2577.6205041335766,0.0
5174.068920992057,0.0
5797.216541038094,0.0
3820.47477765156,0.0
0.0,0.0
719.9457870597878,0.0
4008.2812018345608,0.0
1509.1462866057348,0.0
3605.863835200878,0.0
1814.9834852473325,0.0
3176.052551212027,0.0
2141.6400610788587,0.0
2927.793553580067,0.0
2330.3168992791498,0.0
5114.716055826996,0.0
5782.971853398479,0.0
5782.971853398479,0.0
5782.971853398479,0.0
5782.971853398479,0.0
5782.971853398479,0.0
5782.971853398479,0.0
5782.971853398479,0.0
0.0,0.0
1767.6332530138432,0.0
3212.038727709479,0.0
2114.2905669407955,0.0
4335.731274504898,0.0
1260.284231376278,0.0
3187.3090342633022,0.0
2133.0851339598894,0.0
2934.295298190484,0.0
2325.3755733752328,0.0
2788.1545642348233,0.0
2436.4425311815344,0.0
2703.7436763020337,0.0
2500.5948060104542,0.0
5155.582753442509,0.0
5792.779860826203,0.0
5792.779860826203,0.0
5792.779860826203,0.0
5625.321931698511,0.0
0.0,0.0
0.0,0.0
1875.1605183892696,0.0
3130.3180060241552,0.0
2176.398315421642,0.0
2901.377280279551,0.0
2350.3932669875408,0.0
5119.53438407701,0.0
5784.128252178482,0.0
3725.110527869908,0.0
3725.110527869908,0.0
0.0,0.0
1548.5042857944666,0.0
4751.247401119605,0.0
5695.739376268704,0.0
5695.739376268704,0.0
0.0,0.0
0.0,0.0
1498.5636515434226,0.0
4915.095276370422,0.0
5735.062866328901,0.0
5735.062866328901,0.0
5735.062866328901,0.0
0.0,0.0
0.0,0.0
0.0,0.0
0.0,0.0
0.0,0.0
0.0,0.0
0.0,0.0
0.0,0.0
0.0,0.0
0.0,0.0
0.0,0.0
0.0,0.0
1316.2356859462568,0.0
3555.1008786808457,0.0
1853.5633322025574,0.0
3146.731867526056,0.0
2163.923780680197,0.0
2910.8579266830498,0.0
2343.187975720882,0.0
2774.617138452129,0.0
2446.730974776381,0.0
2695.92445916995,0.0
2506.5374110308376,0.0
2650.4715676165633,0.0
2541.081608611411,0.0
2624.217977455327,0.0
2561.0343371339513,0.0
2609.0539037781973,0.0
2572.55903312857,0.0
2600.295134822287,0.0
2579.2156975350626,0.0
2595.2360698733523,0.0
2583.0605868962516,0.0
2592.313953958848,0.0
2585.281394991275,0.0
2590.6261398066304,0.0
2586.56413374696,0.0
2589.65125835231,0.0
2587.305043652244,0.0
2589.0881668242937,0.0
2587.7329932135367,0.0
2588.7629251577123,0.0
2587.9801768801385,0.0
2588.575065571094,0.0
2588.1229501659686,0.0
2588.466557873864,0.0
3579.424962280468,0.0
1835.0770286668433,0.0
3160.781458213199,0.0
2153.2460917579688,0.0
2918.972970263943,0.0
2337.0205425994036,0.0
2779.304387624453,0.0
2443.1686654054156,0.0
2698.6318142918835,0.0
2504.4798211381694,0.0
2652.0353359349915,0.0
2539.8931446894067,0.0
2625.121210036051,0.0
2560.347880372602,0.0
2609.575610916823,0.0
2572.1625357032144,0.0
2600.5964728655567,0.0
2578.986680622176,0.0
2595.410122727146,0.0
2582.928306727369,0.0
2592.4144868871995,0.0
2585.2049899657277,0.0
2590.6842076260464,0.0
2586.5200022042036,0.0
3226.9174791495516,0.0
2102.9827158463404,0.0
1119.6671580763166,0.0
3704.4929598619997,0.0
5444.51831036688,0.0
5862.124394488051,0.0
5862.124394488051,0.0
0.0,0.0
3721.082603769044,0.0
1727.4172211355265,0.0
4970.020133072526,0.0
5748.244831937405,0.0
3653.2234219481334,0.0
0.0,0.0
0.0,0.0
0.0,0.0
0.0,0.0
241.92396656717887,0.0
2679.8595661261593,0.0
2518.746729744119,0.0
2641.1924853944697,0.0
2548.133711100203,0.0
2618.858379563845,0.0
2565.107631531477,0.0
2605.958200036077,0.0
2574.911767972582,0.0
2598.507056340837,0.0
2580.5746371809637,0.0
2594.2032757424668,0.0
2583.845510435725,0.0
2591.7174120688483,0.0
2585.7347668276757,0.0
2590.2815772109666,0.0
2586.8260013196655,0.0
2589.4522389970543,0.0
2587.4562983622377,0.0
2588.973213244699,0.0
2587.8203579340284,0.0
2588.696527970138,0.0
2588.0306387426945,0.0
2588.536714555551,0.0
2588.1520969377807,0.0
2588.444406327287,0.0
2588.2222511912614,0.0
2588.391089094641,0.0
2588.2627722880725,0.0
2588.3602930610646,0.0
2588.2861772735914,0.0
2588.342505272071,0.0
2588.299695993225,0.0
2588.332231045149,0.0
2588.307504405687,0.0
2588.3262966516772,0.0
2588.3120145447247,0.0
2588.322868946009,0.0
2588.314619601033,0.0
2588.3208891032145,0.0
2588.3161242815568,0.0
2588.319745546017,0.0
2588.316993385027,0.0
2588.3190850273795,0.0
2588.317495379191,0.0
2588.318703511815,0.0
2588.31778533102,0.0
2588.3184831484245,0.0
2588.317952807198,0.0
2588.318355866529,0.0
2588.318049541438,0.0
2588.318282348507,0.0
2588.3181054151337,0.0
2588.3182398844974,0.0
2588.3181376877824,0.0
2588.3182153572848,0.0
2588.3181563284625,0.0
2588.3182011903687,0.0
2588.31816709532,0.0
2588.318193007556,0.0
2588.3181733142574,0.0
2588.318188281164,0.0
2588.318176906315,0.0
2588.3181855512003,0.0
2588.3181789810874,0.0
2588.318183974374,0.0
2588.3181801794753,0.0
2588.318183063598,0.0
2588.3181808716645,0.0
2588.3181825375345,0.0
2588.318181271474,0.0
2588.3181822336796,0.0
5176.636363736083,0.0
5797.83272729666,0.0
-5.630835953441539e-14,0.0
0.0,0.0
4555.44,0.0
5648.7456,0.0
5911.138944000001,0.0
5911.138944000001,0.0
5911.138944000001,0.0
5911.138944000001,0.0
5911.138944000001,0.0
5911.138944000001,0.0
5911.138944000001,0.0
5911.138944000001,0.0
5911.138944000001,0.0
5911.138944000001,0.0
5911.138944000001,0.0
5911.138944000001,0.0
5911.138944000001,0.0
5911.138944000001,0.0
5911.138944000001,0.0
5062.291068820358,0.0
1807.6546950699571,0.0
2552.2015377478015,0.0
3604.2206212590772,0.0
3062.4058423283946,0.0
3062.4058423283946,0.0
0.0,0.0
4555.44,0.0
5648.7456,0.0
5911.138944000001,0.0
5911.138944000001,0.0
5911.138944000001,0.0
5.630835953441548e-14,0.0
0.0,0.0
4555.4400000000005,0.0
1093.3055999999988,0.0
3724.527744000001,0.0
1724.7989145599986,0.0
3244.592824934401,0.0
2089.549453049856,0.0
2967.38241568211,0.0
5267.611779763707,0.0
5819.666827143289,0.0
5819.666827143289,0.0
5819.666827143289,0.0
5819.666827143289,0.0
5819.666827143289,0.0
5819.666827143289,0.0
1514.3531087318734,0.0
1514.3531087318734,0.0
1514.3531087318734,0.0
1262.9161115759248,0.0
4858.539866778222,0.0
4858.539866778222,0.0
4858.539866778222,0.0
4858.539866778222,0.0
3668.1611126715416,0.0
3668.1611126715416,0.0
4200.732838405291,0.0
4200.732838405291,0.0
4200.732838405291,0.0
4200.732838405291,0.0
0.0,0.0
1489.0361504818018,0.0
4912.808676115632,0.0
5734.514082267752,0.0
5734.514082267752,0.0
0.0,0.0
625.2337390336648,0.0
4080.262358334415,0.0
1454.4406076658443,0.0
3450.0651381739576,0.0
1933.3904949877917,0.0
3086.0632238092776,0.0
2210.0319499049483,0.0
2875.8157180722387,0.0
2369.820054265098,0.0
2754.376758758525,0.0
2462.1136633435203,0.0
2684.233615858924,0.0
2515.4224519472177,0.0
2643.7189365201143,0.0
2546.213608244713,0.0
2620.3176577340178,0.0
2563.998580122146,0.0
2606.8010791071683,0.0
2574.271179878552,0.0
2598.9939032923,0.0
2580.204633497852,0.0
2594.484478541632,0.0
2583.631796308359,0.0
2591.8798348056466,0.0
2585.611325547708,0.0
2590.375392583742,0.0
2586.7547016363555,0.0
2589.506426756369,0.0
2587.4151156651583,0.0
2589.0045120944787,0.0
2587.796570808195,0.0
2588.714606185772,0.0
2588.0168992988133,0.0
2588.5471565329017,0.0
2588.1441610349943,0.0
2588.4504376134037,0.0
2588.2176674138127,0.0
2588.3945727655014,0.0
2588.2601246982185,0.0
2588.362305229353,0.0
2588.2846480256912,0.0
2588.3436675004746,0.0
2588.298812699639,0.0
2588.3329023482743,0.0
2588.3069942153106,0.0
5176.6336786116735,0.0
5797.832082866802,0.0
5.6308359534415437e-14,0.0
5.6308359534415437e-14,0.0
545.2430594982162,0.0
3317.786795354547,0.0
5268.104251180518,0.0
5268.104251180518,0.0
0.0,0.0
0.0,0.0
4555.44,0.0
5648.7456,0.0
5911.138944000001,0.0
5941.719941518674,0.0
0.0,0.0
795.8302308230961,0.0
3950.6090245744467,0.0
1552.9771413234205,0.0
3375.1773725942,0.0
1990.305196828408,0.0
3042.808050410409,0.0
2242.9058816880884,0.0
2850.8315299170526,0.0
2388.80803726304,0.0
5128.753928943129,0.0
5786.340942946351,0.0
5786.340942946351,0.0
5786.340942946351,0.0
5594.484326070544,0.0
5594.484326070544,0.0
5594.484326070544,0.0
5898.11623825693,0.0
4021.124731454511,0.0
0.0,0.0
3543.8738139215757,0.0
5405.969715341177,0.0
3963.2406407734866,0.0
1161.968075821408,0.0
1161.968075821408,0.0
1161.968075821408,0.0
1161.968075821408,0.0
1161.968075821408,0.0
1161.968075821408,0.0
1161.968075821408,0.0
1161.968075821408,0.0
1161.968075821408,0.0
1161.968075821408,0.0
0.0,0.0
0.0,0.0
0.0,0.0
0.0,0.0
0.0,0.0
0.0,0.0
0.0,0.0
0.0,0.0
0.0,0.0
0.0,0.0
0.0,0.0
0.0,0.0
0.0,0.0
0.0,0.0
0.0,0.0
0.0,0.0
0.0,0.0
0.0,0.0
1145.315508913384,0.0
3685.000213225828,0.0
4049.779724508126,0.0
0.0,0.0
4555.44,0.0
1093.3056000000001,0.0
3724.527744,0.0
1724.7989145599995,0.0
3313.684511397144,0.0
1844.9881996997294,0.0
3153.2489682282053,0.0
2158.970784146564,0.0
5073.592988195175,0.0
5773.102317166842,0.0
5773.102317166842,0.0
0.0,0.0
0.0,0.0
4555.4400000000005,0.0
5648.7456,0.0
5911.138944000001,0.0
4047.1248252226583,0.0
4047.1248252226583,0.0
0.0,0.0
0.0,0.0
4555.44,0.0
1093.3056000000001,0.0
3724.527744,0.0
1724.7989145599993,0.0
3244.5928249343997,0.0
2089.549453049856,0.0
2967.3824156821083,0.0
2300.229364081597,0.0
4065.3947432481878,0.0
1465.7399951313769,0.0
821.6312301484912,0.0
1747.8380520192393,0.0
3227.083080465378,0.0
2102.8568588463127,0.0
2957.2687872768015,0.0
2388.5013001147845,0.0
2740.1790119127636,0.0
2472.9039509462996,0.0
2676.032997280812,0.0
2801.271921809894,0.0
2426.4733394244795,0.0
2711.320262037396,0.0
2494.836600851579,0.0
2659.3641833527995,0.0
2534.3232206518724,0.0
2629.3543523045773,0.0
2557.1306922485214,0.0
5169.151366139644,0.0
2959.8569039779513,0.0
5207.503714217469,0.0
5805.240891412193,0.0
5805.240891412193,0.0
0.0,0.0
0.0,0.0
0.0,0.0
2123.294860104878,0.0
2941.7359063202925,0.0
5261.45661751687,0.0
5818.189588204049,0.0
361.0596856157679,0.0
0.0,0.0
4555.44,0.0
1093.3056000000001,0.0
3724.527744,0.0
1724.7989145599995,0.0
3244.5928249343997,0.0
2089.5494530498563,0.0
2967.3824156821083,0.0
2300.229364081598,0.0
2807.265683297985,0.0
3691.651906143036,0.0
1749.7845513312925,0.0
649.4878605313224,0.0
4061.8292259961945,0.0
1468.4497882428918,0.0
3439.4181609354027,0.0
1941.4821976890933,0.0
3079.913529756289,0.0
2214.7057173852204,0.0
2872.2636547872326,0.0
2372.5196223617027,0.0
2752.325087005106,0.0
2463.6729338761197,0.0
2683.0485702541487,0.0
2516.3230866068466,0.0
2643.034454178796,0.0
2546.733814824115,0.0
2619.9223007336727,0.0
2564.299051442408,0.0
2606.5727209037686,0.0
2574.444732113135,0.0
2598.862003594017,0.0
2580.304877268547,0.0
2594.4082932759043,0.0
2583.6896971103133,0.0
2591.8358301961616,0.0
2585.644769050916,0.0
2590.349975521304,0.0
2586.774018603809,0.0
2589.4917458611053,0.0
2587.4262731455588,0.0
2588.9960324093745,0.0
2587.803015368875,0.0
2588.7097083196545,0.0
2588.020621677062,0.0
2588.5443275254324,0.0
2588.1463110806712,0.0
2588.448803578689,0.0
2588.218909280196,0.0
2588.3936289470503,0.0
5176.654470947293,0.0
5797.83707302735,0.0
5797.83707302735,0.0
5797.83707302735,0.0
5797.83707302735,0.0
5797.83707302735,0.0
5797.83707302735,0.0
5797.83707302735,0.0
5797.83707302735,0.0
5797.83707302735,0.0
5797.83707302735,0.0
5797.83707302735,0.0
5797.83707302735,0.0
5797.83707302735,0.0
0.0,0.0
0.0,0.0
0.0,0.0
0.0,0.0
1321.743647339893,0.0
3763.5147788772892,0.0
4769.0624843658825,0.0
4769.0624843658825,0.0
0.0,0.0
1005.4846903224208,0.0
4796.756325677382,0.0
5706.661518162571,0.0
5706.661518162571,0.0
1548.4422573612912,0.0
0.0,0.0
3708.168410330497,0.0
4114.799526755863,0.0
5542.991886421405,0.0
5885.758052741137,0.0
5885.758052741137,0.0
1275.1999912181805,0.0
1124.3300077751696,0.0
4825.279201866041,0.0
4825.279201866041,0.0
4825.279201866041,0.0
4825.279201866041,0.0
0.0,0.0
0.0,0.0
0.0,0.0
0.0,0.0
0.0,0.0
0.0,0.0
0.0,0.0
0.0,0.0
4555.44,0.0
5648.7456,0.0
0.0,0.0
0.0,0.0
0.0,0.0
2925.429740917618,0.0
2332.1133969026105,0.0
5115.147215256627,0.0
5783.07533166159,0.0
928.5100302924914,0.0
0.0,0.0
4555.44,0.0
5648.7456,0.0
5911.138944000001,0.0
0.0,0.0
0.0,0.0
0.0,0.0
3871.9395291585456,0.0
1612.7659578395055,0.0
3329.737872041975,0.0
5354.577089290074,0.0
5840.538501429617,0.0
5840.538501429617,0.0
3174.408446685075,0.0
0.0,0.0
0.0,0.0
0.0,0.0
0.0,0.0
0.0,0.0
0.0,0.0
0.0,0.0
1829.2398641602622,0.0
3165.2177032382,0.0
2149.8745455389676,0.0
2921.535345390385,0.0
2335.0731375033074,0.0
2780.7844154974864,0.0
2442.04384422191,0.0
2699.4866783913485,0.0
2503.8301244225754,0.0
2652.529105438842,0.0
2539.5178798664797,0.0
2625.406411301475,0.0
2560.1311274108784,0.0
2609.7403431677317,0.0
2572.037339192523,0.0
2600.691622213682,0.0
2578.914367117601,0.0
2595.4650809906225,0.0
2582.8865384471255,0.0
2592.446230780184,0.0
2585.18086460706,0.0
2590.7025428986344,0.0
2586.5060673970374,0.0
2589.695388778251,0.0
2587.2715045285286,0.0
2589.1136565583174,0.0
2587.713621015678,0.0
2588.777648028084,0.0
2587.968987498656,0.0
2588.583569501021,0.0
2588.116487179224,0.0
2588.4714697437894,0.0
2588.2016829947192,0.0
2588.4067209240134,0.0
2588.2508920977493,0.0
2588.3693220057103,0.0
5176.648637281371,0.0
5797.835672947528,0.0
5797.835672947528,0.0
0.0,0.0
0.0,0.0
0.0,0.0
4555.44,0.0
1847.7594150502707,0.0
3151.1428445617944,0.0
2160.5714381330363,0.0
2913.405707018892,0.0
5254.6573696845335,0.0
5816.5577687242885,0.0
5829.624358562171,0.0
5829.624358562171,0.0
5829.624358562171,0.0
5829.624358562171,0.0
5829.624358562171,0.0
5829.624358562171,0.0
5829.624358562171,0.0
5829.624358562171,0.0
5829.624358562171,0.0
5829.624358562171,0.0
5829.624358562171,0.0
5829.624358562171,0.0
5829.624358562171,0.0
0.0,0.0
37.85893199869881,0.0
4209.281290152028,0.0
1356.3862194844576,0.0
3524.586473191812,0.0
1876.754280374223,0.0
3129.1067469155905,0.0
2177.318872344151,0.0
2900.677657018445,0.0
2350.9249806659814,0.0
2768.737014693854,0.0
2451.1998688326707,0.0
2692.5280996871697,0.0
2509.118644237751,0.0
2648.509830379309,0.0
5191.082359291036,0.0
5801.2997662298485,0.0
5801.2997662298485,0.0
5801.2997662298485,0.0
5801.2997662298485,0.0
5801.2997662298485,0.0
5801.2997662298485,0.0
5801.2997662298485,0.0
5801.2997662298485,0.0
5801.2997662298485,0.0
5801.2997662298485,0.0
5801.2997662298485,0.0
5801.2997662298485,0.0
5801.2997662298485,0.0
5801.2997662298485,0.0
5801.2997662298485,0.0
5801.2997662298485,0.0
5801.2997662298485,0.0
5801.2997662298485,0.0
5801.2997662298485,0.0
0.0,0.0
0.0,0.0
0.0,0.0
0.0,0.0
1645.682814021238,0.0
2109.6409105230255,0.0
2109.6409105230255,0.0
172.4045885034052,0.0
0.0,0.0
4555.44,0.0
1093.3055999999992,0.0
3724.5277440000013,0.0
1724.7989145599986,0.0
3244.592824934401,0.0
2089.5494530498545,0.0
2967.38241568211,0.0
2300.229364081597,0.0
2807.2656832979865,0.0
2421.9180806935296,0.0
2714.782258672917,0.0
2492.205483408583,0.0
2661.3638326094765,0.0
2532.8034872167973,0.0
2630.5093497152343,0.0
2556.2528942164226,0.0
2612.687800395519,0.0
2569.7972716994054,0.0
2602.394073508452,0.0
5180.014577642029,0.0
5798.643498634086,0.0
5798.643498634086,0.0
5798.643498634086,0.0
5798.643498634086,0.0
5798.643498634086,0.0
5798.643498634086,0.0
5798.643498634086,0.0
5798.643498634086,0.0
2308.9693188009696,0.0
2308.9693188009696,0.0
2308.9693188009696,0.0
2308.9693188009696,0.0
2308.9693188009696,0.0
2308.9693188009696,0.0
2308.9693188009696,0.0
1553.821278762278,0.0
0.0,0.0
4555.4400000000005,0.0
1093.3055999999988,0.0
4052.1694988057156,0.0
5527.960679713371,0.0
0.0,0.0
526.1967052880748,0.0
4681.727209269137,0.0
4681.727209269137,0.0
4681.727209269137,0.0
4681.727209269137,0.0
4681.727209269137,0.0
4681.727209269137,0.0
4681.727209269137,0.0
4681.727209269137,0.0
4681.727209269137,0.0
4681.727209269137,0.0
4681.727209269137,0.0
4681.727209269137,0.0
4681.727209269137,0.0
4681.727209269137,0.0
4681.727209269137,0.0
4681.727209269137,0.0
4681.727209269137,0.0
4681.727209269137,0.0
4681.727209269137,0.0
4681.727209269137,0.0
4681.727209269137,0.0
4681.727209269137,0.0
4681.727209269137,0.0
4681.727209269137,0.0
4681.727209269137,0.0
4681.727209269137,0.0
4681.727209269137,0.0
4681.727209269137,0.0
4681.727209269137,0.0
4681.727209269137,0.0
4681.727209269137,0.0
4681.727209269137,0.0
4681.727209269137,0.0
4681.727209269137,0.0
4681.727209269137,0.0
4681.727209269137,0.0
4681.727209269137,0.0
4681.727209269137,0.0
4681.727209269137,0.0
4681.727209269137,0.0
4681.727209269137,0.0
4681.727209269137,0.0
4681.727209269137,0.0
4681.727209269137,0.0
4681.727209269137,0.0
4681.727209269137,0.0
4681.727209269137,0.0
4681.727209269137,0.0
4681.727209269137,0.0
4681.727209269137,0.0
4681.727209269137,0.0
4681.727209269137,0.0
4681.727209269137,0.0
4681.727209269137,0.0
4681.727209269137,0.0
4681.727209269137,0.0
4681.727209269137,0.0
4681.727209269137,0.0
4681.727209269137,0.0
4681.727209269137,0.0
4681.727209269137,0.0
4681.727209269137,0.0
4681.727209269137,0.0
3014.245430191806,0.0
3014.245430191806,0.0
3014.245430191806,0.0
3014.245430191806,0.0
3014.245430191806,0.0
3014.245430191806,0.0
3014.245430191806,0.0
3014.245430191806,0.0
3014.245430191806,0.0
3014.245430191806,0.0
3014.245430191806,0.0
3014.245430191806,0.0
3014.245430191806,0.0
3014.245430191806,0.0
3014.245430191806,0.0
3014.245430191806,0.0
3014.245430191806,0.0
3014.245430191806,0.0
3014.245430191806,0.0
3014.245430191806,0.0
3014.245430191806,0.0
3014.245430191806,0.0
3014.245430191806,0.0
3014.245430191806,0.0
3014.245430191806,0.0
3014.245430191806,0.0
3014.245430191806,0.0
3014.245430191806,0.0
3014.245430191806,0.0
3014.245430191806,0.0
3014.245430191806,0.0
3014.245430191806,0.0
3014.245430191806,0.0
3014.245430191806,0.0
3014.245430191806,0.0
3014.245430191806,0.0
3014.245430191806,0.0
3014.245430191806,0.0
3014.245430191806,0.0
3014.245430191806,0.0
3014.245430191806,0.0
3014.245430191806,0.0
3014.245430191806,0.0
3014.245430191806,0.0
3014.245430191806,0.0
3014.245430191806,0.0
3014.245430191806,0.0
3014.245430191806,0.0
3014.245430191806,0.0
3014.245430191806,0.0
3014.245430191806,0.0
3014.245430191806,0.0
3014.245430191806,0.0
3014.245430191806,0.0
3014.245430191806,0.0
3014.245430191806,0.0
3014.245430191806,0.0
3014.245430191806,0.0
3014.245430191806,0.0
3014.245430191806,0.0
3014.245430191806,0.0
3014.245430191806,0.0
3014.245430191806,0.0
3014.245430191806,0.0
3014.245430191806,0.0
3014.245430191806,0.0
3014.245430191806,0.0
3014.245430191806,0.0
3014.245430191806,0.0
3014.245430191806,0.0
3014.245430191806,0.0
3014.245430191806,0.0
3014.245430191806,0.0
3014.245430191806,0.0
3014.245430191806,0.0
3014.245430191806,0.0
3014.245430191806,0.0
3014.245430191806,0.0
3014.245430191806,0.0
3014.245430191806,0.0
3014.245430191806,0.0
3014.245430191806,0.0
3014.245430191806,0.0
3014.245430191806,0.0
3014.245430191806,0.0
3014.245430191806,0.0
0.0,0.0
3369.827986812331,0.0
1994.3707300226279,0.0
3039.718245182802,0.0
2245.2541336610707,0.0
2849.0468584175865,0.0
2390.164387602634,0.0
2738.9150654219975,0.0
3211.3190573071943,0.0
2114.837516446532,0.0
2948.1634875006353,0.0
2314.835749499517,0.0
2796.1648303803668,0.0
2430.354728910921,0.0
2708.3704060276996,0.0
2497.078491418949,0.0
2657.660346521599,0.0
2535.6181366435844,0.0
2628.3702161508754,0.0
2557.878635725335,0.0
2611.4522368487455,0.0
2570.7362999949537,0.0
2601.6804120038355,0.0
2578.1628868770845,0.0
2596.0362059734157,0.0
2582.452483460204,0.0
2592.7761125702445,0.0
2584.9301544466134,0.0
2590.893082620573,0.0
2586.361257208364,0.0
2589.805444521643,0.0
2587.187862163551,0.0
2589.1772247557005,0.0
2587.6653091856674,0.0
2588.8143650188927,0.0
2587.9410825856417,0.0
2588.6047772349116,0.0
2588.1003693014673,0.0
2588.4837193308845,0.0
2588.1923733085277,0.0
2588.413796285519,0.0
2588.2455148230056,0.0
2588.373408734515,0.0
2588.276209361769,0.0
2588.350080885056,0.0
2588.2939385273576,0.0
2588.336606719208,0.0
2588.3041788934024,0.0
2588.3288240410147,0.0
2588.3100937288286,0.0
2588.32432876609,0.0
2588.3135101377716,0.0
2588.3217322952933,0.0
2588.3154834555767,0.0
2588.320232573761,0.0
5176.636855817702,0.0
5797.832845396248,0.0
5797.832845396248,0.0
0.0,0.0
0.0,0.0
0.0,0.0
399.41312270820316,0.0
4251.886026741766,0.0
1324.0066196762593,0.0
3549.194969046043,0.0
1858.0518235250074,0.0
3143.320614120994,0.0
2166.516333268044,0.0
2908.8875867162865,0.0
2344.685434095622,0.0
2773.4790700873273,0.0
2447.595906733632,0.0
2695.267110882439,0.0
2507.036995729346,0.0
2650.0918832456964,0.0
2541.3701687332696,0.0
2623.9986717627144,0.0
2561.2010094603365,0.0
2608.9272328101433,0.0
2572.65530306429,0.0
2600.2219696711395,0.0
2579.2713030499335,0.0
2595.19380968205,0.0
2583.0927046416414,0.0
2592.289544472352,0.0
2585.299946201012,0.0
2590.612040887231,0.0
2586.5748489257035,0.0
2589.6431148164656,0.0
2587.3112327394865,0.0
5176.394695857477,0.0
5797.774727005794,0.0
5946.90593448139,0.0
-5.630835953441539e-14,0.0
0.0,0.0
0.0,0.0
4345.818963445967,0.0
1252.6175877810658,0.0
3603.4506332863903,0.0
1816.817518702343,0.0
3174.658685786219,0.0
2142.699398802473,0.0
2926.9884569101196,0.0
2330.9287727483093,0.0
2783.934132711285,0.0
2439.6500591394233,0.0
2701.305955054038,0.0
2502.4474741589306,0.0
2653.579919639212,0.0
2538.7192610741986,0.0
2626.013361583609,0.0
2559.669845196456,0.0
2610.0909176506934,0.0
2571.770902585473,0.0
2600.8941140350403,0.0
2578.7604733333696,0.0
2595.582040266639,0.0
2582.7976493973547,0.0
2592.51378645801,0.0
2585.1295222919125,0.0
2590.741563058146,0.0
2586.476412075809,0.0
2589.7179268223845,0.0
2587.254375614987,0.0
2589.1266745326093,0.0
2587.703727355216,0.0
2588.7851672100355,0.0
2587.9632729203736,0.0
2588.5879125805163,0.0
2588.113186438807,0.0
2588.4739783065065,0.0
2588.199776487055,0.0
2588.4081698698387,0.0
2588.2497908989226,0.0
2588.3701589168186,0.0
2588.2786792232178,0.0
2588.348203790354,0.0
2588.29536511933,0.0
2588.3355225093096,0.0
2588.305002892924,0.0
2588.3281978013774,0.0
2588.3105696709536,0.0
2588.3239670500748,0.0
2588.3137850419425,0.0
2588.3215233681235,0.0
2588.3156422402258,0.0
2588.320111897428,0.0
2588.3167149579544,0.0
2588.3192966319543,0.0
2588.317334559715,0.0
2588.318825734617,0.0
2588.3176924416907,0.0
2588.318553744315,0.0
2588.31789915432,0.0
2588.318396642717,0.0
2588.3180185515353,0.0
2588.3183059008334,0.0
2588.318087515366,0.0
2588.3182534883213,0.0
2588.3181273488754,0.0
2588.3182232148542,0.0
2588.3181503567102,0.0
2588.3182057289,0.0
2588.3181636460354,0.0
2588.3181956290127,0.0
2588.3181713219496,0.0
2588.318189795318,0.0
2588.3181757555576,0.0
2588.318186425776,0.0
2588.31817831641,0.0
2588.318184479528,0.0
2588.318179795558,0.0
2588.3181833553754,0.0
2588.3181806499138,0.0
2588.318182706065,0.0
2588.31818114339,0.0
2588.3181823310224,0.0
2588.3181814284226,0.0
2588.318182114398,0.0
2588.3181815930575,0.0
2588.3181819892766,0.0
2588.3181816881493,0.0
2588.3181819170063,0.0
2588.318181743075,0.0
2588.318181875263,0.0
2588.3181817748,0.0
2588.318181851151,0.0
5176.636363644275,0.0
5797.832727274626,0.0
5797.832727274626,0.0
5797.832727274626,0.0
0.0,0.0
0.0,0.0
0.0,0.0
0.0,0.0
0.0,0.0
0.0,0.0
0.0,0.0
0.0,0.0
0.0,0.0
0.0,0.0
0.0,0.0
0.0,0.0
0.0,0.0
0.0,0.0
0.0,0.0
0.0,0.0
0.0,0.0
0.0,0.0
0.0,0.0
0.0,0.0
0.0,0.0
0.0,0.0
0.0,0.0
0.0,0.0
0.0,0.0
0.0,0.0
0.0,0.0
0.0,0.0
0.0,0.0
0.0,0.0
0.0,0.0
0.0,0.0
0.0,0.0
0.0,0.0
0.0,0.0
0.0,0.0
0.0,0.0
0.0,0.0
0.0,0.0
3232.50933952857,0.0
5331.242241486856,0.0
5834.938137956845,0.0
5834.938137956845,0.0
5834.938137956845,0.0
5834.938137956845,0.0
5834.938137956845,0.0
5834.938137956845,0.0
5834.938137956845,0.0
5834.938137956845,0.0
5834.938137956845,0.0
5834.938137956845,0.0
5834.938137956845,0.0
5834.938137956845,0.0
5834.938137956845,0.0
5834.938137956845,0.0
5834.938137956845,0.0
5834.938137956845,0.0
5834.938137956845,0.0
5834.938137956845,0.0
5834.938137956845,0.0
5834.938137956845,0.0
5834.938137956845,0.0
5834.938137956845,0.0
5834.938137956845,0.0
5834.938137956845,0.0
5834.938137956845,0.0
5834.938137956845,0.0
2769.0312522891404,0.0
0.0,0.0
0.0,0.0
0.0,0.0
0.0,0.0
272.23338190283386,0.0
4348.542629753846,0.0
1250.5476013870766,0.0
3605.0238229458214,0.0
1815.6218945611754,0.0
4354.008838154756,0.0
1246.3932830023844,0.0
2990.8712229498046,0.0
3904.511730167718,0.0
4153.030288848089,0.0
1399.1369804754522,0.0
183.6983341004938,0.0
1470.6105222695435,0.0
3437.7760030751465,0.0
1942.7302376628882,0.0
3078.965019376205,0.0
5294.39160465029,0.0
5826.093985116069,0.0
5826.093985116069,0.0
5826.093985116069,0.0
5826.093985116069,0.0
5826.093985116069,0.0
0.0,0.0
0.0,0.0
0.0,0.0
0.0,0.0
0.0,0.0
0.0,0.0
691.9160588515184,0.0
691.9160588515184,0.0
691.9160588515184,0.0
691.9160588515184,0.0
691.9160588515184,0.0
691.9160588515184,0.0
691.9160588515184,0.0
0.0,0.0
0.0,0.0
4074.509933724924,0.0
1458.8124503690576,0.0
3446.742537719516,0.0
1935.9156713331677,0.0
3084.1440897867924,0.0
2211.490491762038,0.0
2874.707226260851,0.0
5245.369734302605,0.0
5814.328736232625,0.0
5814.328736232625,0.0
2592.262438324941,0.0
0.0,0.0
1549.7575443424103,0.0
3377.624266299767,0.0
1988.4455576121761,0.0
3044.2213762147458,0.0
2241.8317540767935,0.0
2851.647866901637,0.0
2388.1876211547556,0.0
3422.0307544467432,0.0
5376.727381067219,0.0
5845.854571456132,0.0
5845.854571456132,0.0
2397.3183868258075,0.0
3173.67322573575,0.0
5295.105716344054,0.0
5826.265371922572,0.0
5826.265371922572,0.0
5826.265371922572,0.0
5826.265371922572,0.0
5826.265371922572,0.0
5826.265371922572,0.0
5826.265371922572,0.0
5826.265371922572,0.0
5826.265371922572,0.0
5826.265371922572,0.0
5826.265371922572,0.0
5826.265371922572,0.0
5826.265371922572,0.0
5826.265371922572,0.0
5826.265371922572,0.0
5826.265371922572,0.0
5826.265371922572,0.0
5826.265371922572,0.0
5826.265371922572,0.0
5826.265371922572,0.0
5826.265371922572,0.0
5826.265371922572,0.0
5826.265371922572,0.0
5826.265371922572,0.0
5826.265371922572,0.0
5826.265371922572,0.0
5826.265371922572,0.0
5826.265371922572,0.0
5826.265371922572,0.0
5826.265371922572,0.0
5826.265371922572,0.0
5826.265371922572,0.0
5826.265371922572,0.0
5826.265371922572,0.0
5826.265371922572,0.0
5826.265371922572,0.0
5826.265371922572,0.0
5826.265371922572,0.0
5826.265371922572,0.0
5826.265371922572,0.0
5826.265371922572,0.0
5826.265371922572,0.0
5826.265371922572,0.0
5826.265371922572,0.0
5826.265371922572,0.0
5826.265371922572,0.0
5826.265371922572,0.0
5826.265371922572,0.0
5826.265371922572,0.0
5826.265371922572,0.0
5826.265371922572,0.0
5826.265371922572,0.0
5826.265371922572,0.0
5826.265371922572,0.0
5826.265371922572,0.0
5826.265371922572,0.0
5826.265371922572,0.0
5826.265371922572,0.0
5826.265371922572,0.0
5826.265371922572,0.0
5826.265371922572,0.0
5826.265371922572,0.0
5826.265371922572,0.0
5826.265371922572,0.0
5826.265371922572,0.0
5826.265371922572,0.0
5826.265371922572,0.0
5826.265371922572,0.0
5826.265371922572,0.0
5826.265371922572,0.0
5826.265371922572,0.0
5826.265371922572,0.0
5826.265371922572,0.0
5826.265371922572,0.0
5826.265371922572,0.0
5826.265371922572,0.0
5826.265371922572,0.0
5826.265371922572,0.0
5826.265371922572,0.0
5826.265371922572,0.0
0.0,0.0
0.0,0.0
0.0,0.0
0.0,0.0
0.0,0.0
0.0,0.0
0.0,0.0
0.0,0.0
0.0,0.0
0.0,0.0
0.0,0.0
0.0,0.0
0.0,0.0
0.0,0.0
0.0,0.0
0.0,0.0
0.0,0.0
0.0,0.0
0.0,0.0
0.0,0.0
0.0,0.0
0.0,0.0
0.0,0.0
0.0,0.0
0.0,0.0
0.0,0.0
4555.44,0.0
1093.3055999999995,0.0
3724.527744000001,0.0
1724.7989145599988,0.0
3244.592824934401,0.0
2089.5494530498554,0.0
2967.3824156821097,0.0
5267.611779763707,0.0
5819.666827143289,0.0
5819.666827143289,0.0
5819.666827143289,0.0
0.0,0.0
0.0,0.0
4555.44,0.0
1093.3055999999995,0.0
3724.5277440000004,0.0
3458.550932698349,0.0
1926.941291149254,0.0
3090.9646187265666,0.0
2206.3068897678095,0.0
2878.646763776465,0.0
2367.6684595298866,0.0
2756.011970757286,0.0
2460.870902224462,0.0
2685.178114309408,0.0
2514.70463312485,0.0
2644.2644788251146,0.0
2545.7989960929126,0.0
2620.632762969386,0.0
2563.7591001432666,0.0
2606.983083891117,0.0
2574.1328562427507,0.0
2599.0990292555093,0.0
2580.1247377658124,0.0
2594.545199297982,0.0
2583.5856485335335,0.0
2591.914907114514,0.0
2585.584670592969,0.0
2590.395650349344,0.0
2586.739305734499,0.0
2589.5181276417807,0.0
2587.4062229922465,0.0
2589.011270525892,0.0
2587.791434400322,0.0
2588.718509855755,0.0
2588.013932509625,0.0
2588.549411292685,0.0
2588.142447417559,0.0
2588.4517399626548,0.0
2588.216677628382,0.0
2588.395325002429,0.0
2588.2595529981536,0.0
2588.362739721403,0.0
2588.2843178117337,0.0
2588.3439184630815,0.0
2588.2986219680565,0.0
2588.333047304276,0.0
2588.306884048749,0.0
2588.3267681229504,0.0
2588.3116562265573,0.0
3389.8513872693047,0.0
1979.152945675328,0.0
3051.2837612867506,0.0
2236.4643414220695,0.0
2855.727100519227,0.0
2385.0874036053883,0.0
2742.7735732599053,0.0
2470.9320843224723,0.0
2677.531615914921,0.0
2520.5159719046596,0.0
2639.847861352458,0.0
2549.155625372131,0.0
2618.0817247171794,0.0
2565.6978892149427,0.0
2605.5096041966426,0.0
2575.2527008105517,0.0
5173.500648194532,0.0
5797.080155566688,0.0
5797.080155566688,0.0
5797.080155566688,0.0
5797.080155566688,0.0
5797.080155566688,0.0
5797.080155566688,0.0
5192.807118634364,0.0
0.0,0.0
3562.6734419354907,0.0
1847.8081841290266,0.0
3151.10578006194,0.0
2160.5996071529244,0.0
2913.384298563777,0.0
2341.267933091529,0.0
5117.344303941967,0.0
5783.602632946073,0.0
2767.060431340389,0.0
0.0,0.0
0.0,0.0
0.0,0.0
396.33352409725455,0.0
2728.1445498186595,0.0
2482.0501421378185,0.0
3641.845473625779,0.0
1787.6374400444072,0.0
2561.6259930014558,0.0
2608.604245318893,0.0
2572.900773557641,0.0
2600.035412096192,0.0
2579.4130868068933,0.0
2595.086054026761,0.0
2583.1745989396613,0.0
2592.2273048058573,0.0
2585.3472483475484,0.0
2590.576091255863,0.0
2586.6021706455435,0.0
2589.6223503093875,0.0
2587.327013764865,0.0
2589.071469538702,0.0
2587.745683150586,0.0
2588.7532808055544,0.0
2587.9875065877777,0.0
2588.5694949932886,0.0
2588.1271838051002,0.0
2588.463340308124,0.0
2588.2078613658255,0.0
2588.402025361972,0.0
2588.2544607249006,0.0
2588.3666098490758,0.0
2588.2813765147025,0.0
2588.3461538488255,0.0
2588.2969230748927,0.0
2588.3343384630803,0.0
2588.3059027680583,0.0
2588.3275138962754,0.0
2588.3110894388296,0.0
2588.3235720264884,0.0
2588.3140852598676,0.0
2588.3212952024996,0.0
2588.3158156461,0.0
2588.3199801089636,0.0
2588.316815117188,0.0
2588.319220510937,0.0
2588.3173924116877,0.0
2588.318781767117,0.0
2588.3177258569904,0.0
2588.3185283486873,0.0
2588.3179184549967,0.0
2588.3183819742026,0.0
2588.3180296996056,0.0
2588.3182974282986,0.0
2588.3180939544927,0.0
2588.3182485945854,0.0
2588.318131068115,0.0
2588.3182203882325,0.0
2588.3181525049426,0.0
2588.318204096243,0.0
2588.3181648868544,0.0
2588.31819468599,0.0
2588.3181720386474,0.0
2588.3181892506277,0.0
2588.3181761695228,0.0
2588.3181861111625,0.0
2588.3181785555157,0.0
2588.318184297808,0.0
2588.3181799336658,0.0
2588.318183250414,0.0
2588.318180729685,0.0
2588.3181826454393,0.0
2588.3181811894656,0.0
2588.318182296006,0.0
2588.3181814550353,0.0
2588.3181820941727,0.0
2588.3181816084284,0.0
2588.3181819775937,0.0
5176.636363674622,0.0
5797.832727281909,0.0
0.0,0.0
527.9745332774755,0.0
4154.179354709118,0.0
1398.2636904210701,0.0
3492.7595952799875,0.0
1900.9427075872088,0.0
3110.7235422337208,0.0
2191.290107902371,0.0
2890.059517994198,0.0
2358.99476632441,0.0
2762.603977593448,0.0
2455.8609770289786,0.0
2688.985657457976,0.0
2511.8109003319382,0.0
2646.4637157477273,0.0
2544.1275760317276,0.0
2621.9030422158867,0.0
2562.793687915926,0.0
0.0,0.0
