PumpedStor,BatteryStor
0.0,0.0
0.0,0.0
0.0,0.0
2127.548114421748,0.0
2840.2555355824575,0.0
3011.305316661028,0.0
3052.3572641198853,0.0
3062.20973151001,0.0
3062.20973151001,0.0
3062.20973151001,0.0
3062.20973151001,0.0
3062.20973151001,0.0
3062.20973151001,0.0
3062.20973151001,0.0
3062.20973151001,0.0
3062.20973151001,0.0
3062.20973151001,0.0
3062.20973151001,0.0
3062.20973151001,0.0
3062.20973151001,0.0
3062.20973151001,0.0
3062.20973151001,0.0
3062.20973151001,0.0
3062.20973151001,0.0
3062.20973151001,0.0
3062.20973151001,0.0
3062.20973151001,0.0
3062.20973151001,0.0
3062.20973151001,0.0
3062.20973151001,0.0
3062.20973151001,0.0
3062.20973151001,0.0
3062.20973151001,0.0
3062.20973151001,0.0
0.0,0.0
0.0,0.0
2072.9492807467072,0.0
2827.1518155004483,0.0
3008.1604238413456,0.0
3051.602489843161,0.0
3062.028585683597,0.0
3064.5308486853014,0.0
3065.1313918057103,0.0
3065.275522154608,0.0
3065.275522154608,0.0
-7.2703468418929435e-28,0.0
0.0,0.0
2036.7515793704408,0.0
2818.464367170144,0.0
3006.0754362420726,0.0
3051.102092819336,0.0
3061.908490397879,0.0
3064.502025816729,0.0
3065.1244743172533,0.0
3065.273861957379,0.0
3065.309714991009,0.0
3065.31831971908,0.0
518.3237968513317,0.0
0.0,0.0
2329.643988121238,0.0
2888.7585452703356,0.0
3022.9460389861188,0.0
3055.151037477907,0.0
3062.880237115936,0.0
3062.880237115936,0.0
3062.880237115936,0.0
3062.880237115936,0.0
3062.880237115936,0.0
3062.880237115936,0.0
3062.880237115936,0.0
3062.880237115936,0.0
3062.880237115936,0.0
3062.880237115936,0.0
3062.880237115936,0.0
3062.880237115936,0.0
3062.880237115936,0.0
3062.880237115936,0.0
3062.880237115936,0.0
3062.880237115936,0.0
3062.880237115936,0.0
3062.880237115936,0.0
3062.880237115936,0.0
3062.880237115936,0.0
3062.880237115936,0.0
3062.880237115936,0.0
3062.880237115936,0.0
3062.880237115936,0.0
3062.880237115936,0.0
3062.880237115936,0.0
3062.880237115936,0.0
3062.880237115936,0.0
3062.880237115936,0.0
3062.880237115936,0.0
3062.880237115936,0.0
3062.880237115936,0.0
3062.880237115936,0.0
3062.880237115936,0.0
3062.880237115936,0.0
3062.880237115936,0.0
3062.880237115936,0.0
3062.880237115936,0.0
3062.880237115936,0.0
3062.880237115936,0.0
3062.880237115936,0.0
3062.880237115936,0.0
3062.880237115936,0.0
3062.880237115936,0.0
3062.880237115936,0.0
3062.880237115936,0.0
3062.880237115936,0.0
3062.880237115936,0.0
3062.880237115936,0.0
3062.880237115936,0.0
3062.880237115936,0.0
3062.880237115936,0.0
3062.880237115936,0.0
3062.880237115936,0.0
3062.880237115936,0.0
3062.880237115936,0.0
3062.880237115936,0.0
3062.880237115936,0.0
3062.880237115936,0.0
3062.880237115936,0.0
3062.880237115936,0.0
3062.880237115936,0.0
3062.880237115936,0.0
3062.880237115936,0.0
3062.880237115936,0.0
3062.880237115936,0.0
3062.880237115936,0.0
3062.880237115936,0.0
3062.880237115936,0.0
3062.880237115936,0.0
3062.880237115936,0.0
3062.880237115936,0.0
3062.880237115936,0.0
3062.880237115936,0.0
3062.880237115936,0.0
3062.880237115936,0.0
3062.880237115936,0.0
3062.880237115936,0.0
3062.880237115936,0.0
3062.880237115936,0.0
3062.880237115936,0.0
3062.880237115936,0.0
3062.880237115936,0.0
3062.880237115936,0.0
3062.880237115936,0.0
3062.880237115936,0.0
3062.880237115936,0.0
3062.880237115936,0.0
3062.880237115936,0.0
3062.880237115936,0.0
3062.880237115936,0.0
3062.880237115936,0.0
3062.880237115936,0.0
3062.880237115936,0.0
3062.880237115936,0.0
3062.880237115936,0.0
3062.880237115936,0.0
3062.880237115936,0.0
3062.880237115936,0.0
3062.880237115936,0.0
3062.880237115936,0.0
3062.880237115936,0.0
3062.880237115936,0.0
3062.880237115936,0.0
3062.880237115936,0.0
3062.880237115936,0.0
3062.880237115936,0.0
3062.880237115936,0.0
3062.880237115936,0.0
3062.880237115936,0.0
3062.880237115936,0.0
3062.880237115936,0.0
3062.880237115936,0.0
3062.880237115936,0.0
3062.880237115936,0.0
3062.880237115936,0.0
3062.880237115936,0.0
3062.880237115936,0.0
3062.880237115936,0.0
3062.880237115936,0.0
3062.880237115936,0.0
3062.880237115936,0.0
3062.880237115936,0.0
3062.880237115936,0.0
3062.880237115936,0.0
3062.880237115936,0.0
3062.880237115936,0.0
3062.880237115936,0.0
3062.880237115936,0.0
3062.880237115936,0.0
3062.880237115936,0.0
3062.880237115936,0.0
3062.880237115936,0.0
3062.880237115936,0.0
3062.880237115936,0.0
3062.880237115936,0.0
3062.880237115936,0.0
3062.880237115936,0.0
3062.880237115936,0.0
3062.880237115936,0.0
3062.880237115936,0.0
3062.880237115936,0.0
3062.880237115936,0.0
3062.880237115936,0.0
3062.880237115936,0.0
3062.880237115936,0.0
3062.880237115936,0.0
3062.880237115936,0.0
3062.880237115936,0.0
3062.880237115936,0.0
3062.880237115936,0.0
3062.880237115936,0.0
3062.880237115936,0.0
3062.880237115936,0.0
3062.880237115936,0.0
3062.880237115936,0.0
3062.880237115936,0.0
3062.880237115936,0.0
3062.880237115936,0.0
3062.880237115936,0.0
3062.880237115936,0.0
3062.880237115936,0.0
3062.880237115936,0.0
3062.880237115936,0.0
3062.880237115936,0.0
3062.880237115936,0.0
3062.880237115936,0.0
3062.880237115936,0.0
3062.880237115936,0.0
3062.880237115936,0.0
3062.880237115936,0.0
3062.880237115936,0.0
3062.880237115936,0.0
3062.880237115936,0.0
3062.880237115936,0.0
3062.880237115936,0.0
3062.880237115936,0.0
3062.880237115936,0.0
3062.880237115936,0.0
3062.880237115936,0.0
3062.880237115936,0.0
3062.880237115936,0.0
3062.880237115936,0.0
3062.880237115936,0.0
3062.880237115936,0.0
3062.880237115936,0.0
3062.880237115936,0.0
3062.880237115936,0.0
3062.880237115936,0.0
3062.880237115936,0.0
3062.880237115936,0.0
3062.880237115936,0.0
3062.880237115936,0.0
3062.880237115936,0.0
3062.880237115936,0.0
3062.880237115936,0.0
3062.880237115936,0.0
3062.880237115936,0.0
3062.880237115936,0.0
3062.880237115936,0.0
3062.880237115936,0.0
3062.880237115936,0.0
3062.880237115936,0.0
3062.880237115936,0.0
3062.880237115936,0.0
3062.880237115936,0.0
3062.880237115936,0.0
3062.880237115936,0.0
3062.880237115936,0.0
3062.880237115936,0.0
3062.880237115936,0.0
3062.880237115936,0.0
3062.880237115936,0.0
3062.880237115936,0.0
3062.880237115936,0.0
3062.880237115936,0.0
3062.880237115936,0.0
3062.880237115936,0.0
3062.880237115936,0.0
3062.880237115936,0.0
3062.880237115936,0.0
3062.880237115936,0.0
3062.880237115936,0.0
3062.880237115936,0.0
3062.880237115936,0.0
3062.880237115936,0.0
3062.880237115936,0.0
3062.880237115936,0.0
3062.880237115936,0.0
3062.880237115936,0.0
3062.880237115936,0.0
3062.880237115936,0.0
3062.880237115936,0.0
3062.880237115936,0.0
3062.880237115936,0.0
3062.880237115936,0.0
3062.880237115936,0.0
3062.880237115936,0.0
3062.880237115936,0.0
3062.880237115936,0.0
3062.880237115936,0.0
3062.880237115936,0.0
3062.880237115936,0.0
3062.880237115936,0.0
3062.880237115936,0.0
3062.880237115936,0.0
1081.2947909679401,0.0
1020.4537768169109,0.0
1020.4537768169109,0.0
1020.4537768169109,0.0
1020.4537768169109,0.0
1020.4537768169109,0.0
1020.4537768169109,0.0
1020.4537768169109,0.0
1020.4537768169109,0.0
1020.4537768169109,0.0
1020.4537768169109,0.0
1020.4537768169109,0.0
1020.4537768169109,0.0
1020.4537768169109,0.0
1020.4537768169109,0.0
1020.4537768169109,0.0
1020.4537768169109,0.0
1020.4537768169109,0.0
1020.4537768169109,0.0
1020.4537768169109,0.0
1020.4537768169109,0.0
1020.4537768169109,0.0
1020.4537768169109,0.0
1020.4537768169109,0.0
1020.4537768169109,0.0
1020.4537768169109,0.0
1020.4537768169109,0.0
1020.4537768169109,0.0
1020.4537768169109,0.0
1020.4537768169109,0.0
1020.4537768169109,0.0
1020.4537768169109,0.0
1020.4537768169109,0.0
1020.4537768169109,0.0
1020.4537768169109,0.0
1020.4537768169109,0.0
1020.4537768169109,0.0
1020.4537768169109,0.0
1020.4537768169109,0.0
1020.4537768169109,0.0
1020.4537768169109,0.0
1020.4537768169109,0.0
1020.4537768169109,0.0
1020.4537768169109,0.0
1020.4537768169109,0.0
1020.4537768169109,0.0
1020.4537768169109,0.0
1020.4537768169109,0.0
1020.4537768169109,0.0
1020.4537768169109,0.0
1020.4537768169109,0.0
1020.4537768169109,0.0
1020.4537768169109,0.0
1020.4537768169109,0.0
1020.4537768169109,0.0
1020.4537768169109,0.0
1020.4537768169109,0.0
1020.4537768169109,0.0
1020.4537768169109,0.0
1020.4537768169109,0.0
1020.4537768169109,0.0
1020.4537768169109,0.0
1020.4537768169109,0.0
1020.4537768169109,0.0
1020.4537768169109,0.0
1020.4537768169109,0.0
1020.4537768169109,0.0
1020.4537768169109,0.0
1020.4537768169109,0.0
1020.4537768169109,0.0
1020.4537768169109,0.0
1020.4537768169109,0.0
0.0,0.0
0.0,0.0
0.0,0.0
0.0,0.0
0.0,0.0
0.0,0.0
0.0,0.0
0.0,0.0
0.0,0.0
0.0,0.0
0.0,0.0
0.0,0.0
0.0,0.0
0.0,0.0
0.0,0.0
0.0,0.0
0.0,0.0
0.0,0.0
0.0,0.0
0.0,0.0
0.0,0.0
0.0,0.0
0.0,0.0
0.0,0.0
0.0,0.0
0.0,0.0
0.0,0.0
0.0,0.0
0.0,0.0
0.0,0.0
0.0,0.0
0.0,0.0
0.0,0.0
0.0,0.0
0.0,0.0
0.0,0.0
0.0,0.0
0.0,0.0
0.0,0.0
2329.643988121238,0.0
2888.758545270335,0.0
3022.9460389861188,0.0
3022.9460389861188,0.0
3022.9460389861188,0.0
3022.9460389861188,0.0
3022.9460389861188,0.0
3022.9460389861188,0.0
3022.9460389861188,0.0
0.0,0.0
0.0,0.0
2329.6439881212377,0.0
2888.758545270335,0.0
3022.9460389861188,0.0
3055.151037477907,0.0
3062.880237115936,0.0
3064.7352450290628,0.0
3064.7352450290628,0.0
3064.7352450290628,0.0
3064.7352450290628,0.0
3064.7352450290628,0.0
3064.7352450290628,0.0
3064.7352450290628,0.0
3064.7352450290628,0.0
3064.7352450290628,0.0
3065.1804469282133,0.0
3065.1804469282133,0.0
3065.1804469282133,0.0
3065.1804469282133,0.0
3065.1804469282133,0.0
3065.1804469282133,0.0
3065.1804469282133,0.0
3065.1804469282133,0.0
3065.1804469282133,0.0
3065.1804469282133,0.0
3065.1804469282133,0.0
3065.1804469282133,0.0
3065.1804469282133,0.0
3065.1804469282133,0.0
3065.1804469282133,0.0
3065.1804469282133,0.0
3065.1804469282133,0.0
3065.1804469282133,0.0
3065.1804469282133,0.0
3065.1804469282133,0.0
3065.1804469282133,0.0
3065.1804469282133,0.0
3065.1804469282133,0.0
3065.1804469282133,0.0
3065.1804469282133,0.0
3065.1804469282133,0.0
3065.1804469282133,0.0
3065.1804469282133,0.0
3065.1804469282133,0.0
3065.1804469282133,0.0
3065.1804469282133,0.0
3065.1804469282133,0.0
3065.1804469282133,0.0
3065.1804469282133,0.0
3065.1804469282133,0.0
3065.1804469282133,0.0
3065.1804469282133,0.0
3065.2096516739116,0.0
3065.2943045229767,0.0
3065.314621206753,0.0
3065.3194972108586,0.0
3065.320667451844,0.0
3065.3209483096807,0.0
3065.3209483096807,0.0
3065.3209483096807,0.0
3065.3209483096807,0.0
3065.3209483096807,0.0
3065.3209483096807,0.0
3065.3209483096807,0.0
3065.3209483096807,0.0
3065.3209483096807,0.0
3065.3209483096807,0.0
3065.3209483096807,0.0
3065.3209483096807,0.0
3065.3209483096807,0.0
3065.3209483096807,0.0
2925.435833660263,0.0
3031.7485881997013,0.0
3057.2636492891666,0.0
3063.387263950638,0.0
3064.8569314693914,0.0
3065.209651673892,0.0
3065.2943045229717,0.0
3065.314621206752,0.0
3065.319497210858,0.0
3065.320667451844,0.0
3065.320948309681,0.0
3065.3209483096807,0.0
0.0,0.0
0.0,0.0
0.0,0.0
0.0,0.0
0.0,0.0
0.0,0.0
0.0,0.0
0.0,0.0
0.0,0.0
0.0,0.0
0.0,0.0
0.0,0.0
0.0,0.0
0.0,0.0
0.0,0.0
0.0,0.0
0.0,0.0
0.0,0.0
0.0,0.0
0.0,0.0
0.0,0.0
0.0,0.0
0.0,0.0
0.0,0.0
0.0,0.0
0.0,0.0
0.0,0.0
0.0,0.0
0.0,0.0
0.0,0.0
0.0,0.0
0.0,0.0
0.0,0.0
0.0,0.0
0.0,0.0
0.0,0.0
0.0,0.0
0.0,0.0
0.0,0.0
0.0,0.0
0.0,0.0
0.0,0.0
0.0,0.0
0.0,0.0
0.0,0.0
0.0,0.0
0.0,0.0
0.0,0.0
0.0,0.0
0.0,0.0
0.0,0.0
0.0,0.0
0.0,0.0
0.0,0.0
0.0,0.0
0.0,0.0
0.0,0.0
0.0,0.0
0.0,0.0
0.0,0.0
0.0,0.0
0.0,0.0
0.0,0.0
0.0,0.0
0.0,0.0
0.0,0.0
0.0,0.0
0.0,0.0
0.0,0.0
0.0,0.0
0.0,0.0
0.0,0.0
0.0,0.0
0.0,0.0
0.0,0.0
0.0,0.0
0.0,0.0
0.0,0.0
0.0,0.0
0.0,0.0
0.0,0.0
0.0,0.0
0.0,0.0
0.0,0.0
0.0,0.0
0.0,0.0
0.0,0.0
0.0,0.0
0.0,0.0
0.0,0.0
0.0,0.0
0.0,0.0
0.0,0.0
0.0,0.0
0.0,0.0
0.0,0.0
0.0,0.0
0.0,0.0
0.0,0.0
0.0,0.0
0.0,0.0
0.0,0.0
0.0,0.0
0.0,0.0
0.0,0.0
0.0,0.0
0.0,0.0
0.0,0.0
0.0,0.0
0.0,0.0
0.0,0.0
0.0,0.0
0.0,0.0
0.0,0.0
0.0,0.0
0.0,0.0
0.0,0.0
0.0,0.0
0.0,0.0
0.0,0.0
0.0,0.0
0.0,0.0
0.0,0.0
0.0,0.0
0.0,0.0
0.0,0.0
0.0,0.0
0.0,0.0
0.0,0.0
0.0,0.0
0.0,0.0
0.0,0.0
0.0,0.0
0.0,0.0
0.0,0.0
0.0,0.0
0.0,0.0
0.0,0.0
0.0,0.0
0.0,0.0
0.0,0.0
0.0,0.0
0.0,0.0
0.0,0.0
0.0,0.0
0.0,0.0
0.0,0.0
0.0,0.0
0.0,0.0
0.0,0.0
0.0,0.0
0.0,0.0
0.0,0.0
0.0,0.0
0.0,0.0
0.0,0.0
0.0,0.0
0.0,0.0
0.0,0.0
0.0,0.0
0.0,0.0
0.0,0.0
0.0,0.0
0.0,0.0
0.0,0.0
0.0,0.0
0.0,0.0
0.0,0.0
0.0,0.0
0.0,0.0
0.0,0.0
0.0,0.0
0.0,0.0
0.0,0.0
0.0,0.0
0.0,0.0
0.0,0.0
0.0,0.0
0.0,0.0
0.0,0.0
0.0,0.0
0.0,0.0
0.0,0.0
0.0,0.0
0.0,0.0
0.0,0.0
0.0,0.0
0.0,0.0
0.0,0.0
0.0,0.0
0.0,0.0
0.0,0.0
0.0,0.0
0.0,0.0
0.0,0.0
0.0,0.0
0.0,0.0
0.0,0.0
0.0,0.0
0.0,0.0
0.0,0.0
0.0,0.0
0.0,0.0
0.0,0.0
0.0,0.0
0.0,0.0
0.0,0.0
459.6089618663623,0.0
2439.950138969165,0.0
2915.2320214738384,0.0
3029.29967327496,0.0
3056.675909707229,0.0
3063.246206450973,0.0
3064.8230776694713,0.0
3065.2015267619113,0.0
3065.2015267619113,0.0
0.0,0.0
0.0,0.0
0.0,0.0
0.0,0.0
0.0,0.0
0.0,0.0
0.0,0.0
0.0,0.0
0.0,0.0
0.0,0.0
0.0,0.0
0.0,0.0
0.0,0.0
0.0,0.0
0.0,0.0
0.0,0.0
0.0,0.0
0.0,0.0
0.0,0.0
0.0,0.0
0.0,0.0
0.0,0.0
0.0,0.0
0.0,0.0
0.0,0.0
0.0,0.0
0.0,0.0
0.0,0.0
0.0,0.0
0.0,0.0
0.0,0.0
0.0,0.0
0.0,0.0
0.0,0.0
0.0,0.0
0.0,0.0
0.0,0.0
0.0,0.0
0.0,0.0
0.0,0.0
2329.643988121238,0.0
2888.7585452703356,0.0
3022.9460389861188,0.0
3022.9460389861188,0.0
3022.9460389861188,0.0
3022.9460389861188,0.0
3022.9460389861188,0.0
3022.9460389861188,0.0
0.0,0.0
0.0,0.0
0.0,0.0
0.0,0.0
2329.643988121238,0.0
2482.466024763391,0.0
2925.4358340644517,0.0
3031.7485882967067,0.0
3057.263649312448,0.0
3063.3872639562255,0.0
3064.8569314707324,0.0
3065.209651674214,0.0
3065.29430452305,0.0
3065.3146212067704,0.0
3065.3194972108627,0.0
3065.3206674518456,0.0
3065.3209483096807,0.0
3065.3209483096807,0.0
3065.3209483096807,0.0
3065.3209483096807,0.0
3065.3209483096807,0.0
3065.3209483096807,0.0
3065.3209483096807,0.0
3065.3209483096807,0.0
2002.020179545894,0.0
0.0,0.0
0.0,0.0
0.0,0.0
0.0,0.0
0.0,0.0
0.0,0.0
0.0,0.0
0.0,0.0
0.0,0.0
0.0,0.0
0.0,0.0
0.0,0.0
0.0,0.0
0.0,0.0
0.0,0.0
0.0,0.0
0.0,0.0
0.0,0.0
0.0,0.0
0.0,0.0
0.0,0.0
0.0,0.0
0.0,0.0
0.0,0.0
0.0,0.0
0.0,0.0
0.0,0.0
0.0,0.0
0.0,0.0
0.0,0.0
0.0,0.0
0.0,0.0
0.0,0.0
0.0,0.0
0.0,0.0
0.0,0.0
0.0,0.0
0.0,0.0
0.0,0.0
0.0,0.0
0.0,0.0
0.0,0.0
0.0,0.0
0.0,0.0
0.0,0.0
0.0,0.0
0.0,0.0
0.0,0.0
0.0,0.0
0.0,0.0
0.0,0.0
0.0,0.0
0.0,0.0
0.0,0.0
0.0,0.0
0.0,0.0
0.0,0.0
0.0,0.0
0.0,0.0
0.0,0.0
0.0,0.0
0.0,0.0
0.0,0.0
0.0,0.0
0.0,0.0
0.0,0.0
0.0,0.0
0.0,0.0
0.0,0.0
0.0,0.0
0.0,0.0
0.0,0.0
0.0,0.0
0.0,0.0
0.0,0.0
1415.7111671204639,0.0
2669.4146682301493,0.0
2970.303508496474,0.0
2970.303508496474,0.0
2970.303508496474,0.0
2970.303508496474,0.0
2970.303508496474,0.0
2970.303508496474,0.0
0.0,0.0
0.0,0.0
0.0,0.0
0.0,0.0
0.0,0.0
0.0,0.0
0.0,0.0
0.0,0.0
0.0,0.0
0.0,0.0
0.0,0.0
0.0,0.0
0.0,0.0
0.0,0.0
0.0,0.0
0.0,0.0
1291.380949523147,0.0
2639.575416006793,0.0
2639.575416006793,0.0
0.0,0.0
0.0,0.0
2329.6439881212377,0.0
2888.758545270335,0.0
3022.9460389861188,0.0
0.0,0.0
465.6026602391456,0.0
2441.3886265786327,0.0
2915.57725850011,0.0
3029.382530161265,0.0
3056.6957953599417,0.0
3063.250979007624,0.0
2092.53842560615,0.0
2831.853210266714,0.0
2831.853210266714,0.0
2831.853210266714,0.0
2831.853210266714,0.0
2831.853210266714,0.0
2831.853210266714,0.0
2831.853210266714,0.0
2831.853210266714,0.0
2831.853210266714,0.0
2831.853210266714,0.0
2831.853210266714,0.0
2831.853210266714,0.0
0.0,0.0
0.0,0.0
0.0,0.0
0.0,0.0
0.0,0.0
0.0,0.0
0.0,0.0
0.0,0.0
0.0,0.0
0.0,0.0
0.0,0.0
0.0,0.0
0.0,0.0
0.0,0.0
0.0,0.0
0.0,0.0
0.0,0.0
0.0,0.0
0.0,0.0
0.0,0.0
0.0,0.0
0.0,0.0
0.0,0.0
0.0,0.0
0.0,0.0
0.0,0.0
0.0,0.0
0.0,0.0
0.0,0.0
0.0,0.0
0.0,0.0
0.0,0.0
0.0,0.0
0.0,0.0
0.0,0.0
0.0,0.0
0.0,0.0
0.0,0.0
0.0,0.0
0.0,0.0
0.0,0.0
0.0,0.0
0.0,0.0
0.0,0.0
0.0,0.0
0.0,0.0
0.0,0.0
0.0,0.0
0.0,0.0
0.0,0.0
0.0,0.0
0.0,0.0
0.0,0.0
0.0,0.0
0.0,0.0
0.0,0.0
0.0,0.0
0.0,0.0
0.0,0.0
0.0,0.0
0.0,0.0
0.0,0.0
0.0,0.0
0.0,0.0
0.0,0.0
0.0,0.0
0.0,0.0
0.0,0.0
0.0,0.0
0.0,0.0
0.0,0.0
0.0,0.0
0.0,0.0
0.0,0.0
0.0,0.0
0.0,0.0
0.0,0.0
0.0,0.0
0.0,0.0
0.0,0.0
243.15802896549596,0.0
1893.711458310892,0.0
1893.711458310892,0.0
1893.711458310892,0.0
1893.711458310892,0.0
1893.711458310892,0.0
1893.711458310892,0.0
1893.711458310892,0.0
0.0,0.0
0.0,0.0
1796.5930875204006,0.0
2760.8263291261346,0.0
2992.2423071115095,0.0
3047.782141828001,0.0
3061.111702159959,0.0
3064.3107966396283,0.0
3065.078579314749,0.0
0.0,0.0
0.0,0.0
2329.6439881212377,0.0
2888.758545270335,0.0
3022.9460389861188,0.0
3055.151037477907,0.0
3062.880237115936,0.0
3064.7352450290628,0.0
3065.1804469282133,0.0
3065.2872953840097,0.0
3065.3129390134,0.0
3065.3190934844542,0.0
3065.320570557507,0.0
3065.32092505504,0.0
3065.320948309681,0.0
3065.320948309681,0.0
3065.320948309681,0.0
3065.3209483096807,0.0
3065.320948309681,0.0
3065.320948309681,0.0
3065.320948309681,0.0
3065.320948309681,0.0
3065.320948309681,0.0
3065.3209483096807,0.0
3065.320948309681,0.0
3065.3209483096807,0.0
3065.3209483096807,0.0
3065.3209483096807,0.0
3065.3209483096807,0.0
3065.3209483096807,0.0
3065.3209483096807,0.0
3065.3209483096807,0.0
3065.3209483096807,0.0
3065.3209483096807,0.0
3065.3209483096807,0.0
3065.320948309681,0.0
0.0,0.0
0.0,0.0
0.0,0.0
0.0,0.0
0.0,0.0
1.5870589373331324e-14,0.0
1.5870589373331324e-14,0.0
1.587058937333138e-14,0.0
2329.6439881212377,0.0
2329.6439881212377,0.0
2329.6439881212377,0.0
2329.6439881212377,0.0
2329.6439881212377,0.0
2329.6439881212377,0.0
2329.6439881212377,0.0
2329.6439881212377,0.0
2329.6439881212377,0.0
2329.6439881212377,0.0
2329.6439881212377,0.0
2329.6439881212377,0.0
2329.6439881212377,0.0
2329.6439881212377,0.0
2329.6439881212377,0.0
2329.6439881212377,0.0
2329.6439881212377,0.0
2329.6439881212377,0.0
2329.6439881212377,0.0
2329.6439881212377,0.0
2329.6439881212377,0.0
2329.6439881212377,0.0
2329.6439881212377,0.0
2329.6439881212377,0.0
2329.6439881212377,0.0
2329.6439881212377,0.0
2329.6439881212377,0.0
2329.6439881212377,0.0
2329.6439881212377,0.0
2329.6439881212377,0.0
2329.6439881212377,0.0
2329.6439881212377,0.0
0.0,0.0
0.0,0.0
0.0,0.0
0.0,0.0
0.0,0.0
0.0,0.0
0.0,0.0
0.0,0.0
2329.643988121238,0.0
2888.7585452703356,0.0
2.8154179767207523e-14,0.0
2.8154179767207523e-14,0.0
0.0,0.0
420.4544659019156,0.0
2430.5530599376984,0.0
2912.9767225062856,0.0
3028.758401522747,0.0
3056.5460044866973,0.0
3063.2150291980456,0.0
3064.8155951287686,0.0
3065.199730952143,0.0
3065.291923549753,0.0
3065.314049773179,0.0
2927.545045900335,0.0
2661.29908448059,0.0
2968.35576839658,0.0
3042.0493725364176,0.0
3059.735837529978,0.0
3063.980589128433,0.0
3063.980589128433,0.0
3063.980589128433,0.0
3063.980589128433,0.0
3063.980589128433,0.0
3063.980589128433,0.0
3063.980589128433,0.0
3063.980589128433,0.0
3063.980589128433,0.0
3063.980589128433,0.0
3063.980589128433,0.0
3063.980589128433,0.0
3063.980589128433,0.0
3063.980589128433,0.0
3063.980589128433,0.0
3063.980589128433,0.0
3063.980589128433,0.0
3063.980589128433,0.0
3063.980589128433,0.0
3063.980589128433,0.0
3063.980589128433,0.0
3063.980589128433,0.0
3063.980589128433,0.0
3063.980589128433,0.0
3063.980589128433,0.0
3063.980589128433,0.0
3063.980589128433,0.0
3063.980589128433,0.0
3063.980589128433,0.0
3063.980589128433,0.0
3063.980589128433,0.0
3063.980589128433,0.0
3063.980589128433,0.0
3063.980589128433,0.0
3063.980589128433,0.0
3063.980589128433,0.0
3063.980589128433,0.0
3063.980589128433,0.0
3063.980589128433,0.0
3063.980589128433,0.0
3063.980589128433,0.0
3063.980589128433,0.0
3063.980589128433,0.0
3063.980589128433,0.0
3063.980589128433,0.0
3063.980589128433,0.0
3063.980589128433,0.0
3063.980589128433,0.0
3063.980589128433,0.0
3063.980589128433,0.0
3063.980589128433,0.0
3063.980589128433,0.0
3063.980589128433,0.0
3063.980589128433,0.0
3063.980589128433,0.0
3063.980589128433,0.0
0.0,0.0
0.0,0.0
0.0,0.0
0.0,0.0
0.0,0.0
0.0,0.0
0.0,0.0
0.0,0.0
0.0,0.0
0.0,0.0
0.0,0.0
0.0,0.0
0.0,0.0
0.0,0.0
2329.6439881212377,0.0
2888.758545270335,0.0
3022.9460389861188,0.0
3055.151037477907,0.0
3062.880237115936,0.0
3064.7352450290628,0.0
3065.1804469282133,0.0
3065.2872953840097,0.0
3065.2872953840097,0.0
3065.2872953840097,0.0
3065.2872953840097,0.0
3065.2872953840097,0.0
3065.2872953840097,0.0
3065.2872953840097,0.0
3065.2872953840097,0.0
3065.2872953840097,0.0
3065.2872953840097,0.0
3065.2872953840097,0.0
3065.2872953840097,0.0
3065.2872953840097,0.0
3065.2872953840097,0.0
3065.2872953840097,0.0
3065.2872953840097,0.0
3065.2872953840097,0.0
3065.2872953840097,0.0
3065.2872953840097,0.0
3065.2872953840097,0.0
3065.2872953840097,0.0
3065.2872953840097,0.0
1819.222571813741,0.0
1819.222571813741,0.0
878.870086189078,0.0
878.870086189078,0.0
878.870086189078,0.0
878.870086189078,0.0
878.870086189078,0.0
878.870086189078,0.0
878.870086189078,0.0
878.870086189078,0.0
878.870086189078,0.0
878.870086189078,0.0
878.870086189078,0.0
878.870086189078,0.0
878.870086189078,0.0
878.870086189078,0.0
878.870086189078,0.0
878.870086189078,0.0
878.870086189078,0.0
878.870086189078,0.0
878.870086189078,0.0
878.870086189078,0.0
878.870086189078,0.0
878.870086189078,0.0
878.870086189078,0.0
878.870086189078,0.0
878.870086189078,0.0
878.870086189078,0.0
878.870086189078,0.0
878.870086189078,0.0
878.870086189078,0.0
878.870086189078,0.0
878.870086189078,0.0
878.870086189078,0.0
878.870086189078,0.0
878.870086189078,0.0
878.870086189078,0.0
878.870086189078,0.0
878.870086189078,0.0
878.870086189078,0.0
878.870086189078,0.0
878.870086189078,0.0
878.870086189078,0.0
878.870086189078,0.0
878.870086189078,0.0
878.870086189078,0.0
878.870086189078,0.0
878.870086189078,0.0
878.870086189078,0.0
878.870086189078,0.0
878.870086189078,0.0
878.870086189078,0.0
878.870086189078,0.0
7.0385449418003006e-15,0.0
0.0,0.0
0.0,0.0
0.0,0.0
0.0,0.0
0.0,0.0
0.0,0.0
0.0,0.0
0.0,0.0
0.0,0.0
0.0,0.0
0.0,0.0
0.0,0.0
0.0,0.0
1195.226116478955,0.0
2616.4982560761873,0.0
2957.6035695795235,0.0
349.48053629367485,0.0
2413.51931683172,0.0
2908.8886241608507,0.0
3027.7772579198427,0.0
3056.310530022001,0.0
3063.158515326518,0.0
3063.158515326518,0.0
3063.158515326518,0.0
3063.158515326518,0.0
3063.158515326518,0.0
3063.158515326518,0.0
2909.8586365211795,0.0
-3.6828536970417595e-13,0.0
0.0,0.0
1820.0397990249608,0.0
2766.453539887228,0.0
2766.453539887228,0.0
2766.453539887228,0.0
2766.453539887228,0.0
0.0,0.0
0.0,0.0
0.0,0.0
0.0,0.0
0.0,0.0
0.0,0.0
0.0,0.0
0.0,0.0
0.0,0.0
0.0,0.0
0.0,0.0
0.0,0.0
0.0,0.0
0.0,0.0
0.0,0.0
0.0,0.0
0.0,0.0
0.0,0.0
0.0,0.0
0.0,0.0
0.0,0.0
0.0,0.0
0.0,0.0
0.0,0.0
0.0,0.0
0.0,0.0
0.0,0.0
0.0,0.0
0.0,0.0
0.0,0.0
0.0,0.0
0.0,0.0
0.0,0.0
0.0,0.0
0.0,0.0
0.0,0.0
0.0,0.0
0.0,0.0
0.0,0.0
0.0,0.0
0.0,0.0
0.0,0.0
0.0,0.0
0.0,0.0
0.0,0.0
0.0,0.0
0.0,0.0
0.0,0.0
0.0,0.0
0.0,0.0
0.0,0.0
0.0,0.0
0.0,0.0
0.0,0.0
0.0,0.0
0.0,0.0
0.0,0.0
0.0,0.0
0.0,0.0
0.0,0.0
0.0,0.0
0.0,0.0
0.0,0.0
0.0,0.0
0.0,0.0
0.0,0.0
0.0,0.0
0.0,0.0
0.0,0.0
0.0,0.0
0.0,0.0
0.0,0.0
0.0,0.0
0.0,0.0
0.0,0.0
0.0,0.0
0.0,0.0
0.0,0.0
0.0,0.0
0.0,0.0
0.0,0.0
0.0,0.0
0.0,0.0
0.0,0.0
0.0,0.0
0.0,0.0
0.0,0.0
0.0,0.0
0.0,0.0
0.0,0.0
0.0,0.0
0.0,0.0
0.0,0.0
0.0,0.0
0.0,0.0
0.0,0.0
0.0,0.0
0.0,0.0
0.0,0.0
0.0,0.0
0.0,0.0
0.0,0.0
0.0,0.0
0.0,0.0
0.0,0.0
0.0,0.0
0.0,0.0
0.0,0.0
0.0,0.0
0.0,0.0
0.0,0.0
0.0,0.0
0.0,0.0
0.0,0.0
0.0,0.0
0.0,0.0
0.0,0.0
0.0,0.0
0.0,0.0
0.0,0.0
0.0,0.0
0.0,0.0
0.0,0.0
0.0,0.0
0.0,0.0
0.0,0.0
0.0,0.0
0.0,0.0
0.0,0.0
0.0,0.0
0.0,0.0
0.0,0.0
0.0,0.0
2329.6439881212377,0.0
2888.7585452703356,0.0
3022.9460389861188,0.0
3055.151037477907,0.0
0.0,0.0
0.0,0.0
0.0,0.0
0.0,0.0
2329.6439881212377,0.0
2888.758545270335,0.0
2925.4358337150184,0.0
3031.7485882128426,0.0
3057.2636492923198,0.0
3063.3872639513947,0.0
3064.8569314695733,0.0
3065.2096516739352,0.0
3065.294304522983,0.0
3065.314621206754,0.0
3065.3194972108586,0.0
3065.3206674518437,0.0
3065.3209483096807,0.0
3065.3209483096807,0.0
3065.3209483096807,0.0
3065.3209483096807,0.0
3065.3209483096807,0.0
3065.3209483096807,0.0
3065.3209483096807,0.0
3065.3209483096807,0.0
3065.3209483096807,0.0
3065.3209483096807,0.0
3065.3209483096807,0.0
3065.3209483096807,0.0
3065.3209483096807,0.0
3065.3209483096807,0.0
3065.3209483096807,0.0
3065.3209483096807,0.0
3065.3209483096807,0.0
3065.3209483096807,0.0
3065.3209483096807,0.0
3065.3209483096807,0.0
3065.3209483096807,0.0
1930.4812618301107,0.0
1930.4812618301107,0.0
1930.4812618301107,0.0
1930.4812618301107,0.0
1930.4812618301107,0.0
1930.4812618301107,0.0
1930.4812618301107,0.0
1930.4812618301107,0.0
1930.4812618301107,0.0
1930.4812618301107,0.0
1930.4812618301107,0.0
1930.4812618301107,0.0
1930.4812618301107,0.0
1930.4812618301107,0.0
1930.4812618301107,0.0
1930.4812618301107,0.0
1930.4812618301107,0.0
1930.4812618301107,0.0
1930.4812618301107,0.0
1930.4812618301107,0.0
1930.4812618301107,0.0
1930.4812618301107,0.0
1930.4812618301107,0.0
1930.4812618301107,0.0
1930.4812618301107,0.0
1930.4812618301107,0.0
1930.4812618301107,0.0
1930.4812618301107,0.0
1930.4812618301107,0.0
1930.4812618301107,0.0
1930.4812618301107,0.0
1930.4812618301107,0.0
1930.4812618301107,0.0
1930.4812618301107,0.0
1930.4812618301107,0.0
1930.4812618301107,0.0
1930.4812618301107,0.0
1930.4812618301107,0.0
1930.4812618301107,0.0
1930.4812618301107,0.0
1930.4812618301107,0.0
1930.4812618301107,0.0
1930.4812618301107,0.0
1930.4812618301107,0.0
1930.4812618301107,0.0
1930.4812618301107,0.0
1930.4812618301107,0.0
1930.4812618301107,0.0
1930.4812618301107,0.0
1930.4812618301107,0.0
1930.4812618301107,0.0
1930.4812618301107,0.0
1930.4812618301107,0.0
1930.4812618301107,0.0
0.0,0.0
0.0,0.0
0.0,0.0
0.0,0.0
0.0,0.0
0.0,0.0
0.0,0.0
0.0,0.0
0.0,0.0
0.0,0.0
0.0,0.0
0.0,0.0
0.0,0.0
0.0,0.0
0.0,0.0
0.0,0.0
0.0,0.0
0.0,0.0
0.0,0.0
938.1431729766542,0.0
2554.798349635635,0.0
2942.795592033791,0.0
2942.795592033791,0.0
2942.795592033791,0.0
2942.795592033791,0.0
2942.795592033791,0.0
2942.795592033791,0.0
2942.795592033791,0.0
2942.795592033791,0.0
2942.795592033791,0.0
2942.795592033791,0.0
2942.795592033791,0.0
2942.795592033791,0.0
2942.795592033791,0.0
2942.795592033791,0.0
2942.795592033791,0.0
2942.795592033791,0.0
2942.795592033791,0.0
2942.795592033791,0.0
2942.795592033791,0.0
2942.795592033791,0.0
2942.795592033791,0.0
2942.795592033791,0.0
2942.795592033791,0.0
2942.795592033791,0.0
2942.795592033791,0.0
2942.795592033791,0.0
2942.795592033791,0.0
2942.795592033791,0.0
2942.795592033791,0.0
2942.795592033791,0.0
2942.795592033791,0.0
2942.795592033791,0.0
2942.795592033791,0.0
2942.795592033791,0.0
2942.795592033791,0.0
2942.795592033791,0.0
2942.795592033791,0.0
2942.795592033791,0.0
2942.795592033791,0.0
1997.4802614800835,0.0
1997.4802614800835,0.0
1997.4802614800835,0.0
1997.4802614800835,0.0
1997.4802614800835,0.0
1997.4802614800835,0.0
1997.4802614800835,0.0
1997.4802614800835,0.0
1997.4802614800835,0.0
1997.4802614800835,0.0
1997.4802614800835,0.0
1997.4802614800835,0.0
1997.4802614800835,0.0
1997.4802614800835,0.0
1997.4802614800835,0.0
1997.4802614800835,0.0
1997.4802614800835,0.0
1997.4802614800835,0.0
1997.4802614800835,0.0
1997.4802614800835,0.0
1997.4802614800835,0.0
1997.4802614800835,0.0
1997.4802614800835,0.0
1997.4802614800835,0.0
1997.4802614800835,0.0
1997.4802614800835,0.0
1997.4802614800835,0.0
1997.4802614800835,0.0
1997.4802614800835,0.0
1997.4802614800835,0.0
1997.4802614800835,0.0
1997.4802614800835,0.0
1997.4802614800835,0.0
1997.4802614800835,0.0
1997.4802614800835,0.0
1997.4802614800835,0.0
1997.4802614800835,0.0
1997.4802614800835,0.0
1997.4802614800835,0.0
1997.4802614800835,0.0
1997.4802614800835,0.0
1997.4802614800835,0.0
1997.4802614800835,0.0
1997.4802614800835,0.0
1997.4802614800835,0.0
1997.4802614800835,0.0
1997.4802614800835,0.0
1997.4802614800835,0.0
0.0,0.0
0.0,0.0
0.0,0.0
0.0,0.0
0.0,0.0
0.0,0.0
0.0,0.0
0.0,0.0
0.0,0.0
0.0,0.0
0.0,0.0
0.0,0.0
0.0,0.0
0.0,0.0
0.0,0.0
0.0,0.0
0.0,0.0
0.0,0.0
0.0,0.0
0.0,0.0
0.0,0.0
0.0,0.0
0.0,0.0
0.0,0.0
0.0,0.0
0.0,0.0
0.0,0.0
0.0,0.0
0.0,0.0
0.0,0.0
0.0,0.0
1456.47297595136,0.0
2679.197502349565,0.0
2972.6513886851335,0.0
3043.0803214056705,0.0
3043.0803214056705,0.0
3043.0803214056705,0.0
3043.0803214056705,0.0
3043.0803214056705,0.0
3043.0803214056705,0.0
3043.0803214056705,0.0
3043.0803214056705,0.0
3043.0803214056705,0.0
3043.0803214056705,0.0
3043.0803214056705,0.0
3043.0803214056705,0.0
0.0,0.0
0.0,0.0
0.0,0.0
0.0,0.0
0.0,0.0
0.0,0.0
0.0,0.0
0.0,0.0
0.0,0.0
0.0,0.0
0.0,0.0
0.0,0.0
0.0,0.0
0.0,0.0
0.0,0.0
0.0,0.0
0.0,0.0
0.0,0.0
0.0,0.0
0.0,0.0
0.0,0.0
0.0,0.0
0.0,0.0
0.0,0.0
0.0,0.0
0.0,0.0
0.0,0.0
0.0,0.0
0.0,0.0
0.0,0.0
0.0,0.0
0.0,0.0
0.0,0.0
0.0,0.0
0.0,0.0
0.0,0.0
0.0,0.0
0.0,0.0
0.0,0.0
0.0,0.0
0.0,0.0
0.0,0.0
0.0,0.0
0.0,0.0
0.0,0.0
0.0,0.0
0.0,0.0
0.0,0.0
0.0,0.0
0.0,0.0
0.0,0.0
0.0,0.0
0.0,0.0
0.0,0.0
0.0,0.0
0.0,0.0
0.0,0.0
0.0,0.0
0.0,0.0
0.0,0.0
0.0,0.0
0.0,0.0
0.0,0.0
0.0,0.0
0.0,0.0
0.0,0.0
0.0,0.0
0.0,0.0
0.0,0.0
0.0,0.0
0.0,0.0
0.0,0.0
0.0,0.0
0.0,0.0
0.0,0.0
0.0,0.0
0.0,0.0
0.0,0.0
0.0,0.0
0.0,0.0
0.0,0.0
0.0,0.0
0.0,0.0
0.0,0.0
0.0,0.0
0.0,0.0
0.0,0.0
0.0,0.0
0.0,0.0
0.0,0.0
0.0,0.0
0.0,0.0
316.65405127930853,0.0
2405.640960428272,0.0
2906.9978186240232,0.0
3027.323464591004,0.0
3056.2016196230793,0.0
3056.2016196230793,0.0
3056.2016196230793,0.0
3056.2016196230793,0.0
3056.2016196230793,0.0
3056.2016196230793,0.0
3056.2016196230793,0.0
3056.2016196230793,0.0
3056.2016196230793,0.0
3056.2016196230793,0.0
3056.2016196230793,0.0
3056.2016196230793,0.0
3056.2016196230793,0.0
3056.2016196230793,0.0
3056.2016196230793,0.0
3056.2016196230793,0.0
3056.2016196230793,0.0
3056.2016196230793,0.0
3056.2016196230793,0.0
3056.2016196230793,0.0
3056.2016196230793,0.0
3056.2016196230793,0.0
3056.2016196230793,0.0
3056.2016196230793,0.0
0.0,0.0
0.0,0.0
0.0,0.0
0.0,0.0
0.0,0.0
0.0,0.0
0.0,0.0
0.0,0.0
0.0,0.0
0.0,0.0
0.0,0.0
0.0,0.0
0.0,0.0
0.0,0.0
0.0,0.0
0.0,0.0
0.0,0.0
0.0,0.0
0.0,0.0
0.0,0.0
0.0,0.0
0.0,0.0
0.0,0.0
0.0,0.0
0.0,0.0
0.0,0.0
0.0,0.0
0.0,0.0
0.0,0.0
0.0,0.0
0.0,0.0
0.0,0.0
0.0,0.0
0.0,0.0
0.0,0.0
0.0,0.0
0.0,0.0
0.0,0.0
0.0,0.0
0.0,0.0
0.0,0.0
0.0,0.0
0.0,0.0
0.0,0.0
0.0,0.0
0.0,0.0
0.0,0.0
0.0,0.0
0.0,0.0
960.8498275103839,0.0
2560.24794672373,0.0
2944.103495334933,0.0
3036.228827001622,0.0
3058.338906601627,0.0
3063.645325705629,0.0
3064.9188662905894,0.0
3065.224516030979,0.0
3065.2978719686735,0.0
3065.31547739372,0.0
3065.319702695731,0.0
3065.3207167682135,0.0
1573.2518725472446,0.0
1573.2518725472446,0.0
0.0,0.0
1099.8805555387407,0.0
2345.201792938735,0.0
2892.492418426534,0.0
2892.492418426534,0.0
3023.8421685436065,0.0
3023.8421685436065,0.0
3023.8421685436065,0.0
3023.8421685436065,0.0
3023.8421685436065,0.0
3023.8421685436065,0.0
3023.8421685436065,0.0
3023.8421685436065,0.0
3023.8421685436065,0.0
3023.8421685436065,0.0
3023.8421685436065,0.0
3023.8421685436065,0.0
3023.8421685436065,0.0
3023.8421685436065,0.0
3023.8421685436065,0.0
3023.8421685436065,0.0
3023.8421685436065,0.0
3023.8421685436065,0.0
3023.8421685436065,0.0
3023.8421685436065,0.0
3023.8421685436065,0.0
3023.8421685436065,0.0
3023.8421685436065,0.0
3023.8421685436065,0.0
3023.8421685436065,0.0
3023.8421685436065,0.0
3023.8421685436065,0.0
3023.8421685436065,0.0
3023.8421685436065,0.0
3023.8421685436065,0.0
3023.8421685436065,0.0
3023.8421685436065,0.0
3023.8421685436065,0.0
3023.8421685436065,0.0
3023.8421685436065,0.0
3023.8421685436065,0.0
3023.8421685436065,0.0
3023.8421685436065,0.0
3023.8421685436065,0.0
3023.8421685436065,0.0
3023.8421685436065,0.0
3023.8421685436065,0.0
3023.8421685436065,0.0
3023.8421685436065,0.0
3023.8421685436065,0.0
3023.8421685436065,0.0
3023.8421685436065,0.0
3023.8421685436065,0.0
3023.8421685436065,0.0
3023.8421685436065,0.0
3023.8421685436065,0.0
3023.8421685436065,0.0
3023.8421685436065,0.0
3023.8421685436065,0.0
3023.8421685436065,0.0
3023.8421685436065,0.0
3023.8421685436065,0.0
3023.8421685436065,0.0
3023.8421685436065,0.0
3023.8421685436065,0.0
3023.8421685436065,0.0
3023.8421685436065,0.0
3023.8421685436065,0.0
0.0,0.0
0.0,0.0
0.0,0.0
0.0,0.0
0.0,0.0
0.0,0.0
0.0,0.0
0.0,0.0
0.0,0.0
0.0,0.0
0.0,0.0
0.0,0.0
0.0,0.0
0.0,0.0
0.0,0.0
0.0,0.0
0.0,0.0
0.0,0.0
0.0,0.0
0.0,0.0
0.0,0.0
0.0,0.0
0.0,0.0
0.0,0.0
0.0,0.0
0.0,0.0
0.0,0.0
0.0,0.0
0.0,0.0
0.0,0.0
0.0,0.0
0.0,0.0
0.0,0.0
0.0,0.0
0.0,0.0
0.0,0.0
0.0,0.0
0.0,0.0
0.0,0.0
0.0,0.0
0.0,0.0
0.0,0.0
0.0,0.0
0.0,0.0
0.0,0.0
0.0,0.0
0.0,0.0
0.0,0.0
0.0,0.0
0.0,0.0
0.0,0.0
0.0,0.0
0.0,0.0
0.0,0.0
0.0,0.0
0.0,0.0
0.0,0.0
0.0,0.0
0.0,0.0
0.0,0.0
0.0,0.0
0.0,0.0
0.0,0.0
0.0,0.0
0.0,0.0
0.0,0.0
0.0,0.0
0.0,0.0
0.0,0.0
0.0,0.0
0.0,0.0
0.0,0.0
0.0,0.0
0.0,0.0
0.0,0.0
0.0,0.0
0.0,0.0
0.0,0.0
0.0,0.0
0.0,0.0
0.0,0.0
0.0,0.0
0.0,0.0
0.0,0.0
0.0,0.0
0.0,0.0
0.0,0.0
0.0,0.0
0.0,0.0
0.0,0.0
0.0,0.0
0.0,0.0
0.0,0.0
0.0,0.0
0.0,0.0
0.0,0.0
0.0,0.0
0.0,0.0
0.0,0.0
0.0,0.0
0.0,0.0
0.0,0.0
0.0,0.0
0.0,0.0
0.0,0.0
0.0,0.0
0.0,0.0
0.0,0.0
0.0,0.0
0.0,0.0
0.0,0.0
0.0,0.0
0.0,0.0
0.0,0.0
0.0,0.0
0.0,0.0
0.0,0.0
0.0,0.0
0.0,0.0
0.0,0.0
0.0,0.0
0.0,0.0
0.0,0.0
0.0,0.0
0.0,0.0
0.0,0.0
0.0,0.0
0.0,0.0
0.0,0.0
0.0,0.0
0.0,0.0
0.0,0.0
0.0,0.0
0.0,0.0
0.0,0.0
0.0,0.0
0.0,0.0
0.0,0.0
0.0,0.0
0.0,0.0
0.0,0.0
0.0,0.0
0.0,0.0
0.0,0.0
0.0,0.0
0.0,0.0
0.0,0.0
0.0,0.0
0.0,0.0
0.0,0.0
0.0,0.0
0.0,0.0
0.0,0.0
0.0,0.0
0.0,0.0
0.0,0.0
0.0,0.0
0.0,0.0
0.0,0.0
0.0,0.0
0.0,0.0
0.0,0.0
0.0,0.0
0.0,0.0
0.0,0.0
0.0,0.0
0.0,0.0
0.0,0.0
0.0,0.0
0.0,0.0
0.0,0.0
0.0,0.0
0.0,0.0
0.0,0.0
0.0,0.0
0.0,0.0
0.0,0.0
0.0,0.0
0.0,0.0
0.0,0.0
0.0,0.0
0.0,0.0
0.0,0.0
0.0,0.0
0.0,0.0
0.0,0.0
0.0,0.0
0.0,0.0
0.0,0.0
0.0,0.0
0.0,0.0
0.0,0.0
0.0,0.0
0.0,0.0
0.0,0.0
0.0,0.0
0.0,0.0
0.0,0.0
0.0,0.0
0.0,0.0
0.0,0.0
0.0,0.0
0.0,0.0
0.0,0.0
0.0,0.0
0.0,0.0
0.0,0.0
0.0,0.0
0.0,0.0
0.0,0.0
0.0,0.0
0.0,0.0
0.0,0.0
0.0,0.0
1653.7895062574057,0.0
2726.5534696230147,0.0
2984.0168208307623,0.0
0.0,0.0
0.0,0.0
0.0,0.0
0.0,0.0
1732.1538827394365,0.0
2745.3609199787024,0.0
2988.5306089161268,0.0
2988.5306089161268,0.0
2988.5306089161268,0.0
2988.5306089161268,0.0
2988.5306089161268,0.0
2988.5306089161268,0.0
2878.209768664888,0.0
2878.209768664888,0.0
2878.209768664888,0.0
0.0,0.0
0.0,0.0
0.0,0.0
0.0,0.0
0.0,0.0
0.0,0.0
0.0,0.0
0.0,0.0
0.0,0.0
0.0,0.0
0.0,0.0
0.0,0.0
0.0,0.0
0.0,0.0
0.0,0.0
0.0,0.0
0.0,0.0
0.0,0.0
0.0,0.0
0.0,0.0
0.0,0.0
0.0,0.0
0.0,0.0
0.0,0.0
0.0,0.0
0.0,0.0
0.0,0.0
0.0,0.0
0.0,0.0
0.0,0.0
0.0,0.0
0.0,0.0
0.0,0.0
0.0,0.0
0.0,0.0
0.0,0.0
0.0,0.0
0.0,0.0
0.0,0.0
0.0,0.0
0.0,0.0
0.0,0.0
0.0,0.0
0.0,0.0
0.0,0.0
0.0,0.0
0.0,0.0
0.0,0.0
0.0,0.0
0.0,0.0
0.0,0.0
0.0,0.0
0.0,0.0
0.0,0.0
0.0,0.0
0.0,0.0
0.0,0.0
0.0,0.0
0.0,0.0
0.0,0.0
0.0,0.0
0.0,0.0
0.0,0.0
0.0,0.0
0.0,0.0
0.0,0.0
0.0,0.0
0.0,0.0
0.0,0.0
0.0,0.0
0.0,0.0
0.0,0.0
0.0,0.0
0.0,0.0
0.0,0.0
0.0,0.0
0.0,0.0
0.0,0.0
0.0,0.0
0.0,0.0
0.0,0.0
0.0,0.0
0.0,0.0
0.0,0.0
0.0,0.0
0.0,0.0
0.0,0.0
0.0,0.0
0.0,0.0
0.0,0.0
0.0,0.0
0.0,0.0
0.0,0.0
0.0,0.0
0.0,0.0
0.0,0.0
0.0,0.0
0.0,0.0
0.0,0.0
0.0,0.0
0.0,0.0
0.0,0.0
0.0,0.0
0.0,0.0
0.0,0.0
0.0,0.0
0.0,0.0
0.0,0.0
0.0,0.0
0.0,0.0
0.0,0.0
0.0,0.0
0.0,0.0
0.0,0.0
0.0,0.0
0.0,0.0
0.0,0.0
0.0,0.0
0.0,0.0
0.0,0.0
0.0,0.0
0.0,0.0
0.0,0.0
0.0,0.0
0.0,0.0
0.0,0.0
0.0,0.0
0.0,0.0
0.0,0.0
0.0,0.0
0.0,0.0
0.0,0.0
0.0,0.0
0.0,0.0
0.0,0.0
0.0,0.0
0.0,0.0
0.0,0.0
0.0,0.0
0.0,0.0
0.0,0.0
0.0,0.0
0.0,0.0
0.0,0.0
0.0,0.0
0.0,0.0
0.0,0.0
0.0,0.0
0.0,0.0
0.0,0.0
0.0,0.0
0.0,0.0
0.0,0.0
0.0,0.0
0.0,0.0
0.0,0.0
0.0,0.0
0.0,0.0
0.0,0.0
0.0,0.0
0.0,0.0
0.0,0.0
0.0,0.0
0.0,0.0
0.0,0.0
0.0,0.0
0.0,0.0
0.0,0.0
0.0,0.0
0.0,0.0
0.0,0.0
0.0,0.0
0.0,0.0
0.0,0.0
0.0,0.0
0.0,0.0
0.0,0.0
0.0,0.0
0.0,0.0
0.0,0.0
0.0,0.0
0.0,0.0
0.0,0.0
0.0,0.0
0.0,0.0
0.0,0.0
0.0,0.0
0.0,0.0
0.0,0.0
0.0,0.0
0.0,0.0
0.0,0.0
0.0,0.0
0.0,0.0
0.0,0.0
0.0,0.0
0.0,0.0
647.3587078702443,0.0
2485.0100780100965,0.0
2926.0464068436613,0.0
3031.895125763717,0.0
2511.1077067010997,0.0
2.8154179767209646e-14,0.0
74.65823627680712,0.0
2347.5619648276715,0.0
2893.05885967988,0.0
3023.978114444409,0.0
3055.398735587896,0.0
3055.398735587896,0.0
3055.398735587896,0.0
3055.398735587896,0.0
3055.398735587896,0.0
3055.398735587896,0.0
3055.398735587896,0.0
3055.398735587896,0.0
3055.398735587896,0.0
3055.398735587896,0.0
3055.398735587896,0.0
3055.398735587896,0.0
3055.398735587896,0.0
3055.398735587896,0.0
3055.398735587896,0.0
3055.398735587896,0.0
3055.398735587896,0.0
3055.398735587896,0.0
3055.398735587896,0.0
3055.398735587896,0.0
3055.398735587896,0.0
3055.398735587896,0.0
3055.398735587896,0.0
3055.398735587896,0.0
3055.398735587896,0.0
3055.398735587896,0.0
3055.398735587896,0.0
3055.398735587896,0.0
3055.398735587896,0.0
3055.398735587896,0.0
2704.5766813697423,0.0
2704.5766813697423,0.0
2704.5766813697423,0.0
1856.08902279015,0.0
1856.08902279015,0.0
1856.08902279015,0.0
1856.08902279015,0.0
1856.08902279015,0.0
0.0,0.0
0.0,0.0
0.0,0.0
0.0,0.0
0.0,0.0
0.0,0.0
0.0,0.0
0.0,0.0
0.0,0.0
0.0,0.0
0.0,0.0
0.0,0.0
0.0,0.0
0.0,0.0
0.0,0.0
0.0,0.0
0.0,0.0
0.0,0.0
0.0,0.0
0.0,0.0
0.0,0.0
0.0,0.0
0.0,0.0
0.0,0.0
0.0,0.0
0.0,0.0
0.0,0.0
0.0,0.0
0.0,0.0
0.0,0.0
0.0,0.0
0.0,0.0
0.0,0.0
0.0,0.0
0.0,0.0
0.0,0.0
0.0,0.0
0.0,0.0
0.0,0.0
0.0,0.0
0.0,0.0
0.0,0.0
0.0,0.0
0.0,0.0
0.0,0.0
0.0,0.0
0.0,0.0
0.0,0.0
0.0,0.0
0.0,0.0
0.0,0.0
0.0,0.0
0.0,0.0
0.0,0.0
0.0,0.0
2329.643988121238,0.0
2888.7585452703356,0.0
3022.9460389861188,0.0
3055.151037477907,0.0
3055.151037477907,0.0
3055.151037477907,0.0
3055.151037477907,0.0
3055.151037477907,0.0
3055.151037477907,0.0
574.1393442412864,0.0
574.1393442412864,0.0
574.1393442412864,0.0
574.1393442412864,0.0
574.1393442412864,0.0
574.1393442412864,0.0
574.1393442412864,0.0
574.1393442412864,0.0
574.1393442412864,0.0
574.1393442412864,0.0
574.1393442412864,0.0
574.1393442412864,0.0
574.1393442412864,0.0
574.1393442412864,0.0
574.1393442412864,0.0
574.1393442412864,0.0
574.1393442412864,0.0
574.1393442412864,0.0
574.1393442412864,0.0
574.1393442412864,0.0
574.1393442412864,0.0
574.1393442412864,0.0
574.1393442412864,0.0
0.0,0.0
0.0,0.0
0.0,0.0
0.0,0.0
0.0,0.0
0.0,0.0
0.0,0.0
0.0,0.0
0.0,0.0
0.0,0.0
0.0,0.0
0.0,0.0
0.0,0.0
0.0,0.0
0.0,0.0
0.0,0.0
0.0,0.0
0.0,0.0
0.0,0.0
0.0,0.0
0.0,0.0
0.0,0.0
0.0,0.0
2329.643988121238,0.0
2888.7585452703347,0.0
3022.9460389861188,0.0
3022.9460389861188,0.0
3055.151037477907,0.0
3055.151037477907,0.0
3062.880237115936,0.0
3063.387263960841,0.0
3064.85693147184,0.0
3065.20965167448,0.0
3065.2943045231127,0.0
3065.3146212067854,0.0
3065.3194972108663,0.0
3065.320667451846,0.0
3065.3209483096807,0.0
3065.3209483096807,0.0
3065.3209483096807,0.0
3065.3209483096807,0.0
3065.3209483096807,0.0
3065.3209483096807,0.0
3065.3209483096807,0.0
3065.3209483096807,0.0
3065.3209483096807,0.0
3065.3209483096807,0.0
3065.3209483096807,0.0
3065.3209483096807,0.0
3065.3209483096807,0.0
3065.3209483096807,0.0
3065.3209483096807,0.0
3065.3209483096807,0.0
3065.3209483096807,0.0
3065.3209483096807,0.0
3065.3209483096807,0.0
3065.3209483096807,0.0
3065.3209483096807,0.0
3065.3209483096807,0.0
3065.3209483096807,0.0
3065.3209483096807,0.0
1282.452007918825,0.0
1282.452007918825,0.0
1282.452007918825,0.0
1282.452007918825,0.0
1282.452007918825,0.0
1282.452007918825,0.0
1282.452007918825,0.0
1282.452007918825,0.0
1282.452007918825,0.0
1282.452007918825,0.0
1282.452007918825,0.0
1282.452007918825,0.0
1282.452007918825,0.0
1282.452007918825,0.0
1282.452007918825,0.0
1282.452007918825,0.0
1282.452007918825,0.0
1282.452007918825,0.0
1282.452007918825,0.0
1282.452007918825,0.0
1282.452007918825,0.0
1282.452007918825,0.0
1282.452007918825,0.0
1282.452007918825,0.0
1282.452007918825,0.0
1282.452007918825,0.0
1282.452007918825,0.0
1282.452007918825,0.0
1282.452007918825,0.0
1282.452007918825,0.0
1282.452007918825,0.0
1282.452007918825,0.0
1282.452007918825,0.0
1282.452007918825,0.0
1282.452007918825,0.0
1282.452007918825,0.0
1282.452007918825,0.0
1282.452007918825,0.0
1282.452007918825,0.0
1282.452007918825,0.0
1282.452007918825,0.0
1282.452007918825,0.0
2637.4324700217558,0.0
2637.4324700217558,0.0
2637.4324700217558,0.0
2637.4324700217558,0.0
2637.4324700217558,0.0
2637.4324700217558,0.0
2637.4324700217558,0.0
2637.4324700217558,0.0
2637.4324700217558,0.0
2637.4324700217558,0.0
2637.4324700217558,0.0
2637.4324700217558,0.0
2637.4324700217558,0.0
2637.4324700217558,0.0
2637.4324700217558,0.0
2637.4324700217558,0.0
2637.4324700217558,0.0
2637.4324700217558,0.0
2637.4324700217558,0.0
2637.4324700217558,0.0
2637.4324700217558,0.0
2637.4324700217558,0.0
2637.4324700217558,0.0
2637.4324700217558,0.0
2637.4324700217558,0.0
2637.4324700217558,0.0
2637.4324700217558,0.0
2637.4324700217558,0.0
2637.4324700217558,0.0
2637.4324700217558,0.0
2637.4324700217558,0.0
2637.4324700217558,0.0
2637.4324700217558,0.0
2637.4324700217558,0.0
2637.4324700217558,0.0
2637.4324700217558,0.0
2637.4324700217558,0.0
2637.4324700217558,0.0
2637.4324700217558,0.0
2637.4324700217558,0.0
2637.4324700217558,0.0
2637.4324700217558,0.0
2637.4324700217558,0.0
2637.4324700217558,0.0
2637.4324700217558,0.0
2637.4324700217558,0.0
2637.4324700217558,0.0
2637.4324700217558,0.0
2637.4324700217558,0.0
2637.4324700217558,0.0
2637.4324700217558,0.0
2637.4324700217558,0.0
2637.4324700217558,0.0
2637.4324700217558,0.0
2637.4324700217558,0.0
2637.4324700217558,0.0
2637.4324700217558,0.0
2637.4324700217558,0.0
2637.4324700217558,0.0
2637.4324700217558,0.0
2637.4324700217558,0.0
2637.4324700217558,0.0
2637.4324700217558,0.0
2637.4324700217558,0.0
2637.4324700217558,0.0
2637.4324700217558,0.0
2637.4324700217558,0.0
2637.4324700217558,0.0
2637.4324700217558,0.0
2637.4324700217558,0.0
2637.4324700217558,0.0
2637.4324700217558,0.0
2637.4324700217558,0.0
2637.4324700217558,0.0
2637.4324700217558,0.0
2637.4324700217558,0.0
2637.4324700217558,0.0
2637.4324700217558,0.0
2637.4324700217558,0.0
2637.4324700217558,0.0
1823.7060260600476,0.0
1823.7060260600476,0.0
1823.7060260600476,0.0
1823.7060260600476,0.0
1823.7060260600476,0.0
1823.7060260600476,0.0
108.1311647611062,0.0
108.1311647611062,0.0
108.1311647611062,0.0
108.1311647611062,0.0
108.1311647611062,0.0
108.1311647611062,0.0
108.1311647611062,0.0
108.1311647611062,0.0
108.1311647611062,0.0
108.1311647611062,0.0
108.1311647611062,0.0
108.1311647611062,0.0
108.1311647611062,0.0
108.1311647611062,0.0
108.1311647611062,0.0
108.1311647611062,0.0
108.1311647611062,0.0
108.1311647611062,0.0
108.1311647611062,0.0
108.1311647611062,0.0
108.1311647611062,0.0
108.1311647611062,0.0
108.1311647611062,0.0
108.1311647611062,0.0
108.1311647611062,0.0
108.1311647611062,0.0
108.1311647611062,0.0
108.1311647611062,0.0
108.1311647611062,0.0
108.1311647611062,0.0
108.1311647611062,0.0
108.1311647611062,0.0
108.1311647611062,0.0
108.1311647611062,0.0
108.1311647611062,0.0
108.1311647611062,0.0
108.1311647611062,0.0
108.1311647611062,0.0
108.1311647611062,0.0
108.1311647611062,0.0
108.1311647611062,0.0
108.1311647611062,0.0
108.1311647611062,0.0
108.1311647611062,0.0
108.1311647611062,0.0
108.1311647611062,0.0
108.1311647611062,0.0
108.1311647611062,0.0
108.1311647611062,0.0
108.1311647611062,0.0
108.1311647611062,0.0
108.1311647611062,0.0
108.1311647611062,0.0
108.1311647611062,0.0
108.1311647611062,0.0
108.1311647611062,0.0
108.1311647611062,0.0
108.1311647611062,0.0
108.1311647611062,0.0
108.1311647611062,0.0
108.1311647611062,0.0
108.1311647611062,0.0
108.1311647611062,0.0
108.1311647611062,0.0
108.1311647611062,0.0
108.1311647611062,0.0
108.1311647611062,0.0
108.1311647611062,0.0
108.1311647611062,0.0
108.1311647611062,0.0
108.1311647611062,0.0
108.1311647611062,0.0
108.1311647611062,0.0
108.1311647611062,0.0
108.1311647611062,0.0
2355.595467663904,0.0
2355.595467663904,0.0
2355.595467663904,0.0
2355.595467663904,0.0
2355.595467663904,0.0
2355.595467663904,0.0
2355.595467663904,0.0
2355.595467663904,0.0
2355.595467663904,0.0
2355.595467663904,0.0
2355.595467663904,0.0
2355.595467663904,0.0
2355.595467663904,0.0
2355.595467663904,0.0
2355.595467663904,0.0
2355.595467663904,0.0
2355.595467663904,0.0
2355.595467663904,0.0
2355.595467663904,0.0
2355.595467663904,0.0
2355.595467663904,0.0
2355.595467663904,0.0
2355.595467663904,0.0
2355.595467663904,0.0
2355.595467663904,0.0
2355.595467663904,0.0
2355.595467663904,0.0
2355.595467663904,0.0
2355.595467663904,0.0
2355.595467663904,0.0
2355.595467663904,0.0
2355.595467663904,0.0
2355.595467663904,0.0
2355.595467663904,0.0
2355.595467663904,0.0
2355.595467663904,0.0
2355.595467663904,0.0
2355.595467663904,0.0
2355.595467663904,0.0
2355.595467663904,0.0
2355.595467663904,0.0
2355.595467663904,0.0
2355.595467663904,0.0
2355.595467663904,0.0
2355.595467663904,0.0
2355.595467663904,0.0
2355.595467663904,0.0
0.0,0.0
0.0,0.0
0.0,0.0
0.0,0.0
0.0,0.0
0.0,0.0
0.0,0.0
0.0,0.0
0.0,0.0
0.0,0.0
0.0,0.0
0.0,0.0
0.0,0.0
0.0,0.0
0.0,0.0
0.0,0.0
0.0,0.0
0.0,0.0
0.0,0.0
0.0,0.0
0.0,0.0
0.0,0.0
0.0,0.0
2329.6439881212377,0.0
2888.758545270335,0.0
3022.9460389861188,0.0
3055.151037477907,0.0
3062.880237115936,0.0
3064.7352450290628,0.0
3065.1804469282133,0.0
3065.2872953840097,0.0
3065.3129390134,0.0
3065.3190934844542,0.0
3065.3190934844542,0.0
3065.3190934844542,0.0
3065.3190934844542,0.0
3065.3190934844542,0.0
3065.3190934844542,0.0
3065.3190934844542,0.0
3065.3190934844542,0.0
3065.3190934844542,0.0
3065.3190934844542,0.0
3065.3190934844542,0.0
3065.3190934844542,0.0
3065.3190934844542,0.0
3065.3190934844542,0.0
1399.9571907014067,0.0
1399.9571907014067,0.0
1399.9571907014067,0.0
1399.9571907014067,0.0
1399.9571907014067,0.0
1399.9571907014067,0.0
1399.9571907014067,0.0
1399.9571907014067,0.0
1399.9571907014067,0.0
1399.9571907014067,0.0
1399.9571907014067,0.0
1399.9571907014067,0.0
1399.9571907014067,0.0
1399.9571907014067,0.0
1399.9571907014067,0.0
1399.9571907014067,0.0
1399.9571907014067,0.0
1399.9571907014067,0.0
1399.9571907014067,0.0
1399.9571907014067,0.0
1399.9571907014067,0.0
2665.633713889576,0.0
2665.633713889576,0.0
2665.633713889576,0.0
2665.633713889576,0.0
2665.633713889576,0.0
2665.633713889576,0.0
2665.633713889576,0.0
2665.633713889576,0.0
2665.633713889576,0.0
2665.633713889576,0.0
2665.633713889576,0.0
2665.633713889576,0.0
2665.633713889576,0.0
2665.633713889576,0.0
2665.633713889576,0.0
2665.633713889576,0.0
2665.633713889576,0.0
2665.633713889576,0.0
2665.633713889576,0.0
2665.633713889576,0.0
2665.633713889576,0.0
771.2619328644919,0.0
771.2619328644919,0.0
771.2619328644919,0.0
771.2619328644919,0.0
771.2619328644919,0.0
771.2619328644919,0.0
771.2619328644919,0.0
771.2619328644919,0.0
771.2619328644919,0.0
771.2619328644919,0.0
771.2619328644919,0.0
771.2619328644919,0.0
771.2619328644919,0.0
771.2619328644919,0.0
771.2619328644919,0.0
771.2619328644919,0.0
771.2619328644919,0.0
771.2619328644919,0.0
771.2619328644919,0.0
771.2619328644919,0.0
771.2619328644919,0.0
771.2619328644919,0.0
771.2619328644919,0.0
771.2619328644919,0.0
0.0,0.0
0.0,0.0
0.0,0.0
2329.6439881212386,0.0
2888.758545270335,0.0
2888.758545270335,0.0
-7.2703468418929435e-28,0.0
0.0,0.0
1604.801683026099,0.0
2714.7963920475013,0.0
2714.7963920475013,0.0
0.0,0.0
0.0,0.0
2083.262571614768,0.0
2829.6270053087824,0.0
3008.754469395346,0.0
3051.745060776121,0.0
3051.745060776121,0.0
3051.745060776121,0.0
0.0,0.0
0.0,0.0
0.0,0.0
0.0,0.0
0.0,0.0
0.0,0.0
2329.6439881212377,0.0
2888.7585452703356,0.0
3022.9460389861188,0.0
3055.151037477907,0.0
3055.151037477907,0.0
3055.151037477907,0.0
3055.151037477907,0.0
3055.151037477907,0.0
3055.151037477907,0.0
3055.151037477907,0.0
2918.47527213492,0.0
2918.47527213492,0.0
2918.47527213492,0.0
2918.47527213492,0.0
2918.47527213492,0.0
2918.47527213492,0.0
2918.47527213492,0.0
2918.47527213492,0.0
2918.47527213492,0.0
3030.078053433619,0.0
3030.078053433619,0.0
3030.078053433619,0.0
3030.078053433619,0.0
3030.078053433619,0.0
1416.19390683,0.0
2669.5305257604377,0.0
2669.5305257604377,0.0
2669.5305257604377,0.0
2669.5305257604377,0.0
2669.5305257604377,0.0
2669.5305257604377,0.0
2669.5305257604377,0.0
2669.5305257604377,0.0
2669.5305257604377,0.0
2669.5305257604377,0.0
1938.7839069432798,0.0
1938.7839069432798,0.0
1938.7839069432798,0.0
1938.7839069432798,0.0
1938.7839069432798,0.0
1938.7839069432798,0.0
1938.7839069432798,0.0
1938.7839069432798,0.0
1938.7839069432798,0.0
1938.7839069432798,0.0
1938.7839069432798,0.0
1938.7839069432798,0.0
1938.7839069432798,0.0
1938.7839069432798,0.0
1938.7839069432798,0.0
1938.7839069432798,0.0
1938.7839069432798,0.0
1938.7839069432798,0.0
1938.7839069432798,0.0
1938.7839069432798,0.0
1938.7839069432798,0.0
1938.7839069432798,0.0
1938.7839069432798,0.0
1938.7839069432798,0.0
0.0,0.0
0.0,0.0
0.0,0.0
0.0,0.0
0.0,0.0
0.0,0.0
0.0,0.0
2142.522701307922,0.0
2843.8494364351395,0.0
3012.167852865671,0.0
3052.5642728089997,0.0
3062.2594135953977,0.0
3064.5862473841335,0.0
3065.1446874934304,0.0
3065.2787131196615,0.0
3065.3108792699572,0.0
3065.3185991460277,0.0
3065.3185991460277,0.0
3065.3185991460277,0.0
3065.3185991460277,0.0
3065.3185991460277,0.0
3065.3185991460277,0.0
0.0,0.0
0.0,0.0
0.0,0.0
2329.643988121238,0.0
2888.758545270335,0.0
3022.9460389861188,0.0
3055.151037477907,0.0
3062.880237115936,0.0
3064.7352450290628,0.0
3065.1804469282133,0.0
3065.2872953840097,0.0
3065.3129390134,0.0
3065.3190934844542,0.0
1934.1845972775675,0.0
1996.5514472594712,0.0
2808.816335463511,0.0
3003.759908632481,0.0
3050.5463661930335,0.0
3061.7751160075663,0.0
3064.4700159630543,0.0
3065.1167919523714,0.0
3065.272018189807,0.0
3065.309272486792,0.0
3065.318213518068,0.0
3065.3203593655744,0.0
0.0,0.0
0.0,0.0
2329.6439881212377,0.0
2888.758545270335,0.0
3022.9460389861188,0.0
3055.151037477907,0.0
3062.880237115936,0.0
3064.7352450290628,0.0
3065.1804469282133,0.0
3065.2872953840097,0.0
3065.3129390134004,0.0
3065.3190934844542,0.0
3065.3205705575065,0.0
1957.6600552857576,0.0
2799.4824013898196,0.0
2799.4824013898196,0.0
2799.4824013898196,0.0
2799.4824013898196,0.0
2799.4824013898196,0.0
2799.4824013898196,0.0
0.0,0.0
0.0,0.0
0.0,0.0
0.0,0.0
0.0,0.0
0.0,0.0
0.0,0.0
0.0,0.0
0.0,0.0
0.0,0.0
0.0,0.0
0.0,0.0
0.0,0.0
0.0,0.0
0.0,0.0
0.0,0.0
0.0,0.0
0.0,0.0
0.0,0.0
0.0,0.0
0.0,0.0
0.0,0.0
0.0,0.0
0.0,0.0
0.0,0.0
0.0,0.0
0.0,0.0
0.0,0.0
0.0,0.0
0.0,0.0
0.0,0.0
0.0,0.0
0.0,0.0
0.0,0.0
0.0,0.0
0.0,0.0
0.0,0.0
0.0,0.0
0.0,0.0
0.0,0.0
0.0,0.0
0.0,0.0
0.0,0.0
0.0,0.0
0.0,0.0
0.0,0.0
0.0,0.0
0.0,0.0
0.0,0.0
0.0,0.0
0.0,0.0
0.0,0.0
0.0,0.0
0.0,0.0
0.0,0.0
0.0,0.0
0.0,0.0
0.0,0.0
0.0,0.0
0.0,0.0
0.0,0.0
0.0,0.0
0.0,0.0
0.0,0.0
0.0,0.0
0.0,0.0
0.0,0.0
0.0,0.0
1173.6645719301944,0.0
1173.6645719301944,0.0
1173.6645719301944,0.0
0.0,0.0
0.0,0.0
0.0,0.0
0.0,0.0
0.0,0.0
0.0,0.0
0.0,0.0
0.0,0.0
0.0,0.0
0.0,0.0
95.61001899490749,0.0
95.61001899490749,0.0
0.0,0.0
0.0,0.0
817.295632226873,0.0
2525.794939855687,0.0
0.0,0.0
0.0,0.0
0.0,0.0
985.9249659807722,0.0
2566.265979956623,0.0
2945.547823310828,0.0
2508.8695535205134,0.0
2508.8695535205134,0.0
2508.8695535205134,0.0
275.17621426996,0.0
711.6444766595553,0.0
711.6444766595553,0.0
711.6444766595553,0.0
711.6444766595553,0.0
711.6444766595553,0.0
711.6444766595553,0.0
1201.8695383825873,0.0
2618.0926773330593,0.0
2618.0926773330593,0.0
2618.0926773330593,0.0
2618.0926773330593,0.0
2618.0926773330593,0.0
2618.0926773330593,0.0
2618.0926773330593,0.0
2618.0926773330593,0.0
2618.0926773330593,0.0
2618.0926773330593,0.0
2618.0926773330593,0.0
2618.0926773330593,0.0
2618.0926773330593,0.0
2618.0926773330593,0.0
2618.0926773330593,0.0
2618.0926773330593,0.0
2618.0926773330593,0.0
2618.0926773330593,0.0
2618.0926773330593,0.0
2618.0926773330593,0.0
2618.0926773330593,0.0
2618.0926773330593,0.0
2618.0926773330593,0.0
2618.0926773330593,0.0
2618.0926773330593,0.0
2618.0926773330593,0.0
2618.0926773330593,0.0
2618.0926773330593,0.0
2618.0926773330593,0.0
2618.0926773330593,0.0
2618.0926773330593,0.0
2618.0926773330593,0.0
2618.0926773330593,0.0
2618.0926773330593,0.0
2618.0926773330593,0.0
2618.0926773330593,0.0
2618.0926773330593,0.0
2618.0926773330593,0.0
2618.0926773330593,0.0
2618.0926773330593,0.0
2618.0926773330593,0.0
2618.0926773330593,0.0
2618.0926773330593,0.0
2618.0926773330593,0.0
2618.0926773330593,0.0
2618.0926773330593,0.0
2618.0926773330593,0.0
2618.0926773330593,0.0
2618.0926773330593,0.0
2618.0926773330593,0.0
2618.0926773330593,0.0
2618.0926773330593,0.0
2618.0926773330593,0.0
2618.0926773330593,0.0
2618.0926773330593,0.0
2618.0926773330593,0.0
2618.0926773330593,0.0
2618.0926773330593,0.0
2618.0926773330593,0.0
2618.0926773330593,0.0
2618.0926773330593,0.0
2618.0926773330593,0.0
2618.0926773330593,0.0
2618.0926773330593,0.0
2618.0926773330593,0.0
2618.0926773330593,0.0
2618.0926773330593,0.0
2618.0926773330593,0.0
2618.0926773330593,0.0
2618.0926773330593,0.0
2618.0926773330593,0.0
2618.0926773330593,0.0
2618.0926773330593,0.0
2618.0926773330593,0.0
2618.0926773330593,0.0
2618.0926773330593,0.0
2618.0926773330593,0.0
2618.0926773330593,0.0
2618.0926773330593,0.0
2618.0926773330593,0.0
0.0,0.0
0.0,0.0
0.0,0.0
0.0,0.0
0.0,0.0
0.0,0.0
0.0,0.0
0.0,0.0
0.0,0.0
0.0,0.0
0.0,0.0
0.0,0.0
0.0,0.0
0.0,0.0
0.0,0.0
0.0,0.0
0.0,0.0
0.0,0.0
0.0,0.0
0.0,0.0
0.0,0.0
0.0,0.0
0.0,0.0
0.0,0.0
0.0,0.0
0.0,0.0
0.0,0.0
0.0,0.0
0.0,0.0
0.0,0.0
0.0,0.0
0.0,0.0
0.0,0.0
0.0,0.0
0.0,0.0
0.0,0.0
0.0,0.0
0.0,0.0
0.0,0.0
0.0,0.0
0.0,0.0
0.0,0.0
0.0,0.0
0.0,0.0
0.0,0.0
0.0,0.0
0.0,0.0
0.0,0.0
0.0,0.0
0.0,0.0
0.0,0.0
0.0,0.0
0.0,0.0
0.0,0.0
0.0,0.0
0.0,0.0
0.0,0.0
0.0,0.0
0.0,0.0
0.0,0.0
0.0,0.0
0.0,0.0
0.0,0.0
0.0,0.0
0.0,0.0
0.0,0.0
0.0,0.0
0.0,0.0
0.0,0.0
0.0,0.0
0.0,0.0
0.0,0.0
0.0,0.0
0.0,0.0
0.0,0.0
0.0,0.0
0.0,0.0
0.0,0.0
0.0,0.0
0.0,0.0
0.0,0.0
0.0,0.0
0.0,0.0
0.0,0.0
0.0,0.0
0.0,0.0
0.0,0.0
0.0,0.0
0.0,0.0
78.48538297600109,0.0
1218.5171514583428,0.0
2622.08810447124,0.0
2958.945133194336,0.0
3039.7908200878787,0.0
3059.1937849423293,0.0
3063.850496507397,0.0
3063.850496507397,0.0
3063.850496507397,0.0
3063.850496507397,0.0
3063.850496507397,0.0
3063.850496507397,0.0
3063.850496507397,0.0
3063.850496507397,0.0
3063.850496507397,0.0
3063.850496507397,0.0
3063.850496507397,0.0
3063.850496507397,0.0
3063.850496507397,0.0
3063.850496507397,0.0
3063.850496507397,0.0
3063.850496507397,0.0
3063.850496507397,0.0
3063.850496507397,0.0
3063.850496507397,0.0
3063.850496507397,0.0
3063.850496507397,0.0
3063.850496507397,0.0
3063.850496507397,0.0
3063.850496507397,0.0
3063.850496507397,0.0
3063.850496507397,0.0
3063.850496507397,0.0
3063.850496507397,0.0
3063.850496507397,0.0
3063.850496507397,0.0
3063.850496507397,0.0
3063.850496507397,0.0
3063.850496507397,0.0
3063.850496507397,0.0
3063.850496507397,0.0
3063.850496507397,0.0
3063.850496507397,0.0
3063.850496507397,0.0
3063.850496507397,0.0
3063.850496507397,0.0
3063.850496507397,0.0
3063.850496507397,0.0
3063.850496507397,0.0
3063.850496507397,0.0
3063.850496507397,0.0
3063.850496507397,0.0
3063.850496507397,0.0
3063.850496507397,0.0
3063.850496507397,0.0
3063.850496507397,0.0
3063.850496507397,0.0
3063.850496507397,0.0
3063.850496507397,0.0
3063.850496507397,0.0
3063.850496507397,0.0
3063.850496507397,0.0
3063.850496507397,0.0
3063.850496507397,0.0
3063.850496507397,0.0
3063.850496507397,0.0
3063.850496507397,0.0
3063.850496507397,0.0
3063.850496507397,0.0
3063.850496507397,0.0
3063.850496507397,0.0
3063.850496507397,0.0
3063.850496507397,0.0
0.0,0.0
0.0,0.0
0.0,0.0
0.0,0.0
0.0,0.0
0.0,0.0
0.0,0.0
0.0,0.0
0.0,0.0
0.0,0.0
0.0,0.0
0.0,0.0
0.0,0.0
0.0,0.0
0.0,0.0
0.0,0.0
0.0,0.0
0.0,0.0
0.0,0.0
0.0,0.0
0.0,0.0
0.0,0.0
0.0,0.0
0.0,0.0
0.0,0.0
0.0,0.0
0.0,0.0
2329.643988121238,0.0
2888.7585452703356,0.0
3022.9460389861188,0.0
2482.473178325013,0.0
2925.437550919242,0.0
3031.7490003418557,0.0
3057.2637482032837,0.0
3063.387287690027,0.0
3064.856937166844,0.0
3065.209653041281,0.0
3065.209653041281,0.0
3065.209653041281,0.0
3065.2943048511456,0.0
3065.2943048511456,0.0
0.0,0.0
0.0,0.0
0.0,0.0
663.0465493009634,0.0
2488.7751599534695,0.0
2926.950026510071,0.0
3032.111994483655,0.0
3057.350866797315,0.0
3063.408196152594,0.0
3064.8619551978604,0.0
3065.2108573687246,0.0
3065.294593889732,0.0
3065.294593889732,0.0
3065.294593889732,0.0
3065.294593889732,0.0
3065.294593889732,0.0
3065.294593889732,0.0
3065.294593889732,0.0
3065.294593889732,0.0
3065.294593889732,0.0
3065.294593889732,0.0
3065.294593889732,0.0
3065.294593889732,0.0
3065.294593889732,0.0
3065.294593889732,0.0
0.0,0.0
0.0,0.0
0.0,0.0
0.0,0.0
0.0,0.0
0.0,0.0
0.0,0.0
0.0,0.0
0.0,0.0
0.0,0.0
0.0,0.0
0.0,0.0
0.0,0.0
0.0,0.0
0.0,0.0
0.0,0.0
0.0,0.0
0.0,0.0
0.0,0.0
0.0,0.0
0.0,0.0
0.0,0.0
0.0,0.0
0.0,0.0
0.0,0.0
0.0,0.0
2329.6439881212377,0.0
2888.7585452703356,0.0
3022.9460389861188,0.0
3055.151037477907,0.0
3055.151037477907,0.0
3055.151037477907,0.0
3055.151037477907,0.0
1636.7836687944698,0.0
0.0,0.0
0.0,0.0
0.0,0.0
0.0,0.0
0.0,0.0
0.0,0.0
0.0,0.0
0.0,0.0
0.0,0.0
0.0,0.0
0.0,0.0
0.0,0.0
0.0,0.0
0.0,0.0
0.0,0.0
0.0,0.0
0.0,0.0
0.0,0.0
0.0,0.0
0.0,0.0
0.0,0.0
0.0,0.0
0.0,0.0
0.0,0.0
0.0,0.0
0.0,0.0
0.0,0.0
0.0,0.0
0.0,0.0
0.0,0.0
0.0,0.0
2264.156144964369,0.0
2873.0414629126876,0.0
2873.0414629126876,0.0
2873.0414629126876,0.0
2873.0414629126876,0.0
2873.0414629126876,0.0
2873.0414629126876,0.0
0.0,0.0
0.0,0.0
2329.6439881212377,0.0
2888.758545270335,0.0
3022.9460389861188,0.0
3055.151037477907,0.0
3055.151037477907,0.0
3055.151037477907,0.0
3055.151037477907,0.0
3055.151037477907,0.0
3055.151037477907,0.0
3055.151037477907,0.0
3055.151037477907,0.0
3055.151037477907,0.0
3055.151037477907,0.0
3055.151037477907,0.0
3055.151037477907,0.0
3055.151037477907,0.0
3055.151037477907,0.0
3055.151037477907,0.0
3055.151037477907,0.0
3055.151037477907,0.0
3055.151037477907,0.0
3055.151037477907,0.0
3055.151037477907,0.0
3055.151037477907,0.0
3055.151037477907,0.0
3055.151037477907,0.0
3055.151037477907,0.0
3055.151037477907,0.0
3055.151037477907,0.0
3055.151037477907,0.0
3055.151037477907,0.0
3055.151037477907,0.0
3055.151037477907,0.0
3055.151037477907,0.0
3055.151037477907,0.0
3055.151037477907,0.0
3055.151037477907,0.0
3055.151037477907,0.0
3055.151037477907,0.0
3055.151037477907,0.0
3055.151037477907,0.0
3055.151037477907,0.0
3055.151037477907,0.0
3055.151037477907,0.0
3055.151037477907,0.0
3055.151037477907,0.0
3055.151037477907,0.0
3055.151037477907,0.0
3055.151037477907,0.0
3055.151037477907,0.0
3055.151037477907,0.0
3055.151037477907,0.0
3055.151037477907,0.0
3055.151037477907,0.0
3055.151037477907,0.0
3055.151037477907,0.0
3055.151037477907,0.0
3055.151037477907,0.0
3055.151037477907,0.0
3055.151037477907,0.0
3055.151037477907,0.0
3055.151037477907,0.0
3055.151037477907,0.0
3055.151037477907,0.0
3055.151037477907,0.0
3055.151037477907,0.0
3055.151037477907,0.0
3055.151037477907,0.0
3055.151037477907,0.0
3055.151037477907,0.0
3055.151037477907,0.0
3055.151037477907,0.0
3055.151037477907,0.0
3055.151037477907,0.0
3055.151037477907,0.0
3055.151037477907,0.0
3055.151037477907,0.0
3055.151037477907,0.0
3055.151037477907,0.0
3055.151037477907,0.0
3055.151037477907,0.0
3055.151037477907,0.0
3055.151037477907,0.0
3055.151037477907,0.0
3055.151037477907,0.0
3055.151037477907,0.0
3055.151037477907,0.0
3055.151037477907,0.0
3055.151037477907,0.0
3055.151037477907,0.0
3055.151037477907,0.0
3055.151037477907,0.0
3055.151037477907,0.0
3055.151037477907,0.0
3055.151037477907,0.0
3055.151037477907,0.0
3055.151037477907,0.0
3055.151037477907,0.0
3055.151037477907,0.0
3055.151037477907,0.0
3055.151037477907,0.0
3055.151037477907,0.0
3055.151037477907,0.0
3055.151037477907,0.0
3055.151037477907,0.0
3055.151037477907,0.0
3055.151037477907,0.0
3055.151037477907,0.0
3055.151037477907,0.0
3055.151037477907,0.0
3055.151037477907,0.0
3055.151037477907,0.0
3055.151037477907,0.0
3055.151037477907,0.0
3055.151037477907,0.0
3055.151037477907,0.0
3055.151037477907,0.0
3055.151037477907,0.0
3055.151037477907,0.0
3055.151037477907,0.0
3055.151037477907,0.0
3055.151037477907,0.0
3055.151037477907,0.0
3055.151037477907,0.0
3055.151037477907,0.0
3055.151037477907,0.0
3055.151037477907,0.0
3055.151037477907,0.0
3055.151037477907,0.0
3055.151037477907,0.0
3055.151037477907,0.0
3055.151037477907,0.0
3055.151037477907,0.0
3055.151037477907,0.0
3055.151037477907,0.0
3055.151037477907,0.0
3055.151037477907,0.0
3055.151037477907,0.0
3055.151037477907,0.0
3055.151037477907,0.0
3055.151037477907,0.0
3055.151037477907,0.0
3055.151037477907,0.0
3055.151037477907,0.0
3055.151037477907,0.0
3055.151037477907,0.0
3055.151037477907,0.0
3055.151037477907,0.0
3055.151037477907,0.0
3055.151037477907,0.0
3055.151037477907,0.0
3055.151037477907,0.0
3055.151037477907,0.0
3055.151037477907,0.0
3055.151037477907,0.0
3055.151037477907,0.0
3055.151037477907,0.0
3055.151037477907,0.0
3055.151037477907,0.0
3055.151037477907,0.0
3055.151037477907,0.0
3055.151037477907,0.0
3055.151037477907,0.0
3055.151037477907,0.0
3055.151037477907,0.0
3055.151037477907,0.0
3055.151037477907,0.0
3055.151037477907,0.0
3055.151037477907,0.0
3055.151037477907,0.0
3055.151037477907,0.0
3055.151037477907,0.0
3055.151037477907,0.0
3055.151037477907,0.0
3055.151037477907,0.0
3055.151037477907,0.0
3055.151037477907,0.0
3055.151037477907,0.0
3055.151037477907,0.0
3055.151037477907,0.0
3055.151037477907,0.0
3055.151037477907,0.0
3055.151037477907,0.0
3055.151037477907,0.0
3055.151037477907,0.0
3055.151037477907,0.0
3055.151037477907,0.0
3055.151037477907,0.0
3055.151037477907,0.0
3055.151037477907,0.0
673.8831565503523,0.0
673.8831565503523,0.0
673.8831565503523,0.0
673.8831565503523,0.0
673.8831565503523,0.0
673.8831565503523,0.0
673.8831565503523,0.0
0.0,0.0
0.0,0.0
2329.6439881212377,0.0
2888.7585452703356,0.0
2888.7585452703356,0.0
2888.7585452703356,0.0
-7.2703468418929435e-28,0.0
0.0,0.0
2329.643988121238,0.0
2888.758545270335,0.0
3022.9460389861188,0.0
3055.151037477907,0.0
3062.880237115936,0.0
3064.7352450290628,0.0
3065.1804469282133,0.0
3065.2872953840097,0.0
3065.3129390134,0.0
2377.210442768756,0.0
2900.1744943857398,0.0
3025.685866773816,0.0
3055.8085961469537,0.0
3063.038051196507,0.0
3064.7731204084002,0.0
3064.7731204084002,0.0
3064.7731204084002,0.0
3064.7731204084002,0.0
3064.7731204084002,0.0
3064.7731204084002,0.0
0.0,0.0
0.0,0.0
0.0,0.0
0.0,0.0
482.14660627179234,0.0
2445.3591736264684,0.0
2916.5301897915906,0.0
3029.6112336712204,0.0
3029.6112336712204,0.0
3029.6112336712204,0.0
3029.6112336712204,0.0
3029.6112336712204,0.0
3029.6112336712204,0.0
0.0,0.0
0.0,0.0
0.0,0.0
0.0,0.0
0.0,0.0
2329.6439881212377,0.0
2888.7585452703356,0.0
3022.9460389861188,0.0
3022.9460389861188,0.0
3022.9460389861188,0.0
3022.9460389861188,0.0
3022.9460389861188,0.0
3022.9460389861188,0.0
0.0,0.0
0.0,0.0
2329.643988121238,0.0
2888.7585452703356,0.0
3022.9460389861188,0.0
3055.151037477907,0.0
3055.151037477907,0.0
3055.151037477907,0.0
3055.151037477907,0.0
3055.151037477907,0.0
3055.151037477907,0.0
0.0,0.0
2329.643988121238,0.0
2888.7585452703356,0.0
3022.9460389861188,0.0
3055.151037477907,0.0
3062.880237115936,0.0
3062.880237115936,0.0
3062.880237115936,0.0
3062.880237115936,0.0
3062.880237115936,0.0
3062.880237115936,0.0
3062.880237115936,0.0
3062.880237115936,0.0
0.0,0.0
0.0,0.0
0.0,0.0
0.0,0.0
0.0,0.0
0.0,0.0
0.0,0.0
0.0,0.0
0.0,0.0
0.0,0.0
0.0,0.0
0.0,0.0
0.0,0.0
2329.643988121238,0.0
2888.7585452703356,0.0
3022.9460389861188,0.0
3055.151037477907,0.0
3062.880237115936,0.0
0.0,0.0
0.0,0.0
0.0,0.0
782.5607010677849,0.0
0.0,0.0
0.0,0.0
2329.643988121238,0.0
2888.7585452703356,0.0
3022.9460389861188,0.0
3055.151037477907,0.0
3062.880237115936,0.0
3064.7352450290628,0.0
3065.1804469282133,0.0
3065.2872953840097,0.0
3065.3129390134,0.0
3065.3129390134,0.0
3065.3129390134,0.0
3065.3129390134,0.0
3065.3129390134,0.0
3065.3129390134,0.0
3065.3129390134,0.0
3065.3129390134,0.0
3065.3129390134,0.0
3065.3129390134,0.0
3065.3129390134,0.0
3065.3129390134,0.0
3065.3129390134,0.0
3065.3129390134,0.0
3065.3129390134,0.0
755.1940484536366,0.0
0.0,0.0
0.0,0.0
0.0,0.0
0.0,0.0
0.0,0.0
0.0,0.0
0.0,0.0
0.0,0.0
0.0,0.0
0.0,0.0
0.0,0.0
0.0,0.0
0.0,0.0
0.0,0.0
0.0,0.0
1156.5748805245228,0.0
2607.2219594471235,0.0
2607.2219594471235,0.0
2607.2219594471235,0.0
2607.2219594471235,0.0
2607.2219594471235,0.0
2607.2219594471235,0.0
1206.5939565890983,0.0
1.3981436234409507e-27,0.0
0.0,0.0
0.0,0.0
284.48937648896964,0.0
1967.2052183997719,0.0
2801.7732405371835,0.0
2801.7732405371835,0.0
2801.7732405371835,0.0
2801.7732405371835,0.0
2801.7732405371835,0.0
2801.7732405371835,0.0
2801.7732405371835,0.0
2801.7732405371835,0.0
2801.7732405371835,0.0
2801.7732405371835,0.0
2801.7732405371835,0.0
2801.7732405371835,0.0
2801.7732405371835,0.0
2801.7732405371835,0.0
2801.7732405371835,0.0
2801.7732405371835,0.0
2801.7732405371835,0.0
2801.7732405371835,0.0
2801.7732405371835,0.0
0.0,0.0
0.0,0.0
0.0,0.0
0.0,0.0
0.0,0.0
0.0,0.0
0.0,0.0
0.0,0.0
0.0,0.0
0.0,0.0
0.0,0.0
0.0,0.0
0.0,0.0
0.0,0.0
0.0,0.0
0.0,0.0
0.0,0.0
0.0,0.0
0.0,0.0
0.0,0.0
0.0,0.0
0.0,0.0
0.0,0.0
0.0,0.0
0.0,0.0
0.0,0.0
0.0,0.0
0.0,0.0
0.0,0.0
0.0,0.0
0.0,0.0
0.0,0.0
0.0,0.0
0.0,0.0
0.0,0.0
0.0,0.0
0.0,0.0
0.0,0.0
0.0,0.0
0.0,0.0
0.0,0.0
0.0,0.0
0.0,0.0
0.0,0.0
0.0,0.0
0.0,0.0
0.0,0.0
0.0,0.0
0.0,0.0
0.0,0.0
0.0,0.0
0.0,0.0
0.0,0.0
0.0,0.0
0.0,0.0
0.0,0.0
0.0,0.0
0.0,0.0
0.0,0.0
0.0,0.0
0.0,0.0
0.0,0.0
0.0,0.0
0.0,0.0
0.0,0.0
0.0,0.0
0.0,0.0
0.0,0.0
0.0,0.0
0.0,0.0
0.0,0.0
0.0,0.0
0.0,0.0
0.0,0.0
0.0,0.0
0.0,0.0
0.0,0.0
0.0,0.0
0.0,0.0
0.0,0.0
0.0,0.0
0.0,0.0
0.0,0.0
0.0,0.0
0.0,0.0
0.0,0.0
0.0,0.0
0.0,0.0
0.0,0.0
0.0,0.0
0.0,0.0
0.0,0.0
0.0,0.0
0.0,0.0
0.0,0.0
0.0,0.0
0.0,0.0
0.0,0.0
0.0,0.0
0.0,0.0
0.0,0.0
0.0,0.0
0.0,0.0
0.0,0.0
0.0,0.0
0.0,0.0
0.0,0.0
0.0,0.0
0.0,0.0
0.0,0.0
0.0,0.0
0.0,0.0
0.0,0.0
0.0,0.0
0.0,0.0
0.0,0.0
0.0,0.0
0.0,0.0
0.0,0.0
0.0,0.0
0.0,0.0
0.0,0.0
0.0,0.0
0.0,0.0
0.0,0.0
0.0,0.0
0.0,0.0
0.0,0.0
0.0,0.0
0.0,0.0
0.0,0.0
0.0,0.0
0.0,0.0
0.0,0.0
0.0,0.0
0.0,0.0
0.0,0.0
0.0,0.0
0.0,0.0
0.0,0.0
0.0,0.0
0.0,0.0
0.0,0.0
0.0,0.0
0.0,0.0
0.0,0.0
0.0,0.0
0.0,0.0
0.0,0.0
0.0,0.0
0.0,0.0
0.0,0.0
0.0,0.0
0.0,0.0
0.0,0.0
0.0,0.0
0.0,0.0
0.0,0.0
0.0,0.0
0.0,0.0
0.0,0.0
0.0,0.0
0.0,0.0
0.0,0.0
0.0,0.0
0.0,0.0
0.0,0.0
0.0,0.0
0.0,0.0
0.0,0.0
0.0,0.0
0.0,0.0
0.0,0.0
0.0,0.0
0.0,0.0
0.0,0.0
0.0,0.0
0.0,0.0
0.0,0.0
0.0,0.0
0.0,0.0
0.0,0.0
0.0,0.0
0.0,0.0
0.0,0.0
0.0,0.0
0.0,0.0
0.0,0.0
0.0,0.0
0.0,0.0
0.0,0.0
0.0,0.0
0.0,0.0
0.0,0.0
0.0,0.0
0.0,0.0
0.0,0.0
0.0,0.0
0.0,0.0
0.0,0.0
0.0,0.0
0.0,0.0
0.0,0.0
0.0,0.0
0.0,0.0
0.0,0.0
0.0,0.0
0.0,0.0
0.0,0.0
0.0,0.0
0.0,0.0
0.0,0.0
0.0,0.0
0.0,0.0
0.0,0.0
0.0,0.0
0.0,0.0
0.0,0.0
0.0,0.0
0.0,0.0
0.0,0.0
0.0,0.0
0.0,0.0
0.0,0.0
0.0,0.0
0.0,0.0
0.0,0.0
0.0,0.0
0.0,0.0
0.0,0.0
0.0,0.0
0.0,0.0
0.0,0.0
0.0,0.0
0.0,0.0
0.0,0.0
0.0,0.0
0.0,0.0
0.0,0.0
0.0,0.0
0.0,0.0
0.0,0.0
0.0,0.0
0.0,0.0
0.0,0.0
0.0,0.0
0.0,0.0
0.0,0.0
0.0,0.0
0.0,0.0
0.0,0.0
0.0,0.0
0.0,0.0
0.0,0.0
0.0,0.0
0.0,0.0
0.0,0.0
0.0,0.0
0.0,0.0
0.0,0.0
0.0,0.0
0.0,0.0
0.0,0.0
0.0,0.0
0.0,0.0
0.0,0.0
0.0,0.0
0.0,0.0
0.0,0.0
0.0,0.0
0.0,0.0
0.0,0.0
0.0,0.0
0.0,0.0
0.0,0.0
0.0,0.0
0.0,0.0
0.0,0.0
2329.6439881212377,0.0
2888.7585452703356,0.0
2888.7585452703356,0.0
2888.7585452703356,0.0
-7.2703468418929435e-28,0.0
-7.2703468418929435e-28,0.0
-7.2703468418929435e-28,0.0
0.0,0.0
0.0,0.0
0.0,0.0
0.0,0.0
0.0,0.0
2329.6439881212377,0.0
2888.7585452703356,0.0
3022.9460389861188,0.0
3055.151037477907,0.0
3062.880237115936,0.0
3064.7352450290628,0.0
3065.1804469282133,0.0
3065.2872953840097,0.0
3065.3129390134,0.0
3065.3129390134,0.0
3065.3129390134,0.0
3065.3129390134,0.0
3065.3129390134,0.0
3065.3129390134,0.0
3065.3129390134,0.0
3065.3129390134,0.0
3065.3129390134,0.0
3065.3129390134,0.0
3065.3129390134,0.0
3065.3129390134,0.0
3065.3129390134,0.0
0.0,0.0
0.0,0.0
0.0,0.0
2329.6439881212377,0.0
2888.758545270335,0.0
3022.9460389861188,0.0
3055.151037477907,0.0
3055.151037477907,0.0
3055.151037477907,0.0
3055.151037477907,0.0
3055.151037477907,0.0
3055.151037477907,0.0
3055.151037477907,0.0
3055.151037477907,0.0
3055.151037477907,0.0
3055.151037477907,0.0
3055.151037477907,0.0
3055.151037477907,0.0
3055.151037477907,0.0
3055.151037477907,0.0
3055.151037477907,0.0
3055.151037477907,0.0
3055.151037477907,0.0
3055.151037477907,0.0
0.0,0.0
0.0,0.0
0.0,0.0
0.0,0.0
0.0,0.0
0.0,0.0
0.0,0.0
0.0,0.0
0.0,0.0
0.0,0.0
0.0,0.0
0.0,0.0
0.0,0.0
0.0,0.0
0.0,0.0
0.0,0.0
1170.5613095475476,0.0
2610.5787024126494,0.0
2956.182876700274,0.0
3039.1278785293043,0.0
3039.1278785293043,0.0
3039.1278785293043,0.0
1304.0777073614927,0.0
1304.0777073614927,0.0
1304.0777073614927,0.0
1304.0777073614927,0.0
507.31718979792697,0.0
507.31718979792697,0.0
0.0,0.0
2329.6439881212377,0.0
2888.7585452703356,0.0
3022.9460389861188,0.0
3055.151037477907,0.0
2606.5767387950737,0.0
1120.7044800429637,0.0
1541.2300861570438,0.0
0.0,0.0
1451.6332766323026,0.0
2678.0359745129904,0.0
2972.3726220043554,0.0
3043.0134174022833,0.0
3043.0134174022833,0.0
0.0,0.0
0.0,0.0
0.0,0.0
0.0,0.0
0.0,0.0
1496.8869615509427,0.0
2688.8968588934645,0.0
2974.97923425567,0.0
3043.639004342599,0.0
3043.639004342599,0.0
0.0,0.0
0.0,0.0
2146.7818950826527,0.0
2146.7818950826527,0.0
2844.8716429410747,0.0
3012.413182427096,0.0
3052.6231519037415,0.0
3062.2735445781364,0.0
3064.5896388199903,0.0
3065.1455014380363,0.0
3065.278908466367,0.0
3065.3109261531667,0.0
3065.314621206755,0.0
3065.31949721086,0.0
3065.320667451844,0.0
3065.320948309681,0.0
3065.320948309681,0.0
0.0,0.0
1351.7329941507599,0.0
2654.0599067174207,0.0
2966.618365733419,0.0
2877.897874700595,0.0
3020.3394780493813,0.0
3054.5254628530893,0.0
3062.7300992059795,0.0
3064.6992119306733,0.0
3065.1717989845997,0.0
3065.1717989845997,0.0
3065.1717989845997,0.0
3065.1717989845997,0.0
0.0,0.0
0.0,0.0
0.0,0.0
0.0,0.0
0.0,0.0
0.0,0.0
0.0,0.0
0.0,0.0
0.0,0.0
0.0,0.0
0.0,0.0
0.0,0.0
0.0,0.0
0.0,0.0
0.0,0.0
0.0,0.0
0.0,0.0
0.0,0.0
