Lignite,Coal,Gas,WindOnshore,WindOffshore,PVGround,PVRoof
0.0,0.0,0.0,30493.093960839833,4558.906039160169,0.0,0.0
0.0,0.0,0.0,30045.53188085848,4252.4681191415175,0.0,0.0
0.0,0.0,0.0,24074.120000000003,0.0,0.0,0.0
0.0,0.0,0.0,24884.43739736965,3819.3463662659924,0.0,0.0
0.0,0.0,0.0,24395.944512000002,0.0,0.0,0.0
0.0,0.0,0.0,26544.81924687188,3437.582924008119,0.0,0.0
0.0,0.0,0.0,27413.819106238032,3173.9435961708427,0.0,0.0
0.0,0.0,0.0,39074.79823338535,2953.102860514942,0.0,0.0
0.0,0.0,0.0,39095.800715125544,2787.044322851204,295.3901306590394,0.0
0.0,0.0,0.0,37855.3771472312,0.0,2001.164124605605,0.0
0.0,0.0,0.0,33625.76648850693,0.0,4530.702144897097,0.0
0.0,0.0,0.0,31258.036034665714,0.0,7135.12780394722,0.0
0.0,0.0,0.0,29576.43129112065,0.0,7884.004191533517,0.0
0.0,0.0,0.0,30631.38632174136,0.0,7085.202711441467,0.0
0.0,0.0,0.0,33169.511517362844,0.0,4713.760817418192,0.0
0.0,0.0,0.0,40488.034836000006,1612.650953394247,1302.2128295250611,0.0
0.0,0.0,0.0,42752.553660000005,1919.088873412899,0.0,0.0
0.0,0.0,0.0,42225.467382,2235.798455555081,0.0,0.0
0.0,0.0,0.0,41190.81654,2434.3839232766654,0.0,0.0
0.0,0.0,0.0,40117.12227,2482.3183465198067,0.0,0.0
0.0,0.0,0.0,38672.515434,2451.503360149216,0.0,0.0
0.0,0.0,0.0,35740.69129028571,2453.2153038364713,0.0,0.0
0.0,0.0,0.0,29706.66402250715,2463.4869659600013,0.0,0.0
0.0,0.0,0.0,31279.726057553984,2456.639191210981,0.0,0.0
0.0,0.0,0.0,25023.27460028745,2437.8078106511757,0.0,0.0
0.0,0.0,0.0,26608.096182,2398.43310584431,0.0,0.0
0.0,0.0,0.0,24421.664214,2420.688373778625,0.0,0.0
0.0,0.0,0.0,22859.927094000002,2588.458855129619,0.0,0.0
0.0,0.0,0.0,21922.884822,2894.8967751482714,0.0,0.0
452.6468545259718,0.0,133.3725860600407,21669.102540000004,3221.878019413984,0.0,0.0
452.6468545259718,0.0,5352.037955720809,22020.493392,3471.8217977532195,0.0,0.0
452.6468545259718,0.0,5726.63757693638,22586.623098,3646.440053853233,0.0,0.0
452.6468545259718,0.0,11643.779187245817,23308.926516000003,3810.786647829717,203.86079439849198,0.0
452.6468545259718,0.0,7054.0225753808245,22938.01395,3740.596956652261,2741.7196634409433,0.0
452.6468545259718,0.0,4454.74107224316,21181.059690000002,3377.6648949541923,6739.887488276674,0.0
452.6468545259718,0.0,2922.7299495508587,19189.844862,2977.0700721365133,10080.708261786654,0.0
452.6468545259718,0.0,3513.7478152045223,17686.672884,2694.5993637394317,11108.333082530075,0.0
452.6468545259718,0.0,5718.581547696498,17101.021464,2537.100544511968,9897.64958926556,0.0
452.6468545259718,0.0,9071.745005401574,17803.803168000002,2725.4143501100225,6182.3906219624305,0.0
452.6468545259718,0.0,12699.89344597829,20283.060846000004,3319.4588095875206,1372.9400439082115,0.0
452.6468545259718,0.0,17174.24515862174,23172.274518000002,4089.8334688522887,0.0,0.0
452.6468545259718,0.0,13449.785125333457,25358.706486,4695.861534140572,0.0,0.0
452.6468545259718,0.0,9854.132915824599,27369.443028,5070.777201649426,0.0,0.0
452.6468545259718,0.0,7621.06041946969,29341.136142,5211.1565840043395,0.0,0.0
452.6468545259718,0.0,3005.583452457928,30824.786406000003,5128.983287016097,0.0,0.0
0.0,0.0,0.0,31195.698972000002,4937.245594043533,0.0,0.0
0.0,0.0,0.0,32288.914956,4730.100407885673,0.0,0.0
0.0,0.0,0.0,28391.28156269349,0.0,0.0,0.0
0.0,0.0,0.0,28712.186012352948,0.0,0.0,0.0
0.0,0.0,0.0,23745.29863061176,0.0,0.0,0.0
0.0,0.0,0.0,28423.615584000003,1354.997456735059,0.0,0.0
0.0,0.0,0.0,25944.357906,508.7361830413529,0.0,0.0
0.0,0.0,0.0,23894.577936,3351.9857396453667,0.0,0.0
0.0,0.0,0.0,23172.274518000002,3379.376838641447,0.0,0.0
452.6468545259718,0.0,2219.388353728647,23699.360796,3526.6039957453804,0.0,0.0
452.6468545259718,0.0,6144.772039134508,24968.272206000005,3742.3089003395153,0.0,0.0
452.6468545259718,0.0,7923.80093521157,26842.356750000003,4035.0512708601273,237.1441894023274,0.0
452.6468545259718,0.0,1567.3020107462676,28052.703018,4059.018482481698,3432.3501097705284,0.0
240.81188622423497,0.0,0.0,27018.052176,3653.2878286022537,9098.84810917351,0.0
0.0,0.0,0.0,24694.968210000003,3312.611034838501,12722.577740216093,0.0
452.6468545259718,0.0,0.0,22996.579092000004,3108.8897360551514,13492.256249679785,0.0
452.6468545259718,0.0,2293.7583752364853,22879.448808,2977.0700721365133,11724.075890101029,0.0
452.6468545259718,0.0,0.0,24460.707642,3062.667256499265,7305.705203341876,0.0
452.6468545259718,0.0,8344.12875966799,28286.963586,3488.94123462577,1564.319565180265,0.0
452.6468545259718,0.0,7448.935127914885,32210.828100000002,3954.5899175591408,0.0,0.0
452.6468545259718,0.0,6076.249137015839,33928.73893200001,4223.365076458182,0.0,0.0
452.6468545259718,0.0,6979.478117155057,33909.217218,4322.657810318974,0.0,0.0
452.6468545259718,0.0,5975.084908637413,33147.870372000005,4199.397864836611,0.0,0.0
452.6468545259718,0.0,4569.1255651080155,32152.262958000007,3993.9646223660066,0.0,0.0
452.6468545259718,0.0,2041.1879553237254,31351.872684,3754.292506150301,0.0,0.0
0.0,0.0,0.0,30531.960696000006,3511.1965025600853,0.0,0.0
0.0,0.0,0.0,29575.39671,3293.779654278695,0.0,0.0
0.0,0.0,0.0,28345.528728,3048.971707001225,0.0,0.0
0.0,0.0,0.0,26803.313322,2841.8265208433654,0.0,0.0
0.0,0.0,0.0,25534.401912,2752.805449106103,0.0,0.0
452.6468545259718,0.0,0.0,23718.88251,2763.077111229633,0.0,0.0
452.6468545259718,0.0,0.0,22098.580248000002,2826.41902765807,0.0,0.0
452.6468545259718,0.0,4721.212205206146,21200.581404,2932.5595362678823,0.0,0.0
452.6468545259718,0.0,0.0,20810.147124000003,3052.3955943757346,0.0,0.0
452.6468545259718,0.0,17209.831059192915,20732.060268,3081.4986370590705,0.0,0.0
452.6468545259718,0.0,20151.908703029912,20595.40827,3088.3464118080906,95.68976063602685,0.0
452.6468545259718,0.0,14208.4964016167,20224.495704,3064.37920018652,2566.981839670807,0.0
452.6468545259718,0.0,8646.994492726686,19404.583716,2872.6415072139557,6798.133429533385,0.0
452.6468545259718,0.0,8602.20027638211,18233.280876,2624.4096725619747,10022.462320529943,0.0
452.6468545259718,0.0,6348.02049798629,16710.587184,2465.198909647256,11632.546553840482,0.0
452.6468545259718,0.0,10281.396826232449,15363.588918000003,2555.931925071773,10151.435476169805,0.0
452.6468545259718,0.0,12407.438459492714,14816.980926,2918.863986769842,6174.069773211471,0.0
452.6468545259718,0.0,18842.837109997512,15910.196910000002,3333.1543590855613,1223.1647663909519,0.0
452.6468545259718,0.0,22969.83627547375,17218.151748,3492.36512200028,0.0,0.0
452.6468545259718,0.0,24171.492990511997,17510.977458,3322.882696962031,0.0,0.0
452.6468545259718,0.0,20785.845339056126,17550.020886,3194.486920417903,0.0,0.0
452.6468545259718,0.0,17818.16208419925,17999.020308000003,3321.170753274776,0.0,0.0
452.6468545259718,0.0,16019.051380929615,18916.540866000003,3620.7608985444076,0.0,0.0
452.6468545259718,0.0,9246.843720548215,19970.713422,4012.796002925812,0.0,0.0
452.6468545259718,0.0,4174.092528413872,21102.972834,4384.287783060156,0.0,0.0
452.6468545259718,0.0,0.0,21942.406536000002,4615.400180839586,0.0,0.0
452.6468545259718,0.0,0.0,22430.449386,4791.730380626855,0.0,0.0
0.0,0.0,0.0,22684.231668,4916.702269796473,0.0,0.0
0.0,0.0,0.0,22859.927094000002,5055.369708464131,0.0,0.0
0.0,0.0,0.0,23172.274518000002,5219.7163024406145,0.0,0.0
0.0,0.0,0.0,23933.621364000002,5384.062896417098,0.0,0.0
0.0,0.0,0.0,25202.532774,5606.615575760254,0.0,0.0
0.0,0.0,0.0,26920.443606,5647.702224254374,0.0,0.0
0.0,0.0,0.0,28657.876152000004,5615.175294196529,0.0,0.0
0.0,0.0,0.0,29809.657278000002,5555.257265142603,287.06928190808054,0.0
0.0,0.0,0.0,28677.397866000003,5199.172978193555,3927.44061045258,0.0
0.0,0.0,0.0,25768.662480000003,4615.400180839586,8678.645247250088,0.0
0.0,0.0,0.0,23504.143656,4139.479835782685,11649.1882513424,0.0
0.0,0.0,0.0,23016.100806000002,3757.716393524811,12140.118327648972,0.0
0.0,0.0,0.0,24363.099072,3678.9669839110793,10276.248207434188,0.0
0.0,0.0,0.0,27974.616162000006,3882.688282694429,6020.134071318733,0.0
0.0,0.0,0.0,33401.652654000005,4433.934149990551,0.0,0.0
0.0,0.0,0.0,37813.560018000004,4010.6468688492023,0.0,0.0
0.0,0.0,0.0,37589.27401125692,5327.568754737682,0.0,0.0
0.0,0.0,0.0,36405.937555153454,5656.26194269065,0.0,0.0
0.0,0.0,0.0,39397.568381638484,0.0,0.0,0.0
0.0,0.0,0.0,37476.72802995476,0.0,0.0,0.0
0.0,0.0,0.0,34782.12669723439,0.0,0.0,0.0
0.0,0.0,0.0,32655.02371010187,0.0,0.0,0.0
0.0,0.0,0.0,30005.061980322585,0.0,0.0,0.0
0.0,0.0,0.0,29189.512894954838,0.0,0.0,0.0
0.0,0.0,0.0,28198.93019983432,0.0,0.0,0.0
0.0,0.0,0.0,26895.933048125917,0.0,0.0,0.0
0.0,0.0,0.0,25872.250883424305,0.0,0.0,0.0
0.0,0.0,0.0,24977.089328597533,0.0,0.0,0.0
0.0,0.0,0.0,24953.21211026588,0.0,0.0,0.0
0.0,0.0,0.0,26292.558796197933,0.0,0.0,0.0
0.0,0.0,0.0,28289.65531488957,0.0,0.0,0.0
0.0,0.0,0.0,33373.97941443104,0.0,24.962546252876567,0.0
0.0,0.0,0.0,34729.129206000005,2335.514903880212,0.0,0.0
0.0,0.0,0.0,31215.220686,402.4320963143423,3702.777694176691,0.0
0.0,0.0,0.0,29868.222420000002,1401.916977889171,5229.653439977642,0.0
0.0,0.0,0.0,28755.484722,4901.294776611177,5612.412482521749,0.0
0.0,0.0,0.0,27174.225888,4846.5125786190165,4289.397531119291,0.0
0.0,0.0,0.0,27916.05102,5105.016075394527,2084.3726121151935,0.0
0.0,0.0,0.0,32132.741244,5851.4235230377235,299.5505550345188,0.0
0.0,0.0,0.0,36427.518324,6740.91321139258,0.0,0.0
0.0,0.0,0.0,33866.3541144118,7845.837918689845,0.0,0.0
0.0,0.0,0.0,39865.76119532442,8607.652859518337,0.0,0.0
0.0,0.0,0.0,40195.209126,5079.3161923195075,0.0,0.0
0.0,0.0,0.0,39882.861702,2138.9390560771717,0.0,0.0
0.0,0.0,0.0,39238.64514000001,793.3462838613414,0.0,0.0
0.0,0.0,0.0,36915.561174,295.72534386537154,0.0,0.0
0.0,0.0,0.0,20489.279813737336,8316.62243268498,0.0,0.0
0.0,0.0,0.0,31761.828678000005,488.48561471903304,0.0,0.0
0.0,0.0,0.0,27486.573312000004,1900.227825533526,0.0,0.0
0.0,0.0,0.0,21193.723706823068,5841.151860914194,0.0,0.0
0.0,0.0,0.0,20985.84255,5252.24323249846,0.0,0.0
0.0,0.0,0.0,19228.888290000003,4938.957537730787,0.0,0.0
452.6468545259718,0.0,1915.5222644187338,18662.758584000003,4855.0722970552915,0.0,0.0
452.6468545259718,0.0,5624.03847084717,18955.584294000004,4791.730380626855,0.0,0.0
452.6468545259718,0.0,9358.828168108643,18838.45401,4772.899000067049,0.0,0.0
452.6468545259718,0.0,16418.336012281576,17686.672884,4661.622660395471,407.72158879698395,0.0
452.6468545259718,0.0,16953.192270822616,15461.197488000002,4279.859218137598,3374.1041685138166,0.0
452.6468545259718,0.0,16823.653217305175,12376.766676000001,3766.2761119610864,7226.657140207767,0.0
452.6468545259718,0.0,17009.642069469282,10190.334708000002,3358.8335143943873,9635.542853610355,0.0
452.6468545259718,0.0,17569.348690203828,9194.727294000002,3185.9272019816276,10097.349959288573,0.0
452.6468545259718,0.0,19666.699847984717,8472.423876,3209.8944136031987,8774.335007886115,0.0
452.6468545259718,0.0,22373.27564483125,8765.249586000002,3471.8217977532195,5550.006116889557,0.0
452.6468545259718,0.0,24910.402537130165,10815.029556,3930.62270593757,1356.2983464062936,0.0
452.6468545259718,0.0,28587.505596776624,13177.156950000002,4298.690598697403,0.0,0.0
452.6468545259718,0.0,25537.437822487398,14465.590074000002,4461.325248986632,0.0,0.0
452.6468545259718,0.0,26074.23260619732,14836.50264,4533.226883851344,0.0,0.0
452.6468545259718,0.0,23666.085341047998,14680.328928,4572.60158865821,0.0,0.0
452.6468545259718,0.0,21026.75875118641,14211.807792000001,4541.786602287619,0.0,0.0
452.6468545259718,0.0,18356.881378603088,13216.200378,4396.27138887094,0.0,0.0
452.6468545259718,0.0,17237.02474675311,12122.984394000001,4134.34400472092,0.0,0.0
452.6468545259718,0.0,14280.868672953135,11127.376980000001,3785.1074925208914,0.0,0.0
