Lignite,Coal,Gas,WindOnshore,WindOffshore,PVGround,PVRoof
16651.726266217043,0.0,0.0,8410.008106523732,0.0,0.0,0.0
7418.991657083195,0.0,0.0,8324.92671188409,0.0,0.0,0.0
10663.379388630246,0.0,0.0,8360.00891276559,0.0,0.0,0.0
16651.726266217043,0.0,0.0,8448.978349419527,0.0,0.0,0.0
16651.726266217043,0.0,0.0,8543.773433183997,0.0,0.0,0.0
16651.726266217043,0.0,0.0,8391.498203534864,0.0,0.0,0.0
16651.726266217043,0.0,3927.2570701433688,8218.082547421844,0.0,0.0,0.0
16651.726266217043,0.0,1988.163407015257,7450.393142836118,0.0,48.260847380604424,0.0
16651.726266217043,0.0,9446.761322346065,5578.865513111575,0.0,170.9031596982591,0.0
16651.726266217043,0.0,9446.761322346067,4481.032580588902,0.0,285.7596846854883,0.0
16651.726266217043,0.0,9446.761322346067,5019.173524469026,0.0,379.5245547800748,0.0
16651.72626621704,0.0,9446.761322346067,5391.469587115455,0.0,453.3458546068413,0.0
16651.726266217043,0.0,9446.761322346067,4961.571476276982,0.0,449.74184367372953,0.0
16651.726266217043,0.0,5199.761094955459,4389.387709083541,0.0,306.1581564084267,0.0
16651.726266217043,0.0,9446.761322346067,4007.5960982833794,0.0,137.9143424935503,0.0
16651.726266217043,0.0,589.7797457964421,5054.775414134612,0.0,37.71857385190114,0.0
16651.726266217043,0.0,9446.761322346067,7037.856486932783,0.0,0.6545977784220677,0.0
16651.726266217043,0.0,9446.761322346067,8216.132110503777,0.0,0.0,0.0
16651.726266217043,0.0,9446.761322346067,8583.98194688633,0.0,0.0,0.0
16651.726266217043,0.0,0.0,8748.229266302267,0.0,0.0,0.0
16651.72626621704,0.0,0.0,8931.737150284089,0.0,0.0,0.0
16651.726266217043,0.0,764.7224536229869,9304.244937990703,0.0,0.0,0.0
16651.726266217043,0.0,0.0,9520.58303812297,0.0,0.0,0.0
16651.726266217043,0.0,0.0,8600.169290124079,0.0,0.0,0.0
12757.601594278945,0.0,0.0,7722.953870313768,0.0,0.0,0.0
16651.726266217043,0.0,0.0,7261.746114211632,0.0,0.0,0.0
16651.726266217043,0.0,0.0,6572.388565983299,0.0,0.0,0.0
16651.726266217043,0.0,0.0,6292.205736339003,0.0,0.0,0.0
16651.726266217043,0.0,0.0,6221.0019570078275,0.0,0.0,0.0
16651.726266217043,0.0,1507.1938142710435,6113.079919511912,0.0,0.0,0.0
16651.726266217043,0.0,5437.235038710231,6139.038695072728,0.0,0.0,0.0
16651.726266217043,0.0,9446.761322346067,6132.103095373952,0.0,28.857134122393308,0.0
16651.726266217043,0.0,6262.316801934768,5615.083330224971,0.0,118.27843995095574,0.0
16651.726266217043,0.0,9446.761322346067,6149.02826836689,0.0,254.79423124469216,0.0
16651.726266217043,0.0,8240.554584298086,7005.65503005198,0.0,405.50809265696483,0.0
16651.726266217043,0.0,6268.052423834449,7721.741263150892,0.0,506.3564282669685,0.0
16651.726266217043,0.0,9103.27124156956,7836.913279980405,0.0,507.08921223298904,0.0
16651.726266217043,0.0,7383.724617615496,7411.737279575141,0.0,470.81183659231925,0.0
16651.726266217043,0.0,2230.6420215791136,6595.633411227203,0.0,320.99830097663533,0.0
16651.726266217043,0.0,5719.416416557446,5143.520293906536,0.0,124.337023318978,0.0
16651.726266217043,0.0,9446.761322346067,4984.944639739182,0.0,9.083813431898374,0.0
16651.726266217043,0.0,9446.761322346065,5567.060237028556,0.0,0.0,0.0
16651.726266217043,0.0,5630.402955274405,5904.87077850855,0.0,0.0,0.0
16651.726266217043,0.0,0.0,6027.639233861051,0.0,0.0,0.0
16651.726266217043,0.0,6640.154586586286,6298.114790291428,0.0,0.0,0.0
16651.726266217043,0.0,0.0,6592.046917025894,0.0,0.0,0.0
16651.726266217043,0.0,0.0,6514.452890423694,0.0,0.0,0.0
9274.669379778354,0.0,0.0,6193.208230925413,0.0,0.0,0.0
14511.487402817485,0.0,0.0,6058.512597182515,0.0,0.0,0.0
13077.527301367656,0.0,0.0,6311.434221350315,0.0,0.0,0.0
16651.726266217043,0.0,0.0,7016.805883221702,0.0,0.0,0.0
5551.5843766507915,0.0,0.0,8101.415623349209,0.0,0.0,0.0
4840.171558388142,0.0,0.0,9580.828441611862,0.0,0.0,0.0
11127.393418093301,0.0,0.0,10977.60432729337,0.0,0.0,0.0
16651.726266217043,0.0,0.0,12954.891832535579,0.0,0.0,0.0
13235.479736734369,0.0,0.0,14962.507348671506,0.0,47.012914594129676,0.0
12690.611752651792,0.0,0.0,16461.674756640474,0.0,179.71349070773493,0.0
13532.501576953633,0.0,0.0,17933.061270348855,0.0,291.4371526975109,0.0
11749.862369524213,0.0,0.0,20033.803733411434,0.0,322.33389706435696,0.0
15061.395324799745,0.0,0.0,20428.048627296997,0.0,239.55604790325484,0.0
14343.615843473466,0.0,0.0,20238.054257380427,0.0,154.80560522992738,0.0
14380.046857051073,0.0,0.0,19537.05183084194,0.0,96.18458029000493,0.0
16210.80610250215,0.0,0.0,18507.118483529386,0.0,58.075413968455884,0.0
15950.523704906309,0.0,0.0,18623.868814443907,0.0,21.607480649786133,0.0
12253.981496465933,0.0,0.0,19031.683359914034,0.0,0.432562544376113,0.0
16243.95639791602,0.0,0.0,19164.043602083984,0.0,0.0,0.0
11937.379786793257,0.0,0.0,18443.620213206745,0.0,0.0,0.0
5228.642673809507,0.0,0.0,18385.35732619049,0.0,0.0,0.0
8763.795782389794,0.0,0.0,16604.2042176102,0.0,0.0,0.0
16651.726266217043,0.0,0.0,14244.15629901971,0.0,0.0,0.0
5672.695558386121,0.0,0.0,12179.304441613878,0.0,0.0,0.0
16651.726266217043,0.0,0.0,10536.022842679253,0.0,0.0,0.0
5128.767956082373,0.0,0.0,9093.232043917627,0.0,0.0,0.0
12009.628949551787,0.0,0.0,8836.371050448213,0.0,0.0,0.0
10011.905951219216,0.0,0.0,7831.094048780785,0.0,0.0,0.0
12490.667177614145,0.0,0.0,7578.332822385854,0.0,0.0,0.0
16651.726266217043,0.0,0.0,7932.741325402138,0.0,0.0,0.0
5770.345437714475,0.0,0.0,7790.654562285526,0.0,0.0,0.0
16651.726266217043,0.0,0.0,7848.789131083486,0.0,0.0,0.0
13465.030436340512,0.0,0.0,8578.714484025371,0.0,26.47939400170301,0.0
13832.662091881863,0.0,0.0,9816.292372180798,0.0,110.04553593733714,0.0
9412.602897698946,0.0,0.0,10953.82054553263,0.0,240.06950438198604,0.0
16041.507039233109,0.0,0.0,11784.924813599102,0.0,400.5681471677869,0.0
9619.26202910919,0.0,0.0,12124.409907827832,0.0,520.328063062979,0.0
11718.955850016573,0.0,0.0,12775.772431619402,0.0,558.2717183640275,0.0
10580.231742812486,0.0,0.0,13520.884245696352,0.0,523.8840114911601,0.0
6528.87694377639,0.0,0.0,14023.416883999971,0.0,421.70617222363745,0.0
15089.6322662209,0.0,0.0,13367.088445160432,0.0,226.27928861867153,0.0
15989.133714309577,0.0,0.0,13451.69506239239,0.0,27.171223298029133,0.0
16651.726266217043,0.0,0.0,14093.100092444365,0.0,0.0,0.0
6670.594094146062,0.0,0.0,13916.405905853937,0.0,0.0,0.0
10844.099296787734,0.0,0.0,14266.900703212264,0.0,0.0,0.0
10965.003112562352,0.0,0.0,14906.996887437648,0.0,0.0,0.0
10627.827912863784,0.0,0.0,14705.383302854589,0.0,0.0,0.0
8106.237063475291,0.0,0.0,14922.12560537448,0.0,0.0,0.0
11914.156370848068,0.0,0.0,14885.84362915193,0.0,0.0,0.0
6078.430153344727,0.0,0.0,14691.56984665527,0.0,0.0,0.0
7726.314115508067,0.0,0.0,14808.685884491928,0.0,0.0,0.0
8908.598813899513,0.0,0.0,14718.401186100484,0.0,0.0,0.0
6297.706754285503,0.0,0.0,14632.293245714494,0.0,0.0,0.0
9497.006007875412,0.0,0.0,14059.99399212459,0.0,0.0,0.0
10448.104445495122,0.0,0.0,13511.895554504878,0.0,0.0,0.0
11028.13666316178,0.0,0.0,13249.86333683822,0.0,0.0,0.0
4061.168323713526,0.0,0.0,12309.451194518268,0.0,45.3804817682095,0.0
11085.369859360002,0.0,0.0,12596.717189812372,0.0,129.91295082762596,0.0
15619.033608241421,0.0,0.0,12573.902210599752,0.0,214.95786096073994,0.0
10464.743804351187,0.0,0.0,11868.62037148117,0.0,289.6358241676442,0.0
13025.224162392387,0.0,0.0,10785.345140823918,0.0,429.4306967836934,0.0
9483.685683170776,0.0,0.0,9649.523599775395,0.0,549.79071705383,0.0
16651.726266217043,0.0,0.0,8430.19256226133,0.0,514.4309290953225,0.0
16651.726266217043,0.0,0.0,7233.374956146898,0.0,386.8703332625432,0.0
16651.726266217043,0.0,0.0,6175.006291660451,0.0,200.91920943250204,0.0
16651.726266217043,0.0,0.0,6608.632046740356,0.0,27.146515108874624,0.0
16651.726266217043,0.0,0.0,8310.061046294768,0.0,0.0,0.0
15313.520092031038,0.0,0.0,9454.479907968967,0.0,0.0,0.0
16651.726266217043,0.0,0.0,10261.49884646171,0.0,0.0,0.0
16651.726266217043,0.0,0.0,10722.30240017622,0.0,0.0,0.0
9234.641572189266,0.0,0.0,11091.358427810736,0.0,0.0,0.0
15396.596991475353,0.0,0.0,11207.403008524643,0.0,0.0,0.0
6997.952195830827,0.0,0.0,11248.047804169173,0.0,0.0,0.0
12015.77972614037,0.0,0.0,11494.58559697686,0.0,0.0,0.0
1821.8651643029648,0.0,0.0,11063.134835697034,0.0,0.0,0.0
9062.447565043733,0.0,0.0,11020.552434956271,0.0,0.0,0.0
12761.912184156829,0.0,0.0,11337.08781584317,0.0,0.0,0.0
4885.452986778914,0.0,0.0,12022.967940355746,0.0,0.0,0.0
11114.312498235793,0.0,0.0,12766.687501764209,0.0,0.0,0.0
16651.726266217043,0.0,0.0,13364.438673952669,0.0,0.5290260225820538,0.0
16651.726266217047,0.0,0.0,13189.823242498605,0.0,65.859847425503,0.0
16651.726266217043,0.0,0.0,13645.718624363379,0.0,229.33328849183715,0.0
12720.685183622503,0.0,0.0,15720.2649231613,0.0,495.0498932161986,0.0
11305.86267742852,0.0,0.0,16796.553226832457,0.0,731.584095739023,0.0
14206.266937090992,0.0,0.0,17193.26824642018,0.0,845.4648164888214,0.0
14573.198297831816,0.0,0.0,16720.44127565155,0.0,815.3604265166425,0.0
15354.46453327515,0.0,0.0,15720.694789192581,0.0,700.8406775322726,0.0
16651.726266217043,0.0,0.0,14476.296787734846,0.0,507.43343453942913,0.0
12392.560500774907,0.0,0.0,13235.19656448725,0.0,260.09363011581644,0.0
16651.726266217043,0.0,0.0,13419.198473609507,0.0,42.93335563687983,0.0
16651.726266217043,0.0,0.0,14336.3401070419,0.0,0.0,0.0
16651.726266217043,0.0,0.0,14014.947881592587,0.0,0.0,0.0
16651.726266217043,0.0,0.0,13808.432541070702,0.0,0.0,0.0
16651.726266217043,0.0,0.0,13561.11842304234,0.0,0.0,0.0
16651.726266217043,0.0,0.0,13164.345660256386,0.0,0.0,0.0
8827.76401711582,0.0,0.0,12756.235982884184,0.0,0.0,0.0
16357.675359494653,0.0,0.0,12311.32464050535,0.0,0.0,0.0
15862.264059456742,0.0,0.0,11839.735940543258,0.0,0.0,0.0
13653.487376354406,0.0,0.0,11404.512623645598,0.0,0.0,0.0
7449.408035753884,0.0,0.0,11123.591964246114,0.0,0.0,0.0
15901.598907402402,0.0,0.0,11103.401092597598,0.0,0.0,0.0
10108.322078879131,0.0,0.0,11315.677921120869,0.0,0.0,0.0
16651.726266217043,0.0,0.0,11702.03766049229,0.0,0.0,0.0
16651.726266217043,0.0,0.0,11985.92888664527,0.0,9.785458310217374,0.0
16651.726266217043,0.0,0.0,11081.683234151387,0.0,226.47390791680638,0.0
16651.72626621704,0.0,4038.8876999788986,10000.422599521344,0.0,534.9634342827155,0.0
16651.726266217043,0.0,1.7680295611500736,13118.946674624076,0.0,772.643352151951,0.0
16651.726266217043,0.0,0.0,14796.534149219518,0.0,908.7116882941496,0.0
15789.840494334398,0.0,0.0,15304.289339007693,0.0,948.8330489242401,0.0
14363.526609582821,0.0,0.0,15702.864972760672,0.0,900.608417656506,0.0
13820.03511721896,0.0,0.0,15601.32035071395,0.0,771.6445320670887,0.0
11786.991588894465,0.0,0.0,14468.398801398867,0.0,560.0256613256527,0.0
16651.726266217043,0.0,0.0,12796.688301201277,0.0,283.22489525291195,0.0
16651.726266217043,0.0,0.0,12146.576880038067,0.0,44.151841677375934,0.0
16651.726266217043,0.0,0.0,13464.47555693444,0.0,0.0,0.0
16651.726266217043,0.0,0.0,13994.731346300412,0.0,0.0,0.0
16651.726266217043,0.0,0.0,13644.51884902233,0.0,0.0,0.0
16651.726266217043,0.0,0.0,13534.806772381216,0.0,0.0,0.0
16651.726266217043,0.0,0.0,13196.25840114603,0.0,0.0,0.0
16651.726266217043,0.0,0.0,12800.61483868106,0.0,0.0,0.0
9804.480669601633,0.0,0.0,12699.519330398369,0.0,0.0,0.0
