Price
135.53482014388493
135.53482014388493
135.53482014388493
135.53482014388493
135.53482014388493
191.78772182254207
191.78772182254204
191.78772182254204
191.78772182254204
191.78772182254204
191.78772182254204
191.787721822542
191.78772182254204
191.787721822542
191.78772182254204
191.78772182254207
191.78772182254204
191.78772182254204
191.78772182254204
191.787721822542
191.78772182254207
191.78772182254204
135.53482014388493
135.5348201438849
135.53482014388493
135.53482014388493
135.53482014388493
135.5348201438849
135.53482014388493
191.78772182254204
191.78772182254204
191.78772182254207
191.78772182254204
191.78772182254204
191.78772182254204
191.78772182254204
191.78772182254204
191.78772182254204
191.78772182254204
191.787721822542
191.78772182254204
191.78772182254204
191.78772182254204
191.78772182254204
191.78772182254204
191.78772182254204
135.53482014388493
135.53482014388493
135.53482014388493
135.53482014388493
135.53482014388496
135.53482014388493
135.53482014388493
135.53482014388493
135.53482014388493
135.53482014388493
135.53482014388493
135.53482014388493
135.53482014388493
135.53482014388493
135.53482014388493
135.53482014388493
135.53482014388493
135.53482014388493
135.53482014388493
135.53482014388493
135.53482014388493
135.53482014388493
135.53482014388493
135.53482014388493
135.53482014388493
135.53482014388493
135.53482014388493
135.53482014388493
135.53482014388493
135.53482014388493
135.53482014388493
135.53482014388493
135.53482014388493
135.53482014388493
135.53482014388493
135.53482014388493
135.53482014388493
135.53482014388493
135.53482014388493
135.53482014388493
135.53482014388493
135.53482014388493
135.53482014388493
135.53482014388493
135.53482014388493
135.53482014388493
135.53482014388493
135.53482014388493
135.53482014388493
135.53482014388493
135.53482014388493
135.53482014388493
135.53482014388493
135.53482014388493
135.53482014388493
135.53482014388493
135.53482014388493
135.53482014388493
135.53482014388493
135.53482014388493
135.53482014388493
135.53482014388493
135.53482014388493
135.53482014388493
135.53482014388493
135.53482014388493
135.53482014388493
135.53482014388493
135.53482014388493
135.5348201438849
135.53482014388493
135.53482014388493
135.53482014388493
135.53482014388493
135.53482014388493
135.53482014388493
135.53482014388493
135.53482014388493
135.53482014388493
135.53482014388493
191.78772182254204
191.78772182254204
191.78772182254207
135.53482014388493
135.53482014388493
135.53482014388493
135.53482014388493
135.53482014388493
135.53482014388493
135.53482014388493
191.78772182254207
191.787721822542
135.53482014388493
135.53482014388493
135.53482014388493
135.53482014388493
135.53482014388493
135.53482014388493
135.53482014388493
135.53482014388493
135.53482014388493
135.53482014388493
135.53482014388493
135.53482014388493
135.53482014388493
191.78772182254204
191.78772182254204
191.78772182254204
135.53482014388493
135.53482014388493
135.5348201438849
135.53482014388493
135.53482014388493
135.53482014388493
135.53482014388493
135.53482014388493
135.53482014388496
135.53482014388493
135.53482014388493
135.53482014388493
135.53482014388493
135.53482014388493
