Price
-378.66301247507045
-378.6630124750704
-378.66301247507045
-378.66301247507045
-327.79913333333343
52.38000000000001
74.11999999999999
74.11999999999999
74.12
52.379999999999995
-378.6630124750705
-378.66301247507045
-378.66301247507045
-378.66301247507045
-378.66301247507045
-378.66301247507045
-378.66301247507045
-378.6630124750705
-378.6630124750704
-378.66301247507045
52.38
52.38
74.12
74.12000000000002
74.12
74.11999999999999
74.12
74.12
52.379999999999995
-378.66301247507045
-378.66301247507045
52.379999999999995
74.12
74.12
74.12000000000002
74.12
74.12
74.12
74.12
74.11999999999999
74.12
74.12
52.38
52.38
-378.6630124750705
-378.6630124750704
-378.6630124750704
-378.66301247507045
-378.66301247507045
-378.66301247507045
-378.66301247507045
-378.66301247507045
-378.66301247507045
-378.6630124750704
-378.6630124750705
-378.66301247507045
-378.66301247507045
-378.66301247507045
-378.66301247507045
-378.66301247507045
-378.66301247507045
-378.6630124750705
-378.6630124750704
52.38
52.38
52.38
-25.410799999999995
52.38
52.38
74.12
52.38
52.38
52.379999999999995
74.12
74.12
74.12
74.12
74.12
74.12
74.12
74.12
74.12
74.12
74.12
74.12
74.12
74.11999999999999
74.12
74.12
52.38
-378.66301247507045
-378.66301247507045
-378.66301247507045
-378.66301247507045
-378.66301247507045
-378.66301247507045
-378.66301247507045
-378.66301247507045
52.38
74.12
74.12
52.38
74.12
74.12
74.12
74.12
74.12
74.11999999999999
74.12
74.11999999999999
74.12
74.12
52.38
52.38000000000001
-378.6630124750705
-378.66301247507045
-378.66301247507045
-378.6630124750705
-378.66301247507045
-378.66301247507045
-378.66301247507045
-378.6630124750704
-378.66301247507045
-378.66301247507045
-378.6630124750704
-378.66301247507045
-378.6630124750704
-378.66301247507045
52.37999999999999
52.38
52.38
52.38
52.38
-25.410800000000005
52.38
74.12
74.12
52.38
52.38
74.12
74.12
74.12
52.38
52.38
52.38
52.38
74.12
74.12
74.12
52.38
52.38
74.12
74.12
74.12
74.12
74.12
74.11999999999999
74.12
74.12
74.12
52.38
-378.66301247507045
-378.66301247507045
-378.66301247507045
-378.66301247507045
-378.66301247507045
-378.66301247507045
-378.6630124750705
-378.66301247507045
-378.66301247507045
-378.66301247507045
-378.66301247507045
-378.6630124750705
-378.66301247507045
-378.6630124750705
-378.66301247507045
-378.66301247507045
-378.66301247507045
-378.66301247507045
-378.6630124750705
-378.66301247507045
-378.66301247507045
-378.66301247507045
74.11999999999999
74.12
52.38
52.38
74.12
74.12
74.12
74.12
74.12
74.12
74.12
74.12
74.12
74.11999999999999
74.12
74.12
74.12
74.12
74.12
74.12
74.12
74.12
74.12
74.12
74.11999999999999
74.12
74.12
74.12
74.12
74.11999999999999
74.12
74.12
74.12
74.12
74.12
74.12
74.12
74.12
74.12
74.12
74.12
74.12
74.12
74.12
74.12
74.12
74.11999999999999
74.12
74.12
74.12
74.12
74.12
74.12
176.49657084484448
176.49657084484448
74.12000000000002
74.12
74.12
74.12
74.12
74.12
74.12
74.12
74.12
74.12
43405.609304155165
43405.60930415517
74.12
74.12
74.12
74.12
74.12
74.12
74.12
74.12
74.12
74.12
74.12
74.12
74.12
74.12
74.11999999999999
74.12
74.11999999999999
74.12
74.11999999999999
74.12
74.12
74.12
74.12
74.11999999999999
74.12
74.12
74.12
74.12
74.12
74.12
74.12
74.12
74.12
74.12
74.12
74.12
74.12000000000002
74.12
-361.0039294112065
-378.66301247507045
-378.66301247507045
-378.66301247507045
-378.66301247507045
-378.66301247507045
-378.66301247507045
-378.66301247507045
-378.6630124750705
-378.6630124750705
-378.6630124750705
-378.66301247507045
-378.6630124750704
-378.66301247507045
-378.66301247507045
52.38000000000001
52.379999999999995
-288.66488148105356
-378.66301247507045
52.38
74.12
74.12
74.12
74.12
74.12000000000002
74.12
74.12
74.12
74.12
74.12
52.38
74.12
74.12
74.12
52.38
-378.66301247507045
-378.66301247507045
-378.66301247507045
52.38
74.12
74.12
74.12
74.12
74.12
74.12
74.12
74.12
74.12
74.12
74.12
74.12
74.12
74.12
-378.6630124750705
-378.6630124750705
52.379999999999995
74.11999999999999
74.12
74.12
74.12
74.12000000000002
74.12
74.12
74.12
52.38
-378.6630124750704
-378.66301247507045
52.38000000000001
74.12
74.12
74.12
74.12
74.12
74.12
74.12
74.12
-357.0634610365064
-378.6630124750705
-378.6630124750705
74.11999999999999
74.12
74.12
74.12
74.12
74.12
74.12
74.11999999999999
74.12
52.379999999999995
-378.66301247507045
-378.6630124750704
74.12
74.12000000000002
74.11999999999999
74.12
74.11999999999999
74.12
74.12
74.12
74.12
74.11999999999999
52.38
52.38
74.12000000000002
74.12
74.12
74.12
74.12
74.12
74.12
74.11999999999999
74.12
74.12000000000002
74.12
74.12
74.12
74.12000000000002
74.12
74.12
74.12
74.12
74.12
74.12
74.12
74.12
74.12
74.12
74.12
74.12
74.12
74.12
74.12
74.12
74.12
74.12000000000002
74.12
74.12
52.38
52.38
52.379999999999995
74.12
52.38
52.38
-378.66301247507045
-378.66301247507045
-378.6630124750705
-378.6630124750705
-378.6630124750705
-378.66301247507045
-378.6630124750705
-378.66301247507045
-378.66301247507045
-378.66301247507045
-378.66301247507045
-378.66301247507045
-378.66301247507045
-378.6630124750704
-378.66301247507045
-378.66301247507045
-378.6630124750704
-378.6630124750704
-378.66301247507045
-378.6630124750705
-378.66301247507045
-378.66301247507045
74.12
74.12
74.12
74.12
74.12
52.38
52.38
-371.25250295650636
-378.66301247507045
-378.66301247507045
-250.00833333333324
-250.00833333333324
-250.00833333333324
-250.00833333333327
-288.66488148105356
-378.6630124750705
52.38
74.12
74.12
74.12
74.12
74.12
74.12
74.12
74.12
74.12
74.12
74.12
74.12
74.12
74.12
74.12
52.38
-378.66301247507045
-378.66301247507045
-378.66301247507045
-378.6630124750704
-378.6630124750705
52.38
52.38
74.12000000000002
74.12
74.12
74.12
74.12
74.11999999999999
74.12
74.12
74.12
74.12
74.12
74.12
74.12
74.12
74.12
74.12
74.12
74.12
74.12
74.12
74.12
74.12
74.11999999999999
74.12
74.12
74.12
74.12
74.12
74.12
74.12
74.12
74.11999999999999
74.12
74.12
74.12
74.12
74.12000000000002
74.12
74.12
74.12
74.12
74.12
74.12
74.12
74.12
74.11999999999999
74.12
74.12
74.12
74.12
74.12
74.12
52.379999999999995
52.38
74.11999999999999
74.12
74.12
74.12
74.12
74.12
74.12
74.12
74.12
74.12
74.12
74.12000000000002
74.12
74.11999999999999
74.12
74.12
74.11999999999999
74.12
74.12
74.12
74.12
74.12
74.12
74.12000000000002
74.12
74.12
74.12000000000002
74.12
74.12
74.12
74.12
74.12
74.12
74.12
74.12
74.12
74.12
74.12
74.12
74.12
74.11999999999999
74.12
74.12
74.12
74.12
74.12
74.12
74.12000000000002
74.12
74.12
74.12000000000002
74.12
74.12
74.12
74.12
74.11999999999999
74.12
-366.97219265858377
-378.66301247507045
-378.66301247507045
-378.6630124750705
-363.52592204248947
-300.8722124750704
-378.66301247507045
52.38
52.38
52.38
74.12
74.12
74.12
52.38
52.38
74.12
74.12
74.12
74.12
74.12
74.12
74.12
74.12
74.12
74.12
-378.66301247507045
-378.66301247507045
-378.6630124750705
-378.66301247507045
-378.66301247507045
-378.66301247507045
-366.45568148105355
-378.66301247507045
52.38
74.12
74.12
74.11999999999999
-3.6707999999999905
52.379999999999995
74.12
74.12
74.12
74.12
74.11999999999999
74.12
74.12
74.12
74.12
74.12
-378.66301247507045
-378.66301247507045
74.12
74.12
74.12
74.12
74.12
74.11999999999999
74.12
74.12
74.11999999999999
74.12
52.38000000000001
52.379999999999995
74.12
74.12
74.12
74.12
74.12
74.12
74.12
74.12
74.12
74.12
-378.66301247507045
-378.66301247507045
74.11999999999999
74.12
74.12000000000002
74.12
74.12
52.38
52.38
52.38
74.12
74.12
74.12
74.11999999999999
74.12
74.11999999999999
74.12
74.12
74.12
74.12
74.12
74.12
74.12
74.12
74.12
74.12
74.12
74.12
74.12
74.12000000000002
74.12
74.12
74.12
74.12
74.12
52.38
-358.0151512765064
-378.66301247507045
-378.66301247507045
52.379999999999995
52.379999999999995
-361.23365052583125
-378.66301247507045
-378.66301247507045
-378.66301247507045
-378.66301247507045
-378.6630124750705
-378.66301247507045
-378.66301247507045
-378.6630124750705
-378.6630124750704
-378.66301247507045
-378.66301247507045
-378.66301247507045
-378.66301247507045
-378.66301247507045
-378.66301247507045
52.38
74.12
-357.0634610365064
-378.6630124750705
-378.66301247507045
74.12
74.12
74.12
74.12
74.12
74.12
74.12
74.12
74.12
74.12
52.38000000000001
52.379999999999995
74.12
74.12
74.12
74.12
74.12
74.12
74.12
74.12
74.12
74.12
74.12
52.38
74.12
74.12
74.12
74.12
74.12
74.12
74.12
74.12
74.12
74.11999999999999
-378.6630124750704
-3.6707999999999976
74.12
74.12
74.12
74.12
74.12000000000002
74.11999999999999
74.12
74.11999999999999
74.12
-378.66301247507045
-378.66301247507045
-378.6630124750705
-378.6630124750704
74.12
74.12
74.12
74.12
74.11999999999999
74.12
74.12
74.12000000000002
-378.6630124750705
-378.6630124750704
-378.66301247507045
-378.6630124750704
74.12
74.12
52.38
52.38
52.38
52.38
74.12
74.12
-378.6630124750704
-378.66301247507045
-378.6630124750705
-378.66301247507045
74.12
74.12
74.12
74.12
74.12
74.12
74.12
74.12
-364.20154857436216
-378.66301247507045
-378.66301247507045
-378.66301247507045
74.12
74.12
74.12
74.12
74.12
74.12
74.12
74.12
-362.2470652868718
-378.6630124750705
-378.66301247507045
-378.66301247507045
74.12000000000002
74.12
74.12
74.12
74.12
74.12
74.12
74.12
52.38
-378.66301247507045
-378.66301247507045
52.38
74.12
74.12000000000002
74.11999999999999
74.12
74.12
74.12
74.12
74.12
-364.2015485743623
-378.6630124750705
-378.66301247507045
-378.66301247507045
74.12
74.12
74.12
74.12
74.12
74.12
74.12
74.12
-378.66301247507045
-378.66301247507045
-378.66301247507045
52.38
74.12
74.12
74.12
74.12
74.11999999999999
74.12
74.12
52.38000000000001
-378.66301247507045
-378.6630124750705
-378.6630124750704
-378.66301247507045
-378.66301247507045
-354.8674530033369
-356.67091254158333
-378.6630124750705
-378.66301247507045
-378.6630124750704
-378.66301247507045
-368.71980726033115
-378.66301247507045
-378.66301247507045
-378.66301247507045
-378.66301247507045
74.12
74.12
74.12
74.12
74.11999999999999
74.12
74.12
74.12
74.12
52.38000000000001
52.38
52.38
74.12
74.12
52.38000000000001
-378.66301247507045
-378.66301247507045
-378.66301247507045
-378.66301247507045
-378.66301247507045
-378.66301247507045
-378.66301247507045
-378.66301247507045
-378.66301247507045
-378.6630124750704
-378.6630124750705
-378.66301247507045
-378.66301247507045
-378.66301247507045
-378.66301247507045
-378.6630124750704
-378.6630124750705
-378.66301247507045
-378.66301247507045
-378.6630124750704
-378.66301247507045
74.12000000000002
74.12
74.12
74.12
74.12
74.12
74.12
74.12
52.38
-378.66301247507045
-378.66301247507045
-378.6630124750704
74.12
74.12
74.12
74.12
52.38
52.38
74.12
52.38
-378.6630124750704
-378.66301247507045
-378.66301247507045
-378.66301247507045
74.12
74.12
74.12
74.12
74.12
74.12
74.11999999999999
74.12
-356.67091254158345
-378.66301247507045
-378.6630124750704
-378.66301247507045
74.12
74.12000000000002
74.12
74.12
74.12
74.12
74.12
74.12000000000002
52.38
-3.670799999999997
-3.6707999999999976
74.12
74.12
74.11999999999999
74.12000000000002
52.38
52.379999999999995
52.38
74.12
74.12
74.12
74.12
74.12
74.11999999999999
74.11999999999999
74.12
74.11999999999999
74.12
74.12
74.12
74.12
74.12
74.12
74.12
52.38
74.12
74.12
74.11999999999999
74.12000000000002
74.12
52.379999999999995
52.38
74.12
74.12
-378.6630124750704
-378.66301247507045
-378.6630124750705
-378.66301247507045
52.38000000000001
52.38
-361.1193504157684
-378.6630124750704
-378.6630124750704
-378.66301247507045
-378.6630124750705
-378.66301247507045
-378.66301247507045
-378.6630124750705
-378.6630124750704
-378.66301247507045
-378.66301247507045
-378.66301247507045
-378.66301247507045
-378.66301247507045
-378.66301247507045
-378.66301247507045
-378.66301247507045
-378.66301247507045
-378.66301247507045
-378.66301247507045
-378.66301247507045
-378.6630124750704
-378.66301247507045
-378.66301247507045
-378.66301247507045
-378.6630124750705
-378.66301247507045
-378.6630124750704
-378.66301247507045
-378.6630124750705
-378.66301247507045
-378.66301247507045
-378.66301247507045
-378.6630124750705
-378.6630124750705
-378.66301247507045
-378.66301247507045
-378.66301247507045
-378.6630124750704
-378.66301247507045
74.12000000000002
74.12
-378.6630124750705
-378.66301247507045
-378.6630124750704
74.12
74.12
74.12
74.12
74.12
74.12
74.12
74.12
74.12
74.12
52.38
52.38
74.12
74.11999999999999
74.12
74.12
74.12
74.12000000000002
74.11999999999999
74.12
74.12
74.12
52.38
52.38
74.12
74.12
74.11999999999999
74.12
74.12
74.12
74.12
74.12
74.12
52.38
52.379999999999995
52.38
74.11999999999999
74.12
74.12000000000002
74.12
74.12
74.12
74.12
52.379999999999995
-361.09698138537954
-378.66301247507045
-378.66301247507045
-378.66301247507045
-378.66301247507045
-378.66301247507045
-378.66301247507045
-378.66301247507045
-378.66301247507045
-378.66301247507045
-378.6630124750705
-378.66301247507045
-378.66301247507045
-378.66301247507045
-378.6630124750705
-378.6630124750704
-378.6630124750704
-378.66301247507045
-378.66301247507045
-378.66301247507045
-378.66301247507045
-20.1932
52.38
52.38
-358.77660204559174
-378.66301247507045
-378.66301247507045
-378.6630124750705
-378.66301247507045
74.12
74.12
74.12
74.12
74.12
74.12
74.12
74.12
52.38000000000001
-378.66301247507045
-378.6630124750704
-378.66301247507045
74.12
74.12
74.12
74.12
74.12000000000002
74.12
74.12
74.12
74.12
-288.66488148105356
-378.66301247507045
52.38
74.12
74.12
52.38
52.38
52.38
52.38
74.12
74.12
52.38
-378.6630124750705
-378.66301247507045
-3.6707999999999976
74.12
74.11999999999999
74.12
74.12
74.12
74.12
74.12
74.12
74.12
74.12
74.11999999999999
74.12
74.12
74.12
74.12
74.12
74.12
74.12000000000002
74.12
74.12
74.12
52.38000000000001
52.379999999999995
52.38
74.12
74.12
74.11999999999999
74.12
74.12
74.12
52.38000000000001
-358.77660204559174
-378.66301247507045
-378.66301247507045
-378.6630124750704
-378.66301247507045
74.12
74.12
74.12
74.12
74.11999999999999
74.12
74.12
74.12
-378.66301247507045
-378.66301247507045
-378.66301247507045
-378.6630124750705
74.12
74.12
74.12000000000002
74.12
74.12
74.11999999999999
74.12
74.12
74.12
52.38
-3.6707999999999976
74.12000000000002
74.12
74.12
74.12
74.12
74.12
74.12000000000002
74.12
74.12
74.12
-357.06346103650634
-378.6630124750704
74.12
74.12
74.12
74.12
74.12
74.12
74.12
74.12
74.12
74.12
-288.66488148105356
-378.6630124750705
52.379999999999995
74.12
74.12
74.12
74.12
74.12
74.12
74.11999999999999
74.12
74.12
-288.66488148105356
-378.66301247507045
52.38
74.12
74.12
74.12
74.12
74.11999999999999
74.12
74.11999999999999
74.12000000000002
-378.66301247507045
-378.66301247507045
-378.6630124750704
-378.66301247507045
74.12
74.12
74.12
74.12
74.11999999999999
74.12
74.12
74.12
-361.3822044427719
-378.66301247507045
-378.66301247507045
-102.32630544283407
74.12
74.12
74.11999999999999
74.12
74.12
74.12
74.12
74.12
-363.47826399196225
-378.6630124750704
-378.6630124750705
-378.66301247507045
74.12
74.12
74.12
74.12
52.38
52.38
52.379999999999995
-362.8995614074573
-378.66301247507045
-378.66301247507045
-378.66301247507045
-378.66301247507045
-378.66301247507045
74.12000000000002
52.38
52.379999999999995
52.38
52.38
74.12
74.12
-378.66301247507045
-378.66301247507045
-378.6630124750705
-327.7991333333332
74.12000000000002
74.11999999999999
74.12
74.12
74.12
74.12
74.12
74.12
74.12
-288.6648814810536
-378.66301247507045
52.379999999999995
74.12
74.12
74.12
74.12
74.12
74.12
74.12
74.12
-357.06346103650634
-378.66301247507045
-378.66301247507045
52.38000000000001
74.12
74.12
74.12
74.12
74.12
74.12
74.12
74.12
-371.2525029565064
-378.66301247507045
-378.66301247507045
-327.7991333333334
74.12
74.12
74.12
74.12
74.12000000000002
74.12
74.12
74.12
-364.2015485743622
-378.66301247507045
-378.66301247507045
-378.6630124750705
74.12
74.12
74.12
74.12
74.12
74.12
74.12
74.12
-378.66301247507045
-378.6630124750705
-378.6630124750704
-378.66301247507045
74.12
74.12
74.12
74.12
74.12
74.12
74.12
74.12
-378.66301247507045
-378.66301247507045
-378.66301247507045
-378.66301247507045
74.12
74.12
74.12
74.12
74.12
74.12
74.12
74.12
-378.66301247507045
-378.66301247507045
-378.66301247507045
-378.6630124750704
74.12
74.12
52.38
52.38
52.38
52.38
74.12
74.12
-378.66301247507045
-378.66301247507045
-378.6630124750705
-378.66301247507045
74.12
74.12000000000002
74.12
74.12
74.12
74.12
74.12
74.12
52.379999999999995
-378.6630124750704
-378.6630124750705
52.38
74.12
74.12
74.12
74.11999999999999
74.12
74.11999999999999
74.12
52.38
-378.66301247507045
-378.6630124750705
-378.66301247507045
-378.66301247507045
52.379999999999995
74.12000000000002
74.12000000000002
74.12000000000002
74.12
74.12
74.12
74.12
-378.66301247507045
-378.6630124750704
-378.66301247507045
-378.6630124750704
52.38
74.12
74.12
74.12
74.12
74.12
74.12
74.12
-358.01515127650646
-378.66301247507045
-378.66301247507045
52.379999999999995
52.379999999999995
52.38000000000001
-360.77370199551024
-378.66301247507045
-378.6630124750705
-378.66301247507045
-378.66301247507045
-378.66301247507045
-378.66301247507045
-378.66301247507045
-378.66301247507045
-378.66301247507045
-378.66301247507045
52.379999999999995
52.38000000000001
-20.193199999999997
-20.193199999999997
52.38
52.38
52.379999999999995
-378.66301247507045
-378.66301247507045
-378.66301247507045
-378.66301247507045
-378.66301247507045
52.38
52.38
52.38
52.38
52.38
52.38
52.38
-378.66301247507045
-378.66301247507045
-378.6630124750705
-378.66301247507045
-378.66301247507045
74.12
74.12
52.38
52.38
74.12
74.12
74.12
-378.66301247507045
-378.6630124750704
-378.66301247507045
-378.66301247507045
52.379999999999995
74.12
74.12
74.12
74.12
74.12
74.12
74.12
-378.6630124750705
-378.66301247507045
-378.66301247507045
-378.6630124750704
74.12
74.12
74.12
74.12
74.12
74.12
74.12
74.12
-378.6630124750704
-378.66301247507045
-378.66301247507045
-378.6630124750705
52.38
74.12
74.12
-20.1932
52.38
52.38000000000001
52.38
52.38
-378.6630124750704
-378.66301247507045
-378.66301247507045
-378.6630124750704
-378.66301247507045
-378.66301247507045
-378.66301247507045
-378.66301247507045
-378.66301247507045
52.38
52.38000000000002
-361.7706518606028
-378.66301247507045
-378.6630124750705
-378.66301247507045
-378.6630124750704
-378.66301247507045
-378.66301247507045
-378.6630124750705
-378.66301247507045
-378.66301247507045
-378.66301247507045
-378.66301247507045
-370.5724023538668
-378.6630124750704
-378.66301247507045
-378.6630124750705
-378.6630124750704
-378.6630124750704
52.38
52.38
-292.6302574810536
-378.6630124750705
52.38
52.38
52.38
-378.66301247507045
-378.6630124750704
-378.6630124750704
-378.6630124750704
52.38
74.12
74.12
74.11999999999999
74.12
74.12
74.12
-358.7766020455918
-378.66301247507045
-378.6630124750704
-378.66301247507045
-378.66301247507045
74.12
74.12
52.38
52.38
52.379999999999995
52.379999999999995
74.12
74.12
-378.66301247507045
-378.66301247507045
-378.6630124750705
-378.6630124750705
74.12
74.12
74.12
74.12
74.12
74.12000000000002
74.12
74.12000000000002
-378.66301247507045
-378.6630124750705
-378.66301247507045
-378.66301247507045
52.379999999999995
74.12
74.12
74.12
74.12
74.12000000000002
74.11999999999993
-378.6630124750704
-378.66301247507045
-378.66301247507045
-378.66301247507045
-378.66301247507045
74.12
74.12
74.12
74.12
74.12
74.12
74.12
74.12
74.12
52.38
74.12
74.12
74.12
74.12
74.12
74.12
74.12
74.12
74.12
74.12
52.38
-288.6648814810536
-378.66301247507045
52.38
74.12
74.12
74.12
52.38
52.38
-20.193199999999997
52.38
-378.66301247507045
-378.66301247507045
-378.66301247507045
-378.66301247507045
-378.66301247507045
-378.66301247507045
-378.66301247507045
-378.66301247507045
-378.66301247507045
-378.66301247507045
-378.6630124750704
52.38
52.379999999999995
-364.2015485743623
-378.66301247507045
-378.66301247507045
-378.66301247507045
74.11999999999999
74.12
74.11999999999999
74.11999999999999
74.12
74.12
74.12
74.12
52.379999999999995
52.38
52.38
52.38
74.12000000000002
74.12
74.12
74.11999999999999
74.12
74.12
74.12
74.12
-378.66301247507045
-378.6630124750705
-378.66301247507045
-378.66301247507045
74.12
74.12
74.12000000000002
74.11999999999999
74.12
74.12
74.12
52.38
-378.6630124750704
-378.66301247507045
-378.66301247507045
-378.66301247507045
-378.66301247507045
74.12
74.12
74.12
74.12
74.12
74.12000000000002
-358.7766020455918
-378.66301247507045
-378.66301247507045
-378.6630124750705
-378.66301247507045
74.12000000000002
74.12
74.12
74.12
74.12
74.12
74.12
74.12
-364.20154857436216
-378.6630124750704
-378.66301247507045
-378.66301247507045
74.12
74.12
74.12
74.12
74.12
74.12
74.12
74.12
52.38
-378.6630124750705
-378.66301247507045
74.12
74.12
74.12
74.12
74.12
74.12
74.12
74.11999999999999
74.12
-378.66301247507045
-378.66301247507045
-378.66301247507045
-378.66301247507045
52.379999999999995
74.12
74.12
74.11999999999999
74.12
74.12000000000002
74.12
74.12
74.12
52.38
52.38
52.379999999999995
74.11999999999999
74.12
74.12
74.12
74.12
74.12
74.12
74.12
52.38
-378.66301247507045
-378.6630124750705
-378.66301247507045
74.12
74.12
74.12
74.11999999999999
74.12
74.12
74.12
74.12
52.38
-3.6707999999999976
52.38
74.12
74.12
74.12
74.12
74.12
74.12
74.12
74.12
74.12
-353.4178767151622
-378.66301247507045
-378.66301247507045
-378.66301247507045
74.12
74.12
74.12000000000002
74.11999999999999
74.12
74.11999999999999
74.12
74.11999999999999
-378.6630124750704
-378.6630124750704
-378.6630124750705
-378.66301247507045
74.12
74.12
74.12
74.12
74.12
74.12
74.12
74.12
74.12000000000002
74.11999999999999
52.38000000000001
74.12
74.11999999999999
74.12
74.12
74.12
74.12
74.12
74.12
74.12
52.38000000000001
-288.66488148105356
-378.66301247507045
52.38
74.12
74.12
74.12
74.12
74.12
74.12
74.12
74.12
52.38
-378.66301247507045
-378.66301247507045
-378.66301247507045
74.12
74.12
74.12
74.12
74.12
74.12
74.12
-361.1853034946259
-378.66301247507045
-378.6630124750704
-378.66301247507045
-378.66301247507045
-378.66301247507045
-378.6630124750705
-378.66301247507045
-378.66301247507045
-378.6630124750705
-378.66301247507045
-378.6630124750705
-378.66301247507045
-378.66301247507045
-378.66301247507045
-378.6630124750704
-378.66301247507045
-378.66301247507045
74.12
74.12
74.12
74.11999999999999
52.38
52.38
-378.6630124750705
-378.66301247507045
-378.66301247507045
-378.6630124750704
-378.66301247507045
-378.6630124750704
-378.66301247507045
-3.6708000000000105
52.38
52.38
74.12
74.12
52.38
-378.66301247507045
-378.66301247507045
-378.66301247507045
-378.6630124750705
74.12
74.12
74.12
74.12
74.12
74.12
74.12
74.12
52.38
-378.66301247507045
-378.66301247507045
74.12
74.12
74.12
74.12
74.12
74.11999999999999
74.12
74.12
74.12
-378.6630124750704
-378.66301247507045
-378.66301247507045
-378.66301247507045
52.38
74.12
74.12
74.12000000000002
74.12
74.12
74.12
74.12
74.12
52.38
74.12
74.11999999999999
74.12
74.12
74.12
74.12
74.12
74.12
74.12
74.12
52.38
-288.66488148105356
-378.6630124750705
52.38
74.12
74.12
74.12
74.11999999999999
74.12000000000002
74.12
74.12
-378.66301247507045
-378.66301247507045
-378.66301247507045
-378.6630124750705
-378.66301247507045
52.38000000000001
74.12
74.12
74.12
74.12000000000002
74.12
74.12
74.12
52.38000000000001
-378.66301247507045
52.38
74.12
74.12000000000002
74.12
74.12
74.12
52.38
52.38
52.38
-378.6630124750704
-378.66301247507045
-378.66301247507045
-378.6630124750704
-378.66301247507045
-378.66301247507045
-378.6630124750705
-378.6630124750704
-378.66301247507045
-378.66301247507045
-378.66301247507045
-378.66301247507045
-378.66301247507045
-378.66301247507045
-378.66301247507045
-378.66301247507045
-378.66301247507045
-378.66301247507045
52.38000000000001
52.38000000000001
-342.1539022469449
-371.2525029565064
-378.66301247507045
-370.7738965056671
-378.6630124750704
-378.66301247507045
-378.66301247507045
-378.66301247507045
-378.66301247507045
-378.66301247507045
-378.66301247507045
-361.1325406610409
-378.6630124750704
52.38
74.12
74.12
74.12
-357.0634610365064
-378.6630124750705
-378.66301247507045
74.12
74.12
74.12
74.11999999999999
74.12000000000002
74.12
74.12
74.12
74.12
52.38
-3.6707999999999887
52.379999999999995
74.12
74.11999999999999
74.12
74.12
74.12
74.12
74.12
74.12
74.12
-357.06346103650634
-378.66301247507045
-378.6630124750704
52.38000000000001
74.12
74.11999999999999
74.12
74.12
74.12
74.11999999999999
74.12
74.12
74.12
-3.670799999999997
52.38
52.38
74.12
74.12
74.12
74.12
74.12
74.12
74.12
74.12
-364.2015485743622
-378.66301247507045
-378.66301247507045
-378.66301247507045
74.12
74.12
74.12
74.12
74.12
74.11999999999999
74.12
74.11999999999999
52.38000000000001
-378.66301247507045
-378.6630124750705
52.38
74.12
74.12
74.12000000000002
74.11999999999999
74.12
74.12000000000002
74.12
74.12
-378.6630124750704
-378.66301247507045
-378.6630124750704
-378.66301247507045
74.12
74.12
74.12
74.12
74.12
52.38
74.12
74.12
52.379999999999995
-378.6630124750704
-378.66301247507045
52.38
74.12
74.12
74.12
74.11999999999999
74.12
74.12
74.12
74.12
-378.66301247507045
-378.6630124750704
-378.6630124750704
-378.6630124750704
74.12
74.12
74.12
74.12
74.12
74.12
74.12
52.38
-378.66301247507045
-378.66301247507045
-378.66301247507045
-378.6630124750705
74.12
74.12
74.11999999999999
74.11999999999999
74.12
74.11999999999999
74.12000000000002
74.12
-364.2015485743623
-378.6630124750705
-378.66301247507045
-378.66301247507045
74.12
74.12
74.12
74.12
74.12
74.12
74.12
74.11999999999999
52.38
-378.66301247507045
-378.66301247507045
52.379999999999995
74.12
74.12
74.11999999999999
74.12
74.12
74.12
74.12
74.12
52.38
-378.66301247507045
-378.66301247507045
-3.6708
74.12
74.12
74.12
74.11999999999999
74.12
74.12
74.12
74.12
52.38000000000001
-3.6707999999999967
-3.6707999999999963
74.12
74.12
74.12
74.12
74.12
74.12
74.12
74.12
74.12
52.379999999999995
-3.670799999999998
52.38
74.12
74.12
74.12
74.12
74.12
74.12
74.12
74.12
74.12
-378.6630124750704
-378.6630124750704
-378.66301247507045
-378.66301247507045
52.38
74.12
74.12
74.12
74.12
74.12
74.12
52.38
-378.66301247507045
-378.66301247507045
-378.6630124750705
-378.66301247507045
74.12
74.12
74.12000000000002
74.12
74.12
74.11999999999999
74.11999999999999
74.12
-378.66301247507045
-378.6630124750705
-378.6630124750705
-378.6630124750704
74.12
74.12
74.12000000000002
74.12
74.12
74.12
74.12
74.12
52.38
-378.6630124750704
-378.66301247507045
74.12000000000002
74.11999999999999
74.12
74.12
74.12000000000002
74.12
74.11999999999999
74.12
74.12000000000002
74.12
52.38
52.38
52.38
74.12
74.12
74.12
74.12000000000002
74.12
74.12000000000002
74.11999999999999
74.12
-378.66301247507045
-378.6630124750705
-378.66301247507045
-378.66301247507045
-378.66301247507045
52.38
52.38000000000001
52.38000000000001
52.38
52.38
52.38000000000001
-378.66301247507045
-378.6630124750705
-378.66301247507045
-378.66301247507045
-378.66301247507045
52.379999999999995
74.12
74.12
74.12
74.12
52.38
52.38
52.38
-378.66301247507045
-378.6630124750704
-378.66301247507045
-378.66301247507045
-174.43960231638562
74.11999999999999
74.12
74.12
74.12000000000002
74.12
74.12
52.38
-378.6630124750705
-378.66301247507045
-378.6630124750705
-378.66301247507045
-378.6630124750704
52.38
52.379999999999995
74.12
74.12
74.12
74.12
52.38
-378.66301247507045
-378.6630124750705
-378.6630124750704
-378.6630124750705
74.12
74.12
74.12
74.12
74.12
74.12
74.12
74.12
-371.2525029565065
-378.66301247507045
-378.66301247507045
-327.79913333333326
74.12
74.12
52.38
52.38
52.38
52.379999999999995
74.12
74.12
-378.66301247507045
-378.66301247507045
-378.6630124750704
-378.66301247507045
52.38
74.12
74.12
74.12
74.12
74.12
74.12
74.12
74.12
52.38000000000001
52.38
52.38
74.12
74.12
52.38
52.38
-20.193200000000004
-20.1932
52.38
52.38
-360.96859004773137
-378.6630124750704
-378.66301247507045
-378.66301247507045
-378.6630124750704
-378.66301247507045
-378.66301247507045
-378.6630124750704
-378.6630124750705
-378.66301247507045
-378.66301247507045
-378.66301247507045
-378.66301247507045
-378.66301247507045
-378.66301247507045
52.38
74.12
74.12
74.12
74.12
74.12
74.12
74.12
52.38
-378.66301247507045
-378.6630124750704
-378.66301247507045
-378.6630124750704
74.12
74.12
74.12
74.12
74.12
74.12
74.12
74.12
52.38
-378.66301247507045
-378.66301247507045
74.11999999999999
74.12
74.12
74.12
74.12
74.12
74.11999999999999
74.12
74.12
74.12
52.379999999999995
74.11999999999999
74.12
74.12
74.12
74.12000000000002
74.12
74.11999999999999
74.12
74.12
74.12
74.12
52.38
74.12
74.12000000000002
74.12
74.12
74.12
74.12
74.12
74.12
74.12
74.11999999999999
74.12
74.12
74.12
74.12000000000002
74.11999999999999
74.12
74.12
74.12
74.12
74.12
74.12
74.12
-364.2015485743623
-378.66301247507045
-378.66301247507045
-378.66301247507045
74.12
74.12
74.12
74.12
74.12
74.12
52.38000000000001
-378.66301247507045
-378.66301247507045
-378.66301247507045
-378.66301247507045
-378.6630124750705
-378.66301247507045
-378.6630124750705
-378.66301247507045
-378.66301247507045
-378.66301247507045
-378.66301247507045
-378.66301247507045
-378.66301247507045
-378.66301247507045
-378.66301247507045
-378.66301247507045
-378.66301247507045
-378.66301247507045
-378.66301247507045
-378.66301247507045
-378.6630124750705
-378.6630124750705
-378.66301247507045
-370.2168321678367
-378.66301247507045
-378.6630124750704
-378.66301247507045
-378.66301247507045
-378.66301247507045
-378.66301247507045
-378.66301247507045
-378.66301247507045
-378.66301247507045
-378.66301247507045
-378.6630124750705
-370.7812869412639
-378.66301247507045
-378.66301247507045
-378.66301247507045
-378.66301247507045
-378.6630124750704
52.38
74.12
74.12
74.12
74.11999999999999
74.12
74.12
74.11999999999999
52.38
-288.66488148105356
-378.6630124750704
52.38
74.12
74.12
74.12
74.11999999999999
74.12000000000002
74.12
74.12
74.11999999999999
52.379999999999995
-288.6648814810536
-378.66301247507045
52.379999999999995
74.12
74.12
74.12
74.11999999999999
74.12
52.38
74.11999999999999
74.12
-378.6630124750705
-378.66301247507045
-378.6630124750705
-378.66301247507045
-378.6630124750704
52.38
-378.66301247507045
-378.66301247507045
-378.66301247507045
-378.66301247507045
-378.66301247507045
-378.66301247507045
-378.6630124750704
-378.6630124750705
-378.66301247507045
-378.66301247507045
-378.66301247507045
-378.66301247507045
-378.66301247507045
-378.66301247507045
-378.66301247507045
-378.66301247507045
-378.66301247507045
-378.6630124750705
-378.66301247507045
-378.66301247507045
-378.6630124750705
-378.66301247507045
-378.66301247507045
52.38
52.38
52.38
52.38
52.38
74.12
74.12000000000002
52.38
-378.66301247507045
-378.66301247507045
-378.66301247507045
74.12
74.12
74.12
74.12
74.12
74.12
74.11999999999999
52.379999999999995
-378.66301247507045
-378.66301247507045
-378.66301247507045
-378.6630124750705
-378.6630124750704
-356.4667650409012
-360.77370199551035
-378.6630124750704
-378.6630124750704
-378.66301247507045
-378.6630124750705
-378.6630124750705
-378.66301247507045
-378.66301247507045
-378.66301247507045
-378.66301247507045
-378.66301247507045
52.38
52.38
52.38
-20.193199999999997
52.38
52.38000000000001
-358.77660204559186
-378.66301247507045
-378.66301247507045
-378.66301247507045
-378.66301247507045
52.38
74.12
74.12
74.12
74.12
74.12
74.12
74.12
-378.66301247507045
-378.6630124750704
-378.6630124750705
-378.66301247507045
-378.6630124750705
52.379999999999995
52.379999999999995
-20.193200000000008
52.38
52.37999999999999
52.37999999999998
-378.66301247507045
-378.6630124750705
-378.66301247507045
-378.66301247507045
-378.6630124750705
52.379999999999995
74.12
74.12
74.12
74.12000000000002
74.12000000000002
74.12
74.12
52.38
-3.6707999999999994
-3.6707999999999976
52.38000000000001
74.12
74.11999999999999
74.12
74.12
74.12
74.12
74.12
74.12
-364.2015485743622
-378.66301247507045
-378.66301247507045
-378.66301247507045
52.38
74.12
74.12
74.12000000000002
74.11999999999999
74.12
74.12
74.12
-357.06346103650634
-378.6630124750704
-378.66301247507045
52.38
74.12
74.12
74.12
74.12
74.12
74.12
74.12
74.12
74.12
52.379999999999995
52.379999999999995
74.12
74.12
74.12
74.12
74.12
74.12
74.12
74.12
74.12
52.38
-378.6630124750704
-378.66301247507045
52.38
74.12
74.11999999999999
74.12
74.11999999999999
74.12
74.12000000000002
74.12
74.12
52.38
-378.66301247507045
-378.66301247507045
-378.66301247507045
74.12
74.12
74.12
52.38
52.38
-311.6166390840186
-331.07189353160345
-378.66301247507045
-378.6630124750705
-378.66301247507045
-378.66301247507045
-378.66301247507045
-378.66301247507045
-378.66301247507045
52.38
52.38
52.38
52.38
52.38000000000001
52.38
-378.6630124750704
-378.6630124750705
-378.66301247507045
-378.6630124750704
74.12000000000002
74.12
74.12000000000002
74.12
74.12000000000002
74.12
74.12
74.12
-357.0634610365064
-378.66301247507045
-378.66301247507045
52.38
74.12000000000002
74.12
74.12
74.12
74.12
74.12
74.12
74.12
74.12
74.12
74.12
74.12
74.12
74.12
74.12000000000002
74.12
74.12
74.12
74.12
74.12
-364.2015485743623
-378.6630124750705
-378.66301247507045
-378.6630124750705
74.12
74.12
74.12
74.12
74.12
74.12
74.12
74.12
52.38000000000001
-378.6630124750705
-378.6630124750704
52.38
74.12
74.12
74.12
74.11999999999999
74.12
74.11999999999999
74.12
74.12
52.38
-378.66301247507045
-378.66301247507045
-378.66301247507045
74.12
74.12
74.12
74.11999999999999
74.12000000000002
74.12
74.12
74.12
-378.66301247507045
-378.6630124750704
-378.6630124750705
-378.6630124750704
74.12000000000002
74.12
52.38
52.38
52.38
52.38
74.12
74.12
52.38000000000001
-288.66488148105356
-378.66301247507045
52.38
74.11999999999999
74.12
74.12
74.12
74.11999999999999
74.12
74.12
74.12
74.12
52.379999999999995
52.38
74.11999999999999
74.12
74.12
52.38
-3.670799999999997
-3.6707999999999976
-3.670799999999997
52.38
74.12
-378.66301247507045
-378.6630124750704
-378.6630124750704
52.379999999999995
74.12000000000002
74.12
52.38
-353.4178767151622
-378.66301247507045
-378.66301247507045
-369.3733146701768
-378.66301247507045
-378.66301247507045
-378.6630124750705
-378.66301247507045
-378.66301247507045
-378.6630124750705
52.38
52.38
52.38
52.38
52.38
52.38
52.38
-378.66301247507045
-378.6630124750704
-378.66301247507045
-327.79913333333326
74.12
74.12
74.12
74.12
52.38
52.38
74.12000000000002
74.11999999999999
-378.6630124750704
-378.66301247507045
-378.66301247507045
-378.66301247507045
-378.66301247507045
74.11999999999999
52.38
52.38
52.38
52.38
74.12
74.12
-364.2015485743623
-378.6630124750704
-378.6630124750705
-378.66301247507045
52.38000000000001
74.12
74.12
74.12
74.12
74.11999999999999
74.12
52.38000000000001
-378.66301247507045
-378.66301247507045
-378.6630124750705
-378.66301247507045
-378.66301247507045
52.38
52.38
52.38
52.38
52.379999999999995
74.12
74.12
52.38
-378.6630124750704
-378.6630124750704
52.38
74.12
74.12
74.12
74.12
74.12
74.11999999999999
74.12000000000002
74.12
-378.6630124750704
-378.66301247507045
-378.66301247507045
52.38
74.12000000000002
74.12
74.12
74.11999999999999
74.12
74.12
74.11999999999999
74.12
74.12
52.379999999999995
-3.670799999999998
52.38000000000001
74.12
74.12
74.12
74.12
74.11999999999999
74.12
74.12
74.11999999999999
74.12
-371.2525029565065
-378.6630124750704
74.12
74.12
74.12
74.12
74.12
74.12
74.12
74.12
74.12
74.12
52.38
52.38
74.12
74.12
74.12
74.12
74.12
74.11999999999999
74.12
74.11999999999999
74.12
74.12
52.38
-3.6707999999999985
74.12
74.12
74.12
74.12
74.12
74.11999999999999
74.12
52.38
52.38000000000001
-378.66301247507045
-378.6630124750704
-378.66301247507045
-378.66301247507045
52.38
52.379999999999995
52.38
-360.3376534110187
-378.6630124750704
-378.66301247507045
-378.66301247507045
-378.66301247507045
-378.6630124750704
-378.6630124750704
-378.66301247507045
-378.66301247507045
52.38000000000001
74.11999999999999
74.12
74.12
74.12
74.12
74.12
74.11999999999999
-378.66301247507045
-378.6630124750704
-378.6630124750705
-378.66301247507045
74.12
74.12
74.12
74.11999999999999
74.11999999999999
74.11999999999999
74.12
74.12
74.12
-378.66301247507045
-378.6630124750705
52.38
74.12
74.12
74.12
74.12
74.12
52.379999999999995
74.12
74.12
-378.66301247507045
-378.6630124750705
-378.6630124750705
-378.66301247507045
-353.76210683473425
-345.00379373431275
-363.47826399196225
-378.66301247507045
-378.6630124750705
-378.66301247507045
52.38
52.38
-378.66301247507045
-378.66301247507045
-378.66301247507045
-378.66301247507045
-378.66301247507045
52.38
52.38
52.38000000000001
52.38
-361.4954754655899
-378.66301247507045
-378.6630124750704
-378.6630124750705
-378.6630124750705
-378.66301247507045
-378.6630124750704
-378.66301247507045
-378.66301247507045
-378.66301247507045
-378.66301247507045
-378.66301247507045
-378.66301247507045
-378.66301247507045
-368.7198072603311
-378.66301247507045
-378.6630124750705
-378.6630124750704
-378.6630124750705
74.12
74.12
74.12
74.12
74.11999999999999
52.38
74.12
74.12000000000002
-378.66301247507045
-378.66301247507045
-378.66301247507045
-378.66301247507045
-378.66301247507045
-369.66539401809035
-378.66301247507045
-378.66301247507045
-378.66301247507045
-378.66301247507045
-378.6630124750704
-378.66301247507045
-378.66301247507045
-378.66301247507045
-378.66301247507045
-378.6630124750704
52.38
74.12
74.12
74.12
74.12
74.11999999999999
74.12
74.12
74.12
52.38000000000001
74.12
74.12
74.12
74.12
74.12
74.12
74.12000000000002
74.12
74.12
74.12
74.12
-3.670799999999997
-3.6707999999999976
74.12
74.12000000000002
74.12
74.12
74.12
74.12
74.12
74.12
74.12
74.11999999999999
-378.6630124750704
-378.66301247507045
-378.6630124750704
74.12000000000002
74.12
74.12000000000002
74.12
74.12
74.12000000000002
74.12
74.12
74.12
-288.66488148105356
-378.66301247507045
74.12
74.12
74.11999999999999
74.12
74.12
74.12
52.379999999999995
52.38000000000001
52.38
-378.66301247507045
-378.66301247507045
-378.66301247507045
-378.66301247507045
74.12
74.12
74.12
74.12
74.12
74.12000000000002
74.12
74.12
74.12
-3.670799999999999
52.38
74.12
74.11999999999999
74.12
74.12
52.38
52.38
52.38
74.12
74.12000000000002
52.38
-3.6707999999999976
-3.670799999999997
74.12
74.12
74.12
74.12
74.12
74.12
74.12
74.12
74.12
74.12000000000002
74.12
74.12000000000002
74.12
74.12
74.12
74.12000000000002
74.12
74.12
74.11999999999999
74.12
74.12
-364.20154857436233
-378.66301247507045
-378.66301247507045
-378.6630124750704
74.12
74.12
74.12
74.12
52.38
52.38
74.12
74.11999999999999
-378.66301247507045
-378.66301247507045
-378.6630124750705
-378.66301247507045
74.12
74.12
74.11999999999999
74.11999999999999
74.12
74.11999999999999
74.12
74.12
74.12
-357.06346103650634
-378.66301247507045
-378.66301247507045
74.12
74.12
52.38
-361.3173538347049
-378.66301247507045
-378.66301247507045
-378.66301247507045
-378.6630124750704
-378.6630124750704
-378.6630124750704
-378.66301247507045
-378.6630124750705
-378.6630124750704
-378.66301247507045
-378.6630124750705
-378.66301247507045
-378.6630124750704
52.379999999999995
74.12
74.12
-378.66301247507045
-378.66301247507045
-378.66301247507045
-378.6630124750705
74.11999999999999
74.12000000000002
74.12
74.11999999999999
74.12
74.11999999999999
74.12
74.12000000000002
74.12
52.379999999999995
-3.6707999999999976
74.12
74.12
74.12
74.12
74.12
74.12
74.12
74.12
74.12
74.12
-378.66301247507045
-378.6630124750704
-378.6630124750704
74.12
74.12
74.12
74.12
74.11999999999999
74.12
74.12
74.11999999999999
52.38000000000001
-378.66301247507045
-378.66301247507045
-378.66301247507045
74.12
74.12
52.38
-3.6707999999999994
52.38
52.379999999999995
74.12
74.12
-378.66301247507045
-378.6630124750704
-378.6630124750705
-378.6630124750704
-353.76210683473425
-337.8452407149713
-344.6399665726425
-361.0640852331443
-378.6630124750704
52.38
52.38
52.38
-378.66301247507045
-378.66301247507045
-378.66301247507045
-378.66301247507045
-378.66301247507045
-378.6630124750704
-378.66301247507045
-378.66301247507045
-378.6630124750704
-378.66301247507045
-355.66761501486013
-358.77660204559186
-378.66301247507045
-378.6630124750704
-378.66301247507045
-378.66301247507045
52.38
52.38
52.38
52.38
74.11999999999999
74.12
74.12000000000002
74.12
74.12000000000002
-3.6707999999999976
-3.6707999999999976
74.12
74.12
52.38
52.38
-3.670799999999997
-3.670799999999999
52.38000000000001
52.38
74.12
-378.66301247507045
-378.66301247507045
-378.66301247507045
-378.66301247507045
-378.6630124750705
-378.6630124750705
-378.6630124750705
-378.66301247507045
-378.6630124750705
-378.66301247507045
-378.66301247507045
-378.66301247507045
-378.66301247507045
-378.66301247507045
-378.66301247507045
-378.66301247507045
-378.6630124750704
-378.66301247507045
-378.66301247507045
-378.6630124750705
-378.66301247507045
-378.66301247507045
-378.66301247507045
-378.66301247507045
-378.6630124750705
-378.66301247507045
-378.66301247507045
-378.66301247507045
-378.66301247507045
-378.66301247507045
-378.6630124750705
-378.6630124750705
-378.66301247507045
-378.66301247507045
-378.66301247507045
-378.66301247507045
-378.66301247507045
-378.66301247507045
-378.66301247507045
-378.66301247507045
-378.66301247507045
-378.66301247507045
-378.66301247507045
-378.6630124750705
-378.66301247507045
-378.6630124750704
-378.6630124750704
-378.66301247507045
-378.66301247507045
-378.66301247507045
-378.6630124750705
-378.66301247507045
-378.66301247507045
-378.6630124750705
-378.66301247507045
-378.66301247507045
-378.66301247507045
-378.6630124750704
-378.66301247507045
-378.6630124750704
-378.66301247507045
-378.6630124750705
-378.66301247507045
74.12
74.12
74.12
74.12
74.12
74.12
74.12
74.12
74.12
52.379999999999995
-378.6630124750705
-378.66301247507045
-378.6630124750705
52.38
74.12
74.12
74.12
74.12
74.12
74.11999999999999
74.12
74.12
-357.0634610365064
-378.6630124750704
-378.66301247507045
74.12
52.38
52.38
52.38
52.38
74.12
74.12
74.12
74.12
-288.66488148105356
-378.66301247507045
52.38
74.12
74.12
-361.0640852331443
-378.66301247507045
-378.66301247507045
-378.66301247507045
-378.66301247507045
-378.66301247507045
-378.6630124750705
-378.6630124750705
-378.66301247507045
-378.66301247507045
-378.6630124750704
-378.6630124750704
-378.66301247507045
-378.6630124750704
-378.66301247507045
-378.66301247507045
-378.66301247507045
-378.66301247507045
-378.6630124750705
-378.66301247507045
-378.66301247507045
-378.6630124750704
-322.5815333333334
52.38
52.38
-20.193200000000004
-25.410800000000002
-3.6707999999999976
52.38
74.12
74.12
52.379999999999995
52.38
74.12
74.12
74.12
74.12
74.12
74.11999999999999
74.12
74.12
74.12
74.12
-378.66301247507045
-378.66301247507045
52.38
74.12
74.12
74.12
52.38
52.38
74.11999999999999
74.12
74.12
74.11999999999999
-378.6630124750705
-378.66301247507045
52.38
74.12
52.38
52.38
52.38
52.38000000000001
74.12
74.12000000000002
74.12
74.12
-378.66301247507045
-378.66301247507045
-378.66301247507045
52.379999999999995
52.379999999999995
52.38
-282.4009956856007
-292.6302574810536
-378.66301247507045
52.38
52.38000000000001
-357.06346103650634
-378.66301247507045
-378.66301247507045
74.12
74.12
74.12
74.12
74.11999999999999
74.11999999999999
74.12
74.12
74.12
74.12
74.12
74.12
74.12
74.12
74.12
74.12
74.12
74.12000000000002
74.12
74.12
74.12
74.12
74.12
74.12
74.12
74.12
74.12
74.12
74.12000000000002
74.12
74.11999999999999
74.12000000000002
74.12
74.12
74.12000000000002
74.11999999999999
74.12
74.12
74.12
74.12
74.12
74.12
74.12
74.12
74.12
74.12
74.12
74.12
74.12
74.12
74.12000000000002
74.12000000000002
74.12
74.12
74.12
74.12
74.12
74.12
-378.66301247507045
-378.66301247507045
-378.66301247507045
74.12
74.12
52.38
52.38
52.38
52.38
52.38
52.38
-378.66301247507045
-378.66301247507045
-378.66301247507045
-378.66301247507045
-378.6630124750705
-378.6630124750704
-378.66301247507045
-378.66301247507045
-378.6630124750705
-378.66301247507045
-378.66301247507045
-371.4322805247164
-378.6630124750704
-378.6630124750705
-378.6630124750705
52.379999999999995
74.12000000000002
74.12
74.12
74.12
74.12
74.12
74.12
74.12
74.12000000000002
52.38
52.38
74.12
74.12
74.11999999999999
74.12000000000002
74.12
74.12
74.12
74.12
74.12
74.12
74.12
74.12
74.12
74.12
74.12
74.12
74.11999999999999
74.12
74.12
74.12
74.12
74.12
52.38
52.38
74.12
74.12
74.11999999999999
74.12
74.12
74.12
74.12
74.12
74.12
74.12
74.12
74.12
74.12
74.12
74.12
74.12000000000002
74.11999999999999
74.12
74.12
74.12
74.12000000000002
74.12
74.12
74.12
74.12
74.12
74.12
74.12
74.12
74.12
74.12
74.12
74.12
74.11999999999999
74.12
74.12
74.12
74.12
74.12
74.12
74.12
74.12
74.12
74.12
74.12
74.12
74.12
74.12
74.12
74.12
74.12
74.12
74.12
74.12
74.12
74.11999999999999
74.11999999999999
74.12
52.38
52.38
74.12
74.12
74.12
74.11999999999999
74.12
74.12
74.12
74.12
74.12
74.11999999999999
74.12
52.38
74.12
74.12
74.12
74.12
74.12
74.12
74.12
74.12
74.12
74.12
52.379999999999995
52.38
74.12
74.11999999999999
74.12
74.12
74.12
74.12
74.12
74.12
74.12
74.12
74.12
74.12
74.12
74.12
74.12
74.12
74.12
74.12
74.12
74.12
74.12
74.12
74.12
74.12
74.12
74.12
74.11999999999999
74.12
74.12
74.12
74.12
74.12
74.12000000000002
74.12
74.12000000000002
74.12
74.12
74.12
74.12
74.12
74.12000000000002
74.11999999999999
74.12
74.12
74.12
74.12
74.12
74.12
52.38
52.38
-361.14124862776004
-378.66301247507045
-378.6630124750704
-378.66301247507045
-378.6630124750705
-378.66301247507045
-378.66301247507045
-378.66301247507045
-378.66301247507045
-378.66301247507045
-378.6630124750705
-378.66301247507045
-378.6630124750705
-378.66301247507045
-378.66301247507045
-378.6630124750705
-378.66301247507045
-378.66301247507045
-378.66301247507045
-378.66301247507045
-378.6630124750705
-378.6630124750704
52.38
74.11999999999999
74.12
52.38
-357.88674354496544
-378.6630124750704
-378.66301247507045
-378.66301247507045
-378.66301247507045
-363.4782639919623
-378.6630124750705
-378.66301247507045
-378.66301247507045
52.38
52.38
52.38
52.38
52.38
52.38
52.38
52.38
52.38
-378.66301247507045
-378.6630124750705
-378.6630124750704
-378.6630124750704
-378.6630124750705
-378.66301247507045
-378.66301247507045
-378.66301247507045
-378.6630124750704
-378.66301247507045
-378.66301247507045
-378.66301247507045
-378.66301247507045
-378.6630124750705
-378.6630124750704
-378.66301247507045
-378.66301247507045
-378.66301247507045
-378.66301247507045
-378.66301247507045
-378.66301247507045
-378.66301247507045
-378.66301247507045
-378.66301247507045
-378.66301247507045
-378.66301247507045
-378.6630124750705
-378.66301247507045
-378.66301247507045
-378.66301247507045
-378.6630124750704
-378.66301247507045
-378.66301247507045
52.38
74.12
74.12
74.12
74.12
74.12
74.12
74.12000000000002
74.12
74.12
52.37999999999999
-371.2525029565064
-378.66301247507045
-353.7621068347342
-349.22477368199867
-361.12655096553965
-378.66301247507045
52.38
52.38
52.38
-357.585456026346
-378.6630124750704
-378.6630124750704
-378.66301247507045
-378.66301247507045
-356.6709125415834
-356.67091254158345
-378.66301247507045
-378.66301247507045
-378.66301247507045
-378.66301247507045
-371.43228052471636
-378.66301247507045
-378.66301247507045
-378.6630124750704
52.38
52.38
74.12000000000002
74.12
74.12
74.12000000000002
74.12
74.12
74.12
74.12
74.12
74.12
52.38
74.11999999999999
74.12
74.12
74.12
74.12
74.12
74.12
74.12
74.12
74.12
74.11999999999999
74.12
74.11999999999999
74.12
74.12
74.12
74.12
74.12
74.12
74.12
74.11999999999999
74.11999999999999
74.12
74.12
74.12
74.12
74.12
52.38
-20.193200000000004
52.38000000000001
52.38
52.38
52.38
-378.66301247507045
-378.66301247507045
-378.6630124750705
-378.66301247507045
-378.66301247507045
-378.66301247507045
-378.66301247507045
-327.79913333333343
52.379999999999995
74.12
74.12
74.12
74.12
74.11999999999999
74.12
74.12
74.12
74.12
74.12000000000002
74.12
74.12
74.12
74.11999999999999
74.12
74.12
74.12
74.12
74.12
74.12
74.12
74.12
74.12
74.12
74.12
74.12
74.12
74.12
74.12
74.12
74.12
74.12
74.12
74.12
74.12
74.12
74.12
74.12
74.12
74.12
74.11999999999999
74.12
74.12
74.12
74.12
74.12
74.12
74.12
74.12
74.12
74.12
74.12
74.12
74.12
74.12
74.12
74.12
74.12
74.12
74.12
74.12
74.12
74.12
74.12
74.12
74.12
74.12
74.12
74.12
74.12
74.12000000000002
74.12
74.12
74.12000000000002
74.12
74.12
74.12
74.12
74.11999999999999
74.12
74.12
52.379999999999995
74.12
74.12
74.12
74.12000000000002
74.12
74.12
74.12
74.12
74.12000000000002
74.12
74.12
52.38
52.38
74.12
74.12
74.12
74.12
74.12
74.12
74.12
74.12
74.12
74.12
52.379999999999995
74.12
74.12
74.12
74.12
74.12000000000002
74.12
74.12
74.12
74.12
74.12
74.12
74.12
74.12
74.12
74.12
74.12
74.12
74.12
74.12000000000002
74.12
74.12
74.12
74.12
74.12
74.12
74.12
74.12
74.12
74.12
74.12
52.38
52.38
52.38
74.12
74.12
-3.6707999999999976
52.38
74.12
74.12
74.12
74.12
74.12
74.12
74.12
74.11999999999999
74.12
74.12
74.12
74.12
74.12
74.12
74.12
74.12
74.12
74.12
74.12000000000002
74.11999999999999
74.12
74.12
52.38
52.38
74.12000000000002
74.12000000000002
74.12
74.12
74.12
74.11999999999999
74.12
74.11999999999999
74.12
74.12000000000002
-361.7131623697328
-378.66301247507045
-378.66301247507045
-378.66301247507045
-378.66301247507045
-378.66301247507045
-378.66301247507045
-378.66301247507045
-378.6630124750705
-378.66301247507045
74.12
74.12
74.11999999999999
74.12
74.12
74.12000000000002
74.11999999999999
74.12
74.12
74.12
74.12
74.12
74.12
74.12
74.12000000000002
74.12
74.11999999999999
74.12
74.12
74.12
74.11999999999999
74.12
74.12
74.12
74.12
74.12
52.379999999999995
52.38
74.12
74.12
74.12
74.11999999999999
74.12
74.12
74.12
74.12
74.12
74.12
74.11999999999999
74.12
74.12
74.12
74.12
74.12
74.12
74.12
74.12
74.12
74.12
74.12
74.12
74.12
74.12
74.11999999999999
74.12
74.12
74.11999999999999
74.12
74.12
74.11999999999999
74.12
74.12
74.12
74.11999999999999
74.12
74.12
74.12
74.12
74.12
52.38
52.38
52.38
74.12
74.12
74.12
74.12
74.12
74.12
74.12
74.12
52.38
-378.66301247507045
-378.6630124750704
-378.66301247507045
-378.66301247507045
-378.66301247507045
-378.66301247507045
-378.6630124750704
-378.66301247507045
-378.66301247507045
-378.66301247507045
-378.6630124750704
-378.6630124750704
-378.6630124750704
-378.66301247507045
-378.6630124750705
-378.66301247507045
-378.6630124750705
-378.6630124750704
-378.66301247507045
-378.6630124750705
-378.66301247507045
-378.66301247507045
-378.66301247507045
-378.6630124750704
-378.66301247507045
-378.6630124750704
-378.66301247507045
-378.66301247507045
-378.66301247507045
-378.6630124750704
-378.6630124750704
-378.66301247507045
-378.66301247507045
-378.66301247507045
-378.66301247507045
-378.66301247507045
-378.66301247507045
-378.66301247507045
-378.6630124750704
52.38
52.38000000000001
74.12
74.12
74.12
74.12
74.12
74.12
74.12
74.12
52.38
52.38
52.379999999999995
52.38000000000001
-357.0634610365064
-378.66301247507045
-378.66301247507045
52.38
52.379999999999995
52.38
52.38
-3.6708000000000007
52.38
74.12000000000002
74.12
74.12
74.12000000000002
74.12
74.12
74.12
74.12
74.12
74.12
74.12
74.12
74.12000000000002
74.12
74.12000000000002
63.23674999353144
52.38
74.12
74.12
74.12
74.12
74.12
52.38
52.379999999999995
52.38
74.12
74.12000000000002
74.11999999999999
74.12000000000002
74.12
74.12
74.12
74.12
74.12
52.38000000000001
52.38
52.38
-361.1191881381206
-378.66301247507045
-378.66301247507045
-378.66301247507045
-378.66301247507045
-378.66301247507045
-378.6630124750704
-378.66301247507045
-378.66301247507045
-378.66301247507045
-378.6630124750705
-378.66301247507045
-378.66301247507045
-378.66301247507045
-378.66301247507045
-378.66301247507045
-378.6630124750704
-378.66301247507045
-378.66301247507045
-378.66301247507045
-378.66301247507045
-378.66301247507045
-378.66301247507045
-378.66301247507045
-378.66301247507045
-378.6630124750705
-378.66301247507045
-378.66301247507045
-378.6630124750705
-378.6630124750704
-378.6630124750704
-378.66301247507045
-378.66301247507045
-378.6630124750705
-378.6630124750705
-378.6630124750705
-378.66301247507045
-378.66301247507045
-378.66301247507045
-378.66301247507045
-378.6630124750705
-378.66301247507045
-378.66301247507045
-378.6630124750705
-378.6630124750705
-378.6630124750705
-378.66301247507045
-378.66301247507045
-378.66301247507045
-378.66301247507045
-378.6630124750704
-378.66301247507045
-378.66301247507045
52.38
74.12000000000002
74.12
74.11999999999999
74.11999999999999
74.11999999999999
74.12
74.12
74.12
-20.193199999999997
-20.193199999999997
52.38000000000001
52.379999999999995
52.38
52.38000000000001
52.38
