PumpedStor,BatteryStor
0.0,0.0
0.0,0.0
0.0,0.0
0.0,0.0
0.0,0.0
0.0,0.0
0.0,0.0
0.0,0.0
0.0,0.0
0.0,0.0
0.0,0.0
0.0,0.0
0.0,0.0
0.0,0.0
0.0,0.0
0.0,0.0
0.0,0.0
0.0,0.0
0.0,0.0
0.0,0.0
0.0,0.0
0.0,0.0
0.0,0.0
0.0,0.0
0.0,0.0
0.0,0.0
0.0,0.0
0.0,0.0
0.0,0.0
0.0,0.0
0.0,0.0
0.0,0.0
0.0,0.0
0.0,0.0
0.0,0.0
0.0,0.0
0.0,0.0
0.0,0.0
0.0,0.0
0.0,0.0
0.0,0.0
0.0,0.0
0.0,0.0
0.0,0.0
0.0,0.0
0.0,0.0
0.0,0.0
0.0,0.0
0.0,0.0
0.0,0.0
0.0,0.0
0.0,0.0
0.0,0.0
0.0,0.0
0.0,0.0
0.0,0.0
0.0,0.0
0.0,0.0
0.0,0.0
0.0,0.0
0.0,0.0
0.0,0.0
0.0,0.0
0.0,0.0
0.0,0.0
0.0,0.0
0.0,0.0
0.0,0.0
517.4497977469706,0.0
0.0,0.0
0.0,0.0
0.0,0.0
0.0,0.0
0.0,0.0
0.0,0.0
0.0,0.0
0.0,0.0
0.0,0.0
0.0,0.0
0.0,0.0
6413.550202252808,0.0
0.0,0.0
0.0,0.0
0.0,0.0
0.0,0.0
0.0,0.0
0.0,0.0
0.0,0.0
0.0,0.0
0.0,0.0
0.0,0.0
0.0,0.0
0.0,0.0
0.0,0.0
0.0,0.0
5267.56,0.0
1264.2144000000003,0.0
4306.757056,0.0
1994.42463744,0.0
3751.7972755456,0.0
2416.1940705853444,0.0
3431.2525063551384,0.0
2659.808095170095,0.0
3246.1058476707285,0.0
2800.5195557702464,0.0
3139.165137614613,0.0
2881.794495412894,0.0
3077.3961834862007,0.0
2928.738900550487,0.0
3041.7184355816303,0.0
2955.8539889579615,0.0
3021.11096839195,0.0
0.0,0.0
0.0,0.0
0.0,0.0
0.0,0.0
0.0,0.0
0.7677955522059627,0.0
0.0,0.0
0.0,0.0
0.0,0.0
0.0,0.0
0.0,0.0
0.0,0.0
0.0,0.0
0.0,0.0
0.0,0.0
0.0,0.0
0.0,0.0
0.0,0.0
0.0,0.0
0.0,0.0
0.0,0.0
0.0,0.0
0.0,0.0
0.0,0.0
0.0,0.0
0.0,0.0
0.0,0.0
0.0,0.0
0.0,0.0
6875.496292987237,0.0
0.0,0.0
0.0,0.0
0.0,0.0
0.0,0.0
0.0,0.0
0.0,0.0
0.0,0.0
0.0,0.0
0.0,0.0
0.0,0.0
0.0,0.0
0.0,0.0
0.0,0.0
0.0,0.0
0.0,0.0
0.0,0.0
0.0,0.0
0.0,0.0
0.0,0.0
0.0,0.0
0.0,0.0
0.0,0.0
0.0,0.0
0.0,0.0
0.0,0.0
0.0,0.0
0.0,0.0
0.0,0.0
0.0,0.0
0.0,0.0
0.0,0.0
0.0,0.0
0.0,0.0
0.0,0.0
0.0,0.0
0.0,0.0
0.0,0.0
0.0,0.0
0.0,0.0
0.0,0.0
0.0,0.0
6829.782466371014,0.0
0.0,0.0
0.0,0.0
5267.56,0.0
1264.2144000000005,0.0
4306.757056,0.0
1994.424637440001,0.0
337.7002965054546,0.0
0.0,0.0
0.0,0.0
0.0,0.0
0.0,0.0
3488.451114949487,0.0
0.0,0.0
742.0418868257678,0.0
0.0,0.0
0.0,0.0
0.0,0.0
0.0,0.0
0.0,0.0
0.0,0.0
0.0,0.0
0.0,0.0
0.0,0.0
0.0,0.0
0.0,0.0
0.0,0.0
0.0,0.0
0.0,0.0
0.0,0.0
0.0,0.0
0.0,0.0
0.0,0.0
0.0,0.0
0.0,0.0
0.0,0.0
0.0,0.0
0.0,0.0
0.0,0.0
0.0,0.0
0.0,0.0
2637.106162683173,0.0
0.0,0.0
0.0,0.0
0.0,0.0
0.0,0.0
0.0,0.0
0.0,0.0
0.0,0.0
0.0,0.0
0.0,0.0
0.0,0.0
0.0,0.0
0.0,0.0
0.0,0.0
0.0,0.0
0.0,0.0
0.0,0.0
0.0,0.0
0.0,0.0
0.0,0.0
0.0,0.0
0.0,0.0
0.0,0.0
0.0,0.0
0.0,0.0
0.0,0.0
0.0,0.0
0.0,0.0
0.0,0.0
0.0,0.0
0.0,0.0
0.0,0.0
0.0,0.0
0.0,0.0
0.0,0.0
0.0,0.0
0.0,0.0
0.0,0.0
0.0,0.0
0.0,0.0
0.0,0.0
0.0,0.0
0.0,0.0
0.0,0.0
0.0,0.0
0.0,0.0
0.0,0.0
0.0,0.0
0.0,0.0
0.0,0.0
0.0,0.0
0.0,0.0
0.0,0.0
0.0,0.0
0.0,0.0
0.0,0.0
0.0,0.0
0.0,0.0
0.0,0.0
0.0,0.0
0.0,0.0
0.0,0.0
0.0,0.0
0.0,0.0
0.0,0.0
0.0,0.0
0.0,0.0
0.0,0.0
0.0,0.0
0.0,0.0
0.0,0.0
0.0,0.0
0.0,0.0
0.0,0.0
0.0,0.0
0.0,0.0
0.0,0.0
0.0,0.0
0.0,0.0
0.0,0.0
0.0,0.0
0.0,0.0
0.0,0.0
0.0,0.0
0.0,0.0
0.0,0.0
0.0,0.0
0.0,0.0
0.0,0.0
0.0,0.0
0.0,0.0
0.0,0.0
0.0,0.0
0.0,0.0
0.0,0.0
0.0,0.0
5267.5599999999995,0.0
1264.2144000000012,0.0
4306.757056,0.0
1994.4246374400013,0.0
3751.797275545599,0.0
2416.1940705853453,0.0
3431.252506355137,0.0
2659.808095170096,0.0
3246.105847670728,0.0
2800.519555770247,0.0
3139.1651376146133,0.0
2881.7944954128943,0.0
3077.3961834862007,0.0
0.0,0.0
0.0,0.0
0.0,0.0
0.0,0.0
0.0,0.0
0.0,0.0
0.0,0.0
0.0,0.0
0.0,0.0
0.0,0.0
0.0,0.0
6875.67274256121,0.0
0.0,0.0
0.0,0.0
0.0,0.0
0.0,0.0
5267.5599999999995,0.0
1264.214400000001,0.0
0.0,0.0
0.0,0.0
0.0,0.0
0.0,0.0
0.0,0.0
0.0,0.0
0.0,0.0
0.0,0.0
6271.8680217545625,0.0
0.0,0.0
0.0,0.0
622.8544437875822,0.0
0.0,0.0
0.0,0.0
0.0,0.0
0.0,0.0
0.0,0.0
2721.623016122331,0.0
485.2320499552529,0.0
1577.123470798207,0.0
0.0,0.0
0.0,0.0
0.0,0.0
174.5062040314695,0.0
0.0,0.0
4275.8247766479235,0.0
0.0,0.0
0.0,0.0
0.0,0.0
0.0,0.0
5938.38109029775,0.0
0.0,0.0
0.0,0.0
0.0,0.0
0.0,0.0
5267.5599999999995,0.0
1264.214400000001,0.0
4306.7570559999995,0.0
1994.4246374400013,0.0
3751.7972755455994,0.0
2416.194070585344,0.0
3431.252506355139,0.0
2659.808095170095,0.0
3246.1058476707285,0.0
2800.5195557702464,0.0
3139.1651376146133,0.0
2881.794495412895,0.0
2259.4502865584072,0.0
3746.6847974782813,0.0
2420.0795539165065,0.0
0.0,0.0
0.0,0.0
0.0,0.0
0.0,0.0
0.0,0.0
6315.617562928674,0.0
0.0,0.0
0.0,0.0
0.0,0.0
0.0,0.0
0.0,0.0
0.0,0.0
0.0,0.0
0.0,0.0
0.0,0.0
0.0,0.0
0.0,0.0
0.0,0.0
0.0,0.0
0.0,0.0
0.0,0.0
0.0,0.0
0.0,0.0
0.0,0.0
0.0,0.0
0.0,0.0
0.0,0.0
6564.431359699771,0.0
0.0,0.0
0.0,0.0
0.0,0.0
0.0,0.0
0.0,0.0
0.0,0.0
0.0,0.0
0.0,0.0
0.0,0.0
0.0,0.0
0.0,0.0
0.0,0.0
0.0,0.0
0.0,0.0
0.0,0.0
0.0,0.0
0.0,0.0
0.0,0.0
0.0,0.0
0.0,0.0
0.0,0.0
0.0,0.0
0.0,0.0
0.0,0.0
0.0,0.0
0.0,0.0
0.0,0.0
0.0,0.0
0.0,0.0
0.0,0.0
0.0,0.0
0.0,0.0
0.0,0.0
0.0,0.0
0.0,0.0
0.0,0.0
0.0,0.0
0.0,0.0
0.0,0.0
0.0,0.0
0.0,0.0
0.0,0.0
0.0,0.0
0.0,0.0
0.0,0.0
0.0,0.0
0.0,0.0
0.0,0.0
0.0,0.0
0.0,0.0
0.0,0.0
0.0,0.0
0.0,0.0
0.0,0.0
0.0,0.0
0.0,0.0
0.0,0.0
0.0,0.0
0.0,0.0
0.0,0.0
0.0,0.0
0.0,0.0
0.0,0.0
0.0,0.0
0.0,0.0
0.0,0.0
0.0,0.0
0.0,0.0
0.0,0.0
0.0,0.0
0.0,0.0
0.0,0.0
0.0,0.0
0.0,0.0
0.0,0.0
0.0,0.0
0.0,0.0
0.0,0.0
0.0,0.0
0.0,0.0
0.0,0.0
0.0,0.0
0.0,0.0
0.0,0.0
0.0,0.0
0.0,0.0
0.0,0.0
0.0,0.0
0.0,0.0
0.0,0.0
0.0,0.0
0.0,0.0
0.0,0.0
0.0,0.0
0.0,0.0
0.0,0.0
0.0,0.0
0.0,0.0
0.0,0.0
0.0,0.0
0.0,0.0
0.0,0.0
0.0,0.0
0.0,0.0
0.0,0.0
0.0,0.0
0.0,0.0
0.0,0.0
0.0,0.0
0.0,0.0
0.0,0.0
0.0,0.0
0.0,0.0
0.0,0.0
0.0,0.0
0.0,0.0
0.0,0.0
0.0,0.0
0.0,0.0
6835.185856,0.0
0.0,0.0
0.0,0.0
0.0,0.0
0.0,0.0
0.0,0.0
0.0,0.0
-6.8026237987394e-13,0.0
0.0,0.0
0.0,0.0
0.0,0.0
0.0,0.0
0.0,0.0
5915.960457607386,0.0
0.0,0.0
0.0,0.0
0.0,0.0
0.0,0.0
0.0,0.0
0.0,0.0
0.0,0.0
0.0,0.0
0.0,0.0
0.0,0.0
0.0,0.0
3197.1129695676723,0.0
0.0,0.0
0.0,0.0
0.0,0.0
0.0,0.0
0.0,0.0
0.0,0.0
0.0,0.0
0.0,0.0
0.0,0.0
0.0,0.0
0.0,0.0
0.0,0.0
0.0,0.0
0.0,0.0
0.0,0.0
0.0,0.0
0.0,0.0
0.0,0.0
0.0,0.0
0.0,0.0
0.0,0.0
0.0,0.0
0.0,0.0
0.0,0.0
0.0,0.0
0.0,0.0
0.0,0.0
0.0,0.0
2456.4778045603407,0.0
132.15405514691167,0.0
0.0,0.0
4737.154230846013,0.0
0.0,0.0
0.0,0.0
2210.795657811352,0.0
0.0,0.0
0.0,0.0
0.0,0.0
0.0,0.0
0.0,0.0
0.0,0.0
0.0,0.0
0.0,0.0
0.0,0.0
0.0,0.0
4905.153924023571,0.0
0.0,0.0
0.0,0.0
0.0,0.0
0.0,0.0
0.0,0.0
0.0,0.0
813.2335458552109,0.0
0.0,0.0
1176.0745180373447,0.0
1.407708988358369e-14,0.0
0.0,0.0
3532.0691169462325,0.0
2999.7052830537673,0.0
2987.7839848791377,0.0
2996.8441714918554,0.0
2989.95842966619,0.0
2995.1915934536964,0.0
0.0,0.0
0.0,0.0
0.0,0.0
0.0,0.0
0.0,0.0
0.0,0.0
0.0,0.0
0.0,0.0
0.0,0.0
0.0,0.0
0.0,0.0
0.0,0.0
0.0,0.0
0.0,0.0
0.0,0.0
0.0,0.0
0.0,0.0
0.0,0.0
0.0,0.0
6704.068348804972,0.0
0.0,0.0
0.0,0.0
0.0,0.0
0.0,0.0
0.0,0.0
0.0,0.0
0.0,0.0
0.0,0.0
5267.56,0.0
0.0,0.0
0.0,0.0
3289.374997049558,0.0
0.0,0.0
0.0,0.0
0.0,0.0
0.0,0.0
0.0,0.0
0.0,0.0
6309.731555801601,0.0
0.0,0.0
0.0,0.0
3989.641441051496,0.0
2542.132958948505,0.0
3335.5389511991366,0.0
2732.5503970886566,0.0
3190.821698212622,0.0
2842.5355093584076,0.0
3107.233012887611,0.0
2906.0629102054154,0.0
3058.952188243885,0.0
2942.756336934648,0.0
3031.065183929668,0.0
2963.950460213453,0.0
0.0,0.0
0.0,0.0
0.0,0.0
3716.3251807077213,0.0
2989.1107799459755,0.0
0.0,0.0
0.0,0.0
0.0,0.0
0.0,0.0
0.0,0.0
3575.4900314550796,0.0
2550.18757609414,0.0
3329.4174421684543,0.0
2737.202743951975,0.0
3187.285914596499,0.0
2845.22270490666,0.0
3105.1907442709394,0.0
2907.615034354086,0.0
3057.7725738908953,0.0
2943.6528438429195,0.0
3030.383838679381,0.0
2964.468282603671,0.0
3014.56410522121,0.0
2976.4912800318807,0.0
3005.4266271757706,0.0
2983.4357633464147,0.0
3000.148819856726,0.0
0.0,0.0
0.0,0.0
0.0,0.0
0.0,0.0
0.0,0.0
2176.4160079307962,0.0
4700.068313972072,0.0
0.0,0.0
0.0,0.0
0.0,0.0
0.0,0.0
0.0,0.0
6835.185856,0.0
0.0,0.0
0.0,0.0
0.0,0.0
0.0,0.0
0.0,0.0
0.0,0.0
0.0,0.0
0.0,0.0
0.0,0.0
0.0,0.0
0.0,0.0
6835.185856,0.0
0.0,0.0
0.0,0.0
0.0,0.0
0.0,0.0
0.0,0.0
0.0,0.0
0.0,0.0
0.0,0.0
0.0,0.0
0.0,0.0
4654.282657415646,0.0
0.0,0.0
0.0,0.0
0.0,0.0
0.0,0.0
0.0,0.0
0.0,0.0
0.0,0.0
0.0,0.0
0.0,0.0
0.0,0.0
0.0,0.0
0.0,0.0
0.0,0.0
6592.092681999116,0.0
0.0,0.0
881.7873940371549,0.0
4597.401580531763,0.0
1773.5347987958605,0.0
3919.6735529151465,0.0
2288.608099784489,0.0
3528.2178441637893,0.0
0.0,0.0
0.0,0.0
0.0,0.0
6680.734591653887,0.0
0.0,0.0
0.0,0.0
0.0,0.0
0.0,0.0
0.0,0.0
1.8670676975231171e-28,0.0
0.0,0.0
0.0,0.0
0.0,0.0
0.0,0.0
0.0,0.0
6908.00460544,0.0
0.0,0.0
0.0,0.0
0.0,0.0
0.0,0.0
0.0,0.0
0.0,0.0
0.0,0.0
0.0,0.0
0.0,0.0
0.0,0.0
6531.774400000001,0.0
0.0,0.0
0.0,0.0
0.0,0.0
0.0,0.0
0.0,0.0
-5.63083595344154e-14,0.0
0.0,0.0
0.0,0.0
0.0,0.0
0.0,0.0
0.0,0.0
0.0,0.0
0.0,0.0
0.0,0.0
0.0,0.0
0.0,0.0
0.0,0.0
6531.7744,0.0
0.0,0.0
0.0,0.0
0.0,0.0
0.0,0.0
0.0,0.0
0.0,0.0
0.0,0.0
0.0,0.0
0.0,0.0
0.0,0.0
0.0,0.0
0.0,0.0
0.0,0.0
0.0,0.0
0.0,0.0
0.0,0.0
0.0,0.0
0.0,0.0
0.0,0.0
0.0,0.0
0.0,0.0
0.0,0.0
6835.185856,0.0
5.630835953441559e-14,0.0
0.0,0.0
0.0,0.0
0.0,0.0
0.0,0.0
0.0,0.0
1115.7746950259432,0.0
4706.757097347386,0.0
0.0,0.0
0.0,0.0
699.7826560107853,0.0
0.0,0.0
0.0,0.0
6425.971217402646,0.0
0.0,0.0
5267.56,0.0
1264.2144,0.0
4306.757056000001,0.0
1994.4246374399997,0.0
3751.7972755456003,0.0
2416.1940705853444,0.0
3431.2525063551375,0.0
2659.8080951700954,0.0
3246.1058476707276,0.0
2800.5195557702473,0.0
3139.1651376146124,0.0
2881.794495412894,0.0
3077.396183486201,0.0
2928.7389005504874,0.0
3041.718435581631,0.0
2955.8539889579606,0.0
3021.11096839195,0.0
2971.5156640221185,0.0
3009.2080953431905,0.0
2980.5618475391752,0.0
181.13981722644624,0.0
3922.5545746484227,0.0
2738.680649779357,0.0
8.510303622862418,0.0
5261.0921692466245,0.0
0.0,0.0
0.0,0.0
0.0,0.0
0.0,0.0
0.0,0.0
0.0,0.0
0.0,0.0
0.0,0.0
6604.87628519906,0.0
0.0,0.0
0.0,0.0
0.0,0.0
0.0,0.0
0.0,0.0
0.0,0.0
0.0,0.0
0.0,0.0
0.0,0.0
0.0,0.0
0.0,0.0
6531.7744,0.0
0.0,0.0
0.0,0.0
0.0,0.0
0.0,0.0
0.0,0.0
0.0,0.0
0.0,0.0
0.0,0.0
0.0,0.0
0.0,0.0
0.0,0.0
0.0,0.0
6835.185856,0.0
0.0,0.0
0.0,0.0
0.0,0.0
0.0,0.0
6531.774400000001,0.0
0.0,0.0
0.0,0.0
5267.5599999999995,0.0
1264.2144000000012,0.0
4306.757056,0.0
1994.4246374399997,0.0
3751.7972755456003,0.0
2416.194070585343,0.0
0.0,0.0
0.0,0.0
0.0,0.0
0.0,0.0
6882.619490647853,0.0
2.237029797505521e-28,0.0
0.0,0.0
0.0,0.0
5248.908786605992,0.0
1278.3893221794472,0.0
4295.98411514362,0.0
2002.6120724908485,0.0
3745.5748249069547,0.0
2420.923133070715,0.0
2324.449570269436,0.0
3765.7484502584666,0.0
2405.591177803566,0.0
3439.310704869291,0.0
2653.6838642993393,0.0
3250.7602631325026,0.0
2796.9822000192985,0.0
3141.853527985333,0.0
2879.751318731147,0.0
3078.9489977643284,0.0
2927.558761699111,0.0
0.0,0.0
0.0,0.0
0.0,0.0
6707.029043647861,0.0
0.0,0.0
0.0,0.0
0.0,0.0
0.0,0.0
0.0,0.0
0.0,0.0
0.0,0.0
0.0,0.0
0.0,0.0
0.0,0.0
0.0,0.0
0.0,0.0
6835.185856,0.0
0.0,0.0
0.0,0.0
0.0,0.0
0.0,0.0
0.0,0.0
0.0,0.0
1332.5321023601266,0.0
0.0,0.0
0.0,0.0
0.0,0.0
0.0,0.0
0.0,0.0
0.0,0.0
0.0,0.0
0.0,0.0
6810.594674049584,0.0
0.0,0.0
0.0,0.0
0.0,0.0
0.0,0.0
0.0,0.0
0.0,0.0
0.0,0.0
0.0,0.0
0.0,0.0
0.0,0.0
0.0,0.0
6531.774400000001,0.0
0.0,0.0
0.0,0.0
0.0,0.0
0.0,0.0
0.0,0.0
6531.774400000001,0.0
0.0,0.0
0.0,0.0
0.0,0.0
0.0,0.0
0.0,0.0
4258.544302030868,0.0
0.0,0.0
0.0,0.0
0.0,0.0
0.0,0.0
0.0,0.0
0.0,0.0
1221.51164440782,0.0
0.0,0.0
0.0,0.0
0.0,0.0
0.0,0.0
0.0,0.0
6675.3300101060495,0.0
0.0,0.0
0.0,0.0
0.0,0.0
0.0,0.0
0.0,0.0
6898.534631890581,0.0
5.630835953441556e-14,0.0
0.0,0.0
0.0,0.0
0.0,0.0
0.0,0.0
0.0,0.0
0.0,0.0
5267.56,0.0
0.0,0.0
0.0,0.0
0.0,0.0
5118.498353527593,0.0
995.1089786079125,0.0
0.0,0.0
0.0,0.0
0.0,0.0
0.0,0.0
0.0,0.0
0.0,0.0
0.0,0.0
0.0,0.0
0.0,0.0
0.0,0.0
0.0,0.0
0.0,0.0
0.0,0.0
0.0,0.0
0.0,0.0
6352.785496233273,0.0
0.0,0.0
0.0,0.0
3688.8056476606394,0.0
0.0,0.0
0.0,0.0
2876.0979112799037,0.0
3812.660877242167,0.0
0.0,0.0
0.0,0.0
0.0,0.0
0.0,0.0
1966.0564153322464,0.0
4760.035876496751,0.0
0.0,0.0
5267.56,0.0
1264.2144000000008,0.0
2717.7687038977638,0.0
3583.412989542237,0.0
2544.1661279479003,0.0
3333.993742759596,0.0
2733.724755502707,0.0
3189.929185817944,0.0
999.7828174116734,0.0
4950.148499095132,0.0
1505.4471406877003,0.0
4123.420173077348,0.0
2133.760668461216,0.0
0.0,0.0
0.0,0.0
0.0,0.0
0.0,0.0
0.0,0.0
0.0,0.0
0.0,0.0
0.0,0.0
6885.586803754585,0.0
0.0,0.0
0.0,0.0
5267.56,0.0
0.0,0.0
0.0,0.0
6604.593149440001,0.0
0.0,0.0
0.0,0.0
0.0,0.0
0.0,0.0
0.0,0.0
14.380984604709292,0.0
6614.441944459904,0.0
0.0,0.0
5267.56,0.0
0.0,0.0
0.0,0.0
5652.951511098985,0.0
951.6416383410152,0.0
0.0,0.0
0.0,0.0
0.0,0.0
0.0,0.0
0.0,0.0
0.0,0.0
0.0,0.0
0.0,0.0
0.0,0.0
0.0,0.0
0.0,0.0
556.157535690476,0.0
6351.847069749524,0.0
0.0,0.0
0.0,0.0
0.0,0.0
0.0,0.0
0.0,0.0
0.0,0.0
0.0,0.0
0.0,0.0
0.0,0.0
0.0,0.0
0.0,0.0
0.0,0.0
0.0,0.0
0.0,0.0
6908.00460544,0.0
0.0,0.0
0.0,0.0
0.0,0.0
5267.5599999999995,0.0
0.0,0.0
0.0,0.0
4285.238209430763,0.0
2319.3549400092365,0.0
0.0,0.0
0.0,0.0
0.0,0.0
0.0,0.0
0.0,0.0
6835.185856,0.0
0.0,0.0
0.0,0.0
0.0,0.0
0.0,0.0
0.0,0.0
0.0,0.0
0.0,0.0
0.0,0.0
0.0,0.0
0.0,0.0
0.0,0.0
0.0,0.0
0.0,0.0
0.0,0.0
0.0,0.0
0.0,0.0
0.0,0.0
0.0,0.0
0.0,0.0
6908.00460544,0.0
0.0,0.0
0.0,0.0
0.0,0.0
0.0,0.0
0.0,0.0
0.0,0.0
0.0,0.0
0.0,0.0
0.0,0.0
0.0,0.0
6835.185856,0.0
0.0,0.0
0.0,0.0
0.0,0.0
0.0,0.0
0.0,0.0
0.0,0.0
0.0,0.0
0.0,0.0
0.0,0.0
0.0,0.0
3424.3828951589235,0.0
0.0,0.0
0.0,0.0
0.0,0.0
3410.802960841077,0.0
0.0,0.0
0.0,0.0
0.0,0.0
5267.56,0.0
0.0,0.0
0.0,0.0
2838.688722184147,0.0
3765.9044272558544,0.0
0.0,0.0
0.0,0.0
6.553275684442272e-28,0.0
0.0,0.0
0.0,0.0
0.0,0.0
0.0,0.0
5267.5599999999995,0.0
1264.214400000001,0.0
0.0,0.0
0.0,0.0
0.0,0.0
0.0,0.0
0.0,0.0
0.0,0.0
6894.722465542144,0.0
0.0,0.0
0.0,0.0
0.0,0.0
0.0,0.0
0.0,0.0
0.0,0.0
0.0,0.0
0.0,0.0
0.0,0.0
5953.81937752831,0.0
577.9550224716904,0.0
0.0,0.0
0.0,0.0
0.0,0.0
0.0,0.0
0.0,0.0
0.0,0.0
0.0,0.0
0.0,0.0
0.0,0.0
0.0,0.0
0.0,0.0
0.0,0.0
0.0,0.0
6835.185855999999,0.0
0.0,0.0
0.0,0.0
0.0,0.0
0.0,0.0
0.0,0.0
0.0,0.0
2677.345579877059,0.0
0.0,0.0
0.0,0.0
0.0,0.0
0.0,0.0
0.0,0.0
3854.4288201229406,0.0
0.0,0.0
5267.56,0.0
1264.2144000000003,0.0
0.0,0.0
0.0,0.0
0.0,0.0
6779.8436064256,0.0
0.0,0.0
0.0,0.0
0.0,0.0
0.0,0.0
0.0,0.0
0.0,0.0
0.0,0.0
0.0,0.0
0.0,0.0
0.0,0.0
0.0,0.0
0.0,0.0
6908.00460544,0.0
-5.630835953441538e-14,0.0
0.0,0.0
0.0,0.0
0.0,0.0
0.0,0.0
5267.56,0.0
0.0,0.0
0.0,0.0
0.0,0.0
0.0,0.0
6604.593149440001,0.0
0.0,0.0
0.0,0.0
0.0,0.0
0.0,0.0
0.0,0.0
0.0,0.0
0.0,0.0
0.0,0.0
0.0,0.0
0.0,0.0
0.0,0.0
0.0,0.0
0.0,0.0
0.0,0.0
0.0,0.0
0.0,0.0
6908.00460544,0.0
0.0,0.0
0.0,0.0
5267.5599999999995,0.0
1264.2144000000012,0.0
4306.7570559999995,0.0
1994.4246374400013,0.0
3751.7972755455994,0.0
2416.1940705853444,0.0
3431.2525063551375,0.0
277.83235374239695,0.0
5628.081589098426,0.0
990.2179922851972,0.0
4514.994325863251,0.0
1836.1643123439294,0.0
3872.075122618613,0.0
0.0,0.0
0.0,0.0
0.0,0.0
6425.162952004471,0.0
0.0,0.0
240.51894342777817,0.0
0.0,0.0
0.0,0.0
0.0,0.0
0.0,0.0
0.0,0.0
0.0,0.0
0.0,0.0
0.0,0.0
0.0,0.0
6908.00460544,0.0
0.0,0.0
0.0,0.0
0.0,0.0
0.0,0.0
0.0,0.0
0.0,0.0
0.0,0.0
0.0,0.0
0.0,0.0
0.0,0.0
0.0,0.0
6876.02573260202,0.0
0.0,0.0
0.0,0.0
0.0,0.0
0.0,0.0
0.0,0.0
0.0,0.0
0.0,0.0
0.0,0.0
0.0,0.0
3333.6255117995784,0.0
0.0,0.0
0.0,0.0
0.0,0.0
0.0,0.0
0.0,0.0
3198.1488882004223,0.0
2.8154179767206832e-14,0.0
0.0,0.0
5267.5599999999995,0.0
0.0,0.0
0.0,0.0
0.0,0.0
6338.544457754698,0.0
0.0,0.0
0.0,0.0
0.0,0.0
0.0,0.0
6001.34631944192,0.0
0.0,0.0
0.0,0.0
0.0,0.0
0.0,0.0
0.0,0.0
0.0,0.0
6908.00460544,0.0
0.0,0.0
0.0,0.0
0.0,0.0
0.0,0.0
0.0,0.0
0.0,0.0
0.0,0.0
5267.56,0.0
0.0,0.0
0.0,0.0
6604.593149440001,0.0
0.0,0.0
0.0,0.0
0.0,0.0
0.0,0.0
0.0,0.0
0.0,0.0
0.0,0.0
0.0,0.0
0.0,0.0
0.0,0.0
0.0,0.0
0.0,0.0
0.0,0.0
6531.774400000001,0.0
0.0,0.0
0.0,0.0
0.0,0.0
0.0,0.0
277.2013003973175,0.0
0.0,0.0
0.0,0.0
0.0,0.0
0.0,0.0
6531.7744,0.0
0.0,0.0
0.0,0.0
0.0,0.0
0.0,0.0
0.0,0.0
0.0,0.0
0.0,0.0
0.0,0.0
5267.56,0.0
0.0,0.0
0.0,0.0
0.0,0.0
0.0,0.0
6604.593149440001,0.0
0.0,0.0
0.0,0.0
0.0,0.0
0.0,0.0
0.0,0.0
0.0,0.0
0.0,0.0
0.0,0.0
0.0,0.0
0.0,0.0
0.0,0.0
0.0,0.0
6908.00460544,0.0
0.0,0.0
0.0,0.0
0.0,0.0
0.0,0.0
0.0,0.0
0.0,0.0
0.0,0.0
0.0,0.0
0.0,0.0
0.0,0.0
0.0,0.0
0.0,0.0
0.0,0.0
0.0,0.0
2398.65814767518,0.0
330.33938451862616,0.0
0.0,0.0
5267.5599999999995,0.0
0.0,0.0
0.0,0.0
270.007659473338,0.0
0.0,0.0
0.0,0.0
0.0,0.0
0.0,0.0
0.0,0.0
0.0,0.0
6334.585489966663,0.0
0.0,0.0
5267.5599999999995,0.0
1264.214400000001,0.0
0.0,0.0
0.0,0.0
0.0,0.0
0.0,0.0
0.0,0.0
0.0,0.0
0.0,0.0
6779.8436064256,0.0
0.0,0.0
0.0,0.0
0.0,0.0
0.0,0.0
0.0,0.0
0.0,0.0
913.679182776861,0.0
0.0,0.0
0.0,0.0
642.3479420859654,0.0
0.0,0.0
5279.158731137174,0.0
-2.256867302830081e-26,0.0
0.0,0.0
5267.56,0.0
0.0,0.0
0.0,0.0
0.0,0.0
0.0,0.0
0.0,0.0
0.0,0.0
0.0,0.0
0.0,0.0
6852.6623558656,0.0
0.0,0.0
0.0,0.0
0.0,0.0
0.0,0.0
0.0,0.0
3341.370991182143,0.0
0.0,0.0
0.0,0.0
0.0,0.0
0.0,0.0
0.0,0.0
0.0,0.0
0.0,0.0
0.0,0.0
0.0,0.0
0.0,0.0
0.0,0.0
0.0,0.0
0.0,0.0
0.0,0.0
0.0,0.0
0.0,0.0
0.0,0.0
0.0,0.0
0.0,0.0
0.0,0.0
0.0,0.0
0.0,0.0
0.0,0.0
0.0,0.0
4045.7485375747647,0.0
0.0,0.0
0.0,0.0
0.0,0.0
0.0,0.0
0.0,0.0
0.0,0.0
0.0,0.0
0.0,0.0
0.0,0.0
0.0,0.0
0.0,0.0
6531.7744,0.0
0.0,0.0
0.0,0.0
0.0,0.0
0.0,0.0
0.0,0.0
0.0,0.0
0.0,0.0
0.0,0.0
0.0,0.0
0.0,0.0
0.0,0.0
0.0,0.0
0.0,0.0
0.0,0.0
0.0,0.0
0.0,0.0
6531.774400000001,0.0
-7.365707394083558e-13,0.0
0.0,0.0
0.0,0.0
0.0,0.0
0.0,0.0
0.0,0.0
0.0,0.0
6835.185856,0.0
0.0,0.0
0.0,0.0
0.0,0.0
0.0,0.0
0.0,0.0
0.0,0.0
0.0,0.0
0.0,0.0
0.0,0.0
0.0,0.0
0.0,0.0
0.0,0.0
0.0,0.0
0.0,0.0
0.0,0.0
0.0,0.0
0.0,0.0
0.0,0.0
0.0,0.0
0.0,0.0
0.0,0.0
0.0,0.0
0.0,0.0
0.0,0.0
0.0,0.0
0.0,0.0
0.0,0.0
0.0,0.0
2756.214053320828,0.0
0.0,0.0
5267.5599999999995,0.0
1264.2144000000012,0.0
4306.757056,0.0
1994.4246374400002,0.0
3751.7972755456,0.0
2416.1940705853435,0.0
3431.2525063551393,0.0
2659.808095170095,0.0
3246.105847670729,0.0
2800.5195557702455,0.0
3139.165137614614,0.0
2881.794495412894,0.0
3077.3961834862007,0.0
2928.738900550488,0.0
0.0,0.0
0.0,0.0
0.0,0.0
0.0,0.0
0.0,0.0
0.0,0.0
0.0,0.0
6706.977381889503,0.0
0.0,0.0
1041.315964812677,0.0
4476.159866742366,0.0
0.0,0.0
0.0,0.0
0.0,0.0
0.0,0.0
0.0,0.0
0.0,0.0
0.0,0.0
6860.976995601637,0.0
0.0,0.0
0.0,0.0
31.36128271051173,0.0
5243.725425140011,0.0
1282.3286768935923,0.0
0.0,0.0
0.0,0.0
1381.4183078482724,0.0
0.0,0.0
0.0,0.0
0.0,0.0
51.7427307707587,0.0
5426.972468351196,0.0
0.0,0.0
5267.56,0.0
0.0,0.0
0.0,0.0
0.0,0.0
0.0,0.0
0.0,0.0
0.0,0.0
0.0,0.0
0.0,0.0
0.0,0.0
0.0,0.0
0.0,0.0
0.0,0.0
0.0,0.0
0.0,0.0
0.0,0.0
0.0,0.0
0.0,0.0
0.0,0.0
0.0,0.0
0.0,0.0
6852.6623558656,0.0
0.0,0.0
0.0,0.0
0.0,0.0
0.0,0.0
0.0,0.0
0.0,0.0
0.0,0.0
0.0,0.0
6835.185856,0.0
0.0,0.0
0.0,0.0
0.0,0.0
0.0,0.0
0.0,0.0
0.0,0.0
0.0,0.0
0.0,0.0
0.0,0.0
0.0,0.0
0.0,0.0
6835.185856,0.0
0.0,0.0
0.0,0.0
0.0,0.0
0.0,0.0
0.0,0.0
0.0,0.0
5267.56,0.0
0.0,0.0
0.0,0.0
0.0,0.0
0.0,0.0
6852.6623558656,0.0
-7.365707394083558e-13,0.0
0.0,0.0
0.0,0.0
0.0,0.0
0.0,0.0
4553.292880487137,0.0
1807.0574108297753,0.0
3894.196367769371,0.0
2307.970760495278,0.0
0.0,0.0
0.0,0.0
6734.152127988559,0.0
0.0,0.0
0.0,0.0
0.0,0.0
2816.31744963323,0.0
3127.158738278746,0.0
2890.919358908153,0.0
3070.4612872298035,0.0
0.0,0.0
0.0,0.0
0.0,0.0
0.0,0.0
0.0,0.0
0.0,0.0
0.0,0.0
0.0,0.0
0.0,0.0
0.0,0.0
0.0,0.0
0.0,0.0
0.0,0.0
0.0,0.0
0.0,0.0
0.0,0.0
0.0,0.0
0.0,0.0
0.0,0.0
0.0,0.0
0.0,0.0
0.0,0.0
0.0,0.0
0.0,0.0
0.0,0.0
0.0,0.0
0.0,0.0
6875.7456022456545,0.0
0.0,0.0
0.0,0.0
0.0,0.0
0.0,0.0
0.0,0.0
0.0,0.0
0.0,0.0
0.0,0.0
0.0,0.0
0.0,0.0
0.0,0.0
0.0,0.0
6714.07794721356,0.0
0.0,0.0
0.0,0.0
0.0,0.0
0.0,0.0
0.0,0.0
0.0,0.0
0.0,0.0
0.0,0.0
0.0,0.0
0.0,0.0
6817.163398838152,0.0
0.0,0.0
0.0,0.0
0.0,0.0
0.0,0.0
0.0,0.0
6531.7744,0.0
0.0,0.0
2715.627070218548,0.0
3203.6834266339033,0.0
2832.7605957582336,0.0
970.6789088293425,0.0
5044.399958504357,0.0
1433.8160315366895,0.0
1093.3447682853584,0.0
4436.617976103128,0.0
1895.7303381616225,0.0
3826.8049429971684,0.0
2359.1882433221526,0.0
3474.5769350751643,0.0
2626.881529342875,0.0
3271.1300376994154,0.0
0.0,0.0
0.0,0.0
0.0,0.0
0.0,0.0
0.0,0.0
0.0,0.0
0.0,0.0
6713.211740608411,0.0
0.0,0.0
0.0,0.0
0.0,0.0
0.0,0.0
0.0,0.0
0.0,0.0
0.0,0.0
6835.185856,0.0
0.0,0.0
0.0,0.0
0.0,0.0
0.0,0.0
0.0,0.0
0.0,0.0
1669.463765834816,0.0
3998.7675379655407,0.0
0.0,0.0
0.0,0.0
4335.65269662207,0.0
0.0,0.0
0.0,0.0
0.0,0.0
0.0,0.0
6473.579935397888,0.0
0.0,0.0
0.0,0.0
5267.56,0.0
0.0,0.0
0.0,0.0
0.0,0.0
0.0,0.0
0.0,0.0
0.0,0.0
0.0,0.0
0.0,0.0
6852.6623558656,0.0
-7.928790989427713e-13,0.0
0.0,0.0
0.0,0.0
0.0,0.0
0.0,0.0
0.0,0.0
0.0,0.0
0.0,0.0
0.0,0.0
0.0,0.0
0.0,0.0
0.0,0.0
6908.004605439999,0.0
-7.928790989427712e-13,0.0
0.0,0.0
0.0,0.0
0.0,0.0
0.0,0.0
0.0,0.0
0.0,0.0
0.0,0.0
0.0,0.0
0.0,0.0
0.0,0.0
6603.8068585430765,0.0
-7.928790989427713e-13,0.0
0.0,0.0
0.0,0.0
0.0,0.0
0.0,0.0
0.0,0.0
6545.036583146022,0.0
0.0,0.0
0.0,0.0
0.0,0.0
0.0,0.0
0.0,0.0
5267.5599999999995,0.0
1264.2144000000005,0.0
4306.7570559999995,0.0
0.0,0.0
0.0,0.0
0.0,0.0
1848.867205809701,0.0
0.0,0.0
0.0,0.0
0.0,0.0
0.0,0.0
0.0,0.0
0.0,0.0
0.0,0.0
0.0,0.0
0.0,0.0
0.0,0.0
0.0,0.0
0.0,0.0
6419.028652793643,0.0
0.0,0.0
0.0,0.0
0.0,0.0
0.0,0.0
0.0,0.0
0.0,0.0
0.0,0.0
0.0,0.0
0.0,0.0
0.0,0.0
0.0,0.0
0.0,0.0
0.0,0.0
764.2262280928288,0.0
0.0,0.0
0.0,0.0
0.0,0.0
0.0,0.0
0.0,0.0
0.0,0.0
0.0,0.0
0.0,0.0
0.0,0.0
0.0,0.0
0.0,0.0
0.0,0.0
0.0,0.0
0.0,0.0
0.0,0.0
5267.56,0.0
1264.2143999999998,0.0
4306.757056000001,0.0
0.0,0.0
0.0,0.0
0.0,0.0
0.0,0.0
0.0,0.0
6862.75678218797,0.0
0.0,0.0
0.0,0.0
0.0,0.0
5267.56,0.0
1264.2144000000003,0.0
0.0,0.0
0.0,0.0
6779.843606425599,0.0
0.0,0.0
0.0,0.0
0.0,0.0
9.618041775460177e-13,0.0
0.0,0.0
0.0,0.0
0.0,0.0
0.0,0.0
0.0,0.0
0.0,0.0
0.0,0.0
0.0,0.0
6899.16726620524,0.0
0.0,0.0
0.0,0.0
0.0,0.0
0.0,0.0
0.0,0.0
0.0,0.0
4591.3692478742205,0.0
0.0,0.0
0.0,0.0
0.0,0.0
0.0,0.0
0.0,0.0
0.0,0.0
0.0,0.0
0.0,0.0
0.0,0.0
6634.194075805059,0.0
0.0,0.0
0.0,0.0
0.0,0.0
0.0,0.0
0.0,0.0
0.0,0.0
0.0,0.0
0.0,0.0
0.0,0.0
0.0,0.0
6835.185856000001,0.0
0.0,0.0
0.0,0.0
5267.56,0.0
0.0,0.0
0.0,0.0
0.0,0.0
0.0,0.0
0.0,0.0
0.0,0.0
0.0,0.0
6802.225203619401,0.0
0.0,0.0
0.0,0.0
0.0,0.0
0.0,0.0
0.0,0.0
0.0,0.0
0.0,0.0
0.0,0.0
0.0,0.0
6435.898400573214,0.0
472.1062048667874,0.0
0.0,0.0
0.0,0.0
0.0,0.0
0.0,0.0
4088.6171643277066,0.0
2160.2109551109425,0.0
3625.799674115685,0.0
2511.9522476720795,0.0
1149.4442432965939,0.0
3984.9481518732155,0.0
2464.4078641415094,0.0
1292.0872693490362,0.0
0.0,0.0
6417.202992695574,0.0
0.0,0.0
754.5961529170633,0.0
4694.0669237830325,0.0
0.0,0.0
0.0,0.0
0.0,0.0
0.0,0.0
0.0,0.0
0.0,0.0
0.0,0.0
0.0,0.0
6858.687611762673,0.0
0.0,0.0
0.0,0.0
0.0,0.0
0.0,0.0
0.0,0.0
0.0,0.0
0.0,0.0
6908.00460544,0.0
-5.630835953441539e-14,0.0
0.0,0.0
0.0,0.0
0.0,0.0
0.0,0.0
0.0,0.0
0.0,0.0
0.0,0.0
0.0,0.0
0.0,0.0
0.0,0.0
6896.382842295383,0.0
0.0,0.0
0.0,0.0
0.0,0.0
0.0,0.0
0.0,0.0
0.0,0.0
0.0,0.0
0.0,0.0
0.0,0.0
0.0,0.0
0.0,0.0
0.0,0.0
0.0,0.0
0.0,0.0
0.0,0.0
0.0,0.0
6572.995367520636,0.0
0.0,0.0
0.0,0.0
0.0,0.0
0.0,0.0
0.0,0.0
0.0,0.0
0.0,0.0
0.0,0.0
0.0,0.0
0.0,0.0
6531.7744,0.0
0.0,0.0
0.0,0.0
0.0,0.0
0.0,0.0
0.0,0.0
0.0,0.0
0.0,0.0
0.0,0.0
0.0,0.0
0.0,0.0
6835.185856,0.0
0.0,0.0
0.0,0.0
0.0,0.0
0.0,0.0
0.0,0.0
0.0,0.0
0.0,0.0
0.0,0.0
0.0,0.0
0.0,0.0
0.0,0.0
6531.7744,0.0
0.0,0.0
0.0,0.0
0.0,0.0
0.0,0.0
0.0,0.0
0.0,0.0
0.0,0.0
0.0,0.0
0.0,0.0
6531.7744,0.0
0.0,0.0
0.0,0.0
0.0,0.0
0.0,0.0
0.0,0.0
4747.3227250144355,0.0
0.0,0.0
0.0,0.0
6627.367056389768,0.0
0.0,0.0
0.0,0.0
0.0,0.0
0.0,0.0
0.0,0.0
0.0,0.0
0.0,0.0
0.0,0.0
0.0,0.0
0.0,0.0
0.0,0.0
0.0,0.0
0.0,0.0
6908.00460544,0.0
0.0,0.0
0.0,0.0
0.0,0.0
0.0,0.0
0.0,0.0
0.0,0.0
0.0,0.0
0.0,0.0
0.0,0.0
0.0,0.0
0.0,0.0
0.0,0.0
0.0,0.0
0.0,0.0
0.0,0.0
0.0,0.0
6357.611241126504,0.0
0.0,0.0
0.0,0.0
0.0,0.0
0.0,0.0
0.0,0.0
0.0,0.0
0.0,0.0
6531.7744,0.0
0.0,0.0
0.0,0.0
0.0,0.0
0.0,0.0
0.0,0.0
0.0,0.0
0.0,0.0
0.0,0.0
0.0,0.0
0.0,0.0
0.0,0.0
0.0,0.0
0.0,0.0
0.0,0.0
0.0,0.0
0.0,0.0
0.0,0.0
0.0,0.0
0.0,0.0
0.0,0.0
0.0,0.0
0.0,0.0
0.0,0.0
0.0,0.0
0.0,0.0
0.0,0.0
0.0,0.0
6531.7744,0.0
0.0,0.0
0.0,0.0
0.0,0.0
0.0,0.0
0.0,0.0
0.0,0.0
6531.7744,0.0
0.0,0.0
0.0,0.0
0.0,0.0
0.0,0.0
0.0,0.0
0.0,0.0
0.0,0.0
0.0,0.0
0.0,0.0
0.0,0.0
0.0,0.0
0.0,0.0
0.0,0.0
0.0,0.0
6197.264188218073,0.0
0.0,0.0
0.0,0.0
0.0,0.0
0.0,0.0
0.0,0.0
0.0,0.0
0.0,0.0
0.0,0.0
6908.00460544,0.0
0.0,0.0
0.0,0.0
0.0,0.0
0.0,0.0
0.0,0.0
0.0,0.0
5267.56,0.0
0.0,0.0
0.0,0.0
0.0,0.0
0.0,0.0
0.0,0.0
0.0,0.0
6604.593149440001,0.0
0.0,0.0
0.0,0.0
0.0,0.0
0.0,0.0
0.0,0.0
0.0,0.0
0.0,0.0
0.0,0.0
0.0,0.0
0.0,0.0
0.0,0.0
0.0,0.0
6658.004876402095,0.0
0.0,0.0
0.0,0.0
0.0,0.0
0.0,0.0
0.0,0.0
0.0,0.0
0.0,0.0
0.0,0.0
0.0,0.0
0.0,0.0
6531.774400000001,0.0
0.0,0.0
0.0,0.0
0.0,0.0
0.0,0.0
0.0,0.0
0.0,0.0
0.0,0.0
0.0,0.0
0.0,0.0
0.0,0.0
0.0,0.0
6303.561871516641,0.0
0.0,0.0
0.0,0.0
0.0,0.0
0.0,0.0
0.0,0.0
0.0,0.0
0.0,0.0
0.0,0.0
0.0,0.0
0.0,0.0
0.0,0.0
5792.896527062519,0.0
0.0,0.0
0.0,0.0
0.0,0.0
0.0,0.0
0.0,0.0
0.0,0.0
0.0,0.0
0.0,0.0
0.0,0.0
0.0,0.0
0.0,0.0
0.0,0.0
6650.90777527739,0.0
0.0,0.0
0.0,0.0
0.0,0.0
0.0,0.0
0.0,0.0
0.0,0.0
0.0,0.0
6908.00460544,0.0
0.0,0.0
0.0,0.0
0.0,0.0
0.0,0.0
0.0,0.0
0.0,0.0
0.0,0.0
0.0,0.0
0.0,0.0
0.0,0.0
0.0,0.0
0.0,0.0
0.0,0.0
0.0,0.0
0.0,0.0
5855.8577935215,0.0
0.0,0.0
0.0,0.0
0.0,0.0
0.0,0.0
0.0,0.0
0.0,0.0
6531.774400000001,0.0
0.0,0.0
0.0,0.0
5267.56,0.0
0.0,0.0
0.0,0.0
6604.593149440001,0.0
0.0,0.0
5267.5599999999995,0.0
1264.214400000001,0.0
0.0,0.0
0.0,0.0
0.0,0.0
0.0,0.0
0.0,0.0
6894.722465542144,0.0
0.0,0.0
0.0,0.0
0.0,0.0
0.0,0.0
0.0,0.0
0.0,0.0
0.0,0.0
0.0,0.0
0.0,0.0
0.0,0.0
0.0,0.0
6908.00460544,0.0
0.0,0.0
0.0,0.0
0.0,0.0
0.0,0.0
0.0,0.0
0.0,0.0
0.0,0.0
0.0,0.0
0.0,0.0
6364.884082078303,0.0
0.0,0.0
0.0,0.0
0.0,0.0
0.0,0.0
0.0,0.0
0.0,0.0
0.0,0.0
5267.5599999999995,0.0
0.0,0.0
0.0,0.0
0.0,0.0
0.0,0.0
0.0,0.0
0.0,0.0
0.0,0.0
6604.593149440001,0.0
0.0,0.0
0.0,0.0
0.0,0.0
0.0,0.0
0.0,0.0
0.0,0.0
0.0,0.0
0.0,0.0
0.0,0.0
0.0,0.0
6908.00460544,0.0
-7.928790989427713e-13,0.0
0.0,0.0
0.0,0.0
0.0,0.0
0.0,0.0
0.0,0.0
0.0,0.0
0.0,0.0
0.0,0.0
6531.7744,0.0
0.0,0.0
0.0,0.0
0.0,0.0
0.0,0.0
0.0,0.0
0.0,0.0
0.0,0.0
0.0,0.0
0.0,0.0
0.0,0.0
0.0,0.0
0.0,0.0
0.0,0.0
0.0,0.0
0.0,0.0
0.0,0.0
0.0,0.0
0.0,0.0
0.0,0.0
0.0,0.0
0.0,0.0
0.0,0.0
0.0,0.0
0.0,0.0
0.0,0.0
0.0,0.0
0.0,0.0
0.0,0.0
0.0,0.0
0.0,0.0
0.0,0.0
0.0,0.0
0.0,0.0
0.0,0.0
0.0,0.0
0.0,0.0
6835.185856,0.0
0.0,0.0
0.0,0.0
5.630835953441539e-14,0.0
0.0,0.0
0.0,0.0
5267.56,0.0
1264.2144000000008,0.0
4306.757056,0.0
0.0,0.0
0.0,0.0
935.8477469639132,0.0
0.0,0.0
0.0,0.0
0.0,0.0
6638.153322916632,0.0
0.0,0.0
5267.56,0.0
0.0,0.0
0.0,0.0
0.0,0.0
0.0,0.0
6852.662355865601,0.0
-5.630835953441521e-14,0.0
0.0,0.0
0.0,0.0
0.0,0.0
0.0,0.0
0.0,0.0
0.0,0.0
0.0,0.0
0.0,0.0
0.0,0.0
6558.431110429306,0.0
0.0,0.0
0.0,0.0
0.0,0.0
0.0,0.0
0.0,0.0
0.0,0.0
0.0,0.0
0.0,0.0
0.0,0.0
0.0,0.0
0.0,0.0
0.0,0.0
0.0,0.0
0.0,0.0
458.2301681659779,0.0
0.0,0.0
0.0,0.0
0.0,0.0
0.0,0.0
0.0,0.0
0.0,0.0
0.0,0.0
0.0,0.0
0.0,0.0
0.0,0.0
0.0,0.0
6835.185856,0.0
0.0,0.0
0.0,0.0
0.0,0.0
0.0,0.0
0.0,0.0
0.0,0.0
0.0,0.0
0.0,0.0
0.0,0.0
0.0,0.0
6908.00460544,0.0
0.0,0.0
0.0,0.0
0.0,0.0
-7.928790989427713e-13,0.0
0.0,0.0
0.0,0.0
1976.1637214486086,0.0
0.0,0.0
0.0,0.0
6794.177575084561,0.0
0.0,0.0
0.0,0.0
0.0,0.0
0.0,0.0
0.0,0.0
0.0,0.0
0.0,0.0
0.0,0.0
0.0,0.0
0.0,0.0
0.0,0.0
3425.9033217451797,0.0
0.0,0.0
3482.1012836948203,0.0
0.0,0.0
0.0,0.0
0.0,0.0
0.0,0.0
0.0,0.0
0.0,0.0
0.0,0.0
0.0,0.0
0.0,0.0
6835.185856000001,0.0
0.0,0.0
-6.8026237987394e-13,0.0
0.0,0.0
0.0,0.0
0.0,0.0
0.0,0.0
0.0,0.0
0.0,0.0
0.0,0.0
0.0,0.0
0.0,0.0
6531.7744,0.0
0.0,0.0
0.0,0.0
0.0,0.0
0.0,0.0
0.0,0.0
0.0,0.0
0.0,0.0
-7.928790989427713e-13,0.0
0.0,0.0
0.0,0.0
0.0,0.0
0.0,0.0
0.0,0.0
0.0,0.0
0.0,0.0
0.0,0.0
258.39169313747254,0.0
0.0,0.0
0.0,0.0
0.0,0.0
0.0,0.0
0.0,0.0
0.0,0.0
0.0,0.0
0.0,0.0
6835.185856,0.0
0.0,0.0
0.0,0.0
0.0,0.0
0.0,0.0
0.0,0.0
0.0,0.0
0.0,0.0
0.0,0.0
0.0,0.0
0.0,0.0
0.0,0.0
0.0,0.0
0.0,0.0
0.0,0.0
0.0,0.0
0.0,0.0
0.0,0.0
0.0,0.0
0.0,0.0
0.0,0.0
0.0,0.0
0.0,0.0
0.0,0.0
0.0,0.0
0.0,0.0
0.0,0.0
0.0,0.0
0.0,0.0
0.0,0.0
0.0,0.0
0.0,0.0
0.0,0.0
0.0,0.0
0.0,0.0
6531.774400000001,0.0
0.0,0.0
0.0,0.0
0.0,0.0
0.0,0.0
0.0,0.0
-7.365707394083557e-13,0.0
0.0,0.0
0.0,0.0
0.0,0.0
0.0,0.0
0.0,0.0
0.0,0.0
0.0,0.0
6142.062204090779,0.0
0.0,0.0
0.0,0.0
0.0,0.0
0.0,0.0
0.0,0.0
0.0,0.0
0.0,0.0
0.0,0.0
0.0,0.0
0.0,0.0
0.0,0.0
0.0,0.0
0.0,0.0
6908.00460544,0.0
0.0,0.0
0.0,0.0
0.0,0.0
0.0,0.0
0.0,0.0
0.0,0.0
0.0,0.0
0.0,0.0
6878.769362970845,0.0
-9.054958180116019e-13,0.0
0.0,0.0
0.0,0.0
0.0,0.0
0.0,0.0
0.0,0.0
0.0,0.0
0.0,0.0
0.0,0.0
0.0,0.0
0.0,0.0
0.0,0.0
0.0,0.0
0.0,0.0
0.0,0.0
0.0,0.0
0.0,0.0
0.0,0.0
0.0,0.0
0.0,0.0
0.0,0.0
0.0,0.0
0.0,0.0
0.0,0.0
0.0,0.0
0.0,0.0
0.0,0.0
0.0,0.0
0.0,0.0
0.0,0.0
0.0,0.0
0.0,0.0
0.0,0.0
0.0,0.0
0.0,0.0
0.0,0.0
0.0,0.0
0.0,0.0
0.0,0.0
0.0,0.0
4174.4510954888865,0.0
1245.6744631925073,0.0
0.0,0.0
0.0,0.0
0.0,0.0
0.0,0.0
0.0,0.0
2135.9500240555644,0.0
3980.6788878376647,0.0
0.0,0.0
0.0,0.0
0.0,0.0
0.0,0.0
5267.5599999999995,0.0
1264.214400000001,0.0
0.0,0.0
0.0,0.0
0.0,0.0
92.05914121959555,0.0
0.0,0.0
0.0,0.0
5625.677145407309,0.0
679.2069315758678,0.0
382.90038822282844,0.0
7.0385449417918456e-15,0.0
0.0,0.0
0.0,0.0
0.0,0.0
0.0,0.0
0.0,0.0
0.0,0.0
0.0,0.0
6908.00460544,0.0
0.0,0.0
0.0,0.0
0.0,0.0
0.0,0.0
0.0,0.0
0.0,0.0
0.0,0.0
0.0,0.0
0.0,0.0
6835.185856,0.0
0.0,0.0
1131.5644122708632,0.0
4407.571046674144,0.0
1917.8060045276507,0.0
3810.0274365589853,0.0
2371.939148215172,0.0
3464.886247356469,0.0
2634.246452009084,0.0
0.0,0.0
0.0,0.0
0.0,0.0
2075.3997654492473,0.0
0.0,0.0
0.0,0.0
0.0,0.0
0.0,0.0
4804.928814546796,0.0
7.365707394083519e-13,0.0
0.0,0.0
5267.5599999999995,0.0
0.0,0.0
0.0,0.0
0.0,0.0
0.0,0.0
6604.593149440001,0.0
0.0,0.0
0.0,0.0
0.0,0.0
0.0,0.0
0.0,0.0
0.0,0.0
0.0,0.0
0.0,0.0
0.0,0.0
0.0,0.0
0.0,0.0
0.0,0.0
0.0,0.0
0.0,0.0
0.0,0.0
4565.354713709782,0.0
2269.8311422902184,0.0
0.0,0.0
5267.560000000001,0.0
0.0,0.0
0.0,0.0
0.0,0.0
0.0,0.0
0.0,0.0
6604.593149440001,0.0
0.0,0.0
0.0,0.0
0.0,0.0
0.0,0.0
0.0,0.0
5267.56,0.0
0.0,0.0
0.0,0.0
6604.593149440001,0.0
0.0,0.0
0.0,0.0
0.0,0.0
0.0,0.0
0.0,0.0
0.0,0.0
0.0,0.0
0.0,0.0
5267.56,0.0
1264.2144000000003,0.0
4306.757056,0.0
1994.4246374400004,0.0
3751.7972755456,0.0
2416.1940705853453,0.0
3431.252506355137,0.0
2659.808095170096,0.0
3246.105847670727,0.0
2800.5195557702477,0.0
3139.165137614612,0.0
2881.7944954128952,0.0
3077.3961834862,0.0
2928.7389005504883,0.0
3041.718435581629,0.0
2955.8539889579624,0.0
3021.110968391949,0.0
2971.515664022119,0.0
3009.20809534319,0.0
2980.561847539176,0.0
3002.332995870226,0.0
2985.7869231386285,0.0
2998.361938414642,0.0
2988.8049268048726,0.0
2996.0682556282973,0.0
0.0,0.0
0.0,0.0
0.0,0.0
6704.029972041616,0.0
0.0,0.0
0.0,0.0
0.0,0.0
0.0,0.0
0.0,0.0
0.0,0.0
0.0,0.0
0.0,0.0
0.0,0.0
0.0,0.0
0.0,0.0
0.0,0.0
0.0,0.0
6531.774400000001,0.0
0.0,0.0
0.0,0.0
0.0,0.0
0.0,0.0
0.0,0.0
0.0,0.0
0.0,0.0
0.0,0.0
0.0,0.0
6908.00460544,0.0
0.0,0.0
0.0,0.0
0.0,0.0
0.0,0.0
0.0,0.0
0.0,0.0
0.0,0.0
3504.5360190558927,0.0
0.0,0.0
0.0,0.0
0.0,0.0
6706.143330742381,0.0
0.0,0.0
2.105588027454426e-28,0.0
0.0,0.0
0.0,0.0
0.0,0.0
0.0,0.0
0.0,0.0
5267.5599999999995,0.0
1264.214400000001,0.0
1953.9420564849427,0.0
4347.239636955058,0.0
1963.6578759141564,0.0
3775.180014305241,0.0
2398.423189128017,0.0
3444.7583762627073,0.0
2649.5436340403426,0.0
3253.9068381293396,0.0
2794.590803021702,0.0
3143.670989703507,0.0
2878.3700478253354,0.0
3079.9987636527444,0.0
2926.7609396239136,0.0
0.0,0.0
0.0,0.0
0.0,0.0
0.0,0.0
0.0,0.0
0.0,0.0
0.0,0.0
6707.063969107024,0.0
0.0,0.0
5267.56,0.0
0.0,0.0
0.0,0.0
0.0,0.0
0.0,0.0
0.0,0.0
0.0,0.0
0.0,0.0
0.0,0.0
6604.593149440001,0.0
0.0,0.0
0.0,0.0
0.0,0.0
0.0,0.0
0.0,0.0
0.0,0.0
0.0,0.0
0.0,0.0
0.0,0.0
0.0,0.0
0.0,0.0
2145.747294470713,0.0
0.0,0.0
0.0,0.0
0.0,0.0
0.0,0.0
0.0,0.0
0.0,0.0
1288.3159875764677,0.0
0.0,0.0
0.0,0.0
0.0,0.0
0.0,0.0
0.0,0.0
0.0,0.0
0.0,0.0
0.0,0.0
0.0,0.0
0.0,0.0
0.0,0.0
0.0,0.0
0.0,0.0
0.0,0.0
0.0,0.0
0.0,0.0
0.0,0.0
0.0,0.0
0.0,0.0
0.0,0.0
0.0,0.0
0.0,0.0
0.0,0.0
0.0,0.0
0.0,0.0
6549.5427387881755,0.0
0.0,0.0
0.0,0.0
0.0,0.0
0.0,0.0
0.0,0.0
0.0,0.0
0.0,0.0
0.0,0.0
2545.4086851647603,0.0
4362.59592027524,0.0
0.0,0.0
0.0,0.0
0.0,0.0
0.0,0.0
0.0,0.0
0.0,0.0
0.0,0.0
5267.5599999999995,0.0
1264.2144000000005,0.0
4306.757056,0.0
1994.4246374400002,0.0
3751.7972755455994,0.0
2416.1940705853453,0.0
3431.252506355137,0.0
0.0,0.0
0.0,0.0
6684.979346281798,0.0
0.0,0.0
0.0,0.0
5267.56,0.0
1264.2144,0.0
4306.757056000001,0.0
1994.4246374399997,0.0
3751.7972755456,0.0
2416.194070585345,0.0
3431.2525063551375,0.0
2659.8080951700963,0.0
3246.1058476707267,0.0
2800.5195557702473,0.0
3139.165137614612,0.0
2881.7944954128957,0.0
3077.3961834862,0.0
2928.7389005504883,0.0
0.0,0.0
0.0,0.0
0.0,0.0
0.0,0.0
0.0,0.0
0.0,0.0
1326.0778468678927,0.0
0.0,0.0
0.0,0.0
0.0,0.0
0.0,0.0
0.0,0.0
0.0,0.0
0.0,0.0
0.0,0.0
0.0,0.0
0.0,0.0
0.0,0.0
5551.156724785587,0.0
0.0,0.0
0.0,0.0
0.0,0.0
0.0,0.0
0.0,0.0
0.0,0.0
0.0,0.0
0.0,0.0
0.0,0.0
0.0,0.0
0.0,0.0
6709.036452633727,0.0
0.0,0.0
0.0,0.0
0.0,0.0
0.0,0.0
0.0,0.0
0.0,0.0
0.0,0.0
0.0,0.0
0.0,0.0
0.0,0.0
0.0,0.0
6531.774400000001,0.0
-7.365707394083556e-13,0.0
0.0,0.0
0.0,0.0
0.0,0.0
0.0,0.0
0.0,0.0
0.0,0.0
0.0,0.0
0.0,0.0
0.0,0.0
0.0,0.0
0.0,0.0
0.0,0.0
0.0,0.0
0.0,0.0
0.0,0.0
0.0,0.0
0.0,0.0
6891.878581575992,0.0
5.630835953441551e-14,0.0
0.0,0.0
0.0,0.0
5123.264583608512,0.0
1373.8789164575312,0.0
4223.4120234922775,0.0
2057.76686214587,0.0
3703.6571847691393,0.0
2452.7805395754544,0.0
3403.446789922655,0.0
2680.940439658782,0.0
3230.0452658593267,0.0
2812.7255979469123,0.0
3129.8885455603468,0.0
2888.844705374136,0.0
3072.0380239156566,0.0
2932.8111018241016,0.0
3038.623562613683,0.0
2958.2060924136013,0.0
3019.3233697656638,0.0
2972.8742389780955,0.0
3008.1755783766475,0.0
2981.346560433748,0.0
3001.736614070352,0.0
2986.2401733065326,0.0
2998.0174682870356,0.0
2989.066724101853,0.0
2995.8692896825914,0.0
2990.6993398412305,0.0
2994.6285017206646,0.0
2991.6423386922957,0.0
2993.9118225938564,0.0
2992.1870148286694,0.0
0.0,0.0
0.0,0.0
0.0,0.0
6049.615433406281,0.0
0.0,0.0
0.0,0.0
0.0,0.0
0.0,0.0
0.0,0.0
654.5844438325801,0.0
0.0,0.0
5267.5599999999995,0.0
1264.214400000001,0.0
4306.757056,0.0
1994.424637440001,0.0
3751.797275545599,0.0
2416.194070585345,0.0
3431.2525063551375,0.0
0.0,0.0
0.0,0.0
2779.9127377309196,0.0
3905.066608550878,0.0
0.0,0.0
5267.5599999999995,0.0
0.0,0.0
0.0,0.0
0.0,0.0
6604.593149440001,0.0
0.0,0.0
0.0,0.0
0.0,0.0
0.0,0.0
0.0,0.0
0.0,0.0
0.0,0.0
5267.56,0.0
0.0,0.0
0.0,0.0
0.0,0.0
6604.593149440001,0.0
0.0,0.0
1115.1404033039796,0.0
4420.053293488978,0.0
1908.3194969483775,0.0
3817.237182319233,0.0
2366.4597414373825,0.0
3469.0505965075895,0.0
2631.081546654232,0.0
3267.938024542784,0.0
2783.927101347484,0.0
3151.7754029759126,0.0
2872.210693738307,0.0
3084.679872758888,0.0
0.0,0.0
0.0,0.0
0.0,0.0
6700.150909890108,0.0
0.0,0.0
0.0,0.0
0.0,0.0
0.0,0.0
0.0,0.0
0.0,0.0
0.0,0.0
0.0,0.0
0.0,0.0
0.0,0.0
0.0,0.0
0.0,0.0
0.0,0.0
6598.276562478107,0.0
0.0,0.0
0.0,0.0
0.0,0.0
5989.177443732012,0.0
0.0,0.0
0.0,0.0
0.0,0.0
0.0,0.0
0.0,0.0
0.0,0.0
0.0,0.0
0.0,0.0
0.0,0.0
0.0,0.0
0.0,0.0
0.0,0.0
0.0,0.0
0.0,0.0
0.0,0.0
0.0,0.0
0.0,0.0
0.0,0.0
0.0,0.0
0.0,0.0
0.0,0.0
0.0,0.0
0.0,0.0
0.0,0.0
0.0,0.0
0.0,0.0
0.0,0.0
0.0,0.0
0.0,0.0
2041.5172498300717,0.0
0.0,0.0
4490.257150169929,0.0
0.0,0.0
0.0,0.0
0.0,0.0
0.0,0.0
0.0,0.0
0.0,0.0
0.0,0.0
0.0,0.0
0.0,0.0
0.0,0.0
0.0,0.0
0.0,0.0
0.0,0.0
0.0,0.0
0.0,0.0
0.0,0.0
0.0,0.0
4728.324852727971,0.0
1105.4738864758403,0.0
0.0,0.0
0.0,0.0
0.0,0.0
0.0,0.0
0.0,0.0
5267.56,0.0
0.0,0.0
0.0,0.0
438.20665363757246,0.0
228.92158954444324,0.0
0.0,0.0
0.0,0.0
0.0,0.0
0.0,0.0
502.2628421015345,0.0
0.0,0.0
0.0,0.0
0.0,0.0
0.0,0.0
0.0,0.0
0.0,0.0
0.0,0.0
0.0,0.0
0.0,0.0
0.0,0.0
0.0,0.0
0.0,0.0
0.0,0.0
0.0,0.0
0.0,0.0
0.0,0.0
0.0,0.0
0.0,0.0
0.0,0.0
0.0,0.0
0.0,0.0
0.0,0.0
0.0,0.0
0.0,0.0
0.0,0.0
4271.235949759052,0.0
0.0,0.0
0.0,0.0
0.0,0.0
0.0,0.0
0.0,0.0
0.0,0.0
0.0,0.0
0.0,0.0
0.0,0.0
0.0,0.0
5728.132668553921,0.0
0.0,0.0
0.0,0.0
0.0,0.0
0.0,0.0
6531.774400000001,0.0
0.0,0.0
0.0,0.0
801.8507927876835,0.0
0.0,0.0
0.0,0.0
0.0,0.0
6800.0840356949275,0.0
0.0,0.0
0.0,0.0
0.0,0.0
0.0,0.0
6552.837313221521,0.0
5.6308359534415714e-14,0.0
0.0,0.0
4370.16554570855,0.0
1946.2341852615027,0.0
3788.4220192012585,0.0
2388.3592654070435,0.0
3452.4069582906473,0.0
2643.730711699108,0.0
3258.324659108678,0.0
2791.2332590774045,0.0
3146.2227231011725,0.0
2876.430730443109,0.0
3081.4726448632373,0.0
2925.6407899039395,0.0
3044.0729996730056,0.0
2954.0645202485157,0.0
2421.280073507019,0.0
3571.672957999652,0.0
2553.0885519202648,0.0
2669.9227701751815,0.0
3238.418694666862,0.0
2806.3617920531847,0.0
3134.72503803958,0.0
2885.1689710899195,0.0
3074.8315819716613,0.0
206.67900664275032,0.0
0.0,0.0
0.0,0.0
0.0,0.0
2422.414904653328,0.0
0.0,0.0
0.0,0.0
0.0,0.0
0.0,0.0
0.0,0.0
0.0,0.0
0.0,0.0
6579.29902581747,0.0
0.0,0.0
0.0,0.0
0.0,0.0
0.0,0.0
0.0,0.0
0.0,0.0
0.0,0.0
0.0,0.0
0.0,0.0
0.0,0.0
6835.185856,0.0
0.0,0.0
0.0,0.0
0.0,0.0
0.0,0.0
0.0,0.0
0.0,0.0
0.0,0.0
0.0,0.0
0.0,0.0
0.0,0.0
0.0,0.0
0.0,0.0
0.0,0.0
0.0,0.0
0.0,0.0
0.0,0.0
0.0,0.0
0.0,0.0
0.0,0.0
0.0,0.0
0.0,0.0
0.0,0.0
0.0,0.0
2176.084193697195,0.0
0.0,0.0
0.0,0.0
0.0,0.0
0.0,0.0
4355.690206302806,0.0
0.0,0.0
0.0,0.0
0.0,0.0
0.0,0.0
0.0,0.0
0.0,0.0
0.0,0.0
0.0,0.0
0.0,0.0
0.0,0.0
0.0,0.0
0.0,0.0
6835.185856,0.0
0.0,0.0
5221.078046531538,0.0
0.0,0.0
0.0,0.0
0.0,0.0
0.0,0.0
0.0,0.0
0.0,0.0
0.0,0.0
0.0,0.0
0.0,0.0
6606.627943435035,0.0
0.0,0.0
0.0,0.0
0.0,0.0
0.0,0.0
0.0,0.0
0.0,0.0
0.0,0.0
0.0,0.0
0.0,0.0
0.0,0.0
0.0,0.0
0.0,0.0
2062.4535120578607,0.0
0.0,0.0
0.0,0.0
0.0,0.0
0.0,0.0
0.0,0.0
0.0,0.0
0.0,0.0
0.0,0.0
0.0,0.0
0.0,0.0
0.0,0.0
0.0,0.0
0.0,0.0
0.0,0.0
6430.492262411713,0.0
0.0,0.0
0.0,0.0
0.0,0.0
0.0,0.0
0.0,0.0
0.0,0.0
0.0,0.0
0.0,0.0
0.0,0.0
0.0,0.0
0.0,0.0
0.0,0.0
0.0,0.0
5991.030364031958,0.0
0.0,0.0
0.0,0.0
0.0,0.0
0.0,0.0
0.0,0.0
0.0,0.0
0.0,0.0
0.0,0.0
0.0,0.0
0.0,0.0
0.0,0.0
0.0,0.0
0.0,0.0
0.0,0.0
0.0,0.0
0.0,0.0
0.0,0.0
0.0,0.0
0.0,0.0
0.0,0.0
0.0,0.0
0.0,0.0
0.0,0.0
0.0,0.0
0.0,0.0
0.0,0.0
0.0,0.0
0.0,0.0
0.0,0.0
0.0,0.0
0.0,0.0
0.0,0.0
0.0,0.0
6835.185856,0.0
0.0,0.0
0.0,0.0
0.0,0.0
0.0,0.0
0.0,0.0
0.0,0.0
0.0,0.0
5.6308359534415424e-14,0.0
0.0,0.0
0.0,0.0
0.0,0.0
0.0,0.0
2384.049208038804,0.0
4451.136647961196,0.0
-2.237029797505521e-28,0.0
5267.56,0.0
0.0,0.0
0.0,0.0
0.0,0.0
0.0,0.0
6604.593149440001,0.0
0.0,0.0
0.0,0.0
0.0,0.0
0.0,0.0
5577.122710002742,0.0
0.0,0.0
0.0,0.0
0.0,0.0
0.0,0.0
388.7524450681495,0.0
0.0,0.0
0.0,0.0
0.0,0.0
5267.56,0.0
1264.2144000000003,0.0
4306.757056,0.0
1994.42463744,0.0
3751.7972755456008,0.0
2416.194070585343,0.0
0.0,0.0
0.0,0.0
0.0,0.0
6729.414544366055,0.0
0.0,0.0
4128.084594603678,0.0
2130.215708101204,0.0
3648.5960618430845,0.0
2494.626992999257,0.0
3371.6434853205656,0.0
2705.1109511563704,0.0
3211.6756771211585,0.0
2826.6864853879197,0.0
3119.278271105182,0.0
0.0,0.0
0.0,0.0
600.11363250821,0.0
0.0,0.0
0.0,0.0
6773.588580829305,0.0
0.0,0.0
0.0,0.0
0.0,0.0
1096.1269338764937,0.0
0.0,0.0
0.0,0.0
0.0,0.0
6877.835758347293,0.0
0.0,0.0
5267.56,0.0
1264.2144000000008,0.0
4306.757056,0.0
1994.4246374400002,0.0
3751.7972755456003,0.0
2416.1940705853435,0.0
3431.2525063551393,0.0
2659.808095170094,0.0
3246.1058476707294,0.0
2800.519555770246,0.0
3139.1651376146137,0.0
2881.794495412894,0.0
3077.396183486201,0.0
2928.738900550487,0.0
3041.7184355816307,0.0
2955.85398895796,0.0
3021.1109683919503,0.0
2971.515664022118,0.0
3009.2080953431905,0.0
0.0,0.0
0.0,0.0
0.0,0.0
6876.389142980381,0.0
0.0,0.0
0.0,0.0
5267.56,0.0
1264.2144000000003,0.0
4306.7570559999995,0.0
1994.4246374400004,0.0
0.0,0.0
0.0,0.0
0.0,0.0
0.0,0.0
6747.877923071427,0.0
0.0,0.0
0.0,0.0
0.0,0.0
0.0,0.0
0.0,0.0
0.0,0.0
0.0,0.0
1.026714356721447e-28,0.0
0.0,0.0
0.0,0.0
926.949885360018,0.0
1222.6681880841675,0.0
5140.030552826165,0.0
1361.136779852115,0.0
4233.096047312392,0.0
0.0,0.0
0.0,0.0
0.0,0.0
2426.6439249144332,0.0
4223.233918518421,0.0
0.0,0.0
876.5586865145782,0.0
0.0,0.0
0.0,0.0
2937.3236508547916,0.0
3863.878114452975,0.0
0.0,0.0
0.0,0.0
0.0,0.0
5778.8660334764945,0.0
1056.319822523505,0.0
0.0,0.0
0.0,0.0
0.0,0.0
0.0,0.0
0.0,0.0
1092.7239174864858,0.0
0.0,0.0
0.0,0.0
1830.8891016465784,0.0
4700.8852983534225,0.0
1694.8871732513996,0.0
3647.34638543398,0.0
2495.5767470701758,0.0
3370.9216722266665,0.0
2705.6595291077338,0.0
0.0,0.0
0.0,0.0
0.0,0.0
0.0,0.0
0.0,0.0
0.0,0.0
0.0,0.0
0.0,0.0
0.0,0.0
0.0,0.0
0.0,0.0
0.0,0.0
0.0,0.0
0.0,0.0
0.0,0.0
0.0,0.0
0.0,0.0
0.0,0.0
0.0,0.0
0.0,0.0
0.0,0.0
0.0,0.0
0.0,0.0
0.0,0.0
0.0,0.0
0.0,0.0
0.0,0.0
0.0,0.0
0.0,0.0
0.0,0.0
0.0,0.0
0.0,0.0
0.0,0.0
0.0,0.0
0.0,0.0
0.0,0.0
0.0,0.0
6716.742904453781,0.0
0.0,0.0
0.0,0.0
0.0,0.0
0.0,0.0
773.7896190492793,0.0
5757.984780950721,0.0
891.491566477452,0.0
4590.0264094771355,0.0
1779.1399287973768,0.0
3915.4136541139937,0.0
2291.8456228733658,0.0
3525.7573266162426,0.0
2587.9844317716556,0.0
3300.691831853542,0.0
2759.0342077913083,0.0
3170.6940020786064,0.0
2857.8325584202594,0.0
3095.607255600604,0.0
2914.8984857435416,0.0
3052.237150834909,0.0
2947.8597653654697,0.0
3027.1865783222433,0.0
2966.898200475095,0.0
3012.717367638928,0.0
2977.8948005944153,0.0
3004.359951548244,0.0
2984.2464368233345,0.0
2999.532708014265,0.0
2987.915141909158,0.0
2996.7444921490405,0.0
2990.0341859667305,0.0
2995.134018665285,0.0
2991.2581458143836,0.0
2994.203809181069,0.0
2991.9651050223874,0.0
2993.666520182986,0.0
2992.373444660931,0.0
2993.356182057693,0.0
2992.609301636154,0.0
0.0,0.0
0.0,0.0
5123.754625290821,0.0
1580.4267659207555,0.0
0.0,0.0
0.0,0.0
233.99140698868496,0.0
0.0,0.0
0.0,0.0
0.0,0.0
3608.7495774220806,0.0
0.0,0.0
0.0,0.0
0.0,0.0
0.0,0.0
0.0,0.0
0.0,0.0
0.0,0.0
0.0,0.0
0.0,0.0
0.0,0.0
0.0,0.0
0.0,0.0
0.0,0.0
0.0,0.0
0.0,0.0
0.0,0.0
0.0,0.0
0.0,0.0
0.0,0.0
0.0,0.0
0.0,0.0
6717.027120874946,0.0
0.0,0.0
0.0,0.0
0.0,0.0
0.0,0.0
0.0,0.0
0.0,0.0
0.0,0.0
0.0,0.0
0.0,0.0
0.0,0.0
0.0,0.0
0.0,0.0
0.0,0.0
0.0,0.0
0.0,0.0
0.0,0.0
0.0,0.0
0.0,0.0
0.0,0.0
0.0,0.0
0.0,0.0
0.0,0.0
0.0,0.0
0.0,0.0
0.0,0.0
0.0,0.0
0.0,0.0
0.0,0.0
0.0,0.0
0.0,0.0
0.0,0.0
0.0,0.0
0.0,0.0
0.0,0.0
0.0,0.0
0.0,0.0
6835.185856000001,0.0
0.0,0.0
0.0,0.0
5267.56,0.0
1264.2144000000005,0.0
4306.757056,0.0
1994.42463744,0.0
3751.7972755456003,0.0
2416.1940705853435,0.0
3431.2525063551398,0.0
2659.808095170094,0.0
3246.1058476707294,0.0
2800.519555770246,0.0
3139.1651376146133,0.0
2881.794495412894,0.0
3077.3961834862007,0.0
2928.7389005504874,0.0
3041.7184355816303,0.0
2955.8539889579615,0.0
3021.11096839195,0.0
2971.5156640221185,0.0
3009.2080953431905,0.0
2980.5618475391757,0.0
3002.3329958702266,0.0
2985.786923138628,0.0
2998.3619384146423,0.0
2988.8049268048717,0.0
0.0,0.0
0.0,0.0
0.0,0.0
0.0,0.0
0.0,0.0
0.0,0.0
6704.347931524191,0.0
0.0,0.0
0.0,0.0
0.0,0.0
0.0,0.0
5267.56,0.0
1264.2144000000008,0.0
4306.757056,0.0
1994.4246374400004,0.0
3751.7972755455994,0.0
2416.1940705853444,0.0
3431.2525063551375,0.0
0.0,0.0
0.0,0.0
0.0,0.0
0.0,0.0
0.0,0.0
0.0,0.0
0.0,0.0
0.0,0.0
0.0,0.0
0.0,0.0
0.0,0.0
0.0,0.0
0.0,0.0
0.0,0.0
0.0,0.0
0.0,0.0
0.0,0.0
0.0,0.0
0.0,0.0
0.0,0.0
0.0,0.0
0.0,0.0
0.0,0.0
0.0,0.0
0.0,0.0
0.0,0.0
0.0,0.0
0.0,0.0
0.0,0.0
0.0,0.0
0.0,0.0
0.0,0.0
0.0,0.0
0.0,0.0
0.0,0.0
0.0,0.0
0.0,0.0
0.0,0.0
0.0,0.0
0.0,0.0
0.0,0.0
0.0,0.0
0.0,0.0
0.0,0.0
0.0,0.0
0.0,0.0
0.0,0.0
0.0,0.0
0.0,0.0
0.0,0.0
0.0,0.0
0.0,0.0
0.0,0.0
0.0,0.0
0.0,0.0
0.0,0.0
2785.6497044783937,0.0
0.0,0.0
0.0,0.0
0.0,0.0
0.0,0.0
0.0,0.0
0.0,0.0
0.0,0.0
0.0,0.0
0.0,0.0
0.0,0.0
0.0,0.0
4145.350295491798,0.0
0.0,0.0
0.0,0.0
0.0,0.0
0.0,0.0
0.0,0.0
0.0,0.0
0.0,0.0
0.0,0.0
0.0,0.0
0.0,0.0
0.0,0.0
0.0,0.0
0.0,0.0
0.0,0.0
0.0,0.0
0.0,0.0
0.0,0.0
0.0,0.0
0.0,0.0
0.0,0.0
0.0,0.0
0.0,0.0
0.0,0.0
1479.7337600510978,0.0
0.0,0.0
1148.7112619987029,0.0
1.982197747356928e-13,0.0
0.0,0.0
0.0,0.0
0.0,0.0
1261.910007993881,0.0
5182.399443209853,0.0
0.0,0.0
0.0,0.0
0.0,0.0
0.0,0.0
0.0,0.0
0.0,0.0
0.0,0.0
0.0,0.0
0.0,0.0
0.0,0.0
0.0,0.0
0.0,0.0
0.0,0.0
0.0,0.0
0.0,0.0
0.0,0.0
0.0,0.0
0.0,0.0
0.0,0.0
0.0,0.0
0.0,0.0
0.0,0.0
0.0,0.0
0.0,0.0
0.0,0.0
0.0,0.0
0.0,0.0
0.0,0.0
0.0,0.0
-9.282879651393085e-7,0.0
0.0,0.0
0.0,0.0
0.0,0.0
0.0,0.0
0.0,0.0
0.0,0.0
0.0,0.0
0.0,0.0
0.0,0.0
6584.879407345297,0.0
346.1205926656321,0.0
0.0,0.0
0.0,0.0
0.0,0.0
0.0,0.0
0.0,0.0
0.0,0.0
0.0,0.0
0.0,0.0
0.0,0.0
0.0,0.0
0.0,0.0
0.0,0.0
0.0,0.0
0.0,0.0
0.0,0.0
0.0,0.0
0.0,0.0
0.0,0.0
0.0,0.0
0.0,0.0
0.0,0.0
0.0,0.0
0.0,0.0
0.0,0.0
0.0,0.0
0.0,0.0
0.0,0.0
0.0,0.0
0.0,0.0
0.0,0.0
0.0,0.0
0.0,0.0
0.0,0.0
0.0,0.0
0.0,0.0
0.0,0.0
0.0,0.0
0.0,0.0
0.0,0.0
0.0,0.0
0.0,0.0
0.0,0.0
0.0,0.0
0.0,0.0
0.0,0.0
6603.749047541805,0.0
0.0,0.0
0.0,0.0
0.0,0.0
0.0,0.0
2770.121703587017,0.0
3162.267505273868,0.0
2864.2366959918604,0.0
3090.740111046186,0.0
2918.5975156048985,0.0
3049.425888140277,0.0
2949.9963250133887,0.0
3025.562792989824,0.0
2968.1322773277343,0.0
3011.7794692309226,0.0
2978.6076033844993,0.0
3003.8182214277813,0.0
2984.6581517148866,0.0
0.0,0.0
0.0,0.0
0.0,0.0
0.0,0.0
0.0,0.0
0.0,0.0
0.0,0.0
0.0,0.0
0.0,0.0
0.0,0.0
0.0,0.0
0.0,0.0
0.0,0.0
0.0,0.0
0.0,0.0
0.0,0.0
0.0,0.0
0.0,0.0
0.0,0.0
2062.9683882922363,0.0
0.0,0.0
0.0,0.0
0.0,0.0
0.0,0.0
0.0,0.0
0.0,0.0
4641.561072458293,0.0
0.0,0.0
509.93971665436766,0.0
4880.005815342681,0.0
1558.7555803395633,0.0
4082.9057589419313,0.0
2164.5516232041323,0.0
3622.5007663648594,0.0
2514.4594175627067,0.0
3356.570842652343,0.0
2716.566159584219,0.0
3202.969718715993,0.0
2833.3030137758456,0.0
3114.249709530357,0.0
0.0,0.0
0.0,0.0
0.0,0.0
0.0,0.0
0.0,0.0
0.0,0.0
0.0,0.0
0.0,0.0
0.0,0.0
0.0,0.0
0.0,0.0
0.0,0.0
0.0,0.0
0.0,0.0
0.0,0.0
0.0,0.0
0.0,0.0
0.0,0.0
0.0,0.0
0.0,0.0
0.0,0.0
0.0,0.0
0.0,0.0
0.0,0.0
0.0,0.0
0.0,0.0
0.0,0.0
6875.285550571744,0.0
0.0,0.0
0.0,0.0
0.0,0.0
0.0,0.0
0.0,0.0
0.0,0.0
0.0,0.0
0.0,0.0
0.0,0.0
0.0,0.0
0.0,0.0
0.0,0.0
0.0,0.0
0.0,0.0
0.0,0.0
0.0,0.0
2592.5979238891045,0.0
3297.1855778442814,0.0
2761.698960838347,0.0
3168.6687897628567,0.0
2859.3717197802284,0.0
3094.4374929670266,0.0
2915.7875053450603,0.0
3051.561495937755,0.0
2948.373263087307,0.0
3026.7963200536465,0.0
0.0,0.0
0.0,0.0
0.0,0.0
0.0,0.0
0.0,0.0
0.0,0.0
0.0,0.0
0.0,0.0
0.0,0.0
4690.244022821191,0.0
2012.4407974721414,0.0
0.0,0.0
3869.3062968979557,0.0
2326.8872143575545,0.0
3499.125717088259,0.0
2608.224455012923,0.0
3285.309414190178,0.0
2770.7248452154645,0.0
3161.809117636247,0.0
2864.5850705964526,0.0
3090.475346346696,0.0
2918.7987367765113,0.0
3049.2729600498515,0.0
2950.112550362113,0.0
3025.4744617247943,0.0
2968.1994090891562,0.0
3011.7284490922416,0.0
2978.646378689896,0.0
3003.788752195678,0.0
2984.680548331285,0.0
7.106706613214711,0.0
0.0,0.0
0.0,0.0
0.0,0.0
0.0,0.0
0.0,0.0
0.0,0.0
0.0,0.0
0.0,0.0
0.0,0.0
0.0,0.0
0.0,0.0
0.0,0.0
0.0,0.0
0.0,0.0
0.0,0.0
0.0,0.0
0.0,0.0
0.0,0.0
0.0,0.0
0.0,0.0
0.0,0.0
0.0,0.0
0.0,0.0
0.0,0.0
0.0,0.0
0.0,0.0
6876.237488974979,0.0
0.0,0.0
0.0,0.0
0.0,0.0
0.0,0.0
0.0,0.0
0.0,0.0
5968.444188041962,0.0
0.0,0.0
0.0,0.0
0.0,0.0
0.0,0.0
0.0,0.0
0.0,0.0
0.0,0.0
0.0,0.0
0.0,0.0
0.0,0.0
0.0,0.0
0.0,0.0
0.0,0.0
0.0,0.0
5267.56,0.0
0.0,0.0
0.0,0.0
0.0,0.0
0.0,0.0
0.0,0.0
0.0,0.0
0.0,0.0
0.0,0.0
0.0,0.0
0.0,0.0
0.0,0.0
0.0,0.0
0.0,0.0
0.0,0.0
0.0,0.0
0.0,0.0
0.0,0.0
0.0,0.0
0.0,0.0
0.0,0.0
0.0,0.0
0.0,0.0
0.0,0.0
0.0,0.0
0.0,0.0
0.0,0.0
0.0,0.0
0.0,0.0
0.0,0.0
0.0,0.0
0.0,0.0
0.0,0.0
0.0,0.0
0.0,0.0
0.0,0.0
0.0,0.0
0.0,0.0
0.0,0.0
6852.662355865601,0.0
-7.365707394083556e-13,0.0
0.0,0.0
0.0,0.0
0.0,0.0
0.0,0.0
0.0,0.0
0.0,0.0
0.0,0.0
0.0,0.0
0.0,0.0
0.0,0.0
0.0,0.0
0.0,0.0
1099.750208962114,0.0
5603.151473893248,0.0
0.0,0.0
0.0,0.0
0.0,0.0
0.0,0.0
0.0,0.0
0.0,0.0
0.0,0.0
0.0,0.0
0.0,0.0
0.0,0.0
0.0,0.0
0.0,0.0
0.0,0.0
0.0,0.0
0.0,0.0
0.0,0.0
0.0,0.0
0.0,0.0
0.0,0.0
0.0,0.0
0.0,0.0
0.0,0.0
0.0,0.0
0.0,0.0
0.0,0.0
0.0,0.0
0.0,0.0
0.0,0.0
0.0,0.0
0.0,0.0
0.0,0.0
418.0852065299392,0.0
0.0,0.0
2231.0631560158267,0.0
3571.952001427971,0.0
2552.876478914742,0.0
3327.3738760247957,0.0
2738.7558542211555,0.0
3186.1055507919227,0.0
2846.1197813981385,0.0
3104.508966137415,0.0
2908.1331857355653,0.0
3057.378778840971,0.0
2943.952128080862,0.0
3030.1563826585448,0.0
2964.641149179506,0.0
3014.4327266235755,0.0
2976.5911277660834,0.0
3005.3507428977773,0.0
2983.49343539769,0.0
554.2013816801095,0.0
0.0,0.0
248.28022128403492,0.0
0.0,0.0
0.0,0.0
0.0,0.0
0.0,0.0
0.0,0.0
0.0,0.0
0.0,0.0
0.0,0.0
0.0,0.0
0.0,0.0
0.0,0.0
0.0,0.0
0.0,0.0
0.0,0.0
0.0,0.0
0.0,0.0
0.0,0.0
0.0,0.0
0.0,0.0
0.0,0.0
0.0,0.0
0.0,0.0
0.0,0.0
0.0,0.0
0.0,0.0
0.0,0.0
0.0,0.0
0.0,0.0
0.0,0.0
0.0,0.0
0.0,0.0
0.0,0.0
0.0,0.0
0.0,0.0
0.0,0.0
0.0,0.0
0.0,0.0
0.0,0.0
0.0,0.0
0.0,0.0
0.0,0.0
0.0,0.0
0.0,0.0
0.0,0.0
0.0,0.0
0.0,0.0
0.0,0.0
0.0,0.0
0.0,0.0
0.0,0.0
0.0,0.0
0.0,0.0
0.0,0.0
0.0,0.0
0.0,0.0
0.0,0.0
0.0,0.0
0.0,0.0
0.0,0.0
0.0,0.0
0.0,0.0
0.0,0.0
0.0,0.0
0.0,0.0
0.0,0.0
3380.2530006172915,0.0
0.0,0.0
0.0,0.0
0.0,0.0
0.0,0.0
0.0,0.0
0.0,0.0
0.0,0.0
0.0,0.0
245.71643143203423,0.0
6369.842121594184,0.0
0.0,0.0
2128.333307817956,0.0
