Lignite,Coal,Gas,WindOnshore,WindOffshore,PVGround,PVRoof
13123.816233503709,0.0,0.0,34311.422207561656,18448.42822593465,0.0,0.0
13123.81623350371,0.0,0.0,33319.71561923601,3097.63481426028,0.0,0.0
13123.816233503709,0.0,0.0,32929.535977927575,13565.831185094194,0.0,0.0
13123.81623350371,0.0,0.0,33417.26052956313,9730.983329732879,0.0,0.0
13123.816233503709,0.0,0.0,34937.33538216062,2019.281061541935,0.0,0.0
13123.816233503709,0.0,0.0,34856.047956888026,4613.3024766082635,0.0,0.0
13123.816233503709,0.0,0.0,34604.05693854299,11637.37612491389,0.0,0.0
13123.816233503709,0.0,0.0,33880.59885361691,15803.77411704024,0.0,0.0
13123.816233503709,0.0,0.0,32734.44615727335,22431.289024873222,2282.1152513497173,0.0
13123.816233503709,0.0,0.0,29702.425194605614,17830.965865290294,7833.493281377171,0.0
13123.81623350371,0.0,0.0,28629.43118100738,14300.140073307637,13146.045296728491,0.0
13123.816233503709,0.0,0.0,31945.95813212919,23406.548139602866,0.0,0.0
13123.816233503709,0.0,0.0,35164.94017292389,16466.7171343185,0.0,0.0
13123.816233503709,0.0,0.0,0.0,30642.184233936823,14313.639146256253,0.0
13123.816233503709,0.0,0.0,33531.06292494476,5606.722149234971,9107.23202631655,0.0
13123.816233503709,0.0,0.0,33433.51801461764,16033.219903090325,0.0,0.0
13123.816233503709,0.0,0.0,36099.74556355871,17977.104869937582,0.0,0.0
13123.816233503709,0.0,0.0,39115.50904117192,17355.341392324364,0.0,0.0
13123.816233503709,0.0,0.0,40570.55395355134,11419.378384990658,0.0,0.0
13123.81623350371,0.0,0.0,42960.40425656558,4675.603915106673,0.0,0.0
13123.816233503709,0.0,0.0,46439.50605823258,0.0,0.0,0.0
13123.81623350371,0.0,0.0,49585.32941628194,0.0,0.0,0.0
13123.81623350371,0.0,0.0,52869.34139729472,0.0,0.0,0.0
13123.81623350371,0.0,0.0,53478.850433496285,0.0,0.0,0.0
13123.816233503709,0.0,0.0,52469.85043349631,0.0,0.0,0.0
13123.816233503709,0.0,0.0,45111.743859296024,0.0,0.0,0.0
13123.81623350371,0.0,0.0,45599.11644370256,0.0,0.0,0.0
13123.81623350371,0.0,0.0,42072.910526296015,0.0,0.0,0.0
13123.81623350371,0.0,0.0,45298.74385929602,0.0,0.0,0.0
13123.81623350371,0.0,0.0,40548.74385929603,0.0,0.0,0.0
13123.81623350371,0.0,0.0,50040.74385929602,0.0,0.0,0.0
13123.81623350371,0.0,0.0,38326.35043349629,0.0,0.0,0.0
13123.816233503709,0.0,0.0,47161.850433496285,0.0,0.0,0.0
13123.816233503709,0.0,0.0,0.0,46948.4522011953,5211.714364710285,0.0
13123.816233503709,0.0,0.0,0.0,38029.01668517847,8205.000415317822,0.0
13123.816233503709,0.0,0.0,37418.100915272975,0.0,9303.600082828036,0.0
13123.816233503709,0.0,0.0,49782.22301790281,0.0,0.0,0.0
972.5318477693769,0.0,0.0,58665.13481923063,0.0,0.0,0.0
13123.816233503709,0.0,0.0,44533.177009101026,0.0,0.0,0.0
13123.816233503709,0.0,0.0,47538.53963765718,0.0,0.0,0.0
13123.81623350371,0.0,0.0,53641.571937384346,0.0,0.0,0.0
13123.816233503709,0.0,0.0,52170.269539950415,0.0,0.0,0.0
13123.816233503709,0.0,0.0,50609.550974716614,6168.085727545228,0.0,0.0
13123.816233503709,0.0,0.0,47845.77851544845,0.0,0.0,0.0
13123.81623350371,0.0,0.0,43903.33838972768,0.0,0.0,0.0
13123.81623350371,0.0,0.0,40765.643774205564,9640.20665929073,0.0,0.0
13123.81623350371,0.0,0.0,38611.52700448184,15407.490096014442,0.0,0.0
13123.816233503709,0.0,0.0,38367.66472866406,7982.29149532198,0.0,0.0
13123.816233503709,0.0,0.0,38985.44916073577,11058.901272760522,0.0,0.0
13123.816233503709,0.0,0.0,40594.94018113312,3776.410252363167,0.0,0.0
13123.81623350371,0.0,0.0,45163.29348145287,0.0,0.0,0.0
13123.81623350371,0.0,0.0,48074.74385929602,0.0,0.0,0.0
13123.81623350371,0.0,0.0,39859.76034210101,0.0,0.0,0.0
13123.81623350371,0.0,0.0,57439.085426594764,0.0,0.0,0.0
13123.81623350371,0.0,0.0,60315.26955226427,803.0808812320311,0.0,0.0
13123.816233503709,0.0,0.0,56754.88032532469,4380.470108171592,0.0,0.0
13123.816233503709,0.0,0.0,54218.71265681977,6958.637776676511,0.0,0.0
13123.816233503709,0.0,0.0,54389.41624989221,1068.2140009113432,5142.720182692735,0.0
13123.816233503709,0.0,0.0,56681.72164257935,4298.628790916945,0.0,0.0
13123.816233503709,0.0,0.0,60103.92224655552,0.0,0.0,0.0
13123.816233503709,0.0,0.0,59987.8504334963,0.0,0.0,0.0
13123.816233503709,0.0,0.0,57618.85043349629,0.0,0.0,0.0
13123.816233503709,0.0,0.0,50149.80686804382,0.0,4500.543565452467,0.0
13123.816233503709,0.0,0.0,55730.65876689001,2845.191666606287,0.0,0.0
13123.816233503709,0.0,0.0,53950.46415342021,7150.886280076074,0.0,0.0
13123.81623350371,0.0,0.0,52267.81445027753,13700.035983218751,0.0,0.0
13123.816233503709,0.0,0.0,50260.015046044464,10485.335387451833,0.0,0.0
13123.816233503709,0.0,0.0,48707.42522333794,9751.25402801538,0.0,0.0
13123.81623350371,0.0,0.0,49170.76354739172,4949.586886104566,0.0,0.0
13123.816233503709,0.0,0.0,47992.09588093912,8729.750513028033,0.0,0.0
13123.816233503709,0.0,0.0,45716.04797330651,0.0,0.0,0.0
13123.816233503709,0.0,0.0,44675.5689298173,0.0,0.0,0.0
13123.816233503709,0.0,0.0,45171.422223980124,0.0,0.0,0.0
13123.816233503709,0.0,0.0,46724.01204668666,0.0,0.0,0.0
13123.816233503709,0.0,0.0,47431.212646558226,0.0,0.0,0.0
13123.81623350371,0.0,0.0,49054.11644370255,0.0,0.0,0.0
13123.816233503709,0.0,0.0,43187.74385929602,0.0,0.0,0.0
13123.81623350371,0.0,0.0,55608.72762898112,4196.0585791091835,0.0,0.0
13123.816233503709,0.0,0.0,58600.10487901254,1480.2455544837344,0.0,0.0
13123.816233503709,0.0,0.0,59510.52404206559,3736.8263914306904,0.0,0.0
13123.816233503709,0.0,0.0,58917.12583757566,2691.6482003402243,1374.5763955804114,0.0
13123.816233503709,0.0,0.0,57730.32942859582,4770.021004900479,0.0,0.0
13123.816233503709,0.0,0.0,56966.22763103343,77.53906528289558,5848.583737179974,0.0
13123.816233503709,0.0,0.0,56779.26655290646,6597.750547589837,0.0,0.0
13123.816233503709,0.0,0.0,55852.5899047989,4729.760528697388,0.0,0.0
13123.816233503709,0.0,0.0,53413.967146621086,5746.383286875194,0.0,0.0
13123.816233503709,0.0,0.0,51202.94917920656,7445.40125428973,0.0,0.0
13123.816233503709,0.0,0.0,51690.67373084212,8138.676702654168,0.0,0.0
13123.816233503709,0.0,0.0,51479.32642513337,12219.024008362916,0.0,0.0
13123.81623350371,0.0,0.0,48593.62282795631,19610.227605539967,0.0,0.0
13123.816233503709,0.0,0.0,45935.524021542515,19305.326411953785,0.0,0.0
13123.81623350371,0.0,0.0,45147.03599639835,15461.814437097948,0.0,0.0
13123.816233503709,0.0,0.0,45602.24557792487,8574.104855571431,0.0,0.0
13123.816233503709,0.0,0.0,49504.041991009355,9229.808442486928,0.0,0.0
13123.816233503709,0.0,0.0,52940.541997223685,0.0,0.0,0.0
13123.81623350371,0.0,0.0,42718.85043349629,0.0,0.0,0.0
1084.907580450835,0.0,0.0,60892.41027169967,0.0,0.0,0.0
13123.81623350371,0.0,0.0,48796.850433496285,0.0,0.0,0.0
13123.816233503709,0.0,0.0,40389.35043349629,0.0,0.0,0.0
13123.81623350371,0.0,0.0,47005.8504334963,0.0,0.0,0.0
13123.816233503709,0.0,0.0,49707.01710049629,0.0,0.0,0.0
13123.816233503709,0.0,0.0,58125.85043349631,0.0,0.0,0.0
13123.81623350371,0.0,0.0,62795.53631708024,0.0,0.0,0.0
13123.816233503709,0.0,0.0,61995.01710049629,0.0,0.0,0.0
13123.816233503709,0.0,0.0,62566.8504334963,0.0,0.0,0.0
13123.816233503709,0.0,0.0,62033.8504334963,0.0,0.0,0.0
13123.816233503709,0.0,0.0,61327.0171004963,0.0,0.0,0.0
13123.816233503709,0.0,0.0,56551.52157924485,0.0,5222.328854251447,0.0
13123.816233503709,0.0,0.0,60194.85043349629,0.0,0.0,0.0
13123.816233503709,0.0,0.0,58294.85043349629,0.0,0.0,0.0
13123.816233503709,0.0,0.0,57513.85043349629,0.0,0.0,0.0
13123.816233503709,0.0,0.0,58520.85043349628,0.0,0.0,0.0
13123.81623350371,0.0,0.0,61932.88931518888,0.0,0.0,0.0
13123.816233503709,0.0,0.0,58575.71865143078,6233.131782065502,0.0,0.0
13123.81623350371,0.0,0.0,55129.13181987281,6906.718613623464,0.0,0.0
13123.81623350371,0.0,0.0,53787.88930287501,1357.4611306212814,0.0,0.0
13123.81623350371,0.0,0.0,49780.419236936184,1601.9311965601194,0.0,0.0
13123.816233503709,0.0,0.0,46902.84438228636,5640.124828039594,0.0,0.0
13123.816233503709,0.0,0.0,45285.22461936176,0.0,0.0,0.0
13123.816233503709,0.0,0.0,43700.11982654619,0.0,0.0,0.0
13123.816233503709,0.0,0.0,43708.24856907344,0.0,0.0,0.0
13123.816233503709,0.0,0.0,42854.73060371121,0.0,0.0,0.0
13123.816233503709,0.0,0.0,40871.317427059934,0.0,0.0,0.0
13123.816233503709,0.0,0.0,37278.41323001131,5683.937203484989,0.0,0.0
13123.816233503709,0.0,0.0,33335.97310429054,10199.527281960096,0.0,0.0
13123.816233503709,0.0,0.0,30279.565914041024,24569.77488197183,0.0,0.0
13123.816233503709,0.0,0.0,28198.607827062635,25306.544229752686,0.0,0.0
13123.816233503707,0.0,181.67476211231786,26483.44315381091,22007.870279044033,265.3622385290369,0.0
13123.816233503709,0.0,7096.566085136728,23817.215604869856,19681.753693741888,2186.584845479265,0.0
13123.816233503709,0.0,11265.123767582762,20460.044941111748,16097.328352166376,5636.293946356744,0.0
13123.81623350371,0.0,8850.40560386766,18322.18565644254,17475.953483541572,9457.510181174875,0.0
13123.816233503709,0.0,0.0,19378.922184986255,22007.870279044033,12265.042664812087,0.0
13123.81623350371,0.0,0.0,20281.212605512043,18379.62436761428,12233.199196188601,0.0
13123.81623350371,0.0,0.0,21037.185660547155,21051.905393119505,9574.269566127652,0.0
13123.816233503709,0.0,0.0,20898.997037583747,24940.01492648739,5286.015791498416,0.0
13123.816233503709,0.0,0.0,22703.577878635326,29020.88317869132,1162.286604757182,0.0
13123.816233503709,0.0,0.0,24930.85333110438,30254.555155815666,0.0,0.0
13123.81623350371,0.0,3718.2559514395766,25564.895248230612,30119.199233826097,0.0,0.0
13123.816233503709,0.0,0.0,25597.410218339646,31848.747125914975,0.0,0.0
13123.81623350371,0.0,0.0,24922.72458857712,31433.12584491917,0.0,0.0
13123.81623350371,0.0,0.0,24922.72458857712,26026.008963130942,0.0,0.0
13123.816233503709,0.0,0.0,25020.269498904236,27834.080934592057,0.0,0.0
13123.816233503709,0.0,0.0,25662.440158557718,22663.099479099452,0.0,0.0
13123.816233503709,0.0,0.0,26101.392255029725,23379.458178466557,0.0,0.0
13123.816233503709,0.0,0.0,27288.188664009587,18583.1617694867,0.0,0.0
13123.816233503709,0.0,0.0,28751.36231891627,10945.988114580023,0.0,0.0
13123.816233503709,0.0,0.0,29970.673698005172,8167.9648351434635,0.0,0.0
13123.81623350371,0.0,0.0,31133.08387940325,9199.266554093041,0.0,0.0
13123.816233503709,0.0,0.0,31572.035975875267,2489.3144576210157,0.0,0.0
13123.816233503709,0.0,0.0,31588.29346092977,17206.19087093737,0.0,0.0
13123.816233503709,0.0,0.0,31198.11381962132,29141.736613874964,0.0,0.0
13123.816233503709,0.0,0.0,30385.2395668954,29040.584275999405,180.4463221997451,0.0
13123.816233503709,0.0,0.0,27808.42818575419,26249.022501383723,2542.1702451081733,0.0
13123.816233503709,0.0,1805.9789258818248,24906.4671035226,15826.616508187244,7212.545643219224,0.0
13123.816233503709,0.0,7470.793019132224,25182.84434944942,10076.496414778703,12026.21665013595,0.0
13123.816233503709,0.0,0.0,27434.506029500255,16167.512904309113,14509.031247243749,0.0
13123.816233503709,0.0,0.0,26597.245549192547,13520.897047440527,14844.363623314326,0.0
13123.816233503709,0.0,0.0,24329.326384087188,19606.55595930324,10518.968090105856,0.0
13123.816233503709,0.0,3141.006916843111,20167.410210130412,16779.121144410106,7700.812162112651,0.0
13123.816233503709,0.0,5703.188423671212,20118.637754966858,16779.121144410106,2260.8862722673953,0.0
13123.816233503709,0.0,6726.631868107056,22492.23057292658,21862.487992462648,0.0,0.0
13123.816233503709,0.0,3731.2650070537215,23963.532970360524,26103.64021480234,0.0,0.0
13123.816233503709,0.0,0.0,24784.535965613715,29913.658759693793,0.0,0.0
13123.816233503709,0.0,0.0,25256.003032194756,28991.847401301537,0.0,0.0
13123.816233503709,0.0,0.0,24329.326384087188,25920.82368253516,0.0,0.0
13123.81623350371,0.0,0.0,22882.410214235024,31442.44021926125,0.0,0.0
13123.816233503709,0.0,0.0,22069.535961509097,28262.417422636532,0.0,0.0
11003.134336041283,0.0,0.0,20460.044941111748,29848.487389846967,0.0,0.0
