Price
74.12
74.12
74.12
52.38000000000001
-332.68892502146576
-332.68892502146576
-332.6889250214658
-332.68892502146576
-332.68892502146576
-332.6889250214657
-332.6889250214657
-332.6889250214657
-332.6889250214657
-332.68892502146576
-332.6889250214657
52.38000000000001
52.38
52.38
-332.6889250214657
-332.6889250214657
-322.7290189711436
-324.7842376799402
-332.6889250214658
-332.6889250214658
-332.6889250214657
-332.6889250214657
52.38
52.38000000000002
74.12000000000002
74.12000000000002
74.12
74.12
74.12
74.12
74.12
74.12
52.38000000000001
52.38000000000001
-319.93497662848694
-332.68892502146565
-332.6889250214657
-332.6889250214657
-332.6889250214657
52.38
74.12000000000002
74.12
74.12
74.12000000000002
74.12000000000002
74.12000000000002
74.12
74.12
74.12
74.12000000000002
74.12
74.12000000000002
74.12000000000002
74.12
74.12
74.12
74.12
74.12
52.379999999999995
52.38
52.38000000000001
52.38000000000001
52.38000000000001
74.12000000000002
74.12
74.12000000000002
74.12
74.12
74.12000000000002
74.12
74.12
74.12
74.12000000000002
74.12000000000002
74.12
74.12
74.12000000000002
74.12
74.12
74.12000000000002
74.12
74.12000000000002
74.12
74.12000000000002
74.12
74.12000000000002
74.12000000000002
74.12000000000002
74.12000000000002
74.12
74.12
74.12000000000002
52.379999999999995
52.38
52.379999999999995
74.12000000000002
74.12
52.38000000000001
74.12000000000002
74.12000000000002
74.12000000000002
74.12000000000002
74.12
74.12000000000002
74.12
74.12000000000002
74.12
74.12
74.12
74.12
74.12
74.12
74.12
74.12
74.12
74.12000000000002
74.12
74.12000000000002
74.12
74.12000000000002
74.12000000000002
74.12
74.12
74.12
74.12000000000002
74.12
74.12000000000002
74.12
74.12
74.12
74.12
74.12000000000002
74.12
74.12
74.12
74.12
74.12
52.38000000000002
52.38000000000002
-332.68892502146576
-332.68892502146576
-332.68892502146576
-332.6889250214657
-332.6889250214658
-332.6889250214657
-332.68892502146576
-332.68892502146565
-332.6889250214658
-332.68892502146576
-332.6889250214656
-332.68892502146576
-332.6889250214658
-332.68892502146576
-332.6889250214657
-332.6889250214657
-332.6889250214659
-316.6862298560209
-316.6862298560209
-332.68892502146576
-332.6889250214657
-332.68892502146576
-332.6889250214657
-332.6889250214657
-332.6889250214657
-332.6889250214657
-332.6889250214657
-332.68892502146576
-332.6889250214657
-332.68892502146576
-332.68892502146576
-332.68892502146576
-332.6889250214657
-332.6889250214657
-332.6889250214657
-332.6889250214658
-332.68892502146576
-332.68892502146576
-332.6889250214657
-332.6889250214657
52.38000000000001
74.12
74.12
74.12000000000002
74.12
74.12000000000002
74.12000000000002
52.38
52.38
-20.193200000000008
-332.6889250214657
-332.6889250214657
-332.68892502146576
-332.68892502146576
-332.68892502146565
-332.68892502146576
-332.6889250214657
-332.68892502146576
-332.68892502146576
-332.6889250214657
52.38000000000001
52.38
52.38
52.38000000000001
52.38000000000001
74.12000000000002
74.12
74.12000000000002
74.12
74.12
74.12000000000002
52.379999999999995
-332.6889250214657
-332.6889250214658
-332.6889250214657
-332.6889250214657
-318.47083915763864
-321.38257012343615
-332.68892502146576
-332.68892502146576
-332.6889250214657
-332.6889250214659
-332.6889250214657
-332.6889250214657
-332.68892502146576
-332.68892502146565
-332.68892502146576
-332.6889250214657
-332.6889250214657
-332.68892502146576
-332.6889250214657
-332.6889250214657
-332.68892502146576
-332.6889250214657
-332.6889250214657
-332.6889250214657
-332.6889250214658
-332.6889250214657
-332.68892502146576
-332.68892502146565
52.38
52.38000000000001
52.38000000000001
52.38000000000001
52.379999999999995
52.38
52.38
52.38000000000001
52.38
52.38
52.38
52.38
52.38000000000001
52.38000000000001
52.38000000000001
52.38
74.12000000000002
74.12
74.12
74.12000000000002
74.12
74.12000000000002
52.38
52.38
74.12
74.12
52.38
52.38000000000001
52.38
52.38
52.38000000000001
74.12000000000002
74.12
74.12
74.12000000000002
74.12
74.12
74.12
74.12
74.12000000000002
74.12
74.12
74.12
74.12
74.12000000000003
52.38000000000001
52.38
52.38
52.38
-327.2486804572536
-332.6889250214657
-332.68892502146576
-332.6889250214658
52.38
74.12
52.38
52.380000000000024
52.38
52.38000000000001
52.38000000000001
74.12000000000002
74.12
74.12
74.12
74.12000000000002
74.12
74.12
52.38000000000001
52.38000000000001
52.38000000000001
-3.670799999999999
52.38
74.12000000000003
74.12000000000002
74.12
52.38000000000001
74.12
52.38000000000001
-321.3865035175277
-332.6889250214657
-332.68892502146576
-332.6889250214658
-332.6889250214657
-332.6889250214657
-332.6889250214657
-332.68892502146576
-332.68892502146576
-332.68892502146576
-332.6889250214657
-332.6889250214657
-332.6889250214657
-332.68892502146576
-332.68892502146576
-332.6889250214658
-332.6889250214657
-332.68892502146576
-332.6889250214657
-332.6889250214658
-332.68892502146576
-332.6889250214657
-332.6889250214658
52.38
-150.2140112353362
-332.6889250214659
-332.6889250214657
-332.6889250214657
-332.6889250214657
-332.6889250214657
52.379999999999995
52.38
74.12
74.12000000000002
52.38000000000002
-332.6889250214657
-332.6889250214657
-332.6889250214657
52.38
52.38
52.38000000000001
52.38000000000002
74.12
74.12
74.12000000000002
74.12
74.12000000000002
74.12
74.12
74.12
74.12
74.12
52.38
52.38
-332.68892502146565
-332.6889250214657
-332.6889250214657
-332.6889250214657
-332.68892502146576
52.38
74.12
74.12000000000002
74.12000000000002
74.12000000000002
52.38000000000001
52.38000000000001
52.38000000000001
-321.270057185497
-332.68892502146565
-332.68892502146576
-332.68892502146576
-332.6889250214658
-332.68892502146576
-332.6889250214657
-332.68892502146565
-332.6889250214657
-332.6889250214657
-332.68892502146576
-332.68892502146576
-332.6889250214657
-332.68892502146576
-332.68892502146565
-332.68892502146576
-332.68892502146565
52.38
52.38
52.38000000000001
52.38
52.38
52.38000000000001
52.38000000000001
52.38
52.38
-332.68892502146565
-332.6889250214657
-332.6889250214657
-332.68892502146576
-332.68892502146576
-332.6889250214657
-332.6889250214657
-332.68892502146565
-332.68892502146576
74.12000000000003
74.12
74.12
74.12
74.12
74.11999999999999
74.12
52.38
52.38000000000001
74.12000000000002
74.12
74.12000000000002
74.12
74.12000000000002
74.12
74.12
74.12
74.12
74.12
74.12000000000003
52.38000000000001
52.38
74.12
74.12
74.12000000000002
74.12
74.12000000000002
74.12000000000002
74.12
74.12
74.12
74.12
74.12
74.12000000000002
74.12
74.12000000000002
74.12
74.12
74.12
74.12000000000002
74.12
74.12
74.12
74.12
74.12
74.12
74.12000000000002
74.12
74.12000000000002
74.12
52.38000000000001
52.379999999999995
74.12000000000002
74.12000000000002
74.12000000000002
74.12
74.12000000000002
74.12000000000002
74.12000000000002
74.12000000000002
147.87105263157898
74.12
74.12
74.12
74.12
176.4763157894737
74.12
74.12
74.12
74.12
74.12
74.12
147.87105263157895
74.12
74.12
74.12000000000002
74.12
176.56071176879473
176.56071176879473
74.12000000000002
74.12
74.12000000000002
74.12
74.12000000000002
147.87105263157898
74.12
74.12000000000002
74.12
74.12
74.12
74.12
74.12000000000002
74.12
74.12
74.12
74.12
74.12
74.12
74.12000000000002
74.12
74.12
74.12000000000002
74.12
74.12
74.12
74.12
74.12
74.12000000000002
74.12
74.12
52.38000000000001
52.38
74.12
74.12
74.12000000000002
74.12
74.12
74.12
74.12
74.12
74.12000000000002
52.38
52.38
52.38
52.38
74.12000000000002
74.12
74.11999999999999
52.38
52.38
52.38
74.12000000000002
74.12000000000002
52.38000000000002
52.38000000000001
52.38
52.38000000000001
74.12000000000002
74.12000000000002
74.12
74.12000000000002
74.11999999999999
74.12000000000002
74.12
74.12000000000002
74.12000000000002
52.38000000000001
52.38
74.12
74.12
74.12
74.12
74.12
74.12
74.12
74.12
74.12000000000002
74.12
52.379999999999995
52.38000000000001
74.12
74.12
74.12
52.38
52.38000000000001
52.379999999999995
52.38000000000001
52.38000000000001
74.12
52.38
-332.68892502146576
-332.68892502146576
-332.6889250214657
52.38000000000001
52.38
52.38000000000001
52.38
52.38000000000001
52.38000000000001
52.38
74.12
74.12
74.12
74.12
74.12
74.12000000000002
74.12
74.12
74.12000000000002
74.12
74.12
74.12
74.12
74.12
74.12
74.12
74.12
74.12
74.12000000000002
74.12
74.12
74.12
74.12
74.12
74.12
52.38
52.38
52.38000000000001
52.38
52.38000000000002
52.38
52.38000000000001
74.12
52.38000000000001
63.23674999362939
74.12000000000002
74.12000000000002
74.12000000000002
52.38000000000001
52.38
74.12000000000002
74.11999999999999
74.12
74.12000000000003
74.12
74.12
74.12000000000002
74.12000000000002
74.12000000000002
74.12
74.12
74.12000000000002
74.12
74.11999999999999
74.12
74.12
74.12
74.12000000000002
52.38000000000001
74.12000000000002
74.12
74.12
52.38000000000001
52.38
52.38000000000002
74.12
74.12
74.12000000000002
74.12000000000002
74.12000000000002
74.12000000000002
74.12
74.12000000000002
74.12
74.12
74.12
74.12
74.12
74.12
74.12
74.12
74.12
74.12
74.12
74.12
74.12
74.12
52.38
74.12
74.12
74.12
74.11999999999999
74.12000000000002
74.11999999999999
74.12000000000002
74.12
74.12
74.12
74.12
52.38
52.38000000000001
52.38
52.38
-332.6889250214657
-332.68892502146565
-332.68892502146576
-332.6889250214657
52.38
52.38000000000001
74.12
52.38
52.38
52.38000000000001
74.12
52.38000000000002
52.38
52.38000000000001
52.38
52.38000000000001
74.12000000000002
74.12
74.12000000000002
74.12
74.12000000000002
74.12
74.12000000000002
74.12
74.12
74.12
74.12
74.12
74.12000000000002
74.12
74.12
74.12000000000002
74.12
74.12000000000002
74.12
74.12
74.12000000000002
74.12000000000002
74.12
74.12000000000002
74.12
74.12
74.12
-3.6708000000000105
52.38
52.379999999999995
74.12000000000002
74.11999999999999
74.11999999999999
52.38000000000001
52.38
52.38
52.38000000000001
74.12
74.12000000000002
52.379999999999995
52.38000000000001
74.12
74.12
74.12000000000002
52.38000000000001
52.38000000000002
52.38000000000001
52.38
52.38
74.12000000000002
52.38
52.38000000000001
52.38
52.38
74.12
74.12
74.12
74.12
74.12
74.12000000000002
74.12
74.12
74.12
52.38
-332.68892502146565
-332.6889250214657
-332.68892502146576
-332.68892502146576
-332.6889250214657
-332.6889250214657
-332.6889250214657
-332.6889250214657
-332.6889250214657
-332.6889250214658
-332.6889250214658
-332.6889250214657
-332.6889250214657
-332.6889250214657
-332.68892502146576
-332.6889250214657
-332.68892502146576
-332.6889250214657
-332.6889250214657
-332.68892502146576
-332.6889250214658
-332.68892502146576
-332.6889250214657
-332.6889250214657
-332.68892502146576
-332.6889250214657
-332.6889250214657
-332.6889250214658
-332.6889250214657
-332.68892502146576
-332.6889250214657
-332.6889250214657
-332.6889250214657
52.38000000000001
-332.6889250214657
-332.6889250214657
-332.6889250214657
-332.6889250214657
52.37999999999999
52.38000000000001
52.38000000000002
-318.5555888140666
-332.6889250214658
-332.6889250214658
-332.6889250214657
-332.6889250214657
-327.5440659645375
-332.6889250214657
-332.68892502146576
-332.68892502146576
-332.68892502146576
-332.6889250214657
-332.68892502146565
-332.68892502146576
-332.6889250214656
-332.6889250214657
52.38
52.38000000000001
52.38000000000001
-313.73748102022944
-332.6889250214657
-332.6889250214658
52.38
52.38000000000001
52.38
52.38000000000001
52.38000000000001
52.38
74.12
74.12000000000002
74.12
52.38
52.38000000000001
74.12
74.12
74.12000000000002
74.12
74.12
74.12
74.12
74.12
74.12000000000002
52.38000000000001
-332.6889250214657
-332.68892502146576
-332.6889250214657
52.38000000000001
52.38
52.38
52.38000000000001
52.38
52.38000000000001
52.38000000000001
52.38
-327.2486804572537
-332.6889250214658
-332.6889250214657
-332.68892502146576
74.12
52.38
52.38000000000001
74.12
74.12
74.12
74.12
74.12000000000002
74.12000000000002
74.12
74.12000000000002
74.12
74.12
74.12
74.12
74.12000000000002
74.12
74.12
74.12
74.12
74.12
74.12
52.38000000000001
52.38
74.12
74.12000000000002
74.12
74.12
74.12
74.12000000000002
74.12000000000002
74.12
74.12
74.12
52.38000000000001
74.12
74.12
74.12000000000002
74.12
74.12
74.12
74.12
74.12
74.12000000000002
74.12
74.12
74.12
74.12
74.12
74.12000000000002
74.12
74.12
74.12
74.12
74.12
74.12
74.12000000000002
74.11999999999999
74.12
74.12000000000002
74.12
74.12
74.12
74.12
74.12000000000002
74.12
74.12
74.12
52.38000000000001
-3.67080000000001
-3.6707999999999807
52.379999999999995
74.12
52.38000000000001
52.38000000000001
52.38
52.38
74.12
74.12
52.38
52.38000000000001
-313.7374810202294
-332.6889250214658
-332.6889250214658
52.38000000000001
74.12
52.38
52.38000000000001
74.12
74.12
74.12
74.12000000000002
74.12
74.12
52.38000000000001
74.12
74.12
74.12000000000002
74.12
74.12
74.12000000000002
74.12
74.12
74.12000000000002
74.12
52.38000000000001
-332.6889250214657
52.38
74.12
74.12000000000002
74.12000000000002
74.12
74.12
74.12000000000002
74.12000000000002
74.12000000000002
74.12
74.12
74.12
74.12
74.12
74.11999999999999
74.12
74.12
74.12000000000002
74.12
74.12
74.12
74.12
74.12
74.12
74.12000000000002
74.12000000000002
74.12
74.12000000000002
74.12
74.12
74.12
74.12
74.12
74.12000000000002
74.12
74.12
74.12
74.12
74.12000000000002
74.12000000000002
74.12
74.12
74.12
74.12
74.12
74.12
52.38
52.38
74.12000000000002
74.12
74.12000000000002
74.12
74.12
74.12000000000002
74.12
74.12
74.12
74.12
74.12
74.12000000000002
74.12000000000002
74.12000000000002
74.12000000000002
74.12
74.12
74.12
74.12
74.12000000000002
74.12
74.12000000000002
74.12000000000002
74.12
74.12
74.12
74.12
74.12
74.12
74.12
74.12
74.12
74.12
74.12
52.38
52.38000000000001
74.12
74.12
74.11999999999999
74.12
74.12
74.12
52.38000000000001
74.12
74.12000000000002
-332.6889250214658
-332.68892502146576
-332.6889250214657
-332.6889250214657
-332.68892502146576
-332.68892502146576
-332.68892502146576
-332.6889250214658
-332.68892502146576
-332.68892502146576
-332.6889250214658
-327.1141803627685
-332.6889250214657
-332.68892502146576
-332.6889250214658
-332.6889250214657
-332.6889250214658
-332.6889250214657
-332.6889250214657
-332.68892502146565
-332.6889250214657
-332.68892502146576
-332.6889250214657
-332.68892502146576
-332.68892502146565
-332.6889250214657
-332.68892502146576
-332.68892502146565
-332.68892502146565
52.38000000000001
52.379999999999995
74.12
74.12
74.12
74.12000000000002
74.12
74.12
52.38
52.38000000000001
52.38
52.38
74.12
52.38000000000001
-320.66576878284474
-332.68892502146554
-332.68892502146576
-332.6889250214657
-332.68892502146576
-332.6889250214657
-332.6889250214657
-332.68892502146576
-332.6889250214657
-332.68892502146576
-332.68892502146576
52.38
52.38000000000001
52.38
52.38000000000001
52.38
52.38
-332.6889250214657
-332.6889250214657
-332.6889250214657
-332.6889250214657
-332.6889250214657
-332.68892502146576
52.38000000000001
52.38000000000001
52.38000000000001
52.38
74.12000000000002
74.12000000000002
52.38
52.38
52.38000000000001
52.38000000000001
74.12
74.12
74.12000000000002
74.12
74.12
74.12
74.12
74.12
74.12
74.12
52.38
74.12
74.12
74.12
74.12
74.12
74.12
74.12
74.12000000000002
74.12
74.12000000000002
52.38000000000001
52.38000000000001
52.38
74.12
74.12
74.12000000000002
74.12
74.12000000000002
74.12
74.12
74.12
74.12
74.12
74.12
74.12
74.12
74.12
74.12
74.12
74.12000000000002
74.12
74.12
74.12
74.12
52.38000000000001
52.38000000000001
52.38
74.12
74.12000000000002
74.12000000000002
74.12
74.12000000000002
74.12
74.12000000000002
74.12
52.38000000000001
52.38000000000002
52.38
52.38000000000001
74.12000000000002
74.12000000000002
74.12
74.12
74.12
74.12
74.12
74.12
74.12
52.38000000000001
52.38
52.38000000000001
74.12
-324.36646850514626
-332.68892502146576
-332.68892502146576
-332.68892502146576
-332.68892502146576
-332.6889250214657
52.38000000000001
-332.68892502146576
-332.6889250214657
-332.68892502146565
-332.68892502146576
-332.6889250214657
-332.68892502146576
-332.6889250214657
-332.6889250214657
-332.68892502146576
-332.68892502146576
52.38
52.38000000000001
52.38
-332.6889250214657
-332.68892502146576
-332.6889250214657
52.38000000000001
52.38000000000001
-313.7374810202294
-332.6889250214658
-332.6889250214658
52.38
74.12
74.12
52.379999999999995
-314.6891712602294
-332.6889250214657
-332.68892502146576
52.38000000000001
-316.4650085980536
-332.6889250214657
-332.6889250214657
-332.68892502146576
-327.79913333333343
52.38000000000001
74.12
52.38000000000001
-332.68892502146576
-332.6889250214656
-332.6889250214657
-332.6889250214657
-332.6889250214657
-332.6889250214657
-332.6889250214657
-332.68892502146576
52.38
52.38000000000002
52.38
-332.68892502146565
-332.68892502146576
-332.6889250214657
-332.68892502146576
-332.6889250214657
-332.6889250214657
-332.6889250214657
-332.68892502146576
-332.6889250214657
-332.68892502146565
-332.6889250214657
-332.68892502146576
-332.68892502146576
-332.6889250214657
-332.68892502146576
-332.6889250214657
-332.68892502146565
-332.6889250214658
-332.6889250214657
-332.68892502146576
-331.51537501631407
-332.68892502146576
52.38000000000001
52.38
52.38
52.38
52.38
52.38000000000001
74.12000000000002
74.12000000000002
52.38
52.38000000000001
52.38
52.38000000000001
74.12
74.12
52.38000000000001
52.38
52.38
52.38000000000001
74.12000000000002
74.12000000000002
74.12000000000002
74.12
74.12000000000002
74.12000000000002
74.12000000000002
74.12000000000002
74.12
74.12000000000002
52.38
74.12
74.12
74.12000000000002
74.12000000000002
74.12
74.12
74.12000000000002
74.12
74.12000000000002
74.12
52.38
52.38
74.12
74.12
74.12000000000002
74.12
74.12000000000002
74.12
74.12
74.12000000000002
74.12000000000002
74.12
52.38
52.38
74.12
74.12
74.12000000000002
74.12
74.12
74.12
74.11999999999999
74.12
74.12
74.12000000000002
52.38
52.38000000000001
52.379999999999995
74.12
52.38000000000001
-3.6707999999999856
-3.6707999999999856
52.38000000000001
52.38000000000001
52.38000000000001
52.38000000000001
74.12
74.12
74.12000000000002
52.379999999999995
52.38
-320.98194789680224
-332.6889250214658
-332.6889250214657
-332.6889250214657
-332.68892502146576
-332.6889250214657
-332.6889250214657
-332.6889250214657
-332.6889250214657
-332.6889250214658
-332.6889250214657
-332.68892502146576
-332.6889250214657
52.38
-3.670799999999985
52.38
52.38000000000001
52.38000000000001
52.38
-325.17575949810725
-332.68892502146576
-332.6889250214657
-332.6889250214657
-332.6889250214657
-332.68892502146576
-332.68892502146576
-332.68892502146576
-332.6889250214657
-332.6889250214657
-332.6889250214658
-332.68892502146576
-332.6889250214657
-332.68892502146576
-332.68892502146576
-332.6889250214657
-332.68892502146576
74.12
74.12
74.12
52.38
74.12
74.12
74.12
74.12
74.12
74.12
52.38000000000001
52.38
52.38000000000001
-332.68892502146565
-332.68892502146576
-332.6889250214657
-332.6889250214657
-332.6889250214657
-332.6889250214657
-332.68892502146576
-332.6889250214657
-332.6889250214657
-332.6889250214657
-332.68892502146576
-332.6889250214657
52.38000000000001
52.38
52.38000000000001
52.38
52.38000000000001
52.37999999999998
-332.6889250214658
-332.6889250214657
-332.68892502146576
-332.68892502146576
-332.6889250214657
-332.6889250214657
-332.6889250214657
-332.6889250214657
-332.6889250214657
-332.6889250214657
-332.68892502146576
-332.68892502146576
-332.6889250214658
-332.68892502146576
-332.68892502146565
-332.6889250214657
-332.68892502146576
52.38
52.38
52.38
52.38
52.38
52.38
52.38
-332.6889250214658
-332.6889250214657
-332.68892502146576
-332.6889250214657
-332.6889250214657
-332.68892502146576
-332.6889250214657
-332.68892502146576
-332.6889250214657
-332.6889250214657
74.11999999999999
74.12000000000002
52.379999999999995
52.38
52.38
52.38
74.12
74.12
74.12
74.12
74.12000000000002
74.12
74.12
74.12
74.12
74.12000000000002
74.12000000000002
74.12
74.12000000000002
74.12000000000002
74.12
74.12
74.12
74.12
74.12
74.12000000000002
74.12000000000002
52.38000000000001
52.379999999999995
74.12
74.12
74.12
74.12
74.12000000000002
74.12
74.12
74.12000000000002
74.12000000000002
74.12000000000002
52.38
52.38000000000001
52.38
74.12000000000002
74.12000000000002
74.12
74.12000000000002
74.12
74.12000000000002
74.12000000000002
74.12
74.12
74.12000000000002
74.11999999999999
74.12
74.12000000000002
74.12
74.12
74.12
74.12000000000002
74.12000000000002
74.12000000000002
74.12000000000002
52.38
52.38000000000001
52.38
52.379999999999995
74.12
74.12
74.12
74.12000000000002
74.12
74.12000000000002
74.12
74.12000000000002
52.38
52.38
52.38000000000001
74.12000000000002
74.12000000000002
74.12000000000002
74.12
74.12000000000002
52.38
52.38000000000001
52.38000000000002
52.38
-332.6889250214658
-332.68892502146565
-332.68892502146576
-332.68892502146576
52.38000000000001
74.12
74.12
52.38000000000001
52.38
52.38000000000001
74.12000000000002
52.38000000000001
-326.52539587485376
-332.6889250214657
-332.6889250214657
-332.68892502146565
52.38000000000001
52.38
52.38000000000001
52.38
52.38
52.38000000000001
52.38
-332.6889250214657
-332.6889250214657
-332.6889250214657
-332.6889250214657
-332.68892502146576
52.38000000000001
74.12000000000002
74.12000000000002
74.12
74.12
74.12
74.12
74.12000000000002
74.12
74.12000000000002
74.12
74.12000000000002
74.12
74.12000000000002
74.12000000000002
74.12
74.12000000000002
74.12
74.12
52.38000000000001
52.38000000000001
52.38
52.38
52.38000000000001
74.12000000000002
74.12
74.12
74.12
52.38000000000001
52.38
52.38000000000001
52.38000000000001
-326.5253958748536
-332.68892502146576
-332.68892502146576
-332.6889250214658
52.38
52.38000000000001
-332.68892502146576
-332.68892502146576
-332.6889250214657
-332.68892502146576
-316.68622985602076
-316.6862298560207
-332.68892502146576
-332.6889250214657
-332.6889250214657
-332.68892502146576
52.379999999999995
52.379999999999995
52.38000000000001
52.38000000000001
52.38
52.38000000000001
52.38000000000001
74.12000000000002
52.38000000000001
52.38
74.12
74.12000000000002
74.12
52.38
-332.6889250214658
-332.6889250214657
-332.68892502146576
-332.68892502146576
-332.6889250214657
-332.6889250214657
-332.68892502146576
-332.68892502146576
-332.6889250214658
-332.68892502146576
-332.68892502146576
-332.68892502146576
-332.68892502146576
-332.68892502146576
-332.68892502146576
52.38000000000001
52.38
52.38
52.38000000000001
-332.6889250214658
-332.6889250214657
52.38000000000001
74.11999999999999
74.12
74.12
74.12
74.12
52.38
52.38
74.12
52.379999999999995
-20.193199999999997
-20.1932
52.38000000000002
52.38
-303.7029264112149
-320.5598423484449
-332.68892502146576
-332.68892502146576
-332.6889250214657
-332.6889250214657
-332.6889250214658
-332.68892502146576
-332.68892502146576
-332.68892502146576
-332.68892502146565
-327.7991333333333
74.12000000000002
74.12
74.12
74.12
74.12
74.12000000000002
74.12000000000002
74.12
74.12
52.38
74.12
74.12
74.12
74.12
74.12000000000002
74.12
74.12
74.12000000000002
52.38000000000001
52.38
52.38
-3.6708000000000105
52.38000000000001
74.12000000000002
74.11999999999999
74.12
74.12
74.12
74.12
74.12000000000002
74.12
74.12000000000002
52.38000000000001
52.38
74.12
74.12
74.12
74.12
74.12
74.12000000000002
74.12000000000002
74.12
74.12
74.12
74.12000000000002
74.12
74.12
74.12000000000002
74.12
74.12
74.12
74.12
74.12
74.12000000000002
74.12
74.12
52.38
52.38
74.12
74.12000000000002
74.12
52.38000000000001
52.38000000000001
52.38
74.12
74.12000000000002
74.11999999999999
74.11999999999999
52.38000000000001
52.38000000000001
52.38000000000002
74.12
74.12
74.12000000000002
74.12
74.12000000000002
74.12
74.12000000000002
74.12
52.38
52.38
52.38
52.38
74.12
74.12
74.12000000000002
74.12
74.12
74.12000000000002
74.12
74.12
52.38
52.38000000000001
52.38
52.38
74.12
74.12000000000002
74.12000000000002
74.12
74.12
74.12
74.12
74.12000000000002
74.12000000000002
52.38
52.38
74.12
74.12000000000002
74.12
74.12000000000002
52.38
52.38
74.12
74.12
74.12
52.38
52.38
52.38
74.12
74.12
74.12
74.12
74.12
74.12
74.12
74.12
74.12
74.12
52.38000000000001
74.12000000000002
74.12
74.12
74.12
74.12
74.12
74.12
74.12
74.12
74.12000000000002
74.12
52.38000000000001
52.38000000000001
52.38
74.12
74.12000000000002
74.12
74.12
74.12000000000002
74.12
74.12000000000002
74.12000000000002
74.12
52.38
52.379999999999995
74.12000000000002
74.12000000000002
74.12
74.12
74.12
74.12
74.12
74.12
74.12
52.38000000000001
-332.68892502146576
-332.68892502146565
-332.6889250214657
74.12
74.12
74.12
74.12000000000002
74.12000000000002
74.12000000000002
74.12
52.38000000000001
52.38
-332.68892502146565
-332.6889250214658
-332.6889250214657
74.12
74.12000000000002
74.12
74.12
74.12
74.12
74.11999999999999
74.12
52.38000000000001
52.38000000000001
52.38
52.38
-332.68892502146576
-332.68892502146576
-332.68892502146576
-332.68892502146576
-332.6889250214657
-332.6889250214657
52.38
52.38
52.38000000000001
52.38
52.38000000000001
52.38
74.12000000000002
74.12
74.12
74.12000000000002
52.38000000000001
52.38
52.38
74.12000000000002
74.12
52.38
52.38000000000001
52.38000000000001
52.38000000000001
52.38000000000001
52.38
52.38
52.38000000000001
52.38
52.38
52.38000000000001
-332.68892502146576
-332.68892502146576
-332.6889250214658
52.38000000000001
74.12000000000002
74.12000000000002
74.12
74.12
74.12
74.12
74.12000000000002
74.12000000000002
74.12
74.12000000000002
74.12000000000002
74.12
74.12
74.12
74.12
74.12000000000002
74.12
74.12000000000002
74.12
74.12
52.38000000000001
52.38
52.38000000000001
52.38
74.12000000000002
74.12
74.12
74.12
74.12
74.12000000000002
74.12000000000002
74.11999999999999
52.38000000000001
52.38000000000001
52.38
52.38000000000001
74.12
74.12
74.12000000000002
74.12
74.12000000000002
74.12
74.12
74.12
74.12
74.12000000000002
74.12000000000002
74.12
74.12
74.12
74.12
74.12
74.12
74.12
74.12
74.12000000000002
74.12000000000002
74.12000000000002
52.38
74.12000000000002
74.12000000000002
74.12
74.12000000000002
74.12000000000002
74.12
74.12
74.12
74.12000000000002
74.12000000000002
74.12
74.12
74.12
74.12
74.11999999999999
74.12
74.12
74.12
74.12
74.12
74.12000000000002
74.12000000000002
52.38000000000001
52.38000000000001
-3.670799999999999
52.38
52.38
52.38000000000001
-327.9265229402294
-332.68892502146576
-316.68622985602076
52.379999999999995
52.38000000000001
-332.6889250214657
-332.68892502146576
-332.6889250214657
-332.6889250214657
-332.68892502146576
-332.6889250214657
-332.6889250214657
-332.68892502146576
-332.6889250214657
-332.6889250214657
-326.2260164841506
-332.6889250214657
-332.68892502146576
-332.6889250214657
-332.6889250214657
-332.6889250214657
-332.6889250214659
52.38
52.38
52.38
52.38
52.38000000000001
52.38
52.38
52.38000000000001
52.38000000000001
-25.41080000000001
52.38
74.12
74.12000000000002
74.11999999999999
74.12
74.12000000000002
74.12000000000002
74.12
74.12
74.12
52.38000000000001
74.12
74.12
74.12000000000002
74.12
74.12
74.12
74.12000000000002
52.38000000000001
74.12
74.12
52.38000000000001
-332.68892502146576
-332.6889250214657
-332.6889250214658
-327.79913333333303
74.12
74.12
74.12000000000002
52.38
52.38
74.12
74.12
52.38000000000001
-21.518043908528544
-27.154015669116507
52.38000000000001
74.12
74.12
74.12
74.12000000000002
74.12000000000002
74.12
74.12000000000002
74.12
74.12000000000002
52.38
52.38000000000001
52.38
74.12
74.12
74.12000000000005
52.38000000000001
52.38
52.38000000000001
74.12000000000002
74.12
52.38
52.38000000000001
52.38
52.38
74.11999999999999
74.12000000000002
74.12000000000002
74.12
74.12000000000002
74.12
74.12
74.12
52.38000000000001
52.379999999999995
52.38000000000001
52.38
74.12
74.12000000000002
74.12
74.12000000000002
74.12
74.12000000000002
74.12
74.12
52.38
52.38000000000001
52.38000000000001
52.38
74.12
74.12
74.12
74.12
74.12
74.12
74.12
74.12
74.12
74.12
74.12
74.12000000000002
74.12
74.12000000000002
74.12000000000002
74.12000000000003
52.38
52.38
74.12
74.12
74.12
74.12
74.12
74.12
74.12
74.12000000000002
74.12000000000002
74.12
52.38
52.38
52.38000000000002
52.38000000000001
-332.6889250214659
-332.6889250214658
-332.6889250214657
52.38000000000001
74.12
74.12
74.12
74.12
52.38
52.38
52.38
52.38
-332.68892502146576
-332.6889250214658
-332.6889250214657
-332.68892502146576
52.38
74.12000000000002
74.12
74.12
52.38000000000001
52.38
74.12
74.12000000000002
52.38000000000001
52.38
52.38000000000001
52.38
74.12000000000002
74.12
74.12
74.12000000000002
52.38000000000002
52.38
52.379999999999995
52.38
52.38000000000001
-332.6889250214658
-332.6889250214657
-332.6889250214658
-332.68892502146576
52.38000000000001
52.38
52.38000000000001
52.38000000000001
52.38000000000001
52.38
52.38000000000001
-327.2486804572535
-332.6889250214657
-332.6889250214656
52.38
74.12000000000002
74.12
74.12
74.12
74.12
74.12
74.12
74.12
74.12000000000002
74.12
74.12
74.12
74.12000000000002
74.12
74.12
74.12
74.12000000000002
74.12
74.12000000000002
74.12
74.12000000000002
74.12
74.12000000000002
74.12
74.12
74.12000000000002
74.12
74.12000000000002
74.12
74.12
74.12
74.12000000000002
74.12
74.12
52.38
74.12
74.12
74.12000000000002
74.12
74.12
74.12
74.12
74.12
74.11999999999999
74.12000000000002
74.12000000000002
52.38000000000001
74.12
74.12000000000002
74.12
74.12
74.12000000000002
74.12
74.12
74.12
74.12
74.12
52.38
52.38
74.12
74.12
74.12
74.12000000000002
74.12000000000002
74.12
74.12
74.12
74.12
52.38000000000001
-332.6889250214657
-332.68892502146576
-332.68892502146576
52.38000000000001
52.38
74.12000000000002
74.12
74.12
74.12000000000002
52.38000000000002
52.379999999999995
52.38
52.38
52.38
52.38
52.38000000000001
74.12
74.12000000000002
74.12000000000002
74.11999999999999
74.12
74.12
74.12
74.12000000000002
52.38000000000001
52.379999999999995
52.38000000000001
74.12000000000002
74.12
52.38
52.38000000000001
52.38000000000001
52.38
52.38000000000001
74.12
52.38000000000001
-332.68892502146576
-332.68892502146576
52.38000000000002
52.38
74.12000000000002
52.38000000000002
52.38000000000002
52.38
52.38
74.12000000000003
74.12
52.379999999999995
-332.68892502146576
-332.68892502146565
52.38
74.12000000000002
74.12
52.38
-20.193199999999994
52.379999999999995
52.38
52.38000000000001
52.38000000000001
52.38000000000001
-332.6889250214657
-332.68892502146565
-3.6707999999999936
52.38
74.12000000000002
74.11999999999999
52.38000000000001
52.38000000000001
52.38
52.379999999999995
52.38
-332.6889250214657
-332.68892502146576
-332.6889250214657
-332.6889250214657
-332.6889250214657
-332.68892502146576
-332.6889250214657
-332.6889250214657
-332.6889250214657
52.38000000000001
52.38
52.38000000000002
-332.6889250214657
-332.6889250214657
-332.6889250214657
-332.68892502146576
52.38000000000001
74.12000000000002
74.12000000000002
74.12
74.12
74.12
74.12000000000002
74.12000000000002
52.38000000000001
52.38
-3.670799999999999
52.379999999999995
74.12
74.12
74.12
74.12000000000002
52.38000000000001
52.38
74.11999999999999
74.12
74.12
52.38
52.38000000000001
74.12
74.12
74.12
74.12
74.12000000000002
74.12
74.12000000000002
74.12
74.12000000000002
74.12
52.38000000000001
52.379999999999995
74.12000000000002
74.12
74.12
74.12000000000002
74.12
74.12
74.12
74.12000000000002
74.12
52.38000000000001
-253.724575016314
-332.68892502146565
52.38
74.12
74.12
74.12
74.12000000000002
74.12000000000002
74.12
74.12
74.12000000000002
52.379999999999995
52.38
52.38
52.38
74.12
74.12
74.12
74.12
74.11999999999999
74.12000000000002
74.12
74.12
52.38
52.38
52.38000000000001
52.379999999999995
74.12
74.12000000000002
74.12
74.12
74.12
74.11999999999999
52.38000000000002
52.38000000000001
-332.6889250214657
-332.68892502146576
-332.6889250214657
-332.6889250214657
52.38
-332.68892502146576
-332.68892502146576
-332.6889250214657
-332.6889250214659
52.38
52.38000000000001
52.38
-332.6889250214657
-332.68892502146576
-332.6889250214657
52.38000000000001
74.12000000000002
74.12000000000002
74.12
52.38000000000001
52.379999999999995
52.38000000000001
52.38
-295.0138796502765
-332.68892502146576
-332.68892502146576
-332.68892502146576
52.38000000000001
52.38000000000001
74.12
74.12000000000002
74.12000000000002
74.12
74.12
74.12
74.12
52.38
52.38
52.38
52.38000000000002
74.12
74.12
74.12000000000002
74.12
74.12000000000002
74.12
74.12
74.12
52.38000000000001
-332.68892502146576
-332.68892502146576
52.38000000000001
74.12
74.12
74.12
52.38000000000001
52.38000000000001
52.38
52.38
74.12
52.38000000000001
52.38000000000001
52.38000000000002
52.38000000000002
74.12000000000002
74.12000000000002
74.12
74.12000000000002
74.12000000000002
74.12000000000002
74.12
74.12
74.12
52.38
52.38
52.38
74.12
74.12
74.12
74.12000000000002
74.12
74.12
74.12000000000002
74.12000000000002
52.38
-3.670800000000014
52.38
52.38000000000001
74.12
74.12
74.12000000000002
74.12
74.12
74.12
74.12
74.12000000000002
52.38
52.38000000000001
52.38000000000002
52.38000000000002
74.12
74.12000000000002
74.12
74.12
74.12
74.12000000000002
74.12000000000002
74.12
74.12
74.12000000000002
52.38
74.12
74.12000000000002
74.12
74.12
74.12
74.12000000000002
74.12
74.12000000000002
74.12000000000002
74.12
74.12
52.38000000000001
74.12
74.12000000000002
74.12
52.38
52.38
52.38
52.38000000000001
74.12000000000002
74.12
52.38
52.38000000000001
52.38
52.38000000000001
74.12
74.12
74.12000000000002
52.38
52.38
52.38
74.12
74.12
74.12
52.38
52.38000000000001
52.379999999999995
74.12
74.12
74.12
74.12
74.12000000000002
74.12
74.12
74.12
74.12
74.12
74.12
74.12
74.12
74.12
74.12000000000002
74.12
74.12
74.12000000000002
74.12
74.12
74.12
52.38000000000001
52.38000000000002
52.38
74.12
74.12000000000002
74.12000000000002
74.12
74.12
74.12
74.12
74.12
52.38000000000002
52.38000000000001
52.38000000000001
52.379999999999995
74.11999999999999
74.12000000000002
74.12
74.12000000000002
74.12000000000002
74.11999999999999
74.12
74.12
74.12
74.12
74.12000000000002
74.12000000000002
74.12
74.12
74.12
74.12
74.12000000000002
74.12
74.12000000000002
74.12
74.12
74.12
74.12
74.12
74.12000000000002
74.12
74.12000000000002
74.12000000000002
74.12000000000002
74.12000000000002
74.12
74.12000000000002
74.12
74.11999999999999
74.12000000000002
74.12000000000002
74.12000000000002
74.12
74.12
74.12000000000002
74.12000000000002
74.12
74.12000000000002
74.12
52.38000000000001
52.38000000000001
52.38
52.38000000000001
74.12
74.12000000000002
74.12
74.11999999999999
74.12
74.12
74.12
74.12000000000002
52.38
-314.6891712602293
-332.68892502146576
-332.6889250214658
52.38
52.38000000000001
52.38000000000004
52.379999999999995
52.38000000000001
52.38000000000001
52.38000000000001
52.38000000000001
52.38
-313.7374810202294
-332.68892502146576
-332.6889250214657
52.38000000000001
74.12
52.38000000000002
52.38000000000001
52.38
74.12000000000002
74.12
74.12000000000002
52.38000000000001
52.38000000000001
52.38
52.38
74.12
74.12
74.12000000000002
74.12000000000002
74.12000000000002
74.12
74.12
74.12
52.38000000000001
52.38000000000001
52.38
74.12
74.12000000000002
74.12000000000002
74.12000000000002
74.12
74.12000000000002
74.12
74.12000000000002
74.12
74.12
74.12
74.12
52.38000000000001
74.12000000000002
74.12000000000002
52.38
52.38000000000001
52.38
74.12000000000002
74.12
74.12
52.38
52.38000000000001
52.38
52.38
74.12
74.12000000000002
74.12
74.12000000000002
74.12
74.12
74.12
74.12000000000002
74.12
74.12000000000002
52.38
74.12
74.12
74.12000000000002
74.12
74.12
74.12
74.12
74.12
74.12000000000002
52.38000000000001
52.38000000000001
52.38
52.38000000000001
74.12000000000002
74.12
52.38000000000001
52.38000000000001
52.38
52.38
52.379999999999995
-332.6889250214657
-332.68892502146576
-332.6889250214657
-332.68892502146576
-332.6889250214657
52.38
52.38000000000001
74.12
74.12000000000003
74.12
74.11999999999999
74.12000000000002
74.12
52.38
-332.68892502146565
-332.6889250214657
52.38
74.12
74.12
74.12
74.12
74.12
74.12000000000002
74.12
74.12000000000002
74.12000000000002
74.12
52.38
52.379999999999995
74.12
74.12000000000002
74.12
74.12
74.12000000000002
74.12000000000002
74.12
74.12
74.12000000000002
52.38000000000001
52.38000000000002
74.12
74.12
74.12
74.12000000000005
74.12
74.12
74.12
74.12000000000002
74.12
74.12000000000002
52.38
52.38
74.12
74.12
74.11999999999999
74.12
74.12
74.12000000000002
52.38
74.12
74.12
74.12000000000002
74.11999999999999
74.12
74.11999999999999
74.12
74.12000000000002
74.12
74.12
74.12
74.12
74.12
74.12
74.12000000000002
74.12
74.12000000000002
74.12
74.12000000000002
74.12000000000002
74.12
74.12
74.12
52.38
52.38
52.38000000000001
52.38000000000001
52.38
-3.6707999999999807
-3.6707999999999985
52.38
74.12
74.12
74.12
52.38000000000001
52.38
52.38000000000001
52.38000000000001
-332.6889250214657
-332.6889250214657
-332.6889250214657
-332.6889250214657
52.38
74.12
74.12
74.12
74.12
52.38
74.11999999999999
74.12
52.38000000000001
-3.6708000000000136
52.38
52.38
74.12
74.12000000000002
74.12
74.12
74.12
74.12000000000002
74.12
74.12000000000002
74.12
52.38000000000001
52.38000000000001
52.38000000000001
74.12
74.12000000000002
74.12
74.12
74.12000000000002
74.12
74.12
74.12000000000002
74.11999999999999
74.11999999999999
74.12
74.12000000000002
74.12
74.12
74.12
74.12000000000002
74.12
74.12
74.12000000000002
74.12000000000002
74.12
74.12000000000002
74.12000000000002
74.12
74.12
74.12
74.12
74.12
74.12
74.12
74.12
74.12000000000002
74.12000000000002
74.12
74.12
74.12
74.12000000000002
74.12
74.12
74.12000000000002
52.38
52.379999999999995
52.38
74.12000000000002
52.38
-253.724575016314
-332.6889250214658
52.379999999999995
74.12
74.12
74.12
74.12
52.38000000000001
52.38000000000002
74.11999999999999
74.12000000000003
52.38
52.38
-253.72457501631393
52.38
74.12
74.11999999999999
74.12
74.12
74.12
74.12
74.12000000000002
74.12
74.12
74.12000000000002
74.12
74.12
74.12000000000002
74.12000000000002
74.12
74.12
74.12000000000002
74.12
74.12
74.12000000000002
74.12000000000002
74.12
74.11999999999999
74.12
74.12000000000002
74.12
74.12
74.12000000000002
74.12000000000003
52.38000000000001
74.12000000000003
74.12000000000002
52.379999999999995
52.38000000000001
52.38
74.11999999999999
74.12
74.12
74.12000000000002
74.12
74.12
74.12
74.12
74.12000000000002
74.12
74.12
52.38000000000001
74.11999999999999
74.12
74.12
52.38000000000001
52.38000000000001
-3.6707999999999985
52.38000000000001
52.38000000000001
74.12
-316.98016888511523
-332.68892502146565
-332.68892502146576
-332.68892502146576
74.12000000000002
74.12000000000002
74.12
74.12
74.12
74.12
74.12
74.12
52.38
52.38
-3.670799999999998
52.38
74.12000000000002
74.12000000000002
74.12
74.12
74.12
74.12
74.12000000000002
74.12
74.11999999999999
52.379999999999995
52.38
52.38000000000001
74.12
74.12
74.12
74.12
74.12
74.12
74.12
74.12000000000002
74.12
74.12000000000002
74.12
74.12
74.12000000000002
74.12000000000002
74.12
74.12
74.12000000000002
74.12
74.12000000000002
74.12
74.12000000000002
74.12
74.12000000000002
74.12
74.12
74.12
74.12
74.12000000000002
74.12
74.12
74.12000000000002
74.12000000000002
74.12000000000002
74.12000000000002
74.12000000000002
74.12000000000002
74.12000000000002
74.12
74.12
74.12000000000002
74.12
74.12000000000002
74.12
74.12
74.12
74.12
74.12
74.12
74.12000000000002
74.12
74.12000000000002
74.12
74.12
52.38
74.12000000000002
74.12
74.12
52.38000000000001
-332.68892502146576
-332.6889250214657
74.12000000000002
74.12
74.12
52.38000000000002
52.379999999999995
52.38
52.38000000000001
52.38
52.38000000000001
52.38
52.38000000000001
52.38
74.12
74.12000000000002
74.12000000000002
74.12
74.12
74.12
74.12000000000002
74.12
74.12
52.38
52.38000000000002
52.38000000000001
74.11999999999999
74.12
74.12000000000002
74.12
52.38
52.38
74.12000000000002
74.12
74.12
74.12
74.12000000000002
74.12
74.12
74.12
74.11999999999999
52.38
52.38
52.38
74.11999999999999
74.12
-320.66576878284485
-332.68892502146565
-332.68892502146565
-332.68892502146565
-332.68892502146576
-332.6889250214657
-332.68892502146565
-332.68892502146576
-332.68892502146576
-332.6889250214657
-332.6889250214657
52.38
-327.2486804572536
-332.68892502146576
-332.6889250214659
-332.6889250214657
74.12000000000002
74.12000000000002
74.12
74.12000000000002
74.12
74.12
74.12
74.12
74.12
74.12
74.12000000000002
74.12
74.12000000000002
74.12000000000002
74.12
74.12
74.12000000000002
74.12
74.12
74.12
74.12
52.38000000000001
52.38
52.38
74.12
74.12
74.12
74.12000000000002
74.12
74.12
74.12
74.12
74.12
52.38
52.38000000000001
52.38
74.12
74.12
74.12
74.12
74.12
74.12
74.12
74.12000000000002
74.12
74.12
74.12
74.12000000000002
74.12
74.12
74.12
74.12
74.12
74.12
74.12
74.12
74.12
74.12000000000002
74.12
74.12
74.12000000000002
74.12
74.12
52.38000000000001
52.38000000000001
-3.670799999999998
52.38
74.12
74.12
74.12000000000002
74.12
74.12
74.12
74.12
74.12000000000002
74.12
74.12
74.12
74.12
74.12000000000002
74.12
52.38
52.38000000000001
74.12000000000002
74.12000000000002
74.12
52.38
52.38000000000001
52.38000000000001
74.12
74.12
74.12000000000002
74.12
52.38000000000001
52.379999999999995
74.12
74.12
74.12
74.12
74.12
74.12
74.12
74.12
74.12000000000002
74.12
74.12000000000002
74.12
74.12
74.12
74.12000000000002
74.12
74.12
74.12
74.12000000000002
74.12
74.12
74.12000000000002
74.12000000000002
52.379999999999995
74.12
74.12
74.12
74.12
52.38000000000001
52.38
-318.8531453958732
-332.68892502146576
-332.68892502146576
-332.6889250214657
-332.6889250214657
-332.68892502146576
-332.6889250214657
52.379999999999995
74.11999999999999
74.12
52.38000000000001
52.38000000000001
52.38000000000001
52.38000000000001
52.38
52.38
-253.724575016314
-332.68892502146576
52.38000000000001
74.12
74.12
74.12000000000002
52.38000000000002
52.37999999999999
-332.6889250214657
-332.6889250214657
-332.68892502146565
-332.68892502146576
-332.68892502146576
-332.6889250214657
-332.68892502146576
-332.68892502146576
-332.6889250214657
-332.68892502146576
-332.68892502146576
-332.6889250214658
-332.68892502146576
-332.6889250214657
-332.6889250214657
-332.6889250214657
-332.6889250214657
-332.68892502146576
-332.68892502146576
-332.6889250214657
-332.68892502146576
-332.6889250214657
-332.6889250214657
-332.68892502146576
-332.68892502146576
52.38
52.38
52.38000000000001
-332.6889250214657
-332.68892502146576
-332.68892502146576
-332.6889250214657
-332.68892502146576
-332.6889250214657
-332.68892502146576
-332.68892502146565
-332.6889250214657
-332.6889250214657
52.38
52.38
52.38000000000001
-20.193199999999994
52.38000000000002
52.38
52.379999999999995
52.38000000000001
-332.6889250214657
-332.6889250214657
-332.6889250214657
-332.68892502146576
-332.68892502146565
-332.68892502146576
-332.68892502146576
-332.6889250214657
-332.6889250214657
52.38
52.38
52.38000000000001
52.38
-20.1932
-25.4108
52.38
52.38000000000002
52.38
52.38
52.38
52.38000000000001
74.12
74.12
74.12
74.11999999999999
74.12000000000002
74.12
74.12
74.12
74.12
52.379999999999995
52.38000000000001
52.38
74.12
74.12000000000002
52.38
52.38
52.38
52.38
74.12000000000003
74.12
74.12000000000002
52.38
52.38
74.12
74.12000000000002
52.38
52.38000000000001
52.38
52.38000000000001
52.38000000000001
52.38
74.12000000000002
52.38000000000001
-332.68892502146576
-332.6889250214657
-332.68892502146576
-310.06264395459385
-328.13792177770165
-332.68892502146565
-332.68892502146576
-332.6889250214657
52.38
52.38
74.12
52.38
-332.68892502146576
-332.6889250214657
52.38
52.38
52.38000000000001
52.38000000000002
52.38000000000001
52.38
52.38
74.12
74.12
52.38000000000001
-332.6889250214657
-332.6889250214657
52.38
52.38
52.38000000000002
52.38000000000001
52.38000000000001
52.38
52.38
52.379999999999995
52.38
-327.2486804572537
-332.68892502146576
-332.6889250214657
-332.68892502146576
52.38000000000001
52.38000000000001
52.38
52.38000000000001
52.38
52.38000000000001
74.12
74.12000000000002
52.38000000000001
-253.7245750163141
-332.6889250214657
52.38
74.12
52.38
52.38
52.38
74.12
74.12000000000002
74.12
74.12000000000002
74.12000000000002
52.379999999999995
52.38
74.12
74.12
74.12
52.38
52.38
52.38
52.38
52.38000000000001
74.12
74.12
52.38000000000001
74.12
74.12
74.11999999999999
74.12
74.12000000000003
74.12000000000002
74.12
74.12
74.12
74.12
74.12
74.12
74.12
74.12000000000002
74.12
74.12000000000002
74.12
74.12
74.12
74.12
74.12
74.12
74.12
52.379999999999995
52.38
74.12000000000002
52.38
52.38
-332.6889250214657
-332.6889250214657
-332.6889250214657
-332.68892502146576
-332.68892502146576
-324.8345469532903
-332.68892502146576
-332.6889250214658
-332.6889250214657
-332.68892502146576
52.38000000000001
52.38
74.12
74.12
74.12
74.12
74.12
74.12000000000002
74.12
74.12
74.12000000000002
74.12000000000002
74.12000000000002
74.12000000000002
74.12
74.12000000000002
74.12000000000002
52.38000000000001
52.38000000000002
-319.93497662848705
-332.68892502146565
-332.68892502146576
-332.68892502146576
-332.68892502146576
-332.6889250214657
-332.68892502146576
-332.68892502146576
-332.6889250214657
52.38
74.12
74.12
74.11999999999999
74.12
74.12000000000002
74.12
74.12
74.12
74.12
74.12
74.12000000000002
74.12
74.12
74.12
74.11999999999999
74.11999999999999
74.12
74.12
74.12
74.12
74.12000000000002
74.12
74.12
74.12
74.12
74.12000000000002
74.12
74.12
74.12000000000002
74.12
74.12
74.11999999999999
74.12
74.12
74.12000000000002
52.38000000000001
52.38
74.12000000000003
74.12
74.12
52.38000000000001
-332.68892502146576
-332.6889250214658
52.38
52.38000000000001
74.12000000000002
74.12
74.12000000000002
74.12
74.12000000000002
74.12
74.12
74.12
74.12
74.12
74.12
52.38
52.38
-332.6889250214657
-332.6889250214657
-332.68892502146576
-332.68892502146576
-332.68892502146576
52.38000000000001
52.38
52.38000000000001
74.12
74.12
74.12
74.12000000000002
74.12
74.12
74.12
74.12
74.12000000000002
74.12
74.12
52.38000000000001
52.38
52.38000000000001
52.38000000000001
52.38000000000002
52.38
52.38000000000001
-321.39597235112717
-332.6889250214657
-332.6889250214657
-332.68892502146576
-332.68892502146576
-332.68892502146565
-332.68892502146576
-332.6889250214657
-332.6889250214657
-332.6889250214657
-332.68892502146576
-332.68892502146576
-332.6889250214657
-332.6889250214657
-332.6889250214657
-332.68892502146576
-332.68892502146576
-332.68892502146576
-332.6889250214657
-332.6889250214657
-332.6889250214657
-332.6889250214657
-332.6889250214657
-332.6889250214657
-332.68892502146576
52.38000000000001
74.12
74.12
74.12
52.38000000000001
74.12
74.12
74.12
74.12
74.12
74.11999999999999
74.12
74.12
74.12
74.12000000000002
74.12
52.38
74.12
74.12000000000002
52.38
52.38
52.38
52.38000000000001
52.38000000000001
74.12
74.12
74.12
74.11999999999999
74.12000000000002
74.12
74.12000000000002
74.12
74.12
52.38000000000001
52.38
52.38
-20.193200000000004
52.38000000000001
52.38000000000001
-332.6889250214657
-332.68892502146576
-332.68892502146576
-332.6889250214657
-332.6889250214657
-332.6889250214657
-332.6889250214657
-332.6889250214657
-332.68892502146576
-332.68892502146576
-332.68892502146576
-332.68892502146576
-332.68892502146576
-332.6889250214657
-332.6889250214657
-332.68892502146576
-332.68892502146565
52.38000000000001
52.38
52.38000000000001
52.38
74.12000000000002
74.12
74.12
74.12
74.12000000000002
74.12000000000002
74.12000000000002
74.12
74.12000000000003
74.12
74.12
74.12
74.12000000000002
74.12000000000002
74.12
74.12
74.12
74.12
74.12
74.12
74.12000000000002
74.12
74.12
74.12000000000002
74.12000000000002
74.12000000000002
74.12
74.12
74.12000000000002
74.12
74.12
74.12
74.12
74.12000000000002
74.12
74.12000000000002
74.12
74.12000000000002
74.12
74.12
74.12
74.12000000000002
74.12
74.12
74.12
74.12000000000002
74.12
74.12
74.12
74.12
74.12000000000002
74.12
74.12000000000002
74.12
74.12
74.12000000000002
74.12
74.12
52.38
52.38
-332.6889250214656
-332.6889250214657
-332.6889250214657
-332.68892502146565
-332.68892502146576
-332.6889250214657
-332.6889250214657
-332.6889250214657
-332.6889250214657
-332.68892502146576
-332.68892502146565
-332.6889250214657
-332.6889250214657
-332.6889250214657
-331.58297149661064
-253.72457501631402
-331.515375016314
52.38
74.12
74.12
74.12
74.12
74.12
74.12
74.12000000000002
74.12000000000002
74.12
74.12
74.12
74.12
74.12
74.12
74.12
74.12
52.38
52.38000000000001
52.38
74.12000000000002
52.38000000000001
52.38
-327.9265229402294
-332.6889250214657
-319.30849155362915
-323.58691853393736
-332.6889250214657
-327.445630902527
-332.68892502146576
-332.6889250214657
52.379999999999995
52.38000000000001
52.38
52.38
52.38
-3.6707999999999985
52.38
52.38000000000001
-319.9349766284872
-332.68892502146576
-332.6889250214657
-332.6889250214657
-332.68892502146576
-332.68892502146576
-332.68892502146565
-332.68892502146576
-332.6889250214657
52.38
52.38000000000001
74.12
74.12
74.12
74.12000000000002
74.12
74.12000000000002
74.12
74.12
74.12
74.12000000000002
74.12000000000002
74.12000000000002
74.12000000000002
52.38
52.379999999999995
52.38
52.38000000000001
52.38000000000001
52.38
74.12000000000002
74.12000000000002
74.12
74.12000000000002
74.12
74.12
74.12
74.12000000000002
74.12
74.12000000000002
74.12
74.12
52.38
52.38
52.38
52.38
52.38000000000001
-3.670799999999988
-3.670799999999985
52.38
52.38
52.38
74.12
74.12
74.12000000000002
74.12
74.12
74.12000000000002
74.12
74.12000000000002
74.12
74.12
74.12000000000002
74.12000000000002
52.38000000000001
52.38
74.12000000000002
74.12000000000002
74.12000000000002
74.12
74.12
74.12
74.12000000000002
74.12
74.12
74.12
74.12
74.12
74.12
74.12000000000002
74.12
74.12
74.12
74.12
52.38
52.38
-332.68892502146576
-332.6889250214657
-332.6889250214657
-332.68892502146576
-332.6889250214657
-332.68892502146576
-332.6889250214657
-332.68892502146565
-332.68892502146565
74.12000000000002
74.12
74.12000000000002
74.12
74.12
74.12000000000002
74.12000000000003
8679.85735348738
6536.689588650419
74.12
35607.23063953073
35607.230639530724
74.12
74.12
74.12000000000002
74.12
74.12000000000002
74.12000000000002
74.12000000000002
74.12000000000002
74.12000000000002
74.12000000000002
74.12
74.12
74.12
74.12000000000002
74.12
74.12
74.12000000000002
74.12
52.38
52.38000000000001
-332.68892502146565
-332.6889250214658
-332.6889250214657
-332.68892502146576
-332.68892502146576
-332.6889250214657
-332.68892502146576
52.38
52.38
74.12
74.12000000000002
74.12
74.12
74.12
74.12000000000002
74.12000000000002
74.12
74.12000000000002
74.12
74.12
52.38
52.38
74.12000000000002
74.12000000000002
74.12
74.12
74.12
74.12000000000002
74.12
74.12
74.12000000000002
74.12
74.12
74.12
74.12
74.12000000000002
74.12000000000002
74.12000000000002
74.12
74.12000000000002
74.12000000000002
74.12000000000002
74.12
74.12
74.12000000000002
74.12
176.4763157894737
176.4763157894737
74.12000000000002
74.12
74.12000000000002
74.12
74.12
74.12000000000002
74.12
52.38000000000001
52.38000000000001
52.38000000000001
52.38000000000001
52.38
52.38000000000001
52.38000000000002
52.38
74.12
74.12
74.12
74.12
74.12000000000002
74.12
74.12000000000002
74.12
74.12
74.12
74.12
74.12
74.12
74.12
74.12
74.12000000000002
74.12
52.38000000000001
-332.68892502146576
-332.6889250214657
-332.6889250214657
-332.68892502146576
-332.6889250214657
-332.68892502146576
-332.6889250214658
52.38000000000001
52.38
52.38000000000001
52.38
52.38
52.38
74.12
74.12
52.38000000000001
52.38000000000002
74.12
74.12
74.12000000000002
74.12
74.12
74.12
74.12000000000002
74.12000000000002
74.12
74.12
74.12
74.12000000000002
74.12
74.12
74.12
74.12
74.12
74.12
74.12
74.12
74.12
74.12
74.12
74.12
74.12
74.12
74.12
74.12
74.12
74.12000000000002
74.12
74.12
74.12000000000003
74.12000000000002
74.12
74.12
74.12000000000002
74.12000000000002
74.12
74.12
74.12000000000002
52.38
52.38
52.379999999999995
74.12000000000003
52.38
-313.7374810202294
-332.6889250214657
-332.6889250214657
52.38
74.12000000000003
52.38000000000001
52.38
52.379999999999995
52.38000000000001
74.12000000000002
74.12
74.12000000000002
74.12
74.12
74.12000000000002
74.12000000000002
52.38000000000001
-332.6889250214658
-332.68892502146576
-332.6889250214657
-332.6889250214656
-332.6889250214657
-332.6889250214657
-332.68892502146565
-332.68892502146576
-332.68892502146576
-332.6889250214657
-332.68892502146565
-332.6889250214657
-332.68892502146576
-332.68892502146576
-332.6889250214658
-332.68892502146576
-332.6889250214657
-332.6889250214657
-332.68892502146565
-332.68892502146576
-332.68892502146576
-332.6889250214657
-332.6889250214657
-332.68892502146576
-332.68892502146576
-332.6889250214657
-332.6889250214657
-332.68892502146565
-332.6889250214657
-332.6889250214657
-332.68892502146576
-332.6889250214658
-332.6889250214657
-332.68892502146576
-332.6889250214658
-332.68892502146576
-332.6889250214657
-332.68892502146576
-332.6889250214657
-332.68892502146576
52.38000000000001
74.12
74.12
74.12
74.12000000000002
74.12
74.12
74.12
74.12000000000002
74.12
52.38
52.38
52.38
74.12
74.12000000000002
74.12000000000002
74.12
74.12
74.12
74.12
74.12
74.12
52.38
74.12
74.12000000000002
74.12
74.12
74.12000000000002
74.12
74.12
74.12
74.12000000000002
74.11999999999999
74.11999999999999
74.12
74.12
74.12
74.12
74.12
74.12000000000002
74.12
74.12000000000002
74.12000000000002
74.12
74.12
74.12
74.12000000000002
74.12
74.12000000000002
52.38000000000001
52.38000000000001
52.38000000000001
-332.6889250214657
-332.6889250214659
-332.6889250214657
-332.68892502146565
-332.6889250214657
-332.6889250214657
-332.6889250214657
-332.6889250214657
-332.6889250214657
-332.6889250214657
-332.68892502146565
-332.6889250214657
-332.6889250214657
-332.6889250214657
-332.68892502146576
-332.6889250214657
-332.68892502146565
-332.68892502146576
-332.68892502146576
-332.6889250214657
-332.6889250214657
-332.68892502146576
-332.68892502146576
-332.6889250214657
-332.6889250214657
52.38000000000001
52.38000000000002
74.12
74.12
74.12
74.11999999999999
74.12000000000002
52.38
52.38000000000001
52.38
52.38
52.38000000000002
74.12
74.12
74.12
74.12
74.12000000000002
74.12
74.12
52.38
52.38000000000001
74.12
74.12000000000003
74.12000000000002
52.38000000000001
52.38
52.38
52.38000000000002
52.38
-332.68892502146565
-332.68892502146576
-332.6889250214658
-332.6889250214657
-332.6889250214657
-332.68892502146576
-332.6889250214657
-332.6889250214657
-332.6889250214657
-332.6889250214658
-332.6889250214657
-332.6889250214657
-332.68892502146565
-332.6889250214657
-332.6889250214657
-332.68892502146576
-332.68892502146565
-332.6889250214657
-332.6889250214657
-332.68892502146576
-332.6889250214657
-332.6889250214657
-332.6889250214657
-332.6889250214657
-332.6889250214657
-332.68892502146576
-332.6889250214657
-332.6889250214657
-332.6889250214657
-332.68892502146576
-332.68892502146576
-332.68892502146576
-332.68892502146576
-332.6889250214657
-332.6889250214657
-332.6889250214657
-332.68892502146576
-332.68892502146576
52.38000000000002
52.38000000000001
-320.5598423484447
-332.6889250214657
-332.6889250214657
-332.6889250214657
-332.6889250214657
-332.68892502146576
-332.6889250214657
-332.6889250214658
-332.68892502146565
-332.6889250214657
-332.6889250214657
52.38000000000001
74.12
74.12
74.12
74.12000000000002
74.12000000000002
74.12
74.12
74.12
74.12
74.12
74.12
74.12000000000002
74.12
74.12
74.12
74.12000000000002
74.12
74.12
74.12000000000002
74.12
74.12
74.12
74.12000000000002
74.12
74.12
74.12000000000002
74.12
74.12
74.12000000000002
74.12
74.12
74.12
