PumpedStor,BatteryStor
0.0,0.0
0.0,0.0
0.0,0.0
0.0,0.0
2453.2799999999997,0.0
588.7872000000003,0.0
2005.8017280000001,0.0
928.87068672,0.0
1747.3382780928002,0.0
1125.302908649472,0.0
1598.0497894264013,0.0
1238.7621600359353,0.0
1511.8207583726894,0.0
2816.1169820094456,0.0
3129.1480756822675,0.0
0.0,0.0
0.0,0.0
0.0,0.0
2453.2799999999997,0.0
2639.6387636213867,0.0
447.1545396477462,0.0
2113.4425498677133,0.0
847.0636621005383,0.0
1809.5116168035909,0.0
2887.562788032861,0.0
3146.295069127887,0.0
3146.295069127887,0.0
3146.295069127887,0.0
3146.295069127887,0.0
3146.295069127887,0.0
3146.295069127887,0.0
3146.295069127887,0.0
3146.295069127887,0.0
3146.295069127887,0.0
0.0,0.0
0.0,0.0
0.0,0.0
0.0,0.0
2453.28,0.0
588.7872,0.0
2005.8017280000004,0.0
2934.6724147200002,0.0
3157.601379532801,0.0
3157.601379532801,0.0
3157.601379532801,0.0
3157.601379532801,0.0
3157.601379532801,0.0
3157.601379532801,0.0
3157.601379532801,0.0
3157.601379532801,0.0
3157.601379532801,0.0
3157.601379532801,0.0
3157.601379532801,0.0
3157.601379532801,0.0
3157.601379532801,0.0
3157.601379532801,0.0
3157.601379532801,0.0
3157.601379532801,0.0
3157.601379532801,0.0
3157.601379532801,0.0
3157.601379532801,0.0
3157.601379532801,0.0
3157.601379532801,0.0
3157.601379532801,0.0
3157.601379532801,0.0
3157.601379532801,0.0
3157.601379532801,0.0
3157.601379532801,0.0
3157.601379532801,0.0
3157.601379532801,0.0
3157.601379532801,0.0
3157.601379532801,0.0
3157.601379532801,0.0
3157.601379532801,0.0
3157.601379532801,0.0
3157.601379532801,0.0
3157.601379532801,0.0
3157.601379532801,0.0
3157.601379532801,0.0
3157.601379532801,0.0
2752.4066384169378,0.0
2752.4066384169378,0.0
2752.4066384169378,0.0
2752.4066384169378,0.0
2752.4066384169378,0.0
2752.4066384169378,0.0
2752.4066384169378,0.0
2752.4066384169378,0.0
2752.4066384169378,0.0
2752.4066384169378,0.0
2752.4066384169378,0.0
2752.4066384169378,0.0
2752.4066384169378,0.0
2752.4066384169378,0.0
2752.4066384169378,0.0
2752.4066384169378,0.0
2752.4066384169378,0.0
2752.4066384169378,0.0
2752.4066384169378,0.0
2752.4066384169378,0.0
2752.4066384169378,0.0
2752.4066384169378,0.0
2752.4066384169378,0.0
2752.4066384169378,0.0
2752.4066384169378,0.0
2752.4066384169378,0.0
2752.4066384169378,0.0
2752.4066384169378,0.0
2752.4066384169378,0.0
2752.4066384169378,0.0
2752.4066384169378,0.0
2752.4066384169378,0.0
2752.4066384169378,0.0
2752.4066384169378,0.0
2752.4066384169378,0.0
2752.4066384169378,0.0
2752.4066384169378,0.0
2752.4066384169378,0.0
2752.4066384169378,0.0
2752.4066384169378,0.0
2752.4066384169378,0.0
2752.4066384169378,0.0
2752.4066384169378,0.0
2752.4066384169378,0.0
2752.4066384169378,0.0
2752.4066384169378,0.0
2752.4066384169378,0.0
2752.4066384169378,0.0
2752.4066384169378,0.0
2752.4066384169378,0.0
2752.4066384169378,0.0
2752.4066384169378,0.0
2752.4066384169378,0.0
2752.4066384169378,0.0
2752.4066384169378,0.0
2752.4066384169378,0.0
2752.4066384169378,0.0
2752.4066384169378,0.0
2752.4066384169378,0.0
2752.4066384169378,0.0
0.0,0.0
0.0,0.0
0.0,0.0
2453.28,0.0
588.7872000000001,0.0
2005.8017280000001,0.0
928.87068672,0.0
1747.3382780928002,0.0
1125.302908649472,0.0
1598.0497894264015,0.0
1238.7621600359355,0.0
1511.820758372689,0.0
1304.2962236367568,0.0
1462.0148700360648,0.0
1342.1486987725907,0.0
1433.2469889328306,0.0
1364.0122884110485,0.0
1416.6306608076031,0.0
1376.6406977862218,0.0
2103.9771400263794,0.0
1100.3998220558058,0.0
0.0,0.0
2453.28,0.0
588.7872000000001,0.0
2005.8017280000004,0.0
928.8706867199998,0.0
1747.3382780928005,0.0
1125.3029086494719,0.0
1598.0497894264015,0.0
1238.7621600359348,0.0
1511.8207583726899,0.0
1304.296223636756,0.0
1462.0148700360655,0.0
1342.1486987725903,0.0
1433.2469889328313,0.0
1364.0122884110485,0.0
1416.6306608076036,0.0
1376.6406977862214,0.0
1407.0330696824717,0.0
1383.9348670413217,0.0
1401.4895010485955,0.0
2789.6374802516634,0.0
3122.792995260399,0.0
3122.792995260399,0.0
7.928790989427713e-13,0.0
7.928790989427713e-13,0.0
7.928790989427713e-13,0.0
0.0,0.0
0.0,0.0
0.0,0.0
0.0,0.0
0.0,0.0
0.0,0.0
2453.28,0.0
588.7872000000001,0.0
2005.8017280000001,0.0
928.87068672,0.0
1747.3382780928,0.0
1125.3029086494723,0.0
1598.0497894264013,0.0
1238.7621600359353,0.0
2750.582918408624,0.0
3113.41990041807,0.0
3113.41990041807,0.0
3113.41990041807,0.0
3113.41990041807,0.0
3113.41990041807,0.0
3113.41990041807,0.0
3.682853697041779e-13,0.0
3.682853697041779e-13,0.0
3.682853697041779e-13,0.0
0.0,0.0
0.0,0.0
0.0,0.0
0.0,0.0
2453.2799999999997,0.0
588.7872000000001,0.0
2005.8017280000004,0.0
2713.176308406517,0.0
391.2660056110474,0.0
1306.391353959862,0.0
1460.422570990505,0.0
1343.3588460472163,0.0
1432.3272770041158,0.0
1364.7112694768723,0.0
1416.0994351975771,0.0
1377.0444292498414,0.0
1406.7262337701204,0.0
1384.1680623347083,0.0
1401.3122726256215,0.0
1388.2826728045277,0.0
1398.1851686685588,0.0
1390.6592718118952,0.0
1396.3789534229602,0.0
1392.0319953985506,0.0
1395.3356834971016,0.0
1392.8248805422031,0.0
1394.733090787926,0.0
1393.2828510011766,0.0
1394.3850332391057,0.0
1393.5473747382796,0.0
2787.7313699371875,0.0
3122.335528784925,0.0
3122.335528784925,0.0
3122.335528784925,0.0
3122.335528784925,0.0
3122.335528784925,0.0
3122.335528784925,0.0
3122.335528784925,0.0
3122.335528784925,0.0
3122.335528784925,0.0
3122.335528784925,0.0
3122.335528784925,0.0
3122.335528784925,0.0
3122.335528784925,0.0
3122.335528784925,0.0
3122.335528784925,0.0
3122.335528784925,0.0
3122.335528784925,0.0
3122.335528784925,0.0
3122.335528784925,0.0
3122.335528784925,0.0
3122.335528784925,0.0
3122.335528784925,0.0
3122.335528784925,0.0
3122.335528784925,0.0
3122.335528784925,0.0
3122.335528784925,0.0
3122.335528784925,0.0
3122.335528784925,0.0
3122.335528784925,0.0
3122.335528784925,0.0
3122.335528784925,0.0
3122.335528784925,0.0
3122.335528784925,0.0
3122.335528784925,0.0
3122.335528784925,0.0
3122.335528784925,0.0
3122.335528784925,0.0
3122.335528784925,0.0
3122.335528784925,0.0
3122.335528784925,0.0
3122.335528784925,0.0
3122.335528784925,0.0
3122.335528784925,0.0
3122.335528784925,0.0
1648.2886568506894,0.0
0.0,0.0
0.0,0.0
0.0,0.0
0.0,0.0
0.0,0.0
318.5666288256957,0.0
2211.1693620924716,0.0
2983.9606469021933,0.0
3169.430555256527,0.0
3169.430555256527,0.0
0.0,0.0
0.0,0.0
0.0,0.0
0.0,0.0
0.0,0.0
0.0,0.0
0.0,0.0
0.0,0.0
0.0,0.0
0.0,0.0
0.0,0.0
0.0,0.0
0.0,0.0
0.0,0.0
0.0,0.0
0.0,0.0
2453.28,0.0
2453.28,0.0
0.0,0.0
0.0,0.0
0.0,0.0
0.0,0.0
0.0,0.0
0.0,0.0
2410.3571604584467,0.0
621.4085580515807,0.0
1981.009495880799,0.0
947.7127831305929,0.0
1733.0182848207494,0.0
1136.1861035362303,0.0
1589.778561312465,0.0
1245.0482934025265,0.0
1507.0432970140798,0.0
1307.9270942692997,0.0
1459.255408355332,0.0
1344.245889649948,0.0
1431.6531238660398,0.0
1365.22362586181,0.0
1415.7100443450245,0.0
1377.3403662977814,0.0
1406.5013216136867,0.0
1384.3389955735984,0.0
1401.1823633640656,0.0
1388.3814038433106,0.0
1398.110133079084,0.0
2788.826431938981,0.0
3122.5983436653555,0.0
0.0,0.0
0.0,0.0
2453.28,0.0
588.7872,0.0
2005.8017280000004,0.0
2934.6724147200002,0.0
3157.601379532801,0.0
3157.601379532801,0.0
3157.601379532801,0.0
3157.601379532801,0.0
5.630835953441542e-14,0.0
0.0,0.0
2453.2799999999997,0.0
3042.0672000000013,0.0
3183.3761280000003,0.0
3183.3761280000003,0.0
3183.3761280000003,0.0
3183.3761280000003,0.0
3183.3761280000003,0.0
0.0,0.0
0.0,0.0
0.0,0.0
0.0,0.0
0.0,0.0
0.0,0.0
0.0,0.0
0.0,0.0
0.0,0.0
0.0,0.0
0.0,0.0
0.0,0.0
2453.28,0.0
588.7871999999999,0.0
2005.8017280000001,0.0
2934.6724147200002,0.0
3157.601379532801,0.0
3157.601379532801,0.0
0.0,0.0
0.0,0.0
0.0,0.0
0.0,0.0
0.0,0.0
0.0,0.0
0.0,0.0
1056.6091309710075,0.0
1650.2570604620344,0.0
1199.0846340488538,0.0
1541.9756781228712,0.0
1281.378484626618,0.0
1479.4323516837703,0.0
1328.911412720335,0.0
1443.3073263325455,0.0
1356.3664319872653,0.0
1422.4415116896785,0.0
1372.2244511158444,0.0
1410.3894171519582,0.0
1381.384042964512,0.0
1403.4281273469712,0.0
1386.674623216302,0.0
2786.0819095719125,0.0
3121.93965829726,0.0
0.0,0.0
0.0,0.0
0.0,0.0
0.0,0.0
0.0,0.0
0.0,0.0
0.0,0.0
0.0,0.0
0.0,0.0
2453.28,0.0
588.7872,0.0
2005.8017280000004,0.0
928.87068672,0.0
1747.3382780928005,0.0
1125.3029086494716,0.0
2453.2800000000016,0.0
3042.0672000000013,0.0
3183.3761280000003,0.0
3183.3761280000003,0.0
3183.3761280000003,0.0
3183.3761280000003,0.0
3183.3761280000003,0.0
3183.3761280000003,0.0
3183.3761280000003,0.0
3183.3761280000003,0.0
3183.3761280000003,0.0
3183.3761280000003,0.0
3183.3761280000003,0.0
3183.3761280000003,0.0
3183.3761280000003,0.0
3183.3761280000003,0.0
3183.3761280000003,0.0
3183.3761280000003,0.0
3183.3761280000003,0.0
3183.3761280000003,0.0
3183.3761280000003,0.0
3183.3761280000003,0.0
3183.3761280000003,0.0
3183.3761280000003,0.0
3183.3761280000003,0.0
3183.3761280000003,0.0
3183.3761280000003,0.0
3183.3761280000003,0.0
3183.3761280000003,0.0
3183.3761280000003,0.0
3183.3761280000003,0.0
3183.3761280000003,0.0
3183.3761280000003,0.0
3183.3761280000003,0.0
3183.3761280000003,0.0
3183.3761280000003,0.0
3183.3761280000003,0.0
3183.3761280000003,0.0
3183.3761280000003,0.0
3183.3761280000003,0.0
3183.3761280000003,0.0
3183.3761280000003,0.0
3183.3761280000003,0.0
3183.3761280000003,0.0
3183.3761280000003,0.0
3183.3761280000003,0.0
3183.3761280000003,0.0
3183.3761280000003,0.0
3183.3761280000003,0.0
3183.3761280000003,0.0
3183.3761280000003,0.0
3183.3761280000003,0.0
3183.3761280000003,0.0
3183.3761280000003,0.0
3183.3761280000003,0.0
3183.3761280000003,0.0
3183.3761280000003,0.0
3183.3761280000003,0.0
3183.3761280000003,0.0
3183.3761280000003,0.0
3183.3761280000003,0.0
3183.3761280000003,0.0
3183.3761280000003,0.0
3183.3761280000003,0.0
3183.3761280000003,0.0
3183.3761280000003,0.0
3183.3761280000003,0.0
3183.3761280000003,0.0
1840.61241408531,0.0
2895.026979380474,0.0
2895.026979380474,0.0
3148.086475051314,0.0
3183.3761280000003,0.0
3183.3761280000003,0.0
3183.3761280000003,0.0
3183.3761280000003,0.0
3183.3761280000003,0.0
3183.3761280000003,0.0
3183.3761280000003,0.0
3183.3761280000003,0.0
1034.9440315030708,0.0
0.0,0.0
0.0,0.0
0.0,0.0
0.0,0.0
0.0,0.0
0.0,0.0
0.0,0.0
0.0,0.0
0.0,0.0
0.0,0.0
0.0,0.0
0.0,0.0
0.0,0.0
0.0,0.0
0.0,0.0
0.0,0.0
0.0,0.0
0.0,0.0
0.0,0.0
0.0,0.0
0.0,0.0
0.0,0.0
0.0,0.0
0.0,0.0
0.0,0.0
0.0,0.0
0.0,0.0
0.0,0.0
0.0,0.0
0.0,0.0
0.0,0.0
0.0,0.0
0.0,0.0
0.0,0.0
0.0,0.0
0.0,0.0
0.0,0.0
0.0,0.0
0.0,0.0
0.0,0.0
0.0,0.0
0.0,0.0
0.0,0.0
0.0,0.0
0.0,0.0
0.0,0.0
0.0,0.0
0.0,0.0
0.0,0.0
0.0,0.0
0.0,0.0
0.0,0.0
0.0,0.0
0.0,0.0
0.0,0.0
0.0,0.0
0.0,0.0
0.0,0.0
0.0,0.0
0.0,0.0
0.0,0.0
0.0,0.0
0.0,0.0
0.0,0.0
0.0,0.0
0.0,0.0
0.0,0.0
0.0,0.0
0.0,0.0
0.0,0.0
0.0,0.0
0.0,0.0
0.0,0.0
0.0,0.0
0.0,0.0
0.0,0.0
0.0,0.0
0.0,0.0
0.0,0.0
0.0,0.0
0.0,0.0
0.0,0.0
0.0,0.0
0.0,0.0
0.0,0.0
0.0,0.0
0.0,0.0
0.0,0.0
0.0,0.0
0.0,0.0
0.0,0.0
0.0,0.0
2453.28,0.0
3042.0672000000004,0.0
3183.3761280000003,0.0
3183.3761280000003,0.0
3183.3761280000003,0.0
3183.3761280000003,0.0
3183.3761280000003,0.0
3183.3761280000003,0.0
3183.3761280000003,0.0
3183.3761280000003,0.0
3183.3761280000003,0.0
3183.3761280000003,0.0
3183.3761280000003,0.0
3183.3761280000003,0.0
3183.3761280000003,0.0
3183.3761280000003,0.0
3183.3761280000003,0.0
3183.3761280000003,0.0
3183.3761280000003,0.0
3183.3761280000003,0.0
3183.3761280000003,0.0
3183.3761280000003,0.0
3183.3761280000003,0.0
3183.3761280000003,0.0
3183.3761280000003,0.0
3183.3761280000003,0.0
3183.3761280000003,0.0
3183.3761280000003,0.0
3183.3761280000003,0.0
3183.3761280000003,0.0
3183.3761280000003,0.0
3183.3761280000003,0.0
3183.3761280000003,0.0
3183.3761280000003,0.0
3183.3761280000003,0.0
3183.3761280000003,0.0
3183.3761280000003,0.0
3183.3761280000003,0.0
3183.3761280000003,0.0
3183.3761280000003,0.0
3183.3761280000003,0.0
3183.3761280000003,0.0
3183.3761280000003,0.0
3183.3761280000003,0.0
3183.3761280000003,0.0
3183.3761280000003,0.0
3183.3761280000003,0.0
3183.3761280000003,0.0
3183.3761280000003,0.0
3183.3761280000003,0.0
3183.3761280000003,0.0
3183.3761280000003,0.0
3183.3761280000003,0.0
3183.3761280000003,0.0
3183.3761280000003,0.0
3183.3761280000003,0.0
3183.3761280000003,0.0
3183.3761280000003,0.0
3183.3761280000003,0.0
3183.3761280000003,0.0
3183.3761280000003,0.0
3183.3761280000003,0.0
3183.3761280000003,0.0
3183.3761280000003,0.0
3183.3761280000003,0.0
3183.3761280000003,0.0
3183.3761280000003,0.0
3183.3761280000003,0.0
3183.3761280000003,0.0
3183.3761280000003,0.0
3183.3761280000003,0.0
3183.3761280000003,0.0
3183.3761280000003,0.0
3183.3761280000003,0.0
3183.3761280000003,0.0
3183.3761280000003,0.0
3183.3761280000003,0.0
3183.3761280000003,0.0
3183.3761280000003,0.0
3183.3761280000003,0.0
3183.3761280000003,0.0
3183.3761280000003,0.0
3183.3761280000003,0.0
3183.3761280000003,0.0
3183.3761280000003,0.0
3183.3761280000003,0.0
3183.3761280000003,0.0
3183.3761280000003,0.0
3183.3761280000003,0.0
3183.3761280000003,0.0
3183.3761280000003,0.0
3183.3761280000003,0.0
3183.3761280000003,0.0
3183.3761280000003,0.0
3183.3761280000003,0.0
3183.3761280000003,0.0
3183.3761280000003,0.0
3183.3761280000003,0.0
3183.3761280000003,0.0
3183.3761280000003,0.0
3183.3761280000003,0.0
3183.3761280000003,0.0
0.0,0.0
0.0,0.0
0.0,0.0
0.0,0.0
0.0,0.0
0.0,0.0
0.0,0.0
0.0,0.0
0.0,0.0
0.0,0.0
0.0,0.0
2453.28,0.0
588.7872000000001,0.0
2594.588928,0.0
3075.9813427199997,0.0
3075.9813427199997,0.0
3075.9813427199997,0.0
3075.9813427199997,0.0
3075.9813427199997,0.0
3075.9813427199997,0.0
3075.9813427199997,0.0
3075.9813427199997,0.0
3075.9813427199997,0.0
3075.9813427199997,0.0
3075.9813427199997,0.0
3075.9813427199997,0.0
3075.9813427199997,0.0
3075.9813427199997,0.0
3075.9813427199997,0.0
3075.9813427199997,0.0
3075.9813427199997,0.0
3075.9813427199997,0.0
3075.9813427199997,0.0
3075.9813427199997,0.0
3075.9813427199997,0.0
3075.9813427199997,0.0
3075.9813427199997,0.0
3075.9813427199997,0.0
3075.9813427199997,0.0
3075.9813427199997,0.0
3075.9813427199997,0.0
3075.9813427199997,0.0
3075.9813427199997,0.0
3075.9813427199997,0.0
3075.9813427199997,0.0
1974.3996989336006,0.0
499.27120629452264,0.0
499.27120629452264,0.0
499.27120629452264,0.0
-7.038544942422831e-15,0.0
0.0,0.0
0.0,0.0
0.0,0.0
0.0,0.0
1465.4408984908735,0.0
1465.4408984908735,0.0
1465.4408984908735,0.0
1465.4408984908735,0.0
789.1973632614405,0.0
0.0,0.0
0.0,0.0
0.0,0.0
0.0,0.0
0.0,0.0
0.0,0.0
0.0,0.0
0.0,0.0
0.0,0.0
0.0,0.0
0.0,0.0
0.0,0.0
0.0,0.0
0.0,0.0
0.0,0.0
0.0,0.0
0.0,0.0
0.0,0.0
0.0,0.0
0.0,0.0
0.0,0.0
0.0,0.0
0.0,0.0
0.0,0.0
0.0,0.0
0.0,0.0
0.0,0.0
0.0,0.0
0.0,0.0
0.0,0.0
0.0,0.0
0.0,0.0
2453.28,0.0
588.7872000000001,0.0
2005.8017280000004,0.0
928.87068672,0.0
1747.3382780928,0.0
1125.3029086494719,0.0
1598.0497894264017,0.0
1238.762160035935,0.0
1511.8207583726896,0.0
1304.296223636756,0.0
1462.0148700360658,0.0
1342.1486987725903,0.0
1433.246988932832,0.0
1364.0122884110478,0.0
1416.630660807604,0.0
1376.640697786221,0.0
1407.0330696824722,0.0
1383.9348670413215,0.0
1401.489501048596,0.0
1388.1479792030673,0.0
1398.2875358056688,0.0
1390.5814727876918,0.0
1396.4380806813544,0.0
1391.9870586821708,0.0
1395.3698354015503,0.0
1392.7989250948215,0.0
1394.7528169279358,0.0
1393.267859134769,0.0
1394.3964270575757,0.0
1393.5387154362425,0.0
1394.1905762684557,0.0
2787.8857383044297,0.0
3122.372577193063,0.0
0.0,0.0
2453.2799999999997,0.0
588.7872000000004,0.0
2594.588928,0.0
3075.9813427199997,0.0
3075.9813427199997,0.0
3075.9813427199997,0.0
0.0,0.0
137.1067401710009,0.0
2349.0788774700395,0.0
667.9800531227702,0.0
1945.6151596266948,0.0
2138.3794183856294,0.0
828.1116420269219,0.0
1823.9151520595399,0.0
1067.10448443475,0.0
1642.2805918295899,0.0
1205.1467502095118,0.0
1537.368469840771,0.0
1284.8799629210139,0.0
1476.7712281800295,0.0
2807.705094763207,0.0
3127.1292227431704,0.0
3127.1292227431704,0.0
3127.1292227431704,0.0
0.0,0.0
2417.6502013891095,0.0
3033.516048333386,0.0
3181.3238516000133,0.0
3181.3238516000133,0.0
3181.3238516000133,0.0
3181.3238516000133,0.0
3181.3238516000133,0.0
3181.3238516000133,0.0
3181.3238516000133,0.0
3181.3238516000133,0.0
3181.3238516000133,0.0
3181.3238516000133,0.0
3181.3238516000133,0.0
3181.3238516000133,0.0
3181.3238516000133,0.0
3181.3238516000133,0.0
3181.3238516000133,0.0
3181.3238516000133,0.0
0.0,0.0
0.0,0.0
0.0,0.0
0.0,0.0
0.0,0.0
0.0,0.0
2453.28,0.0
3042.0672000000013,0.0
3183.3761280000003,0.0
3183.3761280000003,0.0
0.0,0.0
0.0,0.0
0.0,0.0
0.0,0.0
0.0,0.0
0.0,0.0
0.0,0.0
1109.1938245164065,0.0
1610.2926933675312,0.0
2839.7502464082077,0.0
3134.82005913797,0.0
3134.82005913797,0.0
3134.82005913797,0.0
3134.82005913797,0.0
2749.455553057308,0.0
2749.455553057308,0.0
2749.455553057308,0.0
2749.455553057308,0.0
2749.455553057308,0.0
2749.455553057308,0.0
2749.455553057308,0.0
2749.455553057308,0.0
2749.455553057308,0.0
2749.455553057308,0.0
2749.455553057308,0.0
2749.455553057308,0.0
2749.455553057308,0.0
2749.455553057308,0.0
2749.455553057308,0.0
2749.455553057308,0.0
2749.455553057308,0.0
2749.455553057308,0.0
2749.455553057308,0.0
2749.455553057308,0.0
2749.455553057308,0.0
2749.455553057308,0.0
2749.455553057308,0.0
2749.455553057308,0.0
2749.455553057308,0.0
2749.455553057308,0.0
2749.455553057308,0.0
2749.455553057308,0.0
2749.455553057308,0.0
2749.455553057308,0.0
2749.455553057308,0.0
2749.455553057308,0.0
2749.455553057308,0.0
2749.455553057308,0.0
2749.455553057308,0.0
2749.455553057308,0.0
2749.455553057308,0.0
2749.455553057308,0.0
2749.455553057308,0.0
2749.455553057308,0.0
2749.455553057308,0.0
2749.455553057308,0.0
2749.455553057308,0.0
2749.455553057308,0.0
2749.455553057308,0.0
2749.455553057308,0.0
2749.455553057308,0.0
2749.455553057308,0.0
2749.455553057308,0.0
2749.455553057308,0.0
2749.455553057308,0.0
2749.455553057308,0.0
2749.455553057308,0.0
2749.455553057308,0.0
2749.455553057308,0.0
2749.455553057308,0.0
2749.455553057308,0.0
2749.455553057308,0.0
2749.455553057308,0.0
2749.455553057308,0.0
2749.455553057308,0.0
2749.455553057308,0.0
2749.455553057308,0.0
2749.455553057308,0.0
2749.455553057308,0.0
2749.455553057308,0.0
3042.0672000000013,0.0
3183.3761280000003,0.0
3183.3761280000003,0.0
3183.3761280000003,0.0
3183.3761280000003,0.0
3183.3761280000003,0.0
3183.3761280000003,0.0
3183.3761280000003,0.0
3183.3761280000003,0.0
0.0,0.0
0.0,0.0
0.0,0.0
107.52099243882897,0.0
2479.0850381853193,0.0
3048.2604091644766,0.0
3048.2604091644766,0.0
2746.0645548437715,0.0
2746.0645548437715,0.0
2746.0645548437715,0.0
2746.0645548437715,0.0
2746.0645548437715,0.0
2746.0645548437715,0.0
2746.0645548437715,0.0
2746.0645548437715,0.0
2746.0645548437715,0.0
2746.0645548437715,0.0
2746.0645548437715,0.0
2746.0645548437715,0.0
2724.331955219748,0.0
2724.331955219748,0.0
2724.331955219748,0.0
2724.331955219748,0.0
2724.331955219748,0.0
0.0,0.0
0.0,0.0
0.0,0.0
0.0,0.0
2453.28,0.0
2453.28,0.0
2453.28,0.0
2453.28,0.0
2453.28,0.0
2453.28,0.0
2453.28,0.0
2453.28,0.0
2453.28,0.0
2453.28,0.0
2453.28,0.0
2453.28,0.0
2453.28,0.0
2453.28,0.0
2453.28,0.0
2453.28,0.0
2453.28,0.0
2453.28,0.0
2453.28,0.0
2453.28,0.0
2453.28,0.0
2453.28,0.0
2453.28,0.0
2453.28,0.0
2453.28,0.0
2453.28,0.0
2453.28,0.0
2453.28,0.0
2453.28,0.0
2453.28,0.0
2453.28,0.0
2453.28,0.0
2453.28,0.0
2453.28,0.0
2453.28,0.0
2453.28,0.0
2453.28,0.0
2453.28,0.0
2453.28,0.0
2453.28,0.0
2395.9478607658166,0.0
2395.9478607658166,0.0
2395.9478607658166,0.0
2395.9478607658166,0.0
2395.9478607658166,0.0
2395.9478607658166,0.0
2395.9478607658166,0.0
2395.9478607658166,0.0
2395.9478607658166,0.0
2395.9478607658166,0.0
2395.9478607658166,0.0
2395.9478607658166,0.0
2395.9478607658166,0.0
2395.9478607658166,0.0
2395.9478607658166,0.0
2395.9478607658166,0.0
2395.9478607658166,0.0
2395.9478607658166,0.0
2395.9478607658166,0.0
2395.9478607658166,0.0
2395.9478607658166,0.0
2395.9478607658166,0.0
2395.9478607658166,0.0
2395.9478607658166,0.0
2395.9478607658166,0.0
2395.9478607658166,0.0
2395.9478607658166,0.0
2395.9478607658166,0.0
2395.9478607658166,0.0
2395.9478607658166,0.0
2395.9478607658166,0.0
2395.9478607658166,0.0
2395.9478607658166,0.0
2395.9478607658166,0.0
2395.9478607658166,0.0
2395.9478607658166,0.0
2395.9478607658166,0.0
2395.9478607658166,0.0
2395.9478607658166,0.0
2395.9478607658166,0.0
2395.9478607658166,0.0
2395.9478607658166,0.0
2395.9478607658166,0.0
2395.9478607658166,0.0
2395.9478607658166,0.0
2395.9478607658166,0.0
2395.9478607658166,0.0
2395.9478607658166,0.0
2395.9478607658166,0.0
2395.9478607658166,0.0
2395.9478607658166,0.0
2395.9478607658166,0.0
0.0,0.0
0.0,0.0
2453.2799999999997,0.0
588.7872000000002,0.0
2005.8017280000001,0.0
928.8706867200001,0.0
1747.3382780928005,0.0
1125.3029086494719,0.0
1598.0497894264013,0.0
1238.7621600359353,0.0
1511.8207583726894,0.0
1304.2962236367562,0.0
2624.6691510814057,0.0
458.5314451781319,0.0
2104.7961016646204,0.0
853.6349627348886,0.0
1804.517428321485,0.0
1081.8467544756713,0.0
1631.07646659849,0.0
1213.6618853851478,0.0
1530.896967107288,0.0
1289.798304998461,0.0
1473.0332882011699,0.0
1333.7747009671111,0.0
1439.6112272649957,0.0
1359.1754672786037,0.0
1420.306644868261,0.0
1373.846949900122,0.0
1409.1563180759078,0.0
2791.4775163382183,0.0
3123.234603921173,0.0
3123.234603921173,0.0
3123.234603921173,0.0
0.0,0.0
0.0,0.0
0.0,0.0
0.0,0.0
0.0,0.0
0.0,0.0
0.0,0.0
0.0,0.0
0.0,0.0
0.0,0.0
0.0,0.0
0.0,0.0
394.2337373480128,0.0
2153.6623596155105,0.0
816.496606692212,0.0
1832.7425789139188,0.0
1060.3956400254212,0.0
1647.37931358068,0.0
1201.2717216786832,0.0
1540.3134915242008,0.0
1282.6417464416074,0.0
2761.114019145986,0.0
3115.9473645950375,0.0
3115.9473645950375,0.0
0.0,0.0
0.0,0.0
0.0,0.0
0.0,0.0
0.0,0.0
2453.28,0.0
588.7871999999999,0.0
2005.8017280000004,0.0
928.8706867199995,0.0
2676.2089648128003,0.0
3095.5701515550722,0.0
3095.5701515550722,0.0
3095.5701515550722,0.0
3095.5701515550722,0.0
3095.5701515550722,0.0
3095.5701515550722,0.0
3095.5701515550722,0.0
3095.5701515550722,0.0
3095.5701515550722,0.0
3095.5701515550722,0.0
3095.5701515550722,0.0
3095.5701515550722,0.0
3095.5701515550722,0.0
3095.5701515550722,0.0
3095.5701515550722,0.0
3095.5701515550722,0.0
3095.5701515550722,0.0
3095.5701515550722,0.0
3095.5701515550722,0.0
3095.5701515550722,0.0
3095.5701515550722,0.0
3095.5701515550722,0.0
3095.5701515550722,0.0
3095.5701515550722,0.0
3095.5701515550722,0.0
3095.5701515550722,0.0
3095.5701515550722,0.0
3095.5701515550722,0.0
3095.5701515550722,0.0
3095.5701515550722,0.0
3095.5701515550722,0.0
3095.5701515550722,0.0
3095.5701515550722,0.0
3095.5701515550722,0.0
3095.5701515550722,0.0
3095.5701515550722,0.0
2003.6649456459281,0.0
2003.6649456459281,0.0
2003.6649456459281,0.0
2003.6649456459281,0.0
2003.6649456459281,0.0
2003.6649456459281,0.0
2003.6649456459281,0.0
2003.6649456459281,0.0
2003.6649456459281,0.0
2003.6649456459281,0.0
2003.6649456459281,0.0
2003.6649456459281,0.0
2003.6649456459281,0.0
2003.6649456459281,0.0
2003.6649456459281,0.0
2003.6649456459281,0.0
2003.6649456459281,0.0
2003.6649456459281,0.0
2003.6649456459281,0.0
2003.6649456459281,0.0
2003.6649456459281,0.0
2003.6649456459281,0.0
2003.6649456459281,0.0
2003.6649456459281,0.0
2003.6649456459281,0.0
2003.6649456459281,0.0
2003.6649456459281,0.0
2003.6649456459281,0.0
2003.6649456459281,0.0
2003.6649456459281,0.0
2003.6649456459281,0.0
2003.6649456459281,0.0
2003.6649456459281,0.0
2003.6649456459281,0.0
2003.6649456459281,0.0
2003.6649456459281,0.0
2003.6649456459281,0.0
2003.6649456459281,0.0
2003.6649456459281,0.0
2003.6649456459281,0.0
2003.6649456459281,0.0
2003.6649456459281,0.0
2003.6649456459281,0.0
610.7629274714379,0.0
610.7629274714379,0.0
610.7629274714379,0.0
610.7629274714379,0.0
0.0,0.0
1250.4868698130851,0.0
1502.909978942056,0.0
1311.0684160040378,0.0
1456.8680038369314,0.0
2802.9283209208634,0.0
3125.9827970210076,0.0
-3.9643954947138566e-13,0.0
2453.28,0.0
588.7872,0.0
2005.8017280000004,0.0
928.8706867199998,0.0
1747.3382780928002,0.0
1125.3029086494726,0.0
1598.0497894264013,0.0
1238.7621600359353,0.0
2750.582918408624,0.0
3113.41990041807,0.0
3113.41990041807,0.0
0.0,0.0
0.0,0.0
2453.28,0.0
3042.0672,0.0
3183.3761280000003,0.0
0.0,0.0
0.0,0.0
1510.5436162977903,0.0
2815.8104679114695,0.0
3129.0745122987532,0.0
3129.0745122987532,0.0
3129.0745122987532,0.0
0.0,0.0
0.0,0.0
2358.5819907489754,0.0
3019.3396777797548,0.0
3177.9215226671413,0.0
0.0,0.0
319.65305624104457,0.0
2210.3436772568066,0.0
1173.0725669719593,0.0
2734.81741607327,0.0
3109.636179857585,0.0
3109.636179857585,0.0
0.0,0.0
0.0,0.0
2453.28,0.0
588.7872000000001,0.0
2005.8017280000001,0.0
928.87068672,0.0
1747.3382780928002,0.0
1125.302908649472,0.0
2723.3526980758734,0.0
3106.8846475382097,0.0
0.0,0.0
0.0,0.0
0.0,0.0
2453.2799999999997,0.0
588.7872000000002,0.0
2005.8017280000001,0.0
928.87068672,0.0
1747.3382780928005,0.0
1125.3029086494716,0.0
1598.0497894264013,0.0
1238.7621600359353,0.0
1511.8207583726894,0.0
1304.2962236367562,0.0
1462.0148700360655,0.0
1342.14869877259,0.0
1433.2469889328313,0.0
1364.0122884110483,0.0
1416.6306608076036,0.0
1376.6406977862214,0.0
1407.0330696824717,0.0
1383.9348670413217,0.0
1401.489501048596,0.0
1499.5141210403283,0.0
2813.1633890496787,0.0
3128.439213371923,0.0
3128.439213371923,0.0
3128.439213371923,0.0
3128.439213371923,0.0
3128.439213371923,0.0
3128.439213371923,0.0
3128.439213371923,0.0
3128.439213371923,0.0
3128.439213371923,0.0
3128.439213371923,0.0
3128.439213371923,0.0
3128.439213371923,0.0
3128.439213371923,0.0
3128.439213371923,0.0
3128.439213371923,0.0
3128.439213371923,0.0
3128.439213371923,0.0
3128.439213371923,0.0
3128.439213371923,0.0
3128.439213371923,0.0
3128.439213371923,0.0
3128.439213371923,0.0
3128.439213371923,0.0
3128.439213371923,0.0
3128.439213371923,0.0
3128.439213371923,0.0
3128.439213371923,0.0
3128.439213371923,0.0
3128.439213371923,0.0
3128.439213371923,0.0
3128.439213371923,0.0
3128.439213371923,0.0
3128.439213371923,0.0
3128.439213371923,0.0
3128.439213371923,0.0
3128.439213371923,0.0
3128.439213371923,0.0
3128.439213371923,0.0
3128.439213371923,0.0
3128.439213371923,0.0
3128.439213371923,0.0
3128.439213371923,0.0
3128.439213371923,0.0
3128.439213371923,0.0
3128.439213371923,0.0
0.0,0.0
0.0,0.0
0.0,0.0
0.0,0.0
0.0,0.0
0.0,0.0
0.0,0.0
0.0,0.0
0.0,0.0
0.0,0.0
0.0,0.0
0.0,0.0
0.0,0.0
0.0,0.0
0.0,0.0
0.0,0.0
0.0,0.0
0.0,0.0
0.0,0.0
0.0,0.0
0.0,0.0
0.0,0.0
0.0,0.0
0.0,0.0
228.77608567683473,0.0
458.86246571651304,0.0
458.86246571651304,0.0
458.86246571651304,0.0
458.86246571651304,0.0
458.86246571651304,0.0
0.0,0.0
0.0,0.0
0.0,0.0
0.0,0.0
0.0,0.0
785.6148566091161,0.0
1856.212708977072,0.0
1042.5583411774255,0.0
1660.935660705157,0.0
1190.9688978640806,0.0
1548.143637623299,0.0
1276.6908354062928,0.0
1482.9949650912174,0.0
1326.203826530675,0.0
1445.3650918366868,0.0
1354.802530204118,0.0
2778.432607248989,0.0
3120.103825739757,0.0
3120.103825739757,0.0
3120.103825739757,0.0
640.52925194005,0.0
0.0,0.0
0.0,0.0
0.0,0.0
2453.28,0.0
588.7872,0.0
2005.8017280000004,0.0
928.8706867199998,0.0
1747.3382780928005,0.0
1125.302908649472,0.0
1598.0497894264013,0.0
1238.7621600359353,0.0
1511.8207583726892,0.0
1304.2962236367564,0.0
1462.0148700360653,0.0
1342.1486987725905,0.0
1433.246988932831,0.0
1364.012288411048,0.0
1416.6306608076036,0.0
2793.271358593825,0.0
3123.665126062518,0.0
3123.665126062518,0.0
3123.665126062518,0.0
0.0,0.0
0.0,0.0
0.0,0.0
0.0,0.0
0.0,0.0
0.0,0.0
0.0,0.0
0.0,0.0
0.0,0.0
0.0,0.0
0.0,0.0
2453.2799999999997,0.0
588.7872000000002,0.0
2005.8017280000001,0.0
928.8706867199998,0.0
1747.3382780928005,0.0
1125.3029086494719,0.0
1598.049789426402,0.0
1238.7621600359346,0.0
1511.8207583726899,0.0
1304.2962236367557,0.0
2766.3110936728212,0.0
3117.1946624814777,0.0
3036.398790739572,0.0
3036.398790739572,0.0
3036.398790739572,0.0
3036.398790739572,0.0
3036.398790739572,0.0
0.0,0.0
2453.28,0.0
588.7872000000001,0.0
2005.8017280000001,0.0
928.87068672,0.0
1747.3382780928002,0.0
1125.302908649472,0.0
1598.049789426401,0.0
1238.762160035935,0.0
1511.8207583726896,0.0
1304.2962236367562,0.0
1462.0148700360655,0.0
1342.1486987725903,0.0
1433.2469889328315,0.0
1364.0122884110483,0.0
1416.6306608076034,0.0
2793.271358593825,0.0
3123.665126062518,0.0
3123.665126062518,0.0
3123.665126062518,0.0
3123.665126062518,0.0
3123.665126062518,0.0
1257.3330827843072,0.0
1257.3330827843072,0.0
0.0,0.0
2453.28,0.0
588.7872000000001,0.0
2005.8017280000001,0.0
928.87068672,0.0
1747.3382780928005,0.0
1125.302908649472,0.0
1598.049789426401,0.0
1238.7621600359353,0.0
2750.5829184086247,0.0
3113.41990041807,0.0
3113.41990041807,0.0
3113.41990041807,0.0
3113.41990041807,0.0
3113.41990041807,0.0
3113.41990041807,0.0
3113.41990041807,0.0
3113.41990041807,0.0
3113.41990041807,0.0
3113.41990041807,0.0
3113.41990041807,0.0
3113.41990041807,0.0
3113.41990041807,0.0
3113.41990041807,0.0
3113.41990041807,0.0
3113.41990041807,0.0
3113.41990041807,0.0
3113.41990041807,0.0
3113.41990041807,0.0
3113.41990041807,0.0
3113.41990041807,0.0
3113.41990041807,0.0
3113.41990041807,0.0
3113.41990041807,0.0
3113.41990041807,0.0
3113.41990041807,0.0
3113.41990041807,0.0
3113.41990041807,0.0
3113.41990041807,0.0
3113.41990041807,0.0
3113.41990041807,0.0
3113.41990041807,0.0
3113.41990041807,0.0
3113.41990041807,0.0
3113.41990041807,0.0
3113.41990041807,0.0
3113.41990041807,0.0
3113.41990041807,0.0
3113.41990041807,0.0
3113.41990041807,0.0
3113.41990041807,0.0
3113.41990041807,0.0
3113.41990041807,0.0
3113.41990041807,0.0
3113.41990041807,0.0
3113.41990041807,0.0
3113.41990041807,0.0
3113.41990041807,0.0
3113.41990041807,0.0
3113.41990041807,0.0
3113.41990041807,0.0
3113.41990041807,0.0
3113.41990041807,0.0
3113.41990041807,0.0
3113.41990041807,0.0
3113.41990041807,0.0
3113.41990041807,0.0
3113.41990041807,0.0
3113.41990041807,0.0
3113.41990041807,0.0
3113.41990041807,0.0
3113.41990041807,0.0
3113.41990041807,0.0
3113.41990041807,0.0
3113.41990041807,0.0
3113.41990041807,0.0
3113.41990041807,0.0
3113.41990041807,0.0
3113.41990041807,0.0
3113.41990041807,0.0
3113.41990041807,0.0
3113.41990041807,0.0
0.0,0.0
0.0,0.0
0.0,0.0
0.0,0.0
0.0,0.0
0.0,0.0
0.0,0.0
0.0,0.0
0.0,0.0
0.0,0.0
0.0,0.0
0.0,0.0
0.0,0.0
0.0,0.0
0.0,0.0
2453.28,0.0
588.7872,0.0
2594.588928,0.0
3075.9813427199997,0.0
3075.9813427199997,0.0
526.4946648766478,0.0
526.4946648766478,0.0
526.4946648766478,0.0
526.4946648766478,0.0
526.4946648766478,0.0
0.0,0.0
0.0,0.0
2131.85206099086,0.0
833.0724336469466,0.0
2653.217384075267,0.0
3090.052172178064,0.0
3090.052172178064,0.0
1302.8909010757814,0.0
955.8887886075844,0.0
0.0,0.0
0.0,0.0
0.0,0.0
0.0,0.0
2453.28,0.0
588.7872000000001,0.0
2005.8017280000001,0.0
2934.67241472,0.0
3157.601379532801,0.0
3157.601379532801,0.0
3157.601379532801,0.0
3157.601379532801,0.0
3157.601379532801,0.0
3157.601379532801,0.0
3157.601379532801,0.0
3157.601379532801,0.0
3157.601379532801,0.0
3157.601379532801,0.0
3157.601379532801,0.0
3157.601379532801,0.0
3157.601379532801,0.0
3157.601379532801,0.0
3157.601379532801,0.0
3157.601379532801,0.0
3157.601379532801,0.0
3157.601379532801,0.0
3157.601379532801,0.0
3157.601379532801,0.0
3157.601379532801,0.0
3157.601379532801,0.0
3157.601379532801,0.0
3157.601379532801,0.0
3157.601379532801,0.0
3157.601379532801,0.0
3157.601379532801,0.0
3157.601379532801,0.0
0.0,0.0
0.0,0.0
0.0,0.0
0.0,0.0
0.0,0.0
1432.5608533056038,0.0
1364.5337514877413,0.0
2780.7681003570574,0.0
3120.664344085694,0.0
-3.9643954947138566e-13,0.0
0.0,0.0
2453.2799999999997,0.0
588.7872000000001,0.0
2005.8017280000004,0.0
2626.8345022438552,0.0
1499.9917740881347,0.0
8.928719291611292e-29,0.0
2453.28,0.0
588.7872000000001,0.0
2594.588928,0.0
3075.98134272,0.0
3075.98134272,0.0
3075.98134272,0.0
3075.98134272,0.0
3075.98134272,0.0
3075.98134272,0.0
3075.98134272,0.0
3075.98134272,0.0
3075.98134272,0.0
3075.98134272,0.0
3075.98134272,0.0
3075.98134272,0.0
0.0,0.0
0.0,0.0
0.0,0.0
2453.2799999999997,0.0
588.7872000000002,0.0
2005.8017280000001,0.0
928.8706867199998,0.0
1747.3382780928005,0.0
1125.3029086494716,0.0
1598.0497894264017,0.0
1238.7621600359348,0.0
1511.8207583726899,0.0
1304.2962236367557,0.0
1462.014870036066,0.0
1342.1486987725905,0.0
1433.2469889328318,0.0
2797.2592773438796,0.0
3124.6222265625315,0.0
3124.6222265625315,0.0
3124.6222265625315,0.0
3124.6222265625315,0.0
0.0,0.0
2453.28,0.0
3042.0672,0.0
3042.0672,0.0
3042.0672,0.0
0.0,0.0
0.0,0.0
0.0,0.0
0.0,0.0
0.0,0.0
0.0,0.0
0.0,0.0
0.0,0.0
201.4675545310839,0.0
1819.031694506819,0.0
80.7340407449165,0.0
0.0,0.0
989.2242340818253,0.0
1701.4695820978127,0.0
1160.1631176056626,0.0
1571.5560306196967,0.0
1258.8974167290305,0.0
1496.5179632859372,0.0
1315.926347902688,0.0
1453.1759755939574,0.0
1348.8662585485922,0.0
1473.6770118697632,0.0
2806.9624828487435,0.0
3126.9509958836984,0.0
3126.9509958836984,0.0
1815.8410413915178,0.0
1815.8410413915178,0.0
1815.8410413915178,0.0
1815.8410413915178,0.0
1815.8410413915178,0.0
1815.8410413915178,0.0
1815.8410413915178,0.0
1815.8410413915178,0.0
1815.8410413915178,0.0
1815.8410413915178,0.0
1815.8410413915178,0.0
1815.8410413915178,0.0
1815.8410413915178,0.0
1815.8410413915178,0.0
1815.8410413915178,0.0
1815.8410413915178,0.0
1815.8410413915178,0.0
1815.8410413915178,0.0
1815.8410413915178,0.0
1815.8410413915183,0.0
2889.0818499339643,0.0
2889.0818499339643,0.0
2889.0818499339643,0.0
2889.0818499339643,0.0
2889.0818499339643,0.0
2889.0818499339643,0.0
2889.0818499339643,0.0
2889.0818499339643,0.0
2889.0818499339643,0.0
2889.0818499339643,0.0
2889.0818499339643,0.0
2889.0818499339643,0.0
2889.0818499339643,0.0
2889.0818499339643,0.0
2889.0818499339643,0.0
2889.0818499339643,0.0
2889.0818499339643,0.0
2889.0818499339643,0.0
2889.0818499339643,0.0
2889.0818499339643,0.0
2889.0818499339643,0.0
2889.0818499339643,0.0
2889.0818499339643,0.0
2889.0818499339643,0.0
2889.0818499339643,0.0
2889.0818499339643,0.0
2889.0818499339643,0.0
2889.0818499339643,0.0
2889.0818499339643,0.0
2889.0818499339643,0.0
2889.0818499339643,0.0
2889.0818499339643,0.0
2889.0818499339643,0.0
2889.0818499339643,0.0
2889.0818499339643,0.0
2889.0818499339643,0.0
2889.0818499339643,0.0
2889.0818499339643,0.0
2889.0818499339643,0.0
2889.0818499339643,0.0
2889.0818499339643,0.0
2889.0818499339643,0.0
2889.0818499339643,0.0
2889.0818499339643,0.0
2889.0818499339643,0.0
2889.0818499339643,0.0
2889.0818499339643,0.0
2889.0818499339643,0.0
2889.0818499339643,0.0
2889.0818499339643,0.0
2889.0818499339643,0.0
2889.0818499339643,0.0
2889.0818499339643,0.0
2889.0818499339643,0.0
2889.0818499339643,0.0
2889.0818499339643,0.0
2889.0818499339643,0.0
2889.0818499339643,0.0
2889.0818499339643,0.0
2889.0818499339643,0.0
2889.0818499339643,0.0
2889.0818499339643,0.0
2889.0818499339643,0.0
2889.0818499339643,0.0
2889.0818499339643,0.0
2889.0818499339643,0.0
2889.0818499339643,0.0
2889.0818499339643,0.0
2889.0818499339643,0.0
2889.0818499339643,0.0
2889.0818499339643,0.0
2889.0818499339643,0.0
2889.0818499339643,0.0
2889.0818499339643,0.0
2889.0818499339643,0.0
2889.0818499339643,0.0
2889.0818499339643,0.0
2889.0818499339643,0.0
2889.0818499339643,0.0
2889.0818499339643,0.0
2889.0818499339643,0.0
2889.0818499339643,0.0
2889.0818499339643,0.0
2889.0818499339643,0.0
2889.0818499339643,0.0
2889.0818499339643,0.0
2889.0818499339643,0.0
2889.0818499339643,0.0
2889.0818499339643,0.0
2889.0818499339643,0.0
2889.0818499339643,0.0
2889.0818499339643,0.0
2889.0818499339643,0.0
2889.0818499339643,0.0
2889.0818499339643,0.0
2889.0818499339643,0.0
2889.0818499339643,0.0
2889.0818499339643,0.0
2889.0818499339643,0.0
2889.0818499339643,0.0
2889.0818499339643,0.0
2889.0818499339643,0.0
2889.0818499339643,0.0
2889.0818499339643,0.0
2889.0818499339643,0.0
2889.0818499339643,0.0
2889.0818499339643,0.0
2889.0818499339643,0.0
2889.0818499339643,0.0
2889.0818499339643,0.0
2889.0818499339643,0.0
2889.0818499339643,0.0
2889.0818499339643,0.0
2889.0818499339643,0.0
2889.0818499339643,0.0
2889.0818499339643,0.0
2889.0818499339643,0.0
2889.0818499339643,0.0
2889.0818499339643,0.0
2889.0818499339643,0.0
2889.0818499339643,0.0
2889.0818499339643,0.0
2889.0818499339643,0.0
2889.0818499339643,0.0
2889.0818499339643,0.0
2889.0818499339643,0.0
2889.0818499339643,0.0
2889.0818499339643,0.0
2889.0818499339643,0.0
2889.0818499339643,0.0
0.0,0.0
0.0,0.0
0.0,0.0
0.0,0.0
0.0,0.0
0.0,0.0
0.0,0.0
0.0,0.0
0.0,0.0
0.0,0.0
0.0,0.0
0.0,0.0
0.0,0.0
2453.28,0.0
3042.0672,0.0
3183.3761280000003,0.0
3183.3761280000003,0.0
3183.3761280000003,0.0
3183.3761280000003,0.0
3183.3761280000003,0.0
3183.3761280000003,0.0
0.0,0.0
0.0,0.0
0.0,0.0
0.0,0.0
2453.28,0.0
3042.0672,0.0
3183.3761280000003,0.0
3183.3761280000003,0.0
3183.3761280000003,0.0
3183.3761280000003,0.0
3183.3761280000003,0.0
3183.3761280000003,0.0
3183.3761280000003,0.0
3183.3761280000003,0.0
0.0,0.0
0.0,0.0
0.0,0.0
0.0,0.0
0.0,0.0
2453.2799999999997,0.0
588.7872000000002,0.0
2005.8017280000001,0.0
928.8706867200001,0.0
2676.2089648128,0.0
3095.5701515550722,0.0
3095.5701515550722,0.0
3095.5701515550722,0.0
3095.5701515550722,0.0
3095.5701515550722,0.0
3095.5701515550722,0.0
3095.5701515550722,0.0
3095.5701515550722,0.0
3095.5701515550722,0.0
2192.986918160381,0.0
486.85243423069204,0.0
486.85243423069204,0.0
486.85243423069204,0.0
486.85243423069204,0.0
0.0,0.0
0.0,0.0
0.0,0.0
0.0,0.0
0.0,0.0
0.0,0.0
0.0,0.0
0.0,0.0
0.0,0.0
0.0,0.0
0.0,0.0
0.0,0.0
0.0,0.0
2453.28,0.0
3042.0672000000013,0.0
3183.3761280000003,0.0
3183.3761280000003,0.0
3183.3761280000003,0.0
3183.3761280000003,0.0
3183.3761280000003,0.0
3183.3761280000003,0.0
3183.3761280000003,0.0
3183.3761280000003,0.0
3183.3761280000003,0.0
3183.3761280000003,0.0
3183.3761280000003,0.0
3183.3761280000003,0.0
3183.3761280000003,0.0
3183.3761280000003,0.0
3183.3761280000003,0.0
3183.3761280000003,0.0
3183.3761280000003,0.0
3183.3761280000003,0.0
3183.3761280000003,0.0
3183.3761280000003,0.0
3183.3761280000003,0.0
3183.3761280000003,0.0
3183.3761280000003,0.0
3183.3761280000003,0.0
3183.3761280000003,0.0
3183.3761280000003,0.0
3183.3761280000003,0.0
3183.3761280000003,0.0
3183.3761280000003,0.0
3183.3761280000003,0.0
3183.3761280000003,0.0
3183.3761280000003,0.0
3183.3761280000003,0.0
3183.3761280000003,0.0
3183.3761280000003,0.0
3183.3761280000003,0.0
3183.3761280000003,0.0
3183.3761280000003,0.0
3183.3761280000003,0.0
3183.3761280000003,0.0
3183.3761280000003,0.0
3183.3761280000003,0.0
3183.3761280000003,0.0
3183.3761280000003,0.0
3183.3761280000003,0.0
3183.3761280000003,0.0
3183.3761280000003,0.0
3183.3761280000003,0.0
3183.3761280000003,0.0
3183.3761280000003,0.0
3183.3761280000003,0.0
3183.3761280000003,0.0
3183.3761280000003,0.0
3183.3761280000003,0.0
3183.3761280000003,0.0
3183.3761280000003,0.0
3183.3761280000003,0.0
3183.3761280000003,0.0
3183.3761280000003,0.0
3183.3761280000003,0.0
3183.3761280000003,0.0
3183.3761280000003,0.0
3183.3761280000003,0.0
3183.3761280000003,0.0
3183.3761280000003,0.0
0.0,0.0
0.0,0.0
0.0,0.0
0.0,0.0
0.0,0.0
0.0,0.0
0.0,0.0
0.0,0.0
0.0,0.0
0.0,0.0
0.0,0.0
0.0,0.0
0.0,0.0
0.0,0.0
0.0,0.0
0.0,0.0
0.0,0.0
0.0,0.0
0.0,0.0
0.0,0.0
0.0,0.0
0.0,0.0
0.0,0.0
0.0,0.0
2453.2799999999997,0.0
3042.0672,0.0
3183.3761280000003,0.0
3183.3761280000003,0.0
0.0,0.0
2453.28,0.0
588.7872,0.0
2005.8017280000004,0.0
928.8706867199998,0.0
1747.3382780928005,0.0
1125.3029086494719,0.0
1598.0497894264015,0.0
1238.7621600359353,0.0
1511.8207583726894,0.0
1304.2962236367562,0.0
1462.0148700360655,0.0
1342.1486987725905,0.0
1433.2469889328318,0.0
1364.0122884110478,0.0
1416.6306608076038,0.0
2793.271358593825,0.0
3123.665126062518,0.0
3123.665126062518,0.0
2450.834397734304,0.0
2450.834397734304,0.0
2450.834397734304,0.0
2450.834397734304,0.0
2450.834397734304,0.0
2196.152565061347,0.0
2196.152565061347,0.0
2196.152565061347,0.0
2980.3566156147235,0.0
2980.3566156147235,0.0
2980.3566156147235,0.0
2980.3566156147235,0.0
2980.3566156147235,0.0
2980.3566156147235,0.0
2980.3566156147235,0.0
2980.3566156147235,0.0
2980.3566156147235,0.0
2980.3566156147235,0.0
2980.3566156147235,0.0
2980.3566156147235,0.0
2980.3566156147235,0.0
2980.3566156147235,0.0
2980.3566156147235,0.0
2980.3566156147235,0.0
2980.3566156147235,0.0
2980.3566156147235,0.0
2980.3566156147235,0.0
2980.3566156147235,0.0
2980.3566156147235,0.0
0.0,0.0
0.0,0.0
2453.28,0.0
878.6338003175274,0.0
2664.1521120762072,0.0
3092.6765068982904,0.0
3092.6765068982904,0.0
3092.6765068982904,0.0
3092.6765068982904,0.0
3092.6765068982904,0.0
3092.6765068982904,0.0
0.0,0.0
0.0,0.0
0.0,0.0
2453.28,0.0
3042.0672,0.0
3042.0672,0.0
3042.0672,0.0
3042.0672,0.0
3042.0672,0.0
3042.0672,0.0
3042.0672,0.0
3042.0672,0.0
3042.0672,0.0
3042.0672,0.0
3042.0672,0.0
3042.0672,0.0
3042.0672,0.0
3042.0672,0.0
3042.0672,0.0
3042.0672,0.0
848.986644154312,0.0
848.986644154312,0.0
848.986644154312,0.0
848.986644154312,0.0
848.986644154312,0.0
848.986644154312,0.0
848.986644154312,0.0
848.986644154312,0.0
848.986644154312,0.0
848.986644154312,0.0
848.986644154312,0.0
848.986644154312,0.0
848.986644154312,0.0
848.986644154312,0.0
848.986644154312,0.0
848.986644154312,0.0
848.986644154312,0.0
848.986644154312,0.0
848.986644154312,0.0
848.986644154312,0.0
848.986644154312,0.0
848.986644154312,0.0
848.986644154312,0.0
848.986644154312,0.0
848.986644154312,0.0
848.986644154312,0.0
848.986644154312,0.0
848.986644154312,0.0
848.986644154312,0.0
848.986644154312,0.0
848.986644154312,0.0
848.986644154312,0.0
848.986644154312,0.0
848.986644154312,0.0
848.986644154312,0.0
848.986644154312,0.0
848.986644154312,0.0
848.986644154312,0.0
848.986644154312,0.0
848.986644154312,0.0
848.986644154312,0.0
848.986644154312,0.0
848.986644154312,0.0
848.986644154312,0.0
848.986644154312,0.0
848.986644154312,0.0
848.986644154312,0.0
848.986644154312,0.0
745.2644199768963,0.0
0.0,0.0
0.0,0.0
0.0,0.0
0.0,0.0
0.0,0.0
0.0,0.0
0.0,0.0
0.0,0.0
0.0,0.0
0.0,0.0
0.0,0.0
0.0,0.0
0.0,0.0
0.0,0.0
0.0,0.0
0.0,0.0
0.0,0.0
2453.28,0.0
3042.0672000000013,0.0
3183.3761280000003,0.0
3183.3761280000003,0.0
3183.3761280000003,0.0
3183.3761280000003,0.0
3183.3761280000003,0.0
0.0,0.0
0.0,0.0
0.0,0.0
0.0,0.0
0.0,0.0
2453.28,0.0
588.7872000000001,0.0
2594.588928,0.0
3075.98134272,0.0
3075.98134272,0.0
3075.98134272,0.0
3075.98134272,0.0
3075.98134272,0.0
3075.98134272,0.0
3075.98134272,0.0
3075.98134272,0.0
3075.98134272,0.0
3075.98134272,0.0
3075.98134272,0.0
3075.98134272,0.0
3075.98134272,0.0
3075.98134272,0.0
3075.98134272,0.0
3075.98134272,0.0
0.0,0.0
0.0,0.0
0.0,0.0
0.0,0.0
0.0,0.0
0.0,0.0
2453.28,0.0
588.7872,0.0
2594.588928,0.0
3075.98134272,0.0
3075.98134272,0.0
3075.98134272,0.0
0.0,0.0
0.0,0.0
0.0,0.0
0.0,0.0
0.0,0.0
2453.2800000000016,0.0
3042.0672000000013,0.0
3183.3761280000003,0.0
3183.3761280000003,0.0
3183.3761280000003,0.0
3183.3761280000003,0.0
3183.3761280000003,0.0
3183.3761280000003,0.0
3183.3761280000003,0.0
3183.3761280000003,0.0
3183.3761280000003,0.0
3183.3761280000003,0.0
3183.3761280000003,0.0
3183.3761280000003,0.0
3183.3761280000003,0.0
3183.3761280000003,0.0
3183.3761280000003,0.0
3183.3761280000003,0.0
3183.3761280000003,0.0
3183.3761280000003,0.0
3183.3761280000003,0.0
3183.3761280000003,0.0
3183.3761280000003,0.0
3183.3761280000003,0.0
3183.3761280000003,0.0
3183.3761280000003,0.0
3183.3761280000003,0.0
3183.3761280000003,0.0
3183.3761280000003,0.0
3183.3761280000003,0.0
3183.3761280000003,0.0
3183.3761280000003,0.0
3183.3761280000003,0.0
3183.3761280000003,0.0
3183.3761280000003,0.0
3183.3761280000003,0.0
3183.3761280000003,0.0
3183.3761280000003,0.0
3183.3761280000003,0.0
3183.3761280000003,0.0
3183.3761280000003,0.0
3183.3761280000003,0.0
3183.3761280000003,0.0
3183.3761280000003,0.0
3183.3761280000003,0.0
3183.3761280000003,0.0
3183.3761280000003,0.0
3183.3761280000003,0.0
3183.3761280000003,0.0
3183.3761280000003,0.0
3183.3761280000003,0.0
3183.3761280000003,0.0
3183.3761280000003,0.0
3183.3761280000003,0.0
3183.3761280000003,0.0
3183.3761280000003,0.0
3183.3761280000003,0.0
3183.3761280000003,0.0
3183.3761280000003,0.0
3183.3761280000003,0.0
3183.3761280000003,0.0
3183.3761280000003,0.0
3183.3761280000003,0.0
3183.3761280000003,0.0
3183.3761280000003,0.0
3183.3761280000003,0.0
3183.3761280000003,0.0
3183.3761280000003,0.0
3170.3116774133664,0.0
0.0,0.0
0.0,0.0
0.0,0.0
0.0,0.0
2453.28,0.0
3042.0672,0.0
3183.3761280000003,0.0
3183.3761280000003,0.0
3183.3761280000003,0.0
1962.1710479143612,0.0
1962.1710479143612,0.0
1962.1710479143612,0.0
1962.1710479143612,0.0
1962.1710479143612,0.0
1962.1710479143612,0.0
1962.1710479143612,0.0
1962.1710479143612,0.0
1962.1710479143612,0.0
1962.1710479143612,0.0
1962.1710479143612,0.0
1962.1710479143612,0.0
1962.1710479143612,0.0
1962.1710479143612,0.0
1962.1710479143612,0.0
1962.1710479143612,0.0
1962.1710479143612,0.0
1962.1710479143612,0.0
1962.1710479143612,0.0
1962.1710479143612,0.0
1962.1710479143612,0.0
1962.1710479143612,0.0
1962.1710479143612,0.0
1962.1710479143612,0.0
1962.1710479143612,0.0
1962.1710479143612,0.0
1962.1710479143612,0.0
1962.1710479143612,0.0
1962.1710479143612,0.0
0.0,0.0
0.0,0.0
2453.28,0.0
3042.0672,0.0
3042.0672,0.0
3042.0672,0.0
3042.0672,0.0
3042.0672,0.0
3042.0672,0.0
3042.0672,0.0
3042.0672,0.0
3042.0672,0.0
0.0,0.0
0.0,0.0
2453.28,0.0
3042.0672,0.0
3042.0672,0.0
1817.7889258444166,0.0
0.0,0.0
0.0,0.0
236.57944642149442,0.0
236.57944642149442,0.0
236.57944642149442,0.0
236.57944642149442,0.0
236.57944642149442,0.0
0.0,0.0
2453.28,0.0
3042.0672,0.0
3075.3764530652807,0.0
3075.3764530652807,0.0
0.0,0.0
0.0,0.0
0.0,0.0
0.0,0.0
0.0,0.0
0.0,0.0
0.0,0.0
2453.2799999999997,0.0
588.7872000000002,0.0
2005.8017280000001,0.0
928.87068672,0.0
1747.3382780928005,0.0
1125.3029086494716,0.0
1598.0497894264015,0.0
2836.811949462337,0.0
3134.114867870961,0.0
3134.114867870961,0.0
2.815417976720762e-14,0.0
0.0,0.0
2453.28,0.0
588.7872000000001,0.0
2594.588928,0.0
3075.98134272,0.0
3075.98134272,0.0
3075.98134272,0.0
3075.98134272,0.0
3075.98134272,0.0
3075.98134272,0.0
3070.201735958082,0.0
3070.201735958082,0.0
3070.201735958082,0.0
3070.201735958082,0.0
3070.201735958082,0.0
3183.3761280000003,0.0
3183.3761280000003,0.0
3183.3761280000003,0.0
3183.3761280000003,0.0
3183.3761280000003,0.0
3183.3761280000003,0.0
3183.3761280000003,0.0
3183.3761280000003,0.0
3183.3761280000003,0.0
3183.3761280000003,0.0
3183.3761280000003,0.0
3183.3761280000003,0.0
3183.3761280000003,0.0
3183.3761280000003,0.0
0.0,0.0
0.0,0.0
0.0,0.0
0.0,0.0
0.0,0.0
0.0,0.0
0.0,0.0
0.0,0.0
0.0,0.0
0.0,0.0
0.0,0.0
0.0,0.0
0.0,0.0
0.0,0.0
0.0,0.0
0.0,0.0
0.0,0.0
0.0,0.0
0.0,0.0
0.0,0.0
0.0,0.0
1218.2731399555867,0.0
2745.665553589341,0.0
2745.665553589341,0.0
2745.665553589341,0.0
2745.665553589341,0.0
2745.665553589341,0.0
2745.665553589341,0.0
2745.665553589341,0.0
2745.665553589341,0.0
2745.665553589341,0.0
2745.665553589341,0.0
2745.665553589341,0.0
2745.665553589341,0.0
2745.665553589341,0.0
2745.665553589341,0.0
2745.665553589341,0.0
2745.665553589341,0.0
2745.665553589341,0.0
2745.665553589341,0.0
2745.665553589341,0.0
2745.665553589341,0.0
2745.665553589341,0.0
2745.665553589341,0.0
2745.665553589341,0.0
2745.665553589341,0.0
2745.665553589341,0.0
2745.665553589341,0.0
0.0,0.0
0.0,0.0
0.0,0.0
0.0,0.0
0.0,0.0
0.0,0.0
0.0,0.0
0.0,0.0
2453.28,0.0
588.7872000000001,0.0
2594.588928,0.0
3075.98134272,0.0
0.0,0.0
2453.28,0.0
588.7872,0.0
2594.588928,0.0
3075.98134272,0.0
3075.98134272,0.0
3075.98134272,0.0
0.0,0.0
2453.2799999999997,0.0
3042.0672,0.0
3183.3761280000003,0.0
3183.3761280000003,0.0
-7.928790989427713e-13,0.0
0.0,0.0
0.0,0.0
0.0,0.0
0.0,0.0
0.0,0.0
0.0,0.0
0.0,0.0
2453.28,0.0
3042.0672,0.0
3183.3761280000003,0.0
3183.3761280000003,0.0
3183.3761280000003,0.0
3183.3761280000003,0.0
3183.3761280000003,0.0
3183.3761280000003,0.0
0.0,0.0
0.0,0.0
0.0,0.0
0.0,0.0
0.0,0.0
0.0,0.0
0.0,0.0
0.0,0.0
0.0,0.0
0.0,0.0
0.0,0.0
0.0,0.0
0.0,0.0
0.0,0.0
0.0,0.0
0.0,0.0
0.0,0.0
2453.28,0.0
3042.0672,0.0
3042.0672,0.0
3042.0672,0.0
3042.0672,0.0
3042.0672,0.0
3042.0672,0.0
3042.0672,0.0
3042.0672,0.0
3042.0672,0.0
3042.0672,0.0
3042.0672,0.0
3042.0672,0.0
3042.0672,0.0
3042.0672,0.0
355.3475224772532,0.0
355.3475224772532,0.0
355.3475224772532,0.0
355.3475224772532,0.0
355.3475224772532,0.0
355.3475224772532,0.0
355.3475224772532,0.0
355.3475224772532,0.0
355.3475224772532,0.0
355.3475224772532,0.0
355.3475224772532,0.0
355.3475224772532,0.0
355.3475224772532,0.0
355.3475224772532,0.0
355.3475224772532,0.0
355.3475224772532,0.0
355.3475224772532,0.0
355.3475224772532,0.0
355.3475224772532,0.0
355.3475224772532,0.0
355.3475224772532,0.0
2538.563405394541,0.0
2538.563405394541,0.0
2538.563405394541,0.0
2538.563405394541,0.0
2538.563405394541,0.0
2538.563405394541,0.0
2538.563405394541,0.0
2538.563405394541,0.0
2538.563405394541,0.0
2538.563405394541,0.0
2538.563405394541,0.0
2538.563405394541,0.0
2538.563405394541,0.0
2538.563405394541,0.0
2538.563405394541,0.0
2538.563405394541,0.0
2538.563405394541,0.0
2538.563405394541,0.0
2538.563405394541,0.0
2538.563405394541,0.0
2538.563405394541,0.0
2538.563405394541,0.0
2538.563405394541,0.0
2538.563405394541,0.0
2538.563405394541,0.0
2538.563405394541,0.0
2538.563405394541,0.0
2538.563405394541,0.0
2538.563405394541,0.0
2538.563405394541,0.0
2538.563405394541,0.0
2538.563405394541,0.0
2538.563405394541,0.0
2538.563405394541,0.0
2538.563405394541,0.0
2538.563405394541,0.0
2538.563405394541,0.0
2538.563405394541,0.0
2538.563405394541,0.0
2538.563405394541,0.0
2538.563405394541,0.0
2538.563405394541,0.0
2538.563405394541,0.0
2538.563405394541,0.0
2538.563405394541,0.0
2538.563405394541,0.0
2538.563405394541,0.0
2538.563405394541,0.0
2538.563405394541,0.0
2538.563405394541,0.0
2538.563405394541,0.0
2538.563405394541,0.0
2538.563405394541,0.0
1330.7296073403102,0.0
1330.7296073403102,0.0
1330.7296073403102,0.0
1330.7296073403102,0.0
1330.7296073403102,0.0
1330.7296073403102,0.0
1330.7296073403102,0.0
1330.7296073403102,0.0
1330.7296073403102,0.0
1330.7296073403102,0.0
1330.7296073403102,0.0
1330.7296073403102,0.0
0.0,0.0
0.0,0.0
0.0,0.0
0.0,0.0
0.0,0.0
0.0,0.0
0.0,0.0
0.0,0.0
0.0,0.0
0.0,0.0
0.0,0.0
0.0,0.0
0.0,0.0
0.0,0.0
0.0,0.0
0.0,0.0
0.0,0.0
0.0,0.0
0.0,0.0
0.0,0.0
0.0,0.0
0.0,0.0
0.0,0.0
0.0,0.0
0.0,0.0
0.0,0.0
0.0,0.0
0.0,0.0
0.0,0.0
0.0,0.0
0.0,0.0
0.0,0.0
0.0,0.0
0.0,0.0
0.0,0.0
0.0,0.0
0.0,0.0
0.0,0.0
0.0,0.0
0.0,0.0
0.0,0.0
0.0,0.0
0.0,0.0
0.0,0.0
0.0,0.0
0.0,0.0
0.0,0.0
0.0,0.0
0.0,0.0
0.0,0.0
0.0,0.0
0.0,0.0
0.0,0.0
0.0,0.0
0.0,0.0
0.0,0.0
0.0,0.0
0.0,0.0
0.0,0.0
0.0,0.0
0.0,0.0
0.0,0.0
0.0,0.0
0.0,0.0
0.0,0.0
0.0,0.0
0.0,0.0
0.0,0.0
0.0,0.0
0.0,0.0
0.0,0.0
0.0,0.0
0.0,0.0
0.0,0.0
0.0,0.0
0.0,0.0
0.0,0.0
0.0,0.0
0.0,0.0
0.0,0.0
0.0,0.0
0.0,0.0
0.0,0.0
0.0,0.0
0.0,0.0
0.0,0.0
0.0,0.0
0.0,0.0
0.0,0.0
0.0,0.0
0.0,0.0
2380.9422267963687,0.0
3024.7061344311287,0.0
3179.209472263471,0.0
0.0,0.0
0.0,0.0
0.0,0.0
0.0,0.0
0.0,0.0
0.0,0.0
0.0,0.0
0.0,0.0
0.0,0.0
177.92109941529176,0.0
2495.98106385967,0.0
3052.3154553263207,0.0
3052.3154553263207,0.0
3052.3154553263207,0.0
3052.3154553263207,0.0
3052.3154553263207,0.0
3052.3154553263207,0.0
3052.3154553263207,0.0
3052.3154553263207,0.0
3052.3154553263207,0.0
3052.3154553263207,0.0
3052.3154553263207,0.0
3052.3154553263207,0.0
3052.3154553263207,0.0
3052.3154553263207,0.0
3052.3154553263207,0.0
3052.3154553263207,0.0
3052.3154553263207,0.0
3052.3154553263207,0.0
3052.3154553263207,0.0
3052.3154553263207,0.0
3052.3154553263207,0.0
3052.3154553263207,0.0
3052.3154553263207,0.0
3052.3154553263207,0.0
3052.3154553263207,0.0
3052.3154553263207,0.0
3052.3154553263207,0.0
3052.3154553263207,0.0
3052.3154553263207,0.0
3052.3154553263207,0.0
3052.3154553263207,0.0
3052.3154553263207,0.0
3052.3154553263207,0.0
3052.3154553263207,0.0
3052.3154553263207,0.0
3052.3154553263207,0.0
3052.3154553263207,0.0
3052.3154553263207,0.0
3052.3154553263207,0.0
3052.3154553263207,0.0
3052.3154553263207,0.0
3052.3154553263207,0.0
3052.3154553263207,0.0
3052.3154553263207,0.0
1165.3070240289296,0.0
1165.3070240289296,0.0
1165.3070240289296,0.0
1165.3070240289296,0.0
1165.3070240289296,0.0
1165.3070240289296,0.0
1165.3070240289296,0.0
1165.3070240289296,0.0
1165.3070240289296,0.0
1165.3070240289296,0.0
1165.3070240289296,0.0
1165.3070240289296,0.0
1165.3070240289296,0.0
1165.3070240289296,0.0
1165.3070240289296,0.0
1165.3070240289296,0.0
1165.3070240289296,0.0
1165.3070240289296,0.0
1165.3070240289296,0.0
1165.3070240289296,0.0
1165.3070240289296,0.0
1165.3070240289296,0.0
1165.3070240289296,0.0
1165.3070240289296,0.0
1165.3070240289296,0.0
1165.3070240289296,0.0
1165.3070240289296,0.0
1165.3070240289296,0.0
1165.3070240289296,0.0
0.0,0.0
0.0,0.0
0.0,0.0
0.0,0.0
0.0,0.0
0.0,0.0
0.0,0.0
2453.28,0.0
588.7872000000001,0.0
2005.8017280000004,0.0
2934.6724147200002,0.0
3157.601379532801,0.0
3157.601379532801,0.0
3157.601379532801,0.0
0.0,0.0
0.0,0.0
0.0,0.0
0.0,0.0
0.0,0.0
0.0,0.0
0.0,0.0
2453.28,0.0
3042.0672,0.0
3042.0672,0.0
3042.0672,0.0
3042.0672,0.0
3042.0672,0.0
3042.0672,0.0
3042.0672,0.0
3042.0672,0.0
3042.0672,0.0
3042.0672,0.0
3042.0672,0.0
3042.0672,0.0
3042.0672,0.0
3042.0672,0.0
3042.0672,0.0
3042.0672,0.0
3042.0672,0.0
3042.0672,0.0
3042.0672,0.0
3042.0672,0.0
3042.0672,0.0
3042.0672,0.0
3042.0672,0.0
3042.0672,0.0
3042.0672,0.0
3042.0672,0.0
3042.0672,0.0
3042.0672,0.0
1938.8328503817552,0.0
1938.8328503817552,0.0
1938.8328503817552,0.0
1938.8328503817552,0.0
1938.8328503817552,0.0
1938.8328503817552,0.0
1938.8328503817552,0.0
1938.8328503817552,0.0
1938.8328503817552,0.0
1938.8328503817552,0.0
1938.8328503817552,0.0
1938.8328503817552,0.0
1938.8328503817552,0.0
1938.8328503817552,0.0
1496.8223116576462,0.0
1496.8223116576462,0.0
1118.0706944036108,0.0
1118.0706944036108,0.0
1118.0706944036108,0.0
1118.0706944036108,0.0
1118.0706944036108,0.0
1118.0706944036108,0.0
1118.0706944036108,0.0
1118.0706944036108,0.0
1118.0706944036108,0.0
1118.0706944036108,0.0
1118.0706944036108,0.0
1118.0706944036108,0.0
1118.0706944036108,0.0
1118.0706944036108,0.0
1118.0706944036108,0.0
1118.0706944036108,0.0
1118.0706944036108,0.0
1118.0706944036108,0.0
1118.0706944036108,0.0
1118.0706944036108,0.0
1118.0706944036108,0.0
1118.0706944036108,0.0
1118.0706944036108,0.0
1118.0706944036108,0.0
1118.0706944036108,0.0
1118.0706944036108,0.0
1118.0706944036108,0.0
1118.0706944036108,0.0
2721.6169666568667,0.0
2721.6169666568667,0.0
2721.6169666568667,0.0
0.0,0.0
0.0,0.0
0.0,0.0
0.0,0.0
0.0,0.0
0.0,0.0
0.0,0.0
2453.2799999999997,0.0
588.7872000000001,0.0
2594.588928,0.0
3075.9813427199997,0.0
3075.9813427199997,0.0
3075.9813427199997,0.0
3075.9813427199997,0.0
3075.9813427199997,0.0
3075.9813427199997,0.0
3075.9813427199997,0.0
2685.271100978574,0.0
2685.271100978574,0.0
2685.271100978574,0.0
3097.7450642348576,0.0
3097.7450642348576,0.0
3097.7450642348576,0.0
0.0,0.0
0.0,0.0
0.0,0.0
0.0,0.0
0.0,0.0
0.0,0.0
0.0,0.0
0.0,0.0
0.0,0.0
0.0,0.0
0.0,0.0
0.0,0.0
0.0,0.0
0.0,0.0
0.0,0.0
0.0,0.0
0.0,0.0
0.0,0.0
0.0,0.0
0.0,0.0
0.0,0.0
0.0,0.0
0.0,0.0
0.0,0.0
0.0,0.0
0.0,0.0
0.0,0.0
0.0,0.0
0.0,0.0
0.0,0.0
0.0,0.0
0.0,0.0
0.0,0.0
0.0,0.0
0.0,0.0
0.0,0.0
0.0,0.0
0.0,0.0
0.0,0.0
0.0,0.0
0.0,0.0
0.0,0.0
0.0,0.0
0.0,0.0
0.0,0.0
0.0,0.0
0.0,0.0
0.0,0.0
0.0,0.0
0.0,0.0
0.0,0.0
0.0,0.0
0.0,0.0
0.0,0.0
0.0,0.0
0.0,0.0
0.0,0.0
1821.881823687157,0.0
2890.531637684918,0.0
2890.531637684918,0.0
2890.531637684918,0.0
2890.531637684918,0.0
2890.531637684918,0.0
2890.531637684918,0.0
2890.531637684918,0.0
2890.531637684918,0.0
0.0,0.0
0.0,0.0
0.0,0.0
0.0,0.0
2453.2799999999997,0.0
2453.2799999999997,0.0
2453.2799999999997,0.0
2453.2799999999997,0.0
2453.2799999999997,0.0
2453.2799999999997,0.0
2453.2799999999997,0.0
2453.2799999999997,0.0
2453.2799999999997,0.0
2453.2799999999997,0.0
2453.2799999999997,0.0
2453.2799999999997,0.0
2453.2799999999997,0.0
2453.2799999999997,0.0
2453.2799999999997,0.0
2453.2799999999997,0.0
2453.2799999999997,0.0
2453.2799999999997,0.0
2453.2799999999997,0.0
2453.2799999999997,0.0
2453.2799999999997,0.0
2453.2799999999997,0.0
2453.2799999999997,0.0
2453.2799999999997,0.0
2453.2799999999997,0.0
2453.2799999999997,0.0
2453.2799999999997,0.0
2453.2799999999997,0.0
2442.618794460322,0.0
2442.618794460322,0.0
1587.671854760605,0.0
1587.671854760605,0.0
0.0,0.0
0.0,0.0
0.0,0.0
0.0,0.0
0.0,0.0
0.0,0.0
0.0,0.0
0.0,0.0
0.0,0.0
0.0,0.0
0.0,0.0
0.0,0.0
0.0,0.0
0.0,0.0
0.0,0.0
0.0,0.0
0.0,0.0
0.0,0.0
0.0,0.0
0.0,0.0
0.0,0.0
0.0,0.0
1365.1897407319914,0.0
1365.1897407319914,0.0
1365.1897407319914,0.0
0.0,0.0
0.0,0.0
2453.2799999999997,0.0
3042.0672,0.0
3183.3761280000003,0.0
3183.3761280000003,0.0
3153.2510557337346,0.0
3153.2510557337346,0.0
3153.2510557337346,0.0
3153.2510557337346,0.0
3153.2510557337346,0.0
3153.2510557337346,0.0
3153.2510557337346,0.0
3153.2510557337346,0.0
3153.2510557337346,0.0
3183.3761280000003,0.0
3183.3761280000003,0.0
3183.3761280000003,0.0
0.0,0.0
0.0,0.0
0.0,0.0
0.0,0.0
0.0,0.0
0.0,0.0
0.0,0.0
0.0,0.0
0.0,0.0
0.0,0.0
0.0,0.0
0.0,0.0
0.0,0.0
0.0,0.0
0.0,0.0
0.0,0.0
0.0,0.0
0.0,0.0
0.0,0.0
0.0,0.0
0.0,0.0
0.0,0.0
0.0,0.0
0.0,0.0
0.0,0.0
0.0,0.0
0.0,0.0
0.0,0.0
0.0,0.0
0.0,0.0
0.0,0.0
0.0,0.0
0.0,0.0
0.0,0.0
0.0,0.0
0.0,0.0
0.0,0.0
0.0,0.0
0.0,0.0
0.0,0.0
0.0,0.0
0.0,0.0
0.0,0.0
0.0,0.0
0.0,0.0
0.0,0.0
0.0,0.0
0.0,0.0
0.0,0.0
0.0,0.0
0.0,0.0
0.0,0.0
0.0,0.0
0.0,0.0
0.0,0.0
0.0,0.0
0.0,0.0
0.0,0.0
0.0,0.0
0.0,0.0
0.0,0.0
0.0,0.0
0.0,0.0
0.0,0.0
0.0,0.0
0.0,0.0
0.0,0.0
0.0,0.0
0.0,0.0
2453.28,0.0
3042.0672,0.0
3042.0672,0.0
3042.0672,0.0
3042.0672,0.0
3042.0672,0.0
3042.0672,0.0
3042.0672,0.0
3042.0672,0.0
3042.0672,0.0
3042.0672,0.0
3042.0672,0.0
3042.0672,0.0
3042.0672,0.0
3042.0672,0.0
3042.0672,0.0
3042.0672,0.0
3042.0672,0.0
3042.0672,0.0
3042.0672,0.0
3042.0672,0.0
3042.0672,0.0
3042.0672,0.0
3042.0672,0.0
3042.0672,0.0
3042.0672,0.0
3042.0672,0.0
3042.0672,0.0
3042.0672,0.0
3042.0672,0.0
3042.0672,0.0
3042.0672,0.0
3042.0672,0.0
3042.0672,0.0
3042.0672,0.0
3042.0672,0.0
3042.0672,0.0
3042.0672,0.0
3042.0672,0.0
3042.0672,0.0
0.0,0.0
0.0,0.0
0.0,0.0
0.0,0.0
0.0,0.0
0.0,0.0
269.9475098701556,0.0
2248.119892498682,0.0
744.7088817010018,0.0
1887.3012499072388,0.0
1018.9310500704986,0.0
1678.8924019464214,0.0
1177.3217745207198,0.0
1558.5154513642533,0.0
1268.8082569631674,0.0
2757.7939816711596,0.0
3115.1505556010784,0.0
3.6828536970417797e-13,0.0
634.7581413574007,0.0
1970.8638125683758,0.0
2926.28731501641,0.0
3155.5889556039388,0.0
3155.5889556039388,0.0
0.0,0.0
0.0,0.0
0.0,0.0
0.0,0.0
0.0,0.0
0.0,0.0
0.0,0.0
0.0,0.0
0.0,0.0
0.0,0.0
0.0,0.0
0.0,0.0
0.0,0.0
0.0,0.0
0.0,0.0
0.0,0.0
0.0,0.0
0.0,0.0
0.0,0.0
0.0,0.0
0.0,0.0
0.0,0.0
0.0,0.0
0.0,0.0
0.0,0.0
0.0,0.0
0.0,0.0
0.0,0.0
0.0,0.0
0.0,0.0
0.0,0.0
0.0,0.0
0.0,0.0
0.0,0.0
0.0,0.0
0.0,0.0
0.0,0.0
0.0,0.0
0.0,0.0
0.0,0.0
0.0,0.0
0.0,0.0
0.0,0.0
0.0,0.0
0.0,0.0
0.0,0.0
0.0,0.0
0.0,0.0
0.0,0.0
0.0,0.0
0.0,0.0
0.0,0.0
0.0,0.0
0.0,0.0
0.0,0.0
0.0,0.0
0.0,0.0
0.0,0.0
0.0,0.0
0.0,0.0
0.0,0.0
0.0,0.0
0.0,0.0
0.0,0.0
1159.546519687923,0.0
1159.546519687923,0.0
1159.546519687923,0.0
1159.546519687923,0.0
1159.546519687923,0.0
1159.546519687923,0.0
1159.546519687923,0.0
1159.546519687923,0.0
1159.546519687923,0.0
1159.546519687923,0.0
1159.546519687923,0.0
1159.546519687923,0.0
1159.546519687923,0.0
1159.546519687923,0.0
1159.546519687923,0.0
1159.546519687923,0.0
1159.546519687923,0.0
1159.546519687923,0.0
1159.546519687923,0.0
1159.546519687923,0.0
0.0,0.0
0.0,0.0
0.0,0.0
0.0,0.0
0.0,0.0
0.0,0.0
0.0,0.0
0.0,0.0
0.0,0.0
0.0,0.0
0.0,0.0
0.0,0.0
0.0,0.0
0.0,0.0
0.0,0.0
0.0,0.0
0.0,0.0
0.0,0.0
0.0,0.0
0.0,0.0
0.0,0.0
0.0,0.0
0.0,0.0
0.0,0.0
0.0,0.0
0.0,0.0
0.0,0.0
0.0,0.0
0.0,0.0
0.0,0.0
0.0,0.0
0.0,0.0
0.0,0.0
0.0,0.0
0.0,0.0
0.0,0.0
0.0,0.0
0.0,0.0
0.0,0.0
0.0,0.0
763.7214665479532,0.0
1872.851685423556,0.0
1029.9127190780976,0.0
1670.546333500646,0.0
1183.6647865395091,0.0
2737.359548769482,0.0
3110.246291704676,0.0
3110.246291704676,0.0
3110.246291704676,0.0
0.0,0.0
0.0,0.0
0.0,0.0
0.0,0.0
0.0,0.0
0.0,0.0
0.0,0.0
1673.0939365856702,0.0
2854.822544780561,0.0
2854.822544780561,0.0
868.4484071745756,0.0
0.0,0.0
0.0,0.0
0.0,0.0
0.0,0.0
2453.2799999999997,0.0
588.7872000000002,0.0
2005.8017280000001,0.0
928.87068672,0.0
1747.3382780928005,0.0
1125.3029086494716,0.0
1598.0497894264017,0.0
1238.7621600359348,0.0
1511.8207583726896,0.0
1304.2962236367564,0.0
1462.0148700360653,0.0
1342.1486987725903,0.0
1433.2469889328313,0.0
1364.0122884110485,0.0
1416.6306608076034,0.0
1376.6406977862216,0.0
1407.0330696824717,0.0
1383.9348670413215,0.0
1401.4895010485961,0.0
1388.147979203067,0.0
1398.2875358056694,0.0
1390.5814727876912,0.0
1396.438080681355,0.0
2788.4251393635254,0.0
3122.5020334472465,0.0
3122.5020334472465,0.0
3122.5020334472465,0.0
0.0,0.0
2453.28,0.0
588.7872,0.0
2005.8017280000001,0.0
928.87068672,0.0
1747.3382780928005,0.0
1125.3029086494716,0.0
1598.0497894264017,0.0
1238.762160035935,0.0
2750.5829184086247,0.0
3113.41990041807,0.0
3113.41990041807,0.0
3113.41990041807,0.0
0.0,0.0
108.66428202188014,0.0
108.66428202188014,0.0
8.79818117724685e-16,0.0
8.79818117724685e-16,0.0
0.0,0.0
2453.2799999999997,0.0
588.7872000000002,0.0
2005.8017280000001,0.0
928.87068672,0.0
1747.3382780928005,0.0
1125.3029086494716,0.0
1598.0497894264015,0.0
2836.8119494623365,0.0
3134.114867870961,0.0
3134.114867870961,0.0
3134.114867870961,0.0
716.6941280783159,0.0
716.6941280783159,0.0
2143.536296324255,0.0
2967.728711117821,0.0
2967.728711117821,0.0
2967.728711117821,0.0
2967.728711117821,0.0
2967.728711117821,0.0
2967.728711117821,0.0
2967.728711117821,0.0
2967.728711117821,0.0
2967.728711117821,0.0
2967.728711117821,0.0
2967.728711117821,0.0
2967.728711117821,0.0
2967.728711117821,0.0
2967.728711117821,0.0
2967.728711117821,0.0
2967.728711117821,0.0
2967.728711117821,0.0
2967.728711117821,0.0
2967.728711117821,0.0
2967.728711117821,0.0
2967.728711117821,0.0
2967.728711117821,0.0
2967.728711117821,0.0
2967.728711117821,0.0
2967.728711117821,0.0
1143.3873343725004,0.0
1143.3873343725004,0.0
0.0,0.0
0.0,0.0
0.0,0.0
0.0,0.0
0.0,0.0
0.0,0.0
0.0,0.0
0.0,0.0
0.0,0.0
0.0,0.0
0.0,0.0
0.0,0.0
0.0,0.0
2453.28,0.0
588.7872,0.0
2594.588928,0.0
230.3459721164175,0.0
2278.2170611915226,0.0
721.835033494443,0.0
2626.5204080386666,0.0
3083.64489792928,0.0
3083.64489792928,0.0
3083.64489792928,0.0
0.0,0.0
0.0,0.0
2453.28,0.0
3042.0672,0.0
3042.0672,0.0
3042.0672,0.0
3042.0672,0.0
3042.0672,0.0
3042.0672,0.0
3042.0672,0.0
3042.0672,0.0
3042.0672,0.0
0.0,0.0
0.0,0.0
2453.28,0.0
3042.0672,0.0
3042.0672,0.0
2848.331497623414,0.0
2848.331497623414,0.0
839.0368284424856,0.0
839.0368284424856,0.0
839.0368284424856,0.0
0.0,0.0
0.0,0.0
0.0,0.0
2167.8258725244896,0.0
805.7323368813878,0.0
2646.655760851533,0.0
3088.477382604368,0.0
3088.477382604368,0.0
3088.477382604368,0.0
3088.477382604368,0.0
3088.477382604368,0.0
3088.477382604368,0.0
3088.477382604368,0.0
0.0,0.0
0.0,0.0
0.0,0.0
911.875963152176,0.0
2672.1302311565223,0.0
2672.1302311565223,0.0
2672.1302311565223,0.0
2672.1302311565223,0.0
2672.1302311565223,0.0
2672.1302311565223,0.0
2672.1302311565223,0.0
2672.1302311565223,0.0
2672.1302311565223,0.0
2672.1302311565223,0.0
2672.1302311565223,0.0
2672.1302311565223,0.0
2672.1302311565223,0.0
2672.1302311565223,0.0
2672.1302311565223,0.0
2672.1302311565223,0.0
2672.1302311565223,0.0
2672.1302311565223,0.0
2672.1302311565223,0.0
2672.1302311565223,0.0
2672.1302311565223,0.0
2672.1302311565223,0.0
2672.1302311565223,0.0
2672.1302311565223,0.0
2672.1302311565223,0.0
2672.1302311565223,0.0
2672.1302311565223,0.0
0.0,0.0
0.0,0.0
0.0,0.0
0.0,0.0
0.0,0.0
0.0,0.0
0.0,0.0
0.0,0.0
0.0,0.0
0.0,0.0
0.0,0.0
0.0,0.0
0.0,0.0
0.0,0.0
0.0,0.0
0.0,0.0
0.0,0.0
0.0,0.0
0.0,0.0
0.0,0.0
0.0,0.0
0.0,0.0
0.0,0.0
0.0,0.0
0.0,0.0
2453.28,0.0
588.7872,0.0
2005.8017280000004,0.0
928.8706867199998,0.0
2453.8578310857088,0.0
588.3480483748615,0.0
2006.1354832351055,0.0
928.61703274132,0.0
2676.148087857917,0.0
3095.5555410859006,0.0
3095.5555410859006,0.0
3095.5555410859006,0.0
0.0,0.0
0.0,0.0
0.0,0.0
0.0,0.0
0.0,0.0
0.0,0.0
0.0,0.0
0.0,0.0
0.0,0.0
0.0,0.0
0.0,0.0
0.0,0.0
0.0,0.0
0.0,0.0
0.0,0.0
0.0,0.0
0.0,0.0
750.5764292868707,0.0
1882.8419137419787,0.0
1022.3201455560963,0.0
1676.316689377367,0.0
1179.279316073201,0.0
1557.0277197843675,0.0
1269.9389329638807,0.0
2758.0653439113307,0.0
3115.21568253872,0.0
3115.21568253872,0.0
3115.21568253872,0.0
3115.21568253872,0.0
3115.21568253872,0.0
3115.21568253872,0.0
3115.21568253872,0.0
3115.21568253872,0.0
3115.21568253872,0.0
3115.21568253872,0.0
3115.21568253872,0.0
3115.21568253872,0.0
3115.21568253872,0.0
3115.21568253872,0.0
3115.21568253872,0.0
3115.21568253872,0.0
1689.062293944927,0.0
1689.062293944927,0.0
1689.062293944927,0.0
1689.062293944927,0.0
1689.062293944927,0.0
763.8401157790903,0.0
763.8401157790903,0.0
763.8401157790903,0.0
763.8401157790903,0.0
763.8401157790903,0.0
763.8401157790903,0.0
763.8401157790903,0.0
763.8401157790903,0.0
763.8401157790903,0.0
763.8401157790903,0.0
763.8401157790903,0.0
763.8401157790903,0.0
763.8401157790903,0.0
763.8401157790903,0.0
763.8401157790903,0.0
0.0,0.0
0.0,0.0
0.0,0.0
0.0,0.0
0.0,0.0
0.0,0.0
0.0,0.0
2453.28,0.0
3042.0672,0.0
3042.0672,0.0
3042.0672,0.0
260.9863733401022,0.0
260.9863733401022,0.0
260.9863733401022,0.0
260.9863733401022,0.0
260.9863733401022,0.0
260.9863733401022,0.0
260.9863733401022,0.0
260.9863733401022,0.0
260.9863733401022,0.0
0.0,0.0
0.0,0.0
0.0,0.0
0.0,0.0
2453.2799999999997,0.0
588.7872000000004,0.0
2005.8017280000001,0.0
2934.6724147200002,0.0
3157.601379532801,0.0
3157.601379532801,0.0
3157.601379532801,0.0
3157.601379532801,0.0
3157.601379532801,0.0
3157.601379532801,0.0
3157.601379532801,0.0
3157.601379532801,0.0
3157.601379532801,0.0
3157.601379532801,0.0
3157.601379532801,0.0
3157.601379532801,0.0
0.0,0.0
0.0,0.0
0.0,0.0
0.0,0.0
0.0,0.0
0.0,0.0
0.0,0.0
0.0,0.0
0.0,0.0
0.0,0.0
1152.755218635794,0.0
1577.1860338367965,0.0
1254.6186142840347,0.0
1499.7698531441335,0.0
1313.4549116104586,0.0
1455.0542671760516,0.0
1347.438756946201,0.0
1429.2265447208874,0.0
1367.0678260121256,0.0
1414.308452230785,0.0
1378.4055763046035,0.0
1405.6917620085014,0.0
1384.9542608735392,0.0
1400.7147617361102,0.0
1388.7367810805563,0.0
1397.8400463787773,0.0
1390.9215647521296,0.0
1396.1796107883818,0.0
1392.1834958008299,0.0
1395.2205431913694,0.0
1392.9123871745592,0.0
1394.6665857473354,0.0
1393.3333948320255,0.0
2787.6800147596864,0.0
3122.323203542325,0.0
3122.323203542325,0.0
3122.323203542325,0.0
3122.323203542325,0.0
3122.323203542325,0.0
3122.323203542325,0.0
3122.323203542325,0.0
3122.323203542325,0.0
3122.323203542325,0.0
3122.323203542325,0.0
3122.323203542325,0.0
3122.323203542325,0.0
3122.323203542325,0.0
3122.323203542325,0.0
3122.323203542325,0.0
3122.323203542325,0.0
3122.323203542325,0.0
3122.323203542325,0.0
3122.323203542325,0.0
3122.323203542325,0.0
3122.323203542325,0.0
3122.323203542325,0.0
3122.323203542325,0.0
3122.323203542325,0.0
3122.323203542325,0.0
1141.1704445127814,0.0
1141.1704445127814,0.0
1141.1704445127814,0.0
1141.1704445127814,0.0
1141.1704445127814,0.0
1141.1704445127814,0.0
1141.1704445127814,0.0
1141.1704445127814,0.0
0.0,0.0
0.0,0.0
0.0,0.0
0.0,0.0
92.70438212505107,0.0
92.70438212505107,0.0
0.0,0.0
2453.28,0.0
588.7872000000001,0.0
2005.8017280000001,0.0
928.8706867199998,0.0
1747.3382780928002,0.0
1125.302908649472,0.0
1598.0497894264013,0.0
1238.7621600359353,0.0
1511.820758372689,0.0
1304.2962236367564,0.0
1462.0148700360653,0.0
1342.1486987725903,0.0
1433.2469889328315,0.0
1364.0122884110476,0.0
1416.6306608076036,0.0
2793.2713585938254,0.0
3123.665126062518,0.0
3123.665126062518,0.0
3123.665126062518,0.0
3123.665126062518,0.0
3123.665126062518,0.0
3123.665126062518,0.0
3123.665126062518,0.0
3123.665126062518,0.0
3123.665126062518,0.0
3123.665126062518,0.0
3123.665126062518,0.0
3123.665126062518,0.0
3123.665126062518,0.0
3123.665126062518,0.0
3123.665126062518,0.0
3123.665126062518,0.0
3123.665126062518,0.0
3123.665126062518,0.0
3123.665126062518,0.0
3123.665126062518,0.0
3123.665126062518,0.0
3123.665126062518,0.0
3123.665126062518,0.0
3123.665126062518,0.0
3123.665126062518,0.0
3123.665126062518,0.0
3123.665126062518,0.0
3123.665126062518,0.0
3123.665126062518,0.0
3123.665126062518,0.0
3123.665126062518,0.0
3123.665126062518,0.0
3123.665126062518,0.0
3123.665126062518,0.0
3123.665126062518,0.0
3123.665126062518,0.0
3123.665126062518,0.0
3123.665126062518,0.0
3123.665126062518,0.0
3123.665126062518,0.0
3123.665126062518,0.0
3123.665126062518,0.0
3123.665126062518,0.0
3123.665126062518,0.0
3123.665126062518,0.0
3123.665126062518,0.0
3123.665126062518,0.0
3123.665126062518,0.0
3123.665126062518,0.0
3123.665126062518,0.0
3123.665126062518,0.0
1363.6283136152397,0.0
0.0,0.0
0.0,0.0
0.0,0.0
0.0,0.0
0.0,0.0
0.0,0.0
0.0,0.0
0.0,0.0
0.0,0.0
0.0,0.0
0.0,0.0
0.0,0.0
0.0,0.0
2453.28,0.0
588.7872000000001,0.0
2005.8017280000004,0.0
928.8706867199998,0.0
1747.3382780928005,0.0
1125.3029086494716,0.0
1598.049789426402,0.0
1238.7621600359346,0.0
1511.8207583726899,0.0
1304.296223636756,0.0
1462.0148700360655,0.0
1342.1486987725903,0.0
1433.2469889328315,0.0
1995.8117799282993,0.0
2932.274827182792,0.0
2345.9428485676626,0.0
3016.306283656239,0.0
3016.306283656239,0.0
3016.306283656239,0.0
3016.306283656239,0.0
3016.306283656239,0.0
3016.306283656239,0.0
3016.306283656239,0.0
3016.306283656239,0.0
3016.306283656239,0.0
3016.306283656239,0.0
3016.306283656239,0.0
3016.306283656239,0.0
3016.306283656239,0.0
3016.306283656239,0.0
3016.306283656239,0.0
3016.306283656239,0.0
0.0,0.0
0.0,0.0
0.0,0.0
0.0,0.0
0.0,0.0
0.0,0.0
0.0,0.0
0.0,0.0
2445.769794818106,0.0
2251.626247712574,0.0
742.0440517384441,0.0
1889.326520678783,0.0
1017.3918442841251,0.0
1680.062198344065,0.0
2856.4949276025754,0.0
3138.838782624618,0.0
3138.838782624618,0.0
3138.838782624618,0.0
3138.838782624618,0.0
3138.838782624618,0.0
3138.838782624618,0.0
3138.838782624618,0.0
0.0,0.0
0.0,0.0
1601.0161606314407,0.0
1236.5077179201053,0.0
1513.5341343807202,0.0
1302.9940578706528,0.0
1463.0045160183035,0.0
1341.3965678260893,0.0
1433.8186084521724,0.0
2797.3964660285214,0.0
3124.655151846846,0.0
3124.655151846846,0.0
3124.655151846846,0.0
3124.655151846846,0.0
3124.655151846846,0.0
3124.655151846846,0.0
3124.655151846846,0.0
3124.655151846846,0.0
3124.655151846846,0.0
3124.655151846846,0.0
3124.655151846846,0.0
3124.655151846846,0.0
3124.655151846846,0.0
3124.655151846846,0.0
3124.655151846846,0.0
3124.655151846846,0.0
3124.655151846846,0.0
3124.655151846846,0.0
3124.655151846846,0.0
3124.655151846846,0.0
3124.655151846846,0.0
3124.655151846846,0.0
3124.655151846846,0.0
3124.655151846846,0.0
3124.655151846846,0.0
3124.655151846846,0.0
3124.655151846846,0.0
0.0,0.0
0.0,0.0
0.0,0.0
0.0,0.0
0.0,0.0
0.0,0.0
0.0,0.0
0.0,0.0
0.0,0.0
0.0,0.0
0.0,0.0
0.0,0.0
379.3876149521785,0.0
2544.333027588523,0.0
2544.333027588523,0.0
2544.333027588523,0.0
2544.333027588523,0.0
2544.333027588523,0.0
2544.333027588523,0.0
2544.333027588523,0.0
2544.333027588523,0.0
2544.333027588523,0.0
2544.333027588523,0.0
2544.333027588523,0.0
2544.333027588523,0.0
2544.333027588523,0.0
2544.333027588523,0.0
1383.6126818055482,0.0
0.0,0.0
0.0,0.0
0.0,0.0
0.0,0.0
0.0,0.0
0.0,0.0
0.0,0.0
0.0,0.0
0.0,0.0
0.0,0.0
0.0,0.0
0.0,0.0
0.0,0.0
0.0,0.0
0.0,0.0
0.0,0.0
0.0,0.0
0.0,0.0
0.0,0.0
0.0,0.0
0.0,0.0
0.0,0.0
0.0,0.0
2453.2799999999997,0.0
588.7872000000001,0.0
2005.8017280000004,0.0
928.8706867199998,0.0
1747.3382780928005,0.0
1125.3029086494716,0.0
2453.28,0.0
3042.0672000000004,0.0
3183.3761280000003,0.0
3183.3761280000003,0.0
3183.3761280000003,0.0
3183.3761280000003,0.0
3183.3761280000003,0.0
3183.3761280000003,0.0
3183.3761280000003,0.0
3183.3761280000003,0.0
162.61870692661535,0.0
162.61870692661535,0.0
2492.3084896623877,0.0
920.8239073699696,0.0
0.0,0.0
0.0,0.0
0.0,0.0
0.0,0.0
0.0,0.0
0.0,0.0
0.0,0.0
0.0,0.0
0.0,0.0
0.0,0.0
0.0,0.0
0.0,0.0
0.0,0.0
0.0,0.0
0.0,0.0
0.0,0.0
0.0,0.0
0.0,0.0
0.0,0.0
0.0,0.0
0.0,0.0
2453.28,0.0
588.7872000000001,0.0
2005.8017280000001,0.0
928.87068672,0.0
2453.2800000000016,0.0
3042.0672000000013,0.0
3183.3761280000003,0.0
3183.3761280000003,0.0
3183.3761280000003,0.0
3183.3761280000003,0.0
3183.3761280000003,0.0
3183.3761280000003,0.0
3183.3761280000003,0.0
3183.3761280000003,0.0
3183.3761280000003,0.0
3183.3761280000003,0.0
3183.3761280000003,0.0
3183.3761280000003,0.0
3183.3761280000003,0.0
3183.3761280000003,0.0
3183.3761280000003,0.0
3183.3761280000003,0.0
3183.3761280000003,0.0
3183.3761280000003,0.0
3183.3761280000003,0.0
3183.3761280000003,0.0
3183.3761280000003,0.0
3183.3761280000003,0.0
3183.3761280000003,0.0
3183.3761280000003,0.0
3183.3761280000003,0.0
3183.3761280000003,0.0
3183.3761280000003,0.0
3183.3761280000003,0.0
3183.3761280000003,0.0
3183.3761280000003,0.0
3183.3761280000003,0.0
3183.3761280000003,0.0
3183.3761280000003,0.0
3183.3761280000003,0.0
3183.3761280000003,0.0
3183.3761280000003,0.0
3183.3761280000003,0.0
3183.3761280000003,0.0
3183.3761280000003,0.0
3183.3761280000003,0.0
3183.3761280000003,0.0
0.0,0.0
0.0,0.0
0.0,0.0
0.0,0.0
0.0,0.0
0.0,0.0
0.0,0.0
0.0,0.0
0.0,0.0
0.0,0.0
0.0,0.0
0.0,0.0
0.0,0.0
0.0,0.0
0.0,0.0
0.0,0.0
0.0,0.0
0.0,0.0
0.0,0.0
0.0,0.0
0.0,0.0
0.0,0.0
0.0,0.0
0.0,0.0
0.0,0.0
0.0,0.0
0.0,0.0
0.0,0.0
0.0,0.0
0.0,0.0
0.0,0.0
0.0,0.0
0.0,0.0
0.0,0.0
2453.28,0.0
588.7872000000001,0.0
2005.8017280000004,0.0
928.87068672,0.0
1747.3382780928005,0.0
2872.641186742272,0.0
3142.7138848181453,0.0
3142.7138848181453,0.0
3142.7138848181453,0.0
3142.7138848181453,0.0
3142.7138848181453,0.0
3142.7138848181453,0.0
3142.7138848181453,0.0
3142.7138848181453,0.0
3142.7138848181453,0.0
3142.7138848181453,0.0
3142.7138848181453,0.0
3142.7138848181453,0.0
3142.7138848181453,0.0
3142.7138848181453,0.0
3142.7138848181453,0.0
3142.7138848181453,0.0
3142.7138848181453,0.0
3142.7138848181453,0.0
3142.7138848181453,0.0
3142.7138848181453,0.0
3142.7138848181453,0.0
3142.7138848181453,0.0
3142.7138848181453,0.0
3142.7138848181453,0.0
3142.7138848181453,0.0
3142.7138848181453,0.0
3142.7138848181453,0.0
3142.7138848181453,0.0
3142.7138848181453,0.0
3142.7138848181453,0.0
3142.7138848181453,0.0
3142.7138848181453,0.0
3142.7138848181453,0.0
3142.7138848181453,0.0
3142.7138848181453,0.0
3142.7138848181453,0.0
3142.7138848181453,0.0
3142.7138848181453,0.0
3142.7138848181453,0.0
3142.7138848181453,0.0
3142.7138848181453,0.0
3142.7138848181453,0.0
3142.7138848181453,0.0
2720.8823806996566,0.0
2126.8190610560473,0.0
2126.8190610560473,0.0
2126.8190610560473,0.0
2126.8190610560473,0.0
1524.0663010796034,0.0
1524.0663010796034,0.0
1524.0663010796034,0.0
1524.0663010796034,0.0
1524.0663010796034,0.0
1524.0663010796034,0.0
1524.0663010796034,0.0
-1.4077089883603408e-14,0.0
0.0,0.0
1506.892209032848,0.0
2814.9341301678837,0.0
3128.8641912402923,0.0
3128.8641912402923,0.0
0.0,0.0
0.0,0.0
0.0,0.0
0.0,0.0
0.0,0.0
0.0,0.0
0.0,0.0
0.0,0.0
0.0,0.0
0.0,0.0
0.0,0.0
0.0,0.0
0.0,0.0
2453.28,0.0
588.7872,0.0
2005.8017280000004,0.0
928.87068672,0.0
1747.3382780928002,0.0
1125.3029086494719,0.0
1598.0497894264015,0.0
1238.762160035935,0.0
1511.8207583726896,0.0
1304.296223636756,0.0
1462.0148700360653,0.0
1342.1486987725903,0.0
1433.2469889328308,0.0
1364.0122884110485,0.0
1416.6306608076034,0.0
1376.6406977862216,0.0
1407.0330696824717,0.0
1383.9348670413215,0.0
1401.489501048596,0.0
1388.1479792030675,0.0
1398.2875358056688,0.0
1390.581472787692,0.0
1396.4380806813542,0.0
1391.9870586821708,0.0
1395.3698354015505,0.0
1392.7989250948217,0.0
1394.7528169279356,0.0
1393.267859134769,0.0
1394.396427057576,0.0
1393.5387154362425,0.0
1394.1905762684557,0.0
1393.695162035974,0.0
1394.0716768526602,0.0
1393.785525591979,0.0
1394.0030005500962,0.0
1393.837719581927,0.0
1393.9633331177358,0.0
1393.867866830521,0.0
2787.8082880393254,0.0
3122.353989129438,0.0
3122.353989129438,0.0
3122.353989129438,0.0
3122.353989129438,0.0
3122.353989129438,0.0
3122.353989129438,0.0
3122.353989129438,0.0
3122.353989129438,0.0
3122.353989129438,0.0
3122.353989129438,0.0
3122.353989129438,0.0
3122.353989129438,0.0
3122.353989129438,0.0
3122.353989129438,0.0
1244.9885771299766,0.0
1244.9885771299766,0.0
1244.9885771299766,0.0
1244.9885771299766,0.0
1244.9885771299766,0.0
1244.9885771299766,0.0
1244.9885771299766,0.0
1244.9885771299766,0.0
1244.9885771299766,0.0
1244.9885771299766,0.0
1244.9885771299766,0.0
1244.9885771299766,0.0
1244.9885771299766,0.0
1244.9885771299766,0.0
1244.9885771299766,0.0
1244.9885771299766,0.0
1244.9885771299766,0.0
1244.9885771299766,0.0
1244.9885771299766,0.0
0.0,0.0
0.0,0.0
0.0,0.0
0.0,0.0
0.0,0.0
0.0,0.0
0.0,0.0
0.0,0.0
0.0,0.0
0.0,0.0
0.0,0.0
0.0,0.0
0.0,0.0
0.0,0.0
0.0,0.0
0.0,0.0
0.0,0.0
0.0,0.0
0.0,0.0
0.0,0.0
2453.28,0.0
588.7872000000001,0.0
2005.8017280000001,0.0
928.8706867200001,0.0
1747.3382780928002,0.0
1125.302908649472,0.0
1598.0497894264017,0.0
1238.7621600359346,0.0
1511.82075837269,0.0
1304.296223636756,0.0
1462.0148700360655,0.0
1342.14869877259,0.0
1433.2469889328315,0.0
1364.0122884110483,0.0
1416.6306608076036,0.0
1376.6406977862216,0.0
1407.0330696824717,0.0
1383.9348670413217,0.0
1401.4895010485957,0.0
1388.1479792030673,0.0
1398.287535805669,0.0
1390.5814727876918,0.0
1396.4380806813542,0.0
2788.4251393635254,0.0
3122.5020334472465,0.0
3122.5020334472465,0.0
3122.5020334472465,0.0
3122.5020334472465,0.0
3122.5020334472465,0.0
3122.5020334472465,0.0
1388.062466378819,0.0
0.0,0.0
0.0,0.0
0.0,0.0
0.0,0.0
0.0,0.0
0.0,0.0
0.0,0.0
0.0,0.0
0.0,0.0
0.0,0.0
0.0,0.0
0.0,0.0
0.0,0.0
0.0,0.0
0.0,0.0
0.0,0.0
0.0,0.0
0.0,0.0
0.0,0.0
0.0,0.0
0.0,0.0
0.0,0.0
0.0,0.0
2453.28,0.0
588.7872,0.0
2005.8017280000004,0.0
928.87068672,0.0
1747.3382780928002,0.0
1125.302908649472,0.0
1598.0497894264013,0.0
1238.7621600359353,0.0
1511.8207583726894,0.0
1304.2962236367566,0.0
1462.0148700360653,0.0
1342.1486987725903,0.0
1433.2469889328318,0.0
1364.012288411048,0.0
1416.6306608076038,0.0
1376.6406977862214,0.0
1407.0330696824722,0.0
1383.9348670413215,0.0
1401.4895010485957,0.0
1388.1479792030673,0.0
1398.2875358056688,0.0
1390.5814727876914,0.0
1396.4380806813547,0.0
1391.987058682171,0.0
1395.3698354015505,0.0
1392.7989250948217,0.0
1394.7528169279356,0.0
1393.267859134769,0.0
1394.396427057576,0.0
1393.5387154362425,0.0
1394.1905762684562,0.0
1393.6951620359737,0.0
1394.0716768526604,0.0
1393.785525591978,0.0
1394.0030005500969,0.0
1393.8377195819266,0.0
2787.8010526996623,0.0
3122.3522526479196,0.0
1993.0395732467855,0.0
0.0,0.0
1457.5622894096532,0.0
1345.5326600486637,0.0
1430.6751783630157,0.0
1365.9668644441083,0.0
1415.1451830224778,0.0
1377.7696609029172,0.0
1406.1750577137834,0.0
1384.586956137525,0.0
1400.993913335481,0.0
2789.5185392005155,0.0
3122.764449408124,0.0
3122.764449408124,0.0
0.0,0.0
0.0,0.0
0.0,0.0
0.0,0.0
0.0,0.0
0.0,0.0
0.0,0.0
0.0,0.0
0.0,0.0
0.0,0.0
0.0,0.0
0.0,0.0
0.0,0.0
0.0,0.0
0.0,0.0
0.0,0.0
0.0,0.0
0.0,0.0
0.0,0.0
0.0,0.0
0.0,0.0
0.0,0.0
0.0,0.0
0.0,0.0
0.0,0.0
0.0,0.0
0.0,0.0
0.0,0.0
0.0,0.0
0.0,0.0
0.0,0.0
0.0,0.0
