PumpedStor,BatteryStor
0.0,0.0
4555.44,0.0
4555.44,0.0
4555.44,0.0
4555.44,0.0
5648.7456,0.0
5911.138944,0.0
5974.11334656,0.0
5989.2272031744,0.0
5992.854528761856,0.0
5993.725086902846,0.0
5993.934020856683,0.0
5993.984165005604,0.0
5993.996199601345,0.0
5993.999087904323,0.0
5993.999781097037,0.0
5993.999947463289,0.0
5993.999987391189,0.0
5993.999996973886,0.0
5993.999999273732,0.0
4193.986444165068,0.0
1365.019753264347,0.0
1365.019753264347,0.0
0.0,0.0
0.0,0.0
882.4229991500371,0.0
1576.362612812657,0.0
0.0,0.0
0.0,0.0
0.0,0.0
0.0,0.0
0.0,0.0
0.0,0.0
0.0,0.0
0.0,0.0
0.0,0.0
0.0,0.0
0.0,0.0
0.0,0.0
0.0,0.0
0.0,0.0
0.0,0.0
0.0,0.0
0.0,0.0
0.0,0.0
0.0,0.0
0.0,0.0
0.0,0.0
463.49588754519283,0.0
2949.3852367343716,0.0
5263.292456816249,0.0
3633.6085978914343,0.0
0.0,0.0
0.0,0.0
0.0,0.0
0.0,0.0
2552.553566844348,0.0
5168.052856042644,0.0
5795.772685450234,0.0
5946.425444508056,0.0
5982.5821066819335,0.0
5991.259705603664,0.0
5993.3423293448795,0.0
5993.8421590427715,0.0
5993.962118170265,0.0
4612.815241802513,0.0
4612.815241802513,0.0
0.0,0.0
0.0,0.0
0.0,0.0
0.0,0.0
0.0,0.0
0.0,0.0
0.0,0.0
0.0,0.0
0.0,0.0
0.0,0.0
0.0,0.0
0.0,0.0
0.0,0.0
0.0,0.0
0.0,0.0
0.0,0.0
0.0,0.0
0.0,0.0
0.0,0.0
0.0,0.0
0.0,0.0
0.0,0.0
0.0,0.0
0.0,0.0
0.0,0.0
0.0,0.0
0.0,0.0
0.0,0.0
0.0,0.0
0.0,0.0
0.0,0.0
209.48632233363736,0.0
209.48632233363736,0.0
209.48632233363736,0.0
209.48632233363736,0.0
209.48632233363736,0.0
0.0,0.0
0.0,0.0
0.0,0.0
3987.437884212475,0.0
3987.437884212475,0.0
3987.437884212475,0.0
3987.437884212475,0.0
5512.425092210994,0.0
5512.425092210994,0.0
5512.425092210994,0.0
5512.425092210994,0.0
5878.422022130639,0.0
5878.422022130639,0.0
5878.422022130639,0.0
5878.422022130639,0.0
5878.422022130639,0.0
5878.422022130639,0.0
5878.422022130639,0.0
5878.422022130639,0.0
5878.422022130639,0.0
5878.422022130639,0.0
5966.261285311353,0.0
5966.261285311353,0.0
5966.261285311353,0.0
5966.261285311353,0.0
5966.261285311353,0.0
5805.498537310159,0.0
5805.498537310159,0.0
5805.498537310159,0.0
5805.498537310159,0.0
5805.498537310159,0.0
5805.498537310159,0.0
5805.498537310159,0.0
5805.498537310159,0.0
5805.498537310159,0.0
5948.7596489544385,0.0
5983.142315749065,0.0
5988.473214571072,0.0
5992.673571497057,0.0
5993.6816571592935,0.0
5993.923597718231,0.0
5993.981663452375,0.0
5993.99559922857,0.0
5993.998943814857,0.0
5993.999746515566,0.0
5993.999939163736,0.0
5993.999985399297,0.0
5993.9999964958315,0.0
983.2001097646526,0.0
983.2001097646526,0.0
983.2001097646526,0.0
983.2001097646526,0.0
0.0,0.0
0.0,0.0
0.0,0.0
0.0,0.0
0.0,0.0
0.0,0.0
0.0,0.0
0.0,0.0
0.0,0.0
0.0,0.0
0.0,0.0
0.0,0.0
0.0,0.0
4555.44,0.0
5648.7456,0.0
5911.138944,0.0
5974.11334656,0.0
5989.2272031744,0.0
5989.2272031744,0.0
5989.2272031744,0.0
5989.2272031744,0.0
5989.2272031744,0.0
5989.2272031744,0.0
5992.854528761856,0.0
5993.725086902846,0.0
5993.934020856683,0.0
5993.984165005604,0.0
5993.996199601345,0.0
5993.999087904323,0.0
5993.999781097037,0.0
5993.999947463289,0.0
5993.999987391189,0.0
5993.9999964958315,0.0
0.0,0.0
0.0,0.0
0.0,0.0
2773.719944588989,0.0
5221.132786701357,0.0
5808.511868808326,0.0
5949.482848513998,0.0
5983.3158836433595,0.0
5991.435812074406,0.0
5993.384594897858,0.0
5993.852302775485,0.0
5993.964552666116,0.0
5424.11968715867,0.0
4780.587216888384,0.0
5702.780932053212,0.0
5924.107423692771,0.0
5977.225781686265,0.0
5989.974187604704,0.0
5993.0338050251285,0.0
5993.768113206031,0.0
5993.944347169448,0.0
5993.944347169448,0.0
5993.944347169448,0.0
455.04796774917486,0.0
455.04796774917486,0.0
0.0,0.0
0.0,0.0
0.0,0.0
0.0,0.0
0.0,0.0
0.0,0.0
0.0,0.0
0.0,0.0
0.0,0.0
0.0,0.0
2339.879146798751,0.0
5117.0109952317,0.0
5783.5226388556075,0.0
5943.485433325346,0.0
5981.876503998083,0.0
5991.09036095954,0.0
5993.30168663029,0.0
5993.832404791269,0.0
5993.959777149905,0.0
5993.990346515977,0.0
5993.997683163834,0.0
5993.99944395932,0.0
0.0,0.0
0.0,0.0
0.0,0.0
0.0,0.0
0.0,0.0
0.0,0.0
0.0,0.0
602.0354486076325,0.0
2191.789123463153,0.0
1356.1426767426888,0.0
4328.181668074316,0.0
5594.203600337836,0.0
5898.048864081081,0.0
5970.9717273794595,0.0
5988.4732145710705,0.0
5992.673571497057,0.0
5993.6816571592935,0.0
5993.923597718231,0.0
5993.981663452375,0.0
5993.99559922857,0.0
5993.998943814857,0.0
5993.999746515565,0.0
5993.999939163735,0.0
5993.999985399296,0.0
5993.9999964958315,0.0
3252.0640425370375,0.0
0.0,0.0
0.0,0.0
0.0,0.0
0.0,0.0
0.0,0.0
0.0,0.0
0.0,0.0
0.0,0.0
0.0,0.0
0.0,0.0
0.0,0.0
0.0,0.0
0.0,0.0
0.0,0.0
0.0,0.0
0.0,0.0
0.0,0.0
0.0,0.0
0.0,0.0
0.0,0.0
0.0,0.0
0.0,0.0
0.0,0.0
0.0,0.0
0.0,0.0
0.0,0.0
0.0,0.0
0.0,0.0
0.0,0.0
0.0,0.0
0.0,0.0
0.0,0.0
0.0,0.0
0.0,0.0
0.0,0.0
0.0,0.0
0.0,0.0
0.0,0.0
0.0,0.0
0.0,0.0
0.0,0.0
0.0,0.0
0.0,0.0
0.0,0.0
0.0,0.0
0.0,0.0
0.0,0.0
0.0,0.0
0.0,0.0
0.0,0.0
4555.44,0.0
5648.7456,0.0
5911.138944,0.0
5974.11334656,0.0
5974.11334656,0.0
5989.2272031744,0.0
5992.854528761856,0.0
5993.725086902846,0.0
5993.934020856683,0.0
5993.984165005604,0.0
5993.996199601345,0.0
5993.999087904323,0.0
5993.999781097037,0.0
5993.999947463289,0.0
5993.999987391189,0.0
5993.999996973886,0.0
5993.999999273732,0.0
5993.999999825695,0.0
4456.31242542403,0.0
4456.31242542403,0.0
5624.954982101767,0.0
5494.223142597958,0.0
144.08676343750267,0.0
0.0,0.0
0.0,0.0
0.0,0.0
4555.44,0.0
5648.7456,0.0
5911.138944,0.0
5974.11334656,0.0
5989.2272031744,0.0
5992.854528761856,0.0
5993.725086902846,0.0
5993.934020856683,0.0
5993.984165005604,0.0
5993.996199601345,0.0
5993.999087904323,0.0
5993.999781097037,0.0
5993.999947463289,0.0
5993.999987391189,0.0
5993.999996973886,0.0
3242.099171940642,0.0
2830.957932199105,0.0
5234.869903727786,0.0
5234.869903727786,0.0
1949.136333860762,0.0
0.0,0.0
0.0,0.0
0.0,0.0
1584.0836527045576,0.0
1584.0836527045576,0.0
4935.620076649096,0.0
5739.988818395783,0.0
4775.149134056509,0.0
1997.9048390855314,0.0
5034.937161380528,0.0
5763.824918731327,0.0
5938.7579804955185,0.0
5980.741915318925,0.0
5990.818059676541,0.0
5993.23633432237,0.0
5993.816720237369,0.0
5993.956012856968,0.0
5993.989443085672,0.0
5993.997466340561,0.0
5993.99939192173,0.0
5414.655808745018,0.0
5854.957394098804,0.0
5960.629774583713,0.0
1381.3154758834335,0.0
0.0,0.0
4555.44,0.0
5648.7456,0.0
5911.138944,0.0
5974.11334656,0.0
5989.2272031744,0.0
5992.854528761856,0.0
664.216490445905,0.0
664.216490445905,0.0
2295.0264940489637,0.0
0.0,0.0
0.0,0.0
0.0,0.0
0.0,0.0
0.0,0.0
0.0,0.0
0.0,0.0
0.0,0.0
0.0,0.0
0.0,0.0
0.0,0.0
0.0,0.0
0.0,0.0
0.0,0.0
0.0,0.0
0.0,0.0
0.0,0.0
272.3849335135057,0.0
4561.733234512554,0.0
5650.255976283013,0.0
905.7875464600766,0.0
905.7875464600766,0.0
905.7875464600766,0.0
0.0,0.0
0.0,0.0
4555.44,0.0
5648.7456,0.0
5911.138944,0.0
5974.11334656,0.0
5989.2272031744,0.0
5992.854528761856,0.0
5993.725086902846,0.0
5993.934020856683,0.0
3412.1999731927754,0.0
3412.1999731927754,0.0
3412.1999731927754,0.0
3412.1999731927754,0.0
3412.1999731927754,0.0
3412.1999731927754,0.0
3412.1999731927754,0.0
3412.1999731927754,0.0
3412.1999731927754,0.0
3412.1999731927754,0.0
3412.1999731927754,0.0
3412.1999731927754,0.0
3412.1999731927754,0.0
3412.1999731927754,0.0
3412.1999731927754,0.0
3412.1999731927754,0.0
3412.1999731927754,0.0
170.2766665658819,0.0
170.2766665658819,0.0
170.2766665658819,0.0
170.2766665658819,0.0
170.2766665658819,0.0
170.2766665658819,0.0
170.2766665658819,0.0
170.2766665658819,0.0
170.2766665658819,0.0
170.2766665658819,0.0
170.2766665658819,0.0
170.2766665658819,0.0
170.2766665658819,0.0
170.2766665658819,0.0
170.2766665658819,0.0
170.2766665658819,0.0
0.0,0.0
1713.619004410055,0.0
4304.079692562886,0.0
5214.332788368878,0.0
5806.879869208531,0.0
5949.091168610047,0.0
5983.221880466408,0.0
4746.179583171272,0.0
4023.666157414648,0.0
5521.119877779515,0.0
5880.508770667084,0.0
5966.7621049601,0.0
5987.462905190424,0.0
5992.4310972457015,0.0
5993.6234633389695,0.0
4179.163320625036,0.0
5558.439196950008,0.0
5889.465407268002,0.0
5968.911697744321,0.0
0.0,0.0
0.0,0.0
0.0,0.0
0.0,0.0
748.4547230456554,0.0
1988.5514344603725,0.0
5032.692344270489,0.0
3007.298211005054,0.0
3007.298211005054,0.0
3007.298211005054,0.0
3596.588831019052,0.0
3596.588831019052,0.0
3596.588831019052,0.0
3596.588831019052,0.0
3596.588831019052,0.0
3596.588831019052,0.0
3596.588831019052,0.0
3596.588831019052,0.0
4462.737526653716,0.0
4462.737526653716,0.0
4462.737526653716,0.0
4462.737526653716,0.0
4462.737526653716,0.0
4462.737526653716,0.0
4462.737526653716,0.0
4462.737526653716,0.0
4462.737526653716,0.0
4462.737526653716,0.0
4462.737526653716,0.0
4462.737526653716,0.0
4462.737526653716,0.0
4462.737526653716,0.0
4462.737526653716,0.0
4462.737526653716,0.0
4462.737526653716,0.0
4462.737526653716,0.0
4462.737526653716,0.0
4462.737526653716,0.0
4462.737526653716,0.0
4462.737526653716,0.0
4462.737526653716,0.0
4462.737526653716,0.0
4462.737526653716,0.0
4462.737526653716,0.0
4462.737526653716,0.0
4462.737526653716,0.0
4462.737526653716,0.0
4462.737526653716,0.0
4462.737526653716,0.0
4462.737526653716,0.0
4462.737526653716,0.0
4462.737526653716,0.0
4462.737526653716,0.0
4462.737526653716,0.0
4462.737526653716,0.0
4462.737526653716,0.0
4462.737526653716,0.0
4462.737526653716,0.0
4462.737526653716,0.0
4462.737526653716,0.0
4462.737526653716,0.0
4462.737526653716,0.0
4462.737526653716,0.0
4462.737526653716,0.0
4462.737526653716,0.0
4462.737526653716,0.0
4603.554292074024,0.0
5659.057846471034,0.0
5659.057846471034,0.0
5659.057846471034,0.0
5659.057846471034,0.0
5659.057846471034,0.0
5659.057846471034,0.0
5659.057846471034,0.0
5659.057846471034,0.0
5659.057846471034,0.0
5659.057846471034,0.0
5659.057846471034,0.0
5659.057846471034,0.0
5659.057846471034,0.0
5659.057846471034,0.0
5659.057846471034,0.0
5659.057846471034,0.0
5659.057846471034,0.0
5659.057846471034,0.0
5659.057846471034,0.0
5659.057846471034,0.0
5659.057846471034,0.0
5659.057846471034,0.0
5659.057846471034,0.0
5659.057846471034,0.0
5659.057846471034,0.0
5659.057846471034,0.0
5659.057846471034,0.0
5659.057846471034,0.0
5659.057846471034,0.0
5659.057846471034,0.0
2803.1931582480247,0.0
2803.1931582480247,0.0
2803.1931582480247,0.0
2803.1931582480247,0.0
2803.1931582480247,0.0
2803.1931582480247,0.0
2803.1931582480247,0.0
2803.1931582480247,0.0
2803.1931582480247,0.0
2803.1931582480247,0.0
2803.1931582480247,0.0
2803.1931582480247,0.0
2803.1931582480247,0.0
2803.1931582480247,0.0
2803.1931582480247,0.0
2803.1931582480247,0.0
2803.1931582480247,0.0
2803.1931582480247,0.0
2803.1931582480247,0.0
2803.1931582480247,0.0
2803.1931582480247,0.0
2803.1931582480247,0.0
2803.1931582480247,0.0
2803.1931582480247,0.0
2803.1931582480247,0.0
2803.1931582480247,0.0
2803.1931582480247,0.0
2803.1931582480247,0.0
2803.1931582480247,0.0
2803.1931582480247,0.0
2803.1931582480247,0.0
2803.1931582480247,0.0
2803.1931582480247,0.0
2803.1931582480247,0.0
2803.1931582480247,0.0
2803.1931582480247,0.0
0.0,0.0
0.0,0.0
0.0,0.0
0.0,0.0
0.0,0.0
0.0,0.0
0.0,0.0
0.0,0.0
0.0,0.0
0.0,0.0
0.0,0.0
0.0,0.0
0.0,0.0
0.0,0.0
0.0,0.0
0.0,0.0
0.0,0.0
0.0,0.0
0.0,0.0
0.0,0.0
1016.6743988360392,0.0
2707.2885689263576,0.0
0.0,0.0
0.0,0.0
0.0,0.0
0.0,0.0
0.0,0.0
0.0,0.0
0.0,0.0
0.0,0.0
0.0,0.0
0.0,0.0
0.0,0.0
653.8235994389688,0.0
0.0,0.0
0.0,0.0
0.0,0.0
0.0,0.0
4555.44,0.0
5648.7456,0.0
5911.138944,0.0
5974.11334656,0.0
5989.2272031744,0.0
5992.854528761856,0.0
5993.725086902846,0.0
5993.934020856683,0.0
5993.984165005604,0.0
5993.996199601345,0.0
2462.4300820915378,0.0
0.0,0.0
1468.4365771034418,0.0
3974.7333245218797,0.0
5509.375997885251,0.0
5877.69023949246,0.0
5966.085657478192,0.0
5232.05433548696,0.0
5811.13304051687,0.0
5950.111929724048,0.0
5983.466863133772,0.0
2726.9177268905732,0.0
0.0,0.0
4555.44,0.0
5648.7456,0.0
5911.138944,0.0
5974.11334656,0.0
5974.11334656,0.0
5974.11334656,0.0
5974.11334656,0.0
5974.11334656,0.0
5974.11334656,0.0
5974.11334656,0.0
5989.2272031744,0.0
5992.854528761856,0.0
5993.725086902846,0.0
5993.934020856683,0.0
5993.984165005604,0.0
5993.996199601345,0.0
5993.999087904323,0.0
5993.999781097037,0.0
5993.999947463289,0.0
5993.999987391189,0.0
5993.9999964958315,0.0
5993.9999964958315,0.0
4715.405550561924,0.0
0.0,0.0
2080.5587800894536,0.0
5054.7741072214685,0.0
5768.585785733152,0.0
5939.900588575956,0.0
5981.016141258229,0.0
5990.883873901975,0.0
5993.252129736474,0.0
5993.820511136753,0.0
5993.956922672821,0.0
5993.989661441476,0.0
5993.997518745954,0.0
962.3517488484549,0.0
962.3517488484549,0.0
689.6530412946095,0.0
689.6530412946095,0.0
689.6530412946095,0.0
689.6530412946095,0.0
689.6530412946095,0.0
689.6530412946095,0.0
689.6530412946095,0.0
689.6530412946095,0.0
689.6530412946095,0.0
689.6530412946095,0.0
689.6530412946095,0.0
689.6530412946095,0.0
689.6530412946095,0.0
689.6530412946095,0.0
689.6530412946095,0.0
689.6530412946095,0.0
689.6530412946095,0.0
689.6530412946095,0.0
689.6530412946095,0.0
689.6530412946095,0.0
689.6530412946095,0.0
689.6530412946095,0.0
292.75174890718426,0.0
292.75174890718426,0.0
292.75174890718426,0.0
292.75174890718426,0.0
292.75174890718426,0.0
292.75174890718426,0.0
292.75174890718426,0.0
292.75174890718426,0.0
292.75174890718426,0.0
292.75174890718426,0.0
292.75174890718426,0.0
292.75174890718426,0.0
292.75174890718426,0.0
292.75174890718426,0.0
292.75174890718426,0.0
292.75174890718426,0.0
292.75174890718426,0.0
292.75174890718426,0.0
292.75174890718426,0.0
292.75174890718426,0.0
292.75174890718426,0.0
292.75174890718426,0.0
292.75174890718426,0.0
292.75174890718426,0.0
292.75174890718426,0.0
292.75174890718426,0.0
292.75174890718426,0.0
0.0,0.0
864.0113735619707,0.0
3257.460436126734,0.0
4214.936937128804,0.0
5567.024864910913,0.0
5891.525967578619,0.0
5969.406232218868,0.0
5988.097495732529,0.0
5992.583398975807,0.0
5993.660015754193,0.0
5993.918403781006,0.0
5993.980416907441,0.0
5993.995300057786,0.0
5993.998872013872,0.0
5993.9997292833295,0.0
0.0,0.0
0.0,0.0
0.0,0.0
0.0,0.0
0.0,0.0
0.0,0.0
0.0,0.0
0.0,0.0
0.0,0.0
0.0,0.0
0.0,0.0
0.0,0.0
0.0,0.0
0.0,0.0
2492.9342394092805,0.0
5153.7442174582275,0.0
4884.290068726658,0.0
0.0,0.0
0.0,0.0
0.0,0.0
0.0,0.0
0.0,0.0
0.0,0.0
0.0,0.0
0.0,0.0
0.0,0.0
0.0,0.0
1438.047734443102,0.0
1438.047734443102,0.0
1438.047734443102,0.0
1438.047734443102,0.0
1438.047734443102,0.0
1438.047734443102,0.0
1438.047734443102,0.0
1438.047734443102,0.0
1438.047734443102,0.0
1438.047734443102,0.0
1438.047734443102,0.0
1438.047734443102,0.0
1438.047734443102,0.0
1438.047734443102,0.0
1438.047734443102,0.0
1438.047734443102,0.0
1438.047734443102,0.0
0.0,0.0
0.0,0.0
0.0,0.0
0.0,0.0
0.0,0.0
0.0,0.0
0.0,0.0
3169.7186823548122,0.0
3951.114534624342,0.0
0.0,0.0
0.0,0.0
0.0,0.0
0.0,0.0
0.0,0.0
0.0,0.0
39.280912473432984,0.0
0.0,0.0
0.0,0.0
4555.44,0.0
5648.7456,0.0
5911.138944,0.0
5974.11334656,0.0
5989.2272031744,0.0
5992.854528761856,0.0
5993.725086902846,0.0
5993.934020856683,0.0
5993.984165005604,0.0
5993.996199601345,0.0
5993.999087904323,0.0
5993.999781097037,0.0
5993.999947463289,0.0
5993.999987391189,0.0
5993.999996973886,0.0
265.4245032765548,0.0
265.4245032765548,0.0
265.4245032765548,0.0
0.0,0.0
0.0,0.0
2351.01275267846,0.0
5119.683060642832,0.0
4247.705784080575,0.0
324.6260200503175,0.0
4633.350244812076,0.0
5667.444058754898,0.0
5915.626574101176,0.0
5975.190377784282,0.0
5975.190377784282,0.0
5975.190377784282,0.0
5975.190377784282,0.0
5975.190377784282,0.0
5975.190377784282,0.0
5975.190377784282,0.0
5975.190377784282,0.0
5975.190377784282,0.0
5975.190377784282,0.0
5975.190377784282,0.0
5975.190377784282,0.0
5975.190377784282,0.0
5975.190377784282,0.0
5989.485690668228,0.0
5992.916565760374,0.0
5993.73997578249,0.0
5993.937594187798,0.0
5993.985022605071,0.0
5993.996405425217,0.0
5993.999137302052,0.0
5993.9997929524925,0.0
5993.999950308598,0.0
5993.999988074062,0.0
5993.9999964958315,0.0
5993.9999964958315,0.0
5993.9999964958315,0.0
4061.648803480666,0.0
4061.648803480666,0.0
4061.648803480666,0.0
4061.648803480666,0.0
0.0,0.0
0.0,0.0
0.0,0.0
0.0,0.0
0.0,0.0
0.0,0.0
0.0,0.0
0.0,0.0
0.0,0.0
0.0,0.0
0.0,0.0
0.0,0.0
0.0,0.0
0.0,0.0
0.0,0.0
0.0,0.0
3039.583664359656,0.0
3039.583664359656,0.0
5284.940079446317,0.0
5284.940079446317,0.0
5284.940079446317,0.0
5284.940079446317,0.0
5284.940079446317,0.0
5284.940079446317,0.0
5284.940079446317,0.0
5284.940079446317,0.0
5284.940079446317,0.0
5823.825619067116,0.0
5953.158148576109,0.0
5970.971729554978,0.0
5970.971729554978,0.0
5988.473215093195,0.0
5992.673571622367,0.0
5993.681657189368,0.0
5993.923597725448,0.0
5993.981663454108,0.0
5993.995599228986,0.0
5993.998943814957,0.0
5993.999746515589,0.0
5993.999939163741,0.0
5993.999985399298,0.0
5993.9999964958315,0.0
5993.9999964958315,0.0
0.0,0.0
0.0,0.0
337.7625962162102,0.0
1641.7793796383835,0.0
4832.412607258133,0.0
4832.412607258133,0.0
0.0,0.0
740.2562810111085,0.0
4733.101507442666,0.0
5691.38436178624,0.0
5921.372246828698,0.0
5976.569339238888,0.0
5976.569339238888,0.0
2284.460044153775,0.0
2284.460044153775,0.0
2284.460044153775,0.0
2284.460044153775,0.0
0.0,0.0
0.0,0.0
4555.44,0.0
5648.7456,0.0
5911.138944,0.0
0.0,0.0
0.0,0.0
0.0,0.0
0.0,0.0
4555.44,0.0
5648.7456,0.0
5911.138944,0.0
5974.11334656,0.0
5989.2272031744,0.0
5992.854528761856,0.0
5993.725086902846,0.0
5993.934020856683,0.0
5993.984165005604,0.0
5993.996199601345,0.0
5993.999087904323,0.0
5993.999781097037,0.0
5993.999947463289,0.0
5993.999987391189,0.0
5993.999996973886,0.0
2450.4220470052214,0.0
3522.159736079633,0.0
5400.758336659112,0.0
5851.6220007981865,0.0
5959.829280191565,0.0
5985.799027245976,0.0
5985.799027245976,0.0
0.0,0.0
0.0,0.0
0.0,0.0
0.0,0.0
4555.44,0.0
5648.7456,0.0
5911.138944,0.0
5974.11334656,0.0
5989.2272031744,0.0
5992.854528761856,0.0
4145.270496785796,0.0
0.0,0.0
0.0,0.0
0.0,0.0
0.0,0.0
0.0,0.0
0.0,0.0
0.0,0.0
0.0,0.0
0.0,0.0
0.0,0.0
0.0,0.0
0.0,0.0
0.0,0.0
0.0,0.0
0.0,0.0
4555.44,0.0
4555.44,0.0
4555.44,0.0
4555.44,0.0
4555.44,0.0
4555.44,0.0
5648.7456,0.0
5648.7456,0.0
5648.7456,0.0
5648.7456,0.0
4610.704091200263,0.0
4610.704091200263,0.0
4610.704091200263,0.0
4610.704091200263,0.0
5662.008981888063,0.0
5914.322155653135,0.0
5974.877317356752,0.0
5974.877317356752,0.0
5974.877317356752,0.0
5974.877317356752,0.0
5974.877317356752,0.0
5974.877317356752,0.0
5989.410556165621,0.0
5992.898533479749,0.0
5993.73564803514,0.0
5993.936555528434,0.0
5993.984773326824,0.0
5993.996345598438,0.0
5993.9991229436255,0.0
5993.99978950647,0.0
5993.999949481553,0.0
5993.9999878755725,0.0
5993.9999964958315,0.0
5993.9999964958315,0.0
5993.9999964958315,0.0
0.0,0.0
0.0,0.0
0.0,0.0
0.0,0.0
0.0,0.0
0.0,0.0
0.0,0.0
1541.7553406889465,0.0
1541.7553406889465,0.0
4925.461281765347,0.0
4925.461281765347,0.0
4925.461281765347,0.0
4925.461281765347,0.0
4925.461281765347,0.0
4925.461281765347,0.0
4925.461281765347,0.0
4925.461281765347,0.0
4925.461281765347,0.0
4925.461281765347,0.0
5737.550707623684,0.0
5932.452169829685,0.0
5970.971729554979,0.0
5970.971729554979,0.0
5970.971729554979,0.0
5970.971729554979,0.0
5970.971729554979,0.0
5970.971729554979,0.0
5970.971729554979,0.0
5970.971729554979,0.0
5970.971729554979,0.0
5970.971729554979,0.0
5970.971729554979,0.0
5970.971729554979,0.0
5970.971729554979,0.0
5970.971729554979,0.0
5988.473215093195,0.0
5992.673571622367,0.0
5993.681657189368,0.0
5993.923597725448,0.0
5993.981663454108,0.0
5993.995599228986,0.0
5993.998943814957,0.0
5993.999746515589,0.0
5993.999939163741,0.0
5993.999985399298,0.0
5993.9999964958315,0.0
2297.1087776769673,0.0
2297.1087776769673,0.0
2297.1087776769673,0.0
1348.0551312699354,0.0
0.0,0.0
0.0,0.0
0.0,0.0
0.0,0.0
4555.44,0.0
5648.7456,0.0
5911.138944,0.0
5974.11334656,0.0
5989.2272031744,0.0
5992.854528761856,0.0
5993.725086902846,0.0
5527.753558002066,0.0
351.42412052229247,0.0
351.42412052229247,0.0
0.0,0.0
0.0,0.0
0.0,0.0
0.0,0.0
0.0,0.0
0.0,0.0
0.0,0.0
0.0,0.0
0.0,0.0
0.0,0.0
0.0,0.0
2565.6468595787455,0.0
4792.519498481126,0.0
5705.64467963547,0.0
5924.794723112513,0.0
5977.390733547003,0.0
5990.013776051281,0.0
5993.043306252307,0.0
5993.043306252307,0.0
0.0,0.0
0.0,0.0
0.0,0.0
0.0,0.0
0.0,0.0
0.0,0.0
0.0,0.0
0.0,0.0
0.0,0.0
0.0,0.0
0.0,0.0
0.0,0.0
4555.44,0.0
5648.7456,0.0
5911.138944,0.0
5974.11334656,0.0
5989.2272031744,0.0
5992.854528761856,0.0
5993.725086902846,0.0
5993.934020856683,0.0
5993.984165005604,0.0
5993.996199601345,0.0
5993.999087904323,0.0
5993.999781097037,0.0
4774.326057508464,0.0
5701.278253802033,0.0
5923.746780912488,0.0
5923.746780912488,0.0
5923.746780912488,0.0
0.0,0.0
0.0,0.0
0.0,0.0
1870.3387750944057,0.0
3357.92677824958,0.0
0.0,0.0
0.0,0.0
0.0,0.0
4410.756559101574,0.0
5614.021574184378,0.0
5902.805177804251,0.0
5972.11324267302,0.0
5988.747178241525,0.0
5992.739322777966,0.0
5993.697437466712,0.0
5993.927384992011,0.0
5993.982572398083,0.0
5993.99581737554,0.0
5993.99581737554,0.0
5993.99581737554,0.0
259.2852309184782,0.0
259.2852309184782,0.0
259.2852309184782,0.0
259.2852309184782,0.0
259.2852309184782,0.0
259.2852309184782,0.0
259.2852309184782,0.0
259.2852309184782,0.0
259.2852309184782,0.0
259.2852309184782,0.0
259.2852309184782,0.0
259.2852309184782,0.0
259.2852309184782,0.0
259.2852309184782,0.0
259.2852309184782,0.0
259.2852309184782,0.0
259.2852309184782,0.0
259.2852309184782,0.0
259.2852309184782,0.0
2276.6604336631294,0.0
0.0,0.0
0.0,0.0
0.0,0.0
0.0,0.0
0.0,0.0
0.0,0.0
0.0,0.0
0.0,0.0
0.0,0.0
0.0,0.0
4555.44,0.0
5648.7456,0.0
5911.138944,0.0
5974.11334656,0.0
2839.387708035596,0.0
2839.387708035596,0.0
2839.387708035596,0.0
1875.7738290097404,0.0
1875.7738290097404,0.0
1875.7738290097404,0.0
1875.7738290097404,0.0
0.0,0.0
4555.44,0.0
5648.7456,0.0
5911.138944,0.0
5974.11334656,0.0
0.0,0.0
0.0,0.0
21.797526986013107,0.0
509.2866975619654,0.0
210.8194938978595,0.0
210.8194938978595,0.0
210.8194938978595,0.0
0.0,0.0
4555.44,0.0
5648.7456,0.0
5911.138944,0.0
5974.1133465600005,0.0
1229.4014942505755,0.0
1229.4014942505755,0.0
4165.824780025032,0.0
5555.237947206007,0.0
1897.1022022272118,0.0
1897.1022022272118,0.0
0.0,0.0
0.0,0.0
4555.44,0.0
5648.7456,0.0
5911.138944,0.0
0.0,0.0
0.0,0.0
0.0,0.0
0.0,0.0
0.0,0.0
0.0,0.0
0.0,0.0
0.0,0.0
474.25126233712035,0.0
4669.260302960909,0.0
5676.062472710618,0.0
5917.694993450548,0.0
4927.45898081433,0.0
0.0,0.0
0.0,0.0
0.0,0.0
0.0,0.0
0.0,0.0
0.0,0.0
0.0,0.0
0.0,0.0
0.0,0.0
4555.44,0.0
5648.7456,0.0
5911.138944,0.0
5974.11334656,0.0
5989.2272031744,0.0
5992.854528761856,0.0
5993.725086902846,0.0
5993.934020856683,0.0
5993.984165005604,0.0
5993.996199601345,0.0
5993.999087904323,0.0
5993.999781097037,0.0
5993.999947463289,0.0
5993.999987391189,0.0
5993.999996973886,0.0
5993.9999964958315,0.0
5993.9999964958315,0.0
2479.3334385177022,0.0
2479.3334385177022,0.0
0.0,0.0
0.0,0.0
0.0,0.0
0.0,0.0
1355.4011206391915,0.0
4880.736268953406,0.0
5726.816704548817,0.0
0.0,0.0
0.0,0.0
0.0,0.0
0.0,0.0
0.0,0.0
0.0,0.0
0.0,0.0
0.0,0.0
0.0,0.0
0.0,0.0
305.21066027872985,0.0
305.21066027872985,0.0
305.21066027872985,0.0
305.21066027872985,0.0
305.21066027872985,0.0
305.21066027872985,0.0
305.21066027872985,0.0
305.21066027872985,0.0
4628.690558466895,0.0
4628.690558466895,0.0
4628.690558466895,0.0
4628.690558466895,0.0
5666.325734032054,0.0
5915.358176167693,0.0
5975.125962280246,0.0
5989.47023094726,0.0
5992.912855427342,0.0
5993.739085302562,0.0
5993.937380472615,0.0
5993.984971313427,0.0
5993.996393115222,0.0
5993.999134347653,0.0
5993.999792243437,0.0
5993.9999501384245,0.0
5993.999988033222,0.0
5993.999997127973,0.0
0.0,0.0
0.0,0.0
0.0,0.0
0.0,0.0
0.0,0.0
0.0,0.0
1025.559210728792,0.0
0.0,0.0
4555.44,0.0
5648.7456,0.0
5911.138944,0.0
5974.1133465600005,0.0
5630.502002431213,0.0
5630.502002431213,0.0
5630.502002431213,0.0
0.0,0.0
0.0,0.0
0.0,0.0
0.0,0.0
0.0,0.0
0.0,0.0
0.0,0.0
0.0,0.0
0.0,0.0
0.0,0.0
0.0,0.0
0.0,0.0
0.0,0.0
0.0,0.0
0.0,0.0
0.0,0.0
0.0,0.0
0.0,0.0
4555.44,0.0
5648.7456,0.0
5911.138944,0.0
765.6877815548814,0.0
765.6877815548814,0.0
0.0,0.0
2265.9205718434227,0.0
4849.718331448264,0.0
5701.656547992526,0.0
5552.338989415973,0.0
1427.081543729283,0.0
1159.6386009570415,0.0
4833.75326422969,0.0
5715.540783415126,0.0
5927.16978801963,0.0
5977.960749124711,0.0
1286.91859124443,0.0
0.0,0.0
4555.44,0.0
5648.7456,0.0
5911.138944,0.0
5974.11334656,0.0
5989.2272031744,0.0
5992.854528761856,0.0
5993.725086902846,0.0
5993.934020856683,0.0
5993.984165005604,0.0
5993.996199601345,0.0
5993.996199601345,0.0
5993.996199601345,0.0
0.0,0.0
0.0,0.0
0.0,0.0
0.0,0.0
0.0,0.0
0.0,0.0
0.0,0.0
0.0,0.0
0.0,0.0
0.0,0.0
0.0,0.0
0.0,0.0
4555.44,0.0
4555.44,0.0
5648.7456,0.0
5911.138944,0.0
5974.11334656,0.0
5989.2272031744,0.0
5992.854528761856,0.0
5993.725086902846,0.0
5993.934020856683,0.0
5993.984165005604,0.0
5993.996199601345,0.0
5993.999087904323,0.0
5993.999781097037,0.0
5993.999947463289,0.0
5993.999987391189,0.0
5993.999996973886,0.0
2008.5585780466463,0.0
0.0,0.0
3092.458412992257,0.0
5297.630019118142,0.0
5826.871204588354,0.0
0.0,0.0
0.0,0.0
0.0,0.0
0.0,0.0
0.0,0.0
0.0,0.0
0.0,0.0
0.0,0.0
0.0,0.0
4555.44,0.0
5648.7456,0.0
5911.138944,0.0
2975.1477310613373,0.0
2975.1477310613373,0.0
2975.1477310613373,0.0
0.0,0.0
0.0,0.0
0.0,0.0
0.0,0.0
0.0,0.0
0.0,0.0
1559.2555126152517,0.0
3975.1111694662322,0.0
4060.016664722653,0.0
2337.0644529893348,0.0
2337.0644529893348,0.0
0.0,0.0
0.0,0.0
0.0,0.0
405.065416433744,0.0
405.065416433744,0.0
0.0,0.0
4555.44,0.0
5648.7456,0.0
5911.138944,0.0
5974.11334656,0.0
5989.2272031744,0.0
5989.2272031744,0.0
0.0,0.0
0.0,0.0
334.97429381173976,0.0
4602.1485516197445,0.0
5659.955652388739,0.0
5913.829356573297,0.0
5974.759045577592,0.0
5989.382170938622,0.0
5992.891721025269,0.0
5993.734013046064,0.0
5993.936163131056,0.0
5993.984679151454,0.0
5993.984679151454,0.0
0.0,0.0
0.0,0.0
0.0,0.0
2858.889743824786,0.0
5241.573538517949,0.0
5813.4176492443075,0.0
5950.660235818634,0.0
5983.598456596472,0.0
5991.503629583153,0.0
5993.400871099957,0.0
5993.400871099957,0.0
5993.400871099957,0.0
0.0,0.0
0.0,0.0
0.0,0.0
0.0,0.0
0.0,0.0
0.0,0.0
0.0,0.0
0.0,0.0
0.0,0.0
0.0,0.0
0.0,0.0
0.0,0.0
0.0,0.0
0.0,0.0
0.0,0.0
0.0,0.0
0.0,0.0
2523.8292234088676,0.0
5161.1590136181285,0.0
5794.118163268351,0.0
5946.0283591844045,0.0
5982.486806204257,0.0
5874.088765708551,0.0
0.0,0.0
0.0,0.0
0.0,0.0
0.0,0.0
0.0,0.0
4555.44,0.0
5648.7456,0.0
5911.138944,0.0
5974.11334656,0.0
5989.2272031744,0.0
5992.854528761856,0.0
5993.725086902846,0.0
1728.5119187760893,0.0
3011.0415545896867,0.0
5278.089973101525,0.0
5822.1815935443665,0.0
5952.763582450648,0.0
5984.103259788156,0.0
5991.624782349158,0.0
5993.429947763798,0.0
5993.863187463311,0.0
5993.967164991194,0.0
5993.992119597886,0.0
5993.992119597886,0.0
5993.992119597886,0.0
0.0,0.0
0.0,0.0
0.0,0.0
0.0,0.0
0.0,0.0
3162.384517074539,0.0
5314.412284097889,0.0
5830.898948183493,0.0
5954.855747564038,0.0
5984.605379415369,0.0
3339.1268547358704,0.0
0.0,0.0
2284.434642739976,0.0
5103.704314257595,0.0
5780.3290354218225,0.0
5942.718968501237,0.0
5981.692552440297,0.0
5991.046212585671,0.0
5993.291091020561,0.0
5993.829861844934,0.0
5993.959166842784,0.0
5993.990200042268,0.0
5993.990200042268,0.0
2518.508262417232,0.0
0.0,0.0
438.8324397539561,0.0
621.1247451966367,0.0
621.1247451966367,0.0
621.1247451966367,0.0
621.1247451966367,0.0
621.1247451966367,0.0
877.1060321703185,0.0
877.1060321703185,0.0
877.1060321703185,0.0
877.1060321703185,0.0
877.1060321703185,0.0
0.0,0.0
0.0,0.0
0.0,0.0
0.0,0.0
0.0,0.0
0.0,0.0
1088.6082431143896,0.0
1081.5364602688514,0.0
0.0,0.0
0.0,0.0
0.0,0.0
0.0,0.0
0.0,0.0
0.0,0.0
0.0,0.0
0.0,0.0
0.0,0.0
4555.44,0.0
5648.7456,0.0
5911.138944,0.0
5974.11334656,0.0
5989.2272031744,0.0
5989.2272031744,0.0
5358.508003713159,0.0
5841.481920891159,0.0
3617.104259047822,0.0
3617.104259047822,0.0
2648.068319323186,0.0
0.0,0.0
0.0,0.0
0.0,0.0
0.0,0.0
0.0,0.0
0.0,0.0
0.0,0.0
0.0,0.0
0.0,0.0
0.0,0.0
0.0,0.0
0.0,0.0
0.0,0.0
4555.44,0.0
5648.7456,0.0
5911.138944,0.0
5974.11334656,0.0
5989.2272031744,0.0
5989.2272031744,0.0
0.0,0.0
0.0,0.0
0.0,0.0
1191.5745624342883,0.0
1913.7605030284485,0.0
1913.7605030284485,0.0
5014.742520726828,0.0
5758.978204974439,0.0
5937.594769193865,0.0
5980.462744606528,0.0
5990.751058705567,0.0
3865.405371749843,0.0
0.0,0.0
2366.7140874930046,0.0
5123.451380998321,0.0
5785.068331439597,0.0
5376.263828690753,0.0
2615.9311465188503,0.0
5183.263475164524,0.0
5799.423234039486,0.0
5947.301576169477,0.0
5982.792378280675,0.0
3202.7890323020656,0.0
3202.7890323020656,0.0
3202.7890323020656,0.0
3202.7890323020656,0.0
3202.7890323020656,0.0
3202.7890323020656,0.0
3202.7890323020656,0.0
3202.7890323020656,0.0
3202.7890323020656,0.0
3202.7890323020656,0.0
4588.993630643101,0.0
5656.798471354345,0.0
0.0,0.0
0.0,0.0
0.0,0.0
2390.01223343522,0.0
5129.0429360244525,0.0
5786.410304645869,0.0
5786.410304645869,0.0
0.0,0.0
0.0,0.0
46.64037346483791,0.0
46.64037346483791,0.0
46.64037346483791,0.0
46.64037346483791,0.0
46.64037346483791,0.0
46.64037346483791,0.0
46.64037346483791,0.0
46.64037346483791,0.0
46.64037346483791,0.0
46.64037346483791,0.0
46.64037346483791,0.0
46.64037346483791,0.0
46.64037346483791,0.0
46.64037346483791,0.0
46.64037346483791,0.0
46.64037346483791,0.0
46.64037346483791,0.0
46.64037346483791,0.0
46.64037346483791,0.0
46.64037346483791,0.0
46.64037346483791,0.0
46.64037346483791,0.0
46.64037346483791,0.0
46.64037346483791,0.0
46.64037346483791,0.0
46.64037346483791,0.0
0.0,0.0
0.0,0.0
0.0,0.0
0.0,0.0
0.0,0.0
0.0,0.0
0.0,0.0
0.0,0.0
0.0,0.0
0.0,0.0
3325.992854238453,0.0
5353.6782850172285,0.0
5840.322788404134,0.0
0.0,0.0
0.0,0.0
0.0,0.0
0.0,0.0
0.0,0.0
0.0,0.0
0.0,0.0
0.0,0.0
0.0,0.0
0.0,0.0
4555.44,0.0
5648.7456,0.0
5911.138944,0.0
5974.11334656,0.0
4915.748947321703,0.0
5735.219747357209,0.0
5931.89273936573,0.0
5979.094257447775,0.0
5990.422621787466,0.0
5993.141429228992,0.0
5993.793943014958,0.0
5993.95054632359,0.0
5993.988131117661,0.0
5993.997151468238,0.0
5993.999316352377,0.0
5993.999316352377,0.0
2115.402645808608,0.0
2115.402645808608,0.0
0.0,0.0
0.0,0.0
995.9968491992505,0.0
0.0,0.0
1876.061154518391,0.0
5005.694677084413,0.0
5756.80672250026,0.0
5937.073613400063,0.0
0.0,0.0
0.0,0.0
0.0,0.0
0.0,0.0
0.0,0.0
0.0,0.0
0.0,0.0
0.0,0.0
0.0,0.0
520.2131910401247,0.0
520.2131910401247,0.0
520.2131910401247,0.0
520.2131910401247,0.0
520.2131910401247,0.0
520.2131910401247,0.0
0.0,0.0
0.0,0.0
0.0,0.0
0.0,0.0
0.0,0.0
0.0,0.0
4555.44,0.0
5648.7456,0.0
5911.138944,0.0
5974.11334656,0.0
4356.180560820893,0.0
0.0,0.0
0.0,0.0
3798.3869758881556,0.0
5467.052874213157,0.0
5867.532689811158,0.0
0.0,0.0
1467.888755518532,0.0
4907.733301324448,0.0
5733.295992317868,0.0
5931.431038156288,0.0
1184.5717983106078,0.0
1184.5717983106078,0.0
1184.5717983106078,0.0
1184.5717983106078,0.0
1184.5717983106078,0.0
1184.5717983106078,0.0
1184.5717983106078,0.0
0.0,0.0
0.0,0.0
4490.116669848994,0.0
5633.068000763758,0.0
5907.376320183302,0.0
3051.322680863028,0.0
0.0,0.0
0.0,0.0
0.0,0.0
0.0,0.0
0.0,0.0
0.0,0.0
0.0,0.0
4555.44,0.0
4555.44,0.0
5648.7456,0.0
5911.138944,0.0
5974.11334656,0.0
5989.2272031744,0.0
5992.854528761856,0.0
5993.725086902846,0.0
5993.934020856683,0.0
5993.984165005604,0.0
5993.996199601345,0.0
5993.999087904323,0.0
5993.999781097037,0.0
5993.999947463289,0.0
5993.999987391189,0.0
5993.999996973886,0.0
5993.999996973886,0.0
5993.999996973886,0.0
0.0,0.0
1487.6604555340055,0.0
4912.478509328161,0.0
5734.434842238758,0.0
5931.704362137302,0.0
0.0,0.0
0.0,0.0
0.0,0.0
0.0,0.0
0.0,0.0
0.0,0.0
0.0,0.0
0.0,0.0
0.0,0.0
0.0,0.0
0.0,0.0
0.0,0.0
0.0,0.0
4555.44,0.0
5648.7456,0.0
5911.138944,0.0
5974.11334656,0.0
5989.2272031744,0.0
5989.2272031744,0.0
5989.2272031744,0.0
0.0,0.0
0.0,0.0
0.0,0.0
0.0,0.0
0.0,0.0
0.0,0.0
0.0,0.0
0.0,0.0
0.0,0.0
0.0,0.0
0.0,0.0
0.0,0.0
4555.44,0.0
5648.7456,0.0
5911.138944,0.0
5974.11334656,0.0
0.0,0.0
1349.549382883366,0.0
4879.331851892008,0.0
5726.479644454082,0.0
5929.795114668979,0.0
1043.3036228103247,0.0
1043.3036228103247,0.0
1043.3036228103247,0.0
1043.3036228103247,0.0
1043.3036228103247,0.0
1043.3036228103247,0.0
1043.3036228103247,0.0
1043.3036228103247,0.0
1043.3036228103247,0.0
1043.3036228103247,0.0
1043.3036228103247,0.0
0.0,0.0
0.0,0.0
0.0,0.0
0.0,0.0
0.0,0.0
0.0,0.0
0.0,0.0
0.0,0.0
0.0,0.0
0.0,0.0
0.0,0.0
1345.1109104011114,0.0
3449.0918716433926,0.0
3449.0918716433926,0.0
3449.0918716433926,0.0
3449.0918716433926,0.0
1097.8893582811197,0.0
1097.8893582811197,0.0
1097.8893582811197,0.0
1097.8893582811197,0.0
1097.8893582811197,0.0
1097.8893582811197,0.0
1097.8893582811197,0.0
1097.8893582811197,0.0
0.0,0.0
0.0,0.0
0.0,0.0
0.0,0.0
0.0,0.0
0.0,0.0
0.0,0.0
0.0,0.0
0.0,0.0
0.0,0.0
431.18115615357,0.0
2264.0599263275262,0.0
2375.2757714356985,0.0
0.0,0.0
0.0,0.0
0.0,0.0
0.0,0.0
0.0,0.0
0.0,0.0
0.0,0.0
0.0,0.0
4555.44,0.0
4555.44,0.0
5648.7456,0.0
5911.138944,0.0
5974.11334656,0.0
5974.11334656,0.0
5989.2272031744,0.0
5992.854528761856,0.0
5993.725086902846,0.0
5993.934020856683,0.0
5993.984165005604,0.0
5993.996199601345,0.0
5993.999087904323,0.0
5993.999781097037,0.0
5993.999947463289,0.0
5993.999987391189,0.0
5993.9999964958315,0.0
5993.9999964958315,0.0
5993.9999964958315,0.0
50.18097058487001,0.0
50.18097058487001,0.0
50.18097058487001,0.0
50.18097058487001,0.0
50.18097058487001,0.0
0.0,0.0
4555.44,0.0
5648.7456,0.0
5911.138944,0.0
5974.11334656,0.0
5989.2272031744,0.0
5992.854528761856,0.0
5993.725086902846,0.0
5993.934020856683,0.0
5993.984165005604,0.0
5993.996199601345,0.0
5993.999087904323,0.0
5993.999781097037,0.0
5993.999947463289,0.0
5993.999987391189,0.0
5993.999996973886,0.0
5993.999996973886,0.0
5993.999996973886,0.0
5993.999996973886,0.0
0.0,0.0
0.0,0.0
0.0,0.0
0.0,0.0
0.0,0.0
0.0,0.0
0.0,0.0
0.0,0.0
0.0,0.0
0.0,0.0
0.0,0.0
0.0,0.0
0.0,0.0
0.0,0.0
2907.8028828406277,0.0
5253.312691881751,0.0
5816.23504605162,0.0
5951.336411052389,0.0
5983.760738652573,0.0
5991.5425772766175,0.0
5993.410218546388,0.0
1940.973289634877,0.0
1940.973289634877,0.0
1940.973289634877,0.0
0.0,0.0
0.0,0.0
0.0,0.0
0.0,0.0
0.0,0.0
0.0,0.0
4189.586983016681,0.0
5560.940875924003,0.0
5890.06581022176,0.0
342.9100106180522,0.0
342.9100106180522,0.0
342.9100106180522,0.0
342.9100106180522,0.0
342.9100106180522,0.0
342.9100106180522,0.0
342.9100106180522,0.0
342.9100106180522,0.0
342.9100106180522,0.0
342.9100106180522,0.0
2004.8471458240506,0.0
1528.4722346137037,0.0
1528.4722346137037,0.0
0.0,0.0
0.0,0.0
0.0,0.0
0.0,0.0
0.0,0.0
0.0,0.0
0.0,0.0
0.0,0.0
1243.5489709172762,0.0
4853.891753020146,0.0
5720.374020724835,0.0
5481.4315958982725,0.0
0.0,0.0
0.0,0.0
0.0,0.0
2200.9827665312137,0.0
2200.9827665312137,0.0
2200.9827665312137,0.0
0.0,0.0
0.0,0.0
0.0,0.0
3996.858764949148,0.0
3996.858764949148,0.0
3996.858764949148,0.0
3996.858764949148,0.0
5354.424442026488,0.0
5354.424442026488,0.0
5840.501866086357,0.0
5840.501866086357,0.0
5840.501866086357,0.0
5840.501866086357,0.0
5840.501866086357,0.0
5840.501866086357,0.0
5957.160447860726,0.0
5970.971729554978,0.0
5970.971729554978,0.0
5970.971729554978,0.0
5988.473215093195,0.0
5992.673571622367,0.0
5993.681657189368,0.0
5993.923597725448,0.0
5993.981663454108,0.0
5993.995599228986,0.0
5993.998943814957,0.0
5993.999746515589,0.0
5993.999939163741,0.0
5993.999985399298,0.0
5993.9999964958315,0.0
5993.9999964958315,0.0
5993.9999964958315,0.0
0.0,0.0
0.0,0.0
0.0,0.0
0.0,0.0
0.0,0.0
0.0,0.0
233.35919721470376,0.0
3853.714453259374,0.0
5480.331468782249,0.0
0.0,0.0
0.0,0.0
0.0,0.0
0.0,0.0
0.0,0.0
0.0,0.0
0.0,0.0
0.0,0.0
0.0,0.0
4040.4468065429137,0.0
5525.147233570299,0.0
5881.475336056872,0.0
981.3474031635724,0.0
981.3474031635724,0.0
981.3474031635724,0.0
0.0,0.0
0.0,0.0
0.0,0.0
0.0,0.0
0.0,0.0
0.0,0.0
4555.44,0.0
5648.7456,0.0
5911.138944,0.0
5974.11334656,0.0
2074.0748757317797,0.0
2074.0748757317797,0.0
639.7823011204982,0.0
639.7823011204982,0.0
639.7823011204982,0.0
639.7823011204982,0.0
0.0,0.0
4555.44,0.0
5648.7456,0.0
5911.138944,0.0
5974.11334656,0.0
5989.2272031744,0.0
5989.2272031744,0.0
5989.2272031744,0.0
1486.0324029718686,0.0
1486.0324029718686,0.0
1486.0324029718686,0.0
1486.0324029718686,0.0
1486.0324029718686,0.0
1486.0324029718686,0.0
1486.0324029718686,0.0
1486.0324029718686,0.0
0.0,0.0
0.0,0.0
0.0,0.0
0.0,0.0
0.0,0.0
0.0,0.0
0.0,0.0
0.0,0.0
0.0,0.0
0.0,0.0
4555.44,0.0
5648.7456,0.0
5911.138944,0.0
5974.11334656,0.0
2600.9187563396436,0.0
0.0,0.0
0.0,0.0
2155.605713081073,0.0
4777.198385453852,0.0
5701.9676125089245,0.0
5863.050386887791,0.0
5962.57209285307,0.0
5986.457302284737,0.0
5992.189752548337,0.0
5993.565540611601,0.0
5993.895729746784,0.0
5993.97497513923,0.0
5334.057476225747,0.0
5835.61379429418,0.0
5955.987310630603,0.0
5984.876954551345,0.0
5991.810469092323,0.0
5993.474512582157,0.0
5993.873883019718,0.0
5993.9697319247325,0.0
5993.9927356619355,0.0
5993.998256558864,0.0
5993.999581574128,0.0
5993.999581574128,0.0
5993.999581574128,0.0
1883.959040229147,0.0
1784.1103905491582,0.0
1784.1103905491582,0.0
1784.1103905491582,0.0
1784.1103905491582,0.0
0.0,0.0
4326.029729081334,0.0
5593.68713497952,0.0
5897.924912395085,0.0
1664.3094338811895,0.0
1664.3094338811895,0.0
1664.3094338811895,0.0
1664.3094338811895,0.0
1664.3094338811895,0.0
1664.3094338811895,0.0
1664.3094338811895,0.0
1664.3094338811895,0.0
1664.3094338811895,0.0
1664.3094338811895,0.0
3052.3376131281966,0.0
4248.610455672754,0.0
4248.610455672754,0.0
0.0,0.0
0.0,0.0
0.0,0.0
0.0,0.0
0.0,0.0
0.0,0.0
0.0,0.0
0.0,0.0
0.0,0.0
0.0,0.0
0.0,0.0
0.0,0.0
0.0,0.0
0.0,0.0
0.0,0.0
0.0,0.0
0.0,0.0
0.0,0.0
0.0,0.0
0.0,0.0
0.0,0.0
0.0,0.0
0.0,0.0
0.0,0.0
0.0,0.0
0.0,0.0
0.0,0.0
0.0,0.0
0.0,0.0
0.0,0.0
0.0,0.0
0.0,0.0
0.0,0.0
0.0,0.0
0.0,0.0
2274.002815010624,0.0
2274.002815010624,0.0
0.0,0.0
0.0,0.0
0.0,0.0
0.0,0.0
0.0,0.0
0.0,0.0
0.0,0.0
0.0,0.0
0.0,0.0
4555.44,0.0
4555.44,0.0
4555.44,0.0
4555.44,0.0
5648.7456,0.0
5911.138944,0.0
5974.11334656,0.0
5974.11334656,0.0
5989.2272031744,0.0
5992.854528761856,0.0
5993.725086902846,0.0
5993.934020856683,0.0
5993.984165005604,0.0
5993.996199601345,0.0
5993.999087904323,0.0
5993.999781097037,0.0
5993.999947463289,0.0
5993.999987391189,0.0
5993.9999964958315,0.0
4304.895201130907,0.0
2726.1383382724343,0.0
0.0,0.0
0.0,0.0
4555.44,0.0
5648.7456,0.0
5648.7456,0.0
5648.7456,0.0
5648.7456,0.0
5648.7456,0.0
5648.7456,0.0
5648.7456,0.0
5648.7456,0.0
5648.7456,0.0
5648.7456,0.0
5648.7456,0.0
5648.7456,0.0
5911.138944,0.0
5974.11334656,0.0
5989.2272031744,0.0
5992.854528761856,0.0
5993.725086902846,0.0
5993.934020856683,0.0
5993.984165005604,0.0
5993.996199601345,0.0
5993.999087904323,0.0
5993.999781097037,0.0
5993.999947463289,0.0
5993.999987391189,0.0
5993.999996973886,0.0
5993.999999273732,0.0
5993.999999273732,0.0
5993.999999273732,0.0
1016.6544527461483,0.0
1016.6544527461483,0.0
1016.6544527461483,0.0
1016.6544527461483,0.0
0.0,0.0
4555.44,0.0
5648.7456,0.0
5911.138944,0.0
5974.11334656,0.0
5989.2272031744,0.0
5989.2272031744,0.0
5989.2272031744,0.0
0.0,0.0
0.0,0.0
0.0,0.0
0.0,0.0
0.0,0.0
0.0,0.0
0.0,0.0
0.0,0.0
4555.44,0.0
5648.7456,0.0
5911.138944,0.0
5974.11334656,0.0
5989.2272031744,0.0
5992.854528761856,0.0
5993.725086902846,0.0
5993.934020856683,0.0
5993.984165005604,0.0
5993.996199601345,0.0
5993.999087904323,0.0
5993.999781097037,0.0
5993.999947463289,0.0
5993.999987391189,0.0
5993.999996973886,0.0
5993.999996973886,0.0
0.0,0.0
0.0,0.0
0.0,0.0
0.0,0.0
0.0,0.0
0.0,0.0
782.2967519867891,0.0
1017.5839955963565,0.0
1017.5839955963565,0.0
1017.5839955963565,0.0
1017.5839955963565,0.0
1017.5839955963565,0.0
1017.5839955963565,0.0
1017.5839955963565,0.0
1017.5839955963565,0.0
1017.5839955963565,0.0
1017.5839955963565,0.0
0.0,0.0
0.0,0.0
0.0,0.0
0.0,0.0
0.0,0.0
0.0,0.0
0.0,0.0
0.0,0.0
0.0,0.0
0.0,0.0
4555.44,0.0
4555.44,0.0
4555.44,0.0
4555.44,0.0
5648.7456,0.0
5648.7456,0.0
5648.7456,0.0
5648.7456,0.0
5911.138944,0.0
5911.138944,0.0
5911.138944,0.0
5911.138944,0.0
5974.11334656,0.0
5974.11334656,0.0
5974.11334656,0.0
5974.11334656,0.0
5989.2272031744,0.0
5989.2272031744,0.0
5992.854528761856,0.0
5992.854528761856,0.0
5993.725086902846,0.0
5993.725086902846,0.0
5993.725086902846,0.0
5993.725086902846,0.0
5993.934020856683,0.0
5993.934020856683,0.0
5993.934020856683,0.0
5993.934020856683,0.0
5993.984165005604,0.0
5993.984165005604,0.0
5993.984165005604,0.0
5993.984165005604,0.0
5993.984165005604,0.0
5993.984165005604,0.0
5993.984165005604,0.0
5993.984165005604,0.0
5993.984165005604,0.0
5993.984165005604,0.0
5993.984165005604,0.0
5993.984165005604,0.0
5993.996199601345,0.0
5993.999087904323,0.0
5993.999781097037,0.0
5993.999947463289,0.0
2523.112966230976,0.0
5160.987111895434,0.0
5794.076906854904,0.0
5946.0184576451775,0.0
5982.484429834843,0.0
5991.236263160362,0.0
5993.336703158487,0.0
5993.8408087580365,0.0
5993.961794101929,0.0
5993.990830584463,0.0
5993.997799340271,0.0
5232.323892960094,0.0
1346.8252412350093,0.0
0.0,0.0
0.0,0.0
1953.6985391724083,0.0
5024.327649401378,0.0
5761.278635856331,0.0
5938.146872605519,0.0
5980.595249425324,0.0
5990.782859862078,0.0
5993.227886366899,0.0
5993.814692728056,0.0
5993.955526254734,0.0
5993.989326301136,0.0
5993.997438312273,0.0
5916.5171295861155,0.0
5916.5171295861155,0.0
5916.5171295861155,0.0
0.0,0.0
0.0,0.0
0.0,0.0
0.0,0.0
0.0,0.0
0.0,0.0
0.0,0.0
0.0,0.0
0.0,0.0
0.0,0.0
0.0,0.0
0.0,0.0
0.0,0.0
4080.574074032631,0.0
5534.777777767831,0.0
5883.786666664279,0.0
5967.5487999994275,0.0
5987.6517119998625,0.0
5987.6517119998625,0.0
0.0,0.0
0.0,0.0
3447.981297405397,0.0
5382.955511377295,0.0
5603.330638150495,0.0
2491.867797072173,0.0
2491.867797072173,0.0
5153.488271297321,0.0
5153.488271297321,0.0
882.5792176394989,0.0
882.5792176394989,0.0
882.5792176394989,0.0
882.5792176394989,0.0
882.5792176394989,0.0
882.5792176394989,0.0
882.5792176394989,0.0
882.5792176394989,0.0
882.5792176394989,0.0
882.5792176394989,0.0
882.5792176394989,0.0
1567.917896115242,0.0
1567.917896115242,0.0
1567.917896115242,0.0
1567.917896115242,0.0
1567.917896115242,0.0
0.0,0.0
0.0,0.0
0.0,0.0
0.0,0.0
0.0,0.0
0.0,0.0
3390.8043835629524,0.0
5369.233052055109,0.0
5844.0559324932265,0.0
0.0,0.0
0.0,0.0
0.0,0.0
0.0,0.0
0.0,0.0
0.0,0.0
0.0,0.0
0.0,0.0
4555.44,0.0
5648.7456,0.0
5911.138944,0.0
5974.11334656,0.0
5989.2272031744,0.0
5989.2272031744,0.0
4863.576000102274,0.0
4942.323498028163,0.0
5741.597639526759,0.0
4640.491055463381,0.0
2431.7695712091936,0.0
2431.7695712091936,0.0
0.0,0.0
162.73113844105137,0.0
4594.495473225852,0.0
5658.118913574204,0.0
5913.388539257809,0.0
3152.5872579266725,0.0
1409.9532227001182,0.0
4893.828773448028,0.0
5729.958905627527,0.0
5930.630137350607,0.0
5978.791232964146,0.0
1387.6674671722594,0.0
0.0,0.0
4555.44,0.0
5648.7456,0.0
5911.138944,0.0
5974.11334656,0.0
5974.11334656,0.0
0.0,0.0
0.0,0.0
2544.228695634665,0.0
5166.054886952319,0.0
5795.293172868556,0.0
0.0,0.0
1581.9828066437713,0.0
4935.115873594505,0.0
5739.867809662681,0.0
5933.008274319043,0.0
5979.36198583657,0.0
4663.5490773857855,0.0
0.0,0.0
1366.8627485293484,0.0
4287.829994059401,0.0
5584.519198574257,0.0
5419.561327502881,0.0
780.1990077509158,0.0
2646.6766660523676,0.0
5190.642399852568,0.0
5801.194175964616,0.0
5947.726602231508,0.0
4255.564046855931,0.0
0.0,0.0
0.0,0.0
0.0,0.0
0.0,0.0
0.0,0.0
0.0,0.0
0.0,0.0
0.0,0.0
0.0,0.0
4555.44,0.0
5648.7456,0.0
5911.138944,0.0
5974.11334656,0.0
5989.2272031744,0.0
5992.854528761856,0.0
5993.725086902846,0.0
5993.934020856683,0.0
5993.984165005604,0.0
1160.03464609223,0.0
4833.848315062135,0.0
5715.563595614913,0.0
5927.175262947579,0.0
5977.962063107421,0.0
5990.150895145781,0.0
5020.951833850672,0.0
0.0,0.0
0.0,0.0
3128.4057130810725,0.0
5306.257371139458,0.0
5828.94176907347,0.0
2397.490966710401,0.0
5130.837832010497,0.0
5786.841079682519,0.0
5944.281859123805,0.0
5982.067646189713,0.0
5991.136235085531,0.0
5991.136235085531,0.0
5991.136235085531,0.0
2146.041726415527,0.0
2146.041726415527,0.0
2146.041726415527,0.0
2146.041726415527,0.0
2146.041726415527,0.0
2146.041726415527,0.0
2639.119213268091,0.0
5111.456261183097,0.0
5782.189502683943,0.0
0.0,0.0
0.0,0.0
0.0,0.0
0.0,0.0
0.0,0.0
0.0,0.0
240.55377467890153,0.0
0.0,0.0
4399.730546013296,0.0
5611.375331043191,0.0
5902.170079450366,0.0
5971.960819068087,0.0
5988.710596576341,0.0
5988.710596576341,0.0
5988.710596576341,0.0
1252.3415852063454,0.0
1252.3415852063454,0.0
1252.3415852063454,0.0
1252.3415852063454,0.0
0.0,0.0
3682.461680687262,0.0
3682.461680687262,0.0
5439.230803364942,0.0
5860.855392807586,0.0
5962.045294273821,0.0
5986.330870625717,0.0
5992.159408950172,0.0
5993.558258148041,0.0
5993.89398195553,0.0
5993.974555669327,0.0
5993.993893360638,0.0
5993.9985344065535,0.0
5993.9996482575725,0.0
5993.999915581818,0.0
5993.999979739636,0.0
5993.999995137512,0.0
3921.8646936540226,0.0
0.0,0.0
0.0,0.0
0.0,0.0
0.0,0.0
0.0,0.0
0.0,0.0
0.0,0.0
1291.7062314798732,0.0
4865.449495555169,0.0
5723.1478789332405,0.0
5928.9954909439775,0.0
5978.398917826555,0.0
5978.398917826555,0.0
5978.398917826555,0.0
0.0,0.0
0.0,0.0
0.0,0.0
0.0,0.0
0.0,0.0
2869.143335408635,0.0
5244.0344004980725,0.0
5814.008256119538,0.0
5950.8019814686895,0.0
4816.286892188183,0.0
0.0,0.0
0.0,0.0
0.0,0.0
0.0,0.0
0.0,0.0
0.0,0.0
0.0,0.0
0.0,0.0
271.8313853407049,0.0
3237.5975602518056,0.0
3237.5975602518056,0.0
0.0,0.0
0.0,0.0
0.0,0.0
0.0,0.0
431.0040473401615,0.0
3527.3314801677443,0.0
5401.999555240259,0.0
5851.919893257662,0.0
5959.900774381839,0.0
5985.816185851641,0.0
5992.035884604394,0.0
5993.528612305055,0.0
5993.886866953213,0.0
5993.886866953213,0.0
5993.886866953213,0.0
1587.726119074654,0.0
1587.726119074654,0.0
1587.726119074654,0.0
1587.726119074654,0.0
0.0,0.0
0.0,0.0
4555.44,0.0
5648.7456,0.0
5911.138944,0.0
5974.1133465600005,0.0
1245.6356345612476,0.0
0.0,0.0
1584.1292810518403,0.0
3864.762795296003,0.0
3864.762795296003,0.0
3864.762795296003,0.0
0.0,0.0
0.0,0.0
0.0,0.0
4555.44,0.0
4555.44,0.0
4555.44,0.0
4555.44,0.0
4555.44,0.0
4555.44,0.0
4555.44,0.0
5648.7456,0.0
5648.7456,0.0
5648.7456,0.0
5648.7456,0.0
5648.7456,0.0
5911.138944,0.0
5974.11334656,0.0
5974.11334656,0.0
5974.11334656,0.0
5989.2272031744,0.0
5992.854528761856,0.0
5993.725086902846,0.0
5993.934020856683,0.0
5993.984165005604,0.0
5993.996199601345,0.0
5993.999087904323,0.0
5993.999781097037,0.0
5993.999947463289,0.0
5993.999987391189,0.0
5993.9999964958315,0.0
2457.1132322656704,0.0
2457.1132322656704,0.0
1966.467203664106,0.0
1966.467203664106,0.0
0.0,0.0
0.0,0.0
0.0,0.0
0.0,0.0
189.67017907086577,0.0
2946.9254080635033,0.0
1909.9731224786733,0.0
1909.9731224786733,0.0
1909.9731224786733,0.0
1909.9731224786733,0.0
0.0,0.0
0.0,0.0
0.0,0.0
0.0,0.0
0.0,0.0
0.0,0.0
4555.44,0.0
5648.7456,0.0
5911.138944,0.0
4226.274222432867,0.0
0.0,0.0
0.0,0.0
0.0,0.0
0.0,0.0
0.0,0.0
0.0,0.0
0.0,0.0
4555.44,0.0
5648.7456,0.0
5911.138944,0.0
5974.11334656,0.0
0.0,0.0
0.0,0.0
0.0,0.0
0.0,0.0
0.0,0.0
0.0,0.0
0.0,0.0
0.0,0.0
2344.6190254017883,0.0
5118.148566096429,0.0
5783.795655863143,0.0
5943.550957407155,0.0
5981.892229777717,0.0
5611.190046055755,0.0
4341.69960199335,0.0
5597.447904478404,0.0
5898.827497074817,0.0
5898.827497074817,0.0
4720.905677400511,0.0
0.0,0.0
1149.3328648671086,0.0
4831.279887568106,0.0
5714.947173016345,0.0
5927.027321523922,0.0
5927.027321523922,0.0
5927.027321523922,0.0
5927.027321523922,0.0
1464.2170579098465,0.0
1464.2170579098465,0.0
1464.2170579098465,0.0
1464.2170579098465,0.0
0.0,0.0
4555.44,0.0
5648.7456,0.0
5911.138944,0.0
5974.11334656,0.0
2174.2353685725257,0.0
0.0,0.0
0.0,0.0
0.0,0.0
0.0,0.0
0.0,0.0
0.0,0.0
0.0,0.0
0.0,0.0
0.0,0.0
4555.44,0.0
5648.7456,0.0
5648.7456,0.0
5648.7456,0.0
5648.7456,0.0
5648.7456,0.0
5648.7456,0.0
5648.7456,0.0
5648.7456,0.0
5648.7456,0.0
5911.138944,0.0
5911.138944,0.0
5974.11334656,0.0
5989.2272031744,0.0
5989.2272031744,0.0
5989.2272031744,0.0
5992.854528761856,0.0
5993.725086902846,0.0
5993.934020856683,0.0
5993.984165005604,0.0
5993.996199601345,0.0
5993.999087904323,0.0
5993.999781097037,0.0
5993.999947463289,0.0
5993.999987391189,0.0
5993.9999964958315,0.0
3747.332195798226,0.0
3747.332195798226,0.0
0.0,0.0
0.0,0.0
0.0,0.0
0.0,0.0
459.4381542404426,0.0
0.0,0.0
0.0,0.0
0.0,0.0
4447.621920831476,0.0
4447.621920831476,0.0
4447.621920831476,0.0
4447.621920831476,0.0
5622.869260999554,0.0
5904.928622639893,0.0
5904.928622639893,0.0
5972.622869433574,0.0
5988.869488664058,0.0
5992.768677279374,0.0
5992.768677279374,0.0
5992.768677279374,0.0
5993.704482547049,0.0
5993.929075811292,0.0
5993.98297819471,0.0
5993.9959147667305,0.0
5993.999019544015,0.0
5993.999764690564,0.0
5993.999943525735,0.0
5993.999986446175,0.0
5993.9999964958315,0.0
0.0,0.0
0.0,0.0
0.0,0.0
0.0,0.0
0.0,0.0
0.0,0.0
0.0,0.0
0.0,0.0
0.0,0.0
0.0,0.0
0.0,0.0
73.64125310344207,0.0
0.0,0.0
192.5522789098439,0.0
4601.652546938362,0.0
5659.8366112652075,0.0
5659.8366112652075,0.0
0.0,0.0
0.0,0.0
0.0,0.0
0.0,0.0
0.0,0.0
0.0,0.0
0.0,0.0
0.0,0.0
61.856121948383446,0.0
4570.285469267612,0.0
5652.308512624227,0.0
5911.994043029815,0.0
5974.318570327156,0.0
3024.2294972260897,0.0
0.0,0.0
0.0,0.0
4555.44,0.0
4555.44,0.0
5648.7456,0.0
5648.7456,0.0
5648.7456,0.0
5648.7456,0.0
5911.138944,0.0
5911.138944,0.0
5911.138944,0.0
5911.138944,0.0
5974.11334656,0.0
5974.11334656,0.0
5974.11334656,0.0
5974.11334656,0.0
5989.2272031744,0.0
5989.2272031744,0.0
5989.2272031744,0.0
5989.2272031744,0.0
5992.854528761856,0.0
5992.854528761856,0.0
5992.854528761856,0.0
5992.854528761856,0.0
5993.725086902846,0.0
5993.934020856683,0.0
5993.984165005604,0.0
5993.996199601345,0.0
5993.999087904323,0.0
5993.999781097037,0.0
5993.999947463289,0.0
5993.999987391189,0.0
5993.9999964958315,0.0
5993.9999964958315,0.0
5993.9999964958315,0.0
5993.9999964958315,0.0
5993.9999964958315,0.0
5993.9999964958315,0.0
5993.9999964958315,0.0
5993.9999964958315,0.0
5993.9999964958315,0.0
5993.9999964958315,0.0
5755.62609331937,0.0
5755.62609331937,0.0
5936.790262396648,0.0
5936.790262396648,0.0
5936.790262396648,0.0
5936.790262396648,0.0
5936.790262396648,0.0
5936.790262396648,0.0
5936.790262396648,0.0
5936.790262396648,0.0
5936.790262396648,0.0
5936.790262396648,0.0
5936.790262396648,0.0
5936.790262396648,0.0
5936.790262396648,0.0
5936.790262396648,0.0
5936.790262396648,0.0
5936.790262396648,0.0
5936.790262396648,0.0
5936.790262396648,0.0
5936.790262396648,0.0
5936.790262396648,0.0
5936.790262396648,0.0
16.842146578390384,0.0
16.842146578390384,0.0
0.0,0.0
441.88877734575885,0.0
441.88877734575885,0.0
441.88877734575885,0.0
441.88877734575885,0.0
441.88877734575885,0.0
441.88877734575885,0.0
441.88877734575885,0.0
441.88877734575885,0.0
441.88877734575885,0.0
441.88877734575885,0.0
441.88877734575885,0.0
441.88877734575885,0.0
441.88877734575885,0.0
0.0,0.0
0.0,0.0
0.0,0.0
0.0,0.0
0.0,0.0
0.0,0.0
1875.5356549263697,0.0
3669.505058121145,0.0
0.0,0.0
0.0,0.0
4555.44,0.0
5648.7456,0.0
5911.138944,0.0
0.0,0.0
0.0,0.0
0.0,0.0
0.0,0.0
0.0,0.0
0.0,0.0
0.0,0.0
0.0,0.0
0.0,0.0
0.0,0.0
4555.44,0.0
4555.44,0.0
4555.44,0.0
4555.44,0.0
5648.7456,0.0
5648.7456,0.0
5648.7456,0.0
5648.7456,0.0
5911.138944,0.0
5911.138944,0.0
5911.138944,0.0
5911.138944,0.0
5974.11334656,0.0
5974.11334656,0.0
5974.11334656,0.0
5974.11334656,0.0
5989.2272031744,0.0
5992.854528761856,0.0
5992.854528761856,0.0
5992.854528761856,0.0
5993.725086902846,0.0
5993.725086902846,0.0
5993.725086902846,0.0
5993.725086902846,0.0
5993.934020856683,0.0
5993.984165005604,0.0
5993.984165005604,0.0
5993.996199601345,0.0
5993.999087904323,0.0
5993.999781097037,0.0
5993.999947463289,0.0
5993.999987391189,0.0
5993.9999964958315,0.0
4302.119442135085,0.0
5587.94866611242,0.0
5896.547679866981,0.0
5970.611443168075,0.0
5988.386746360338,0.0
0.0,0.0
0.0,0.0
0.0,0.0
0.0,0.0
0.0,0.0
0.0,0.0
0.0,0.0
0.0,0.0
0.0,0.0
1440.0361561289465,0.0
4901.048677470947,0.0
5731.6916825930275,0.0
0.0,0.0
0.0,0.0
0.0,0.0
0.0,0.0
3026.19577123578,0.0
5281.726985096588,0.0
5823.054476423181,0.0
5952.973074341563,0.0
5984.153537841975,0.0
5991.636849082074,0.0
5993.432843779698,0.0
5993.8638825071275,0.0
5993.96733180171,0.0
5993.96733180171,0.0
0.0,0.0
0.0,0.0
0.0,0.0
3349.907835761409,0.0
5359.417880582738,0.0
103.92264430341675,0.0
2489.9151846356644,0.0
5153.01964431256,0.0
5792.164714635014,0.0
5945.559531512404,0.0
5982.374287562977,0.0
1537.2381520920317,0.0
0.0,0.0
0.0,0.0
0.0,0.0
0.0,0.0
0.0,0.0
4555.44,0.0
4555.44,0.0
4555.44,0.0
4555.44,0.0
5429.209837423732,0.0
5429.209837423732,0.0
0.0,0.0
0.0,0.0
4555.44,0.0
4555.44,0.0
4555.44,0.0
4555.44,0.0
4555.44,0.0
4555.44,0.0
4555.44,0.0
4555.44,0.0
5648.7456,0.0
5648.7456,0.0
5648.7456,0.0
5648.7456,0.0
5648.7456,0.0
5648.7456,0.0
5648.7456,0.0
5648.7456,0.0
5648.7456,0.0
5648.7456,0.0
5648.7456,0.0
5648.7456,0.0
5648.7456,0.0
5648.7456,0.0
5648.7456,0.0
5648.7456,0.0
5648.7456,0.0
5648.7456,0.0
5648.7456,0.0
5648.7456,0.0
5648.7456,0.0
5648.7456,0.0
5648.7456,0.0
5648.7456,0.0
5648.7456,0.0
5648.7456,0.0
5648.7456,0.0
5648.7456,0.0
5648.7456,0.0
5648.7456,0.0
5648.7456,0.0
5648.7456,0.0
5648.7456,0.0
5648.7456,0.0
5648.7456,0.0
5911.138944,0.0
5974.11334656,0.0
5974.11334656,0.0
5974.11334656,0.0
5974.11334656,0.0
5989.2272031744,0.0
5989.2272031744,0.0
5992.854528761856,0.0
5992.854528761856,0.0
5992.854528761856,0.0
5992.854528761856,0.0
5993.725086902846,0.0
5993.934020856683,0.0
5993.984165005604,0.0
5993.996199601345,0.0
5993.996199601345,0.0
5993.999087904323,0.0
5993.999781097037,0.0
5993.999947463289,0.0
5993.999987391191,0.0
5993.9999964958315,0.0
1522.2245846001824,0.0
0.0,0.0
4555.44,0.0
5648.7456,0.0
5911.138944,0.0
0.0,0.0
0.0,0.0
0.0,0.0
0.0,0.0
0.0,0.0
0.0,0.0
0.0,0.0
0.0,0.0
0.0,0.0
4555.44,0.0
5648.7456,0.0
5911.138944,0.0
5974.11334656,0.0
2068.034974891769,0.0
5051.768393974025,0.0
5767.8644145537655,0.0
5939.727459492904,0.0
5980.974590278297,0.0
5990.873901666791,0.0
5993.24973640003,0.0
5993.819936736008,0.0
5993.956784816642,0.0
5993.989628355994,0.0
5993.997510805439,0.0
2510.0227269180787,0.0
2510.0227269180787,0.0
2510.0227269180787,0.0
0.0,0.0
0.0,0.0
0.0,0.0
0.0,0.0
0.0,0.0
0.0,0.0
0.0,0.0
4555.44,0.0
5648.7456,0.0
3352.725037502157,0.0
0.0,0.0
2020.546599254416,0.0
5040.37118382106,0.0
5765.129084117055,0.0
5939.070980188093,0.0
5980.8170352451425,0.0
5988.494751783364,0.0
5045.36272125032,0.0
5766.327053100077,0.0
5939.358492744019,0.0
5980.886038258564,0.0
5990.852649182056,0.0
2214.0284037376914,0.0
0.0,0.0
1681.246536950598,0.0
4888.074927958973,0.0
5728.577982710154,0.0
5930.298715850437,0.0
2533.743237851402,0.0
0.0,0.0
0.0,0.0
0.0,0.0
0.0,0.0
0.0,0.0
0.0,0.0
0.0,0.0
0.0,0.0
0.0,0.0
0.0,0.0
0.0,0.0
0.0,0.0
0.0,0.0
0.0,0.0
0.0,0.0
0.0,0.0
0.0,0.0
0.0,0.0
0.0,0.0
0.0,0.0
0.0,0.0
0.0,0.0
0.0,0.0
0.0,0.0
4555.44,0.0
4555.44,0.0
5648.7456,0.0
5911.138944,0.0
5974.11334656,0.0
5989.2272031744,0.0
5992.854528761856,0.0
5993.725086902846,0.0
5993.934020856683,0.0
5993.984165005604,0.0
5993.996199601345,0.0
5993.999087904323,0.0
5993.999781097037,0.0
5993.999947463289,0.0
5993.999987391189,0.0
5993.999996973886,0.0
0.0,0.0
0.0,0.0
0.0,0.0
0.0,0.0
0.0,0.0
0.0,0.0
0.0,0.0
0.0,0.0
0.0,0.0
3591.115776072679,0.0
5417.307786257443,0.0
3050.4339823721375,0.0
0.0,0.0
0.0,0.0
0.0,0.0
0.0,0.0
1551.0936665573104,0.0
3199.932017412848,0.0
4626.061420607623,0.0
0.0,0.0
203.43927157646598,0.0
4604.2654251783515,0.0
5660.4637020428045,0.0
5913.951288490273,0.0
5913.951288490273,0.0
0.0,0.0
0.0,0.0
1703.006823575015,0.0
4964.161637658004,0.0
5746.838793037921,0.0
5934.681310329102,0.0
4627.377831952903,0.0
5666.010679668697,0.0
5915.282563120487,0.0
5975.107815148916,0.0
5989.465875635739,0.0
0.0,0.0
0.0,0.0
0.0,0.0
0.0,0.0
0.0,0.0
0.0,0.0
0.0,0.0
0.0,0.0
0.0,0.0
0.0,0.0
0.0,0.0
0.0,0.0
0.0,0.0
0.0,0.0
0.0,0.0
0.0,0.0
0.0,0.0
0.0,0.0
0.0,0.0
0.0,0.0
0.0,0.0
0.0,0.0
3016.837699897005,0.0
3016.837699897005,0.0
3016.837699897005,0.0
3016.837699897005,0.0
5279.481047975281,0.0
5279.481047975281,0.0
5279.481047975281,0.0
5279.481047975281,0.0
5822.5154515140675,0.0
5822.5154515140675,0.0
5952.843708363376,0.0
5952.843708363376,0.0
5984.122490007213,0.0
5988.473215093195,0.0
5988.473215093195,0.0
5988.473215093195,0.0
5992.673571622367,0.0
5993.681657189368,0.0
5993.923597725448,0.0
5993.981663454108,0.0
5993.995599228986,0.0
5993.998943814957,0.0
5993.999746515589,0.0
5993.999939163741,0.0
5993.999985399298,0.0
5993.9999964958315,0.0
0.0,0.0
0.0,0.0
0.0,0.0
0.0,0.0
0.0,0.0
0.0,0.0
0.0,0.0
0.0,0.0
0.0,0.0
0.0,0.0
0.0,0.0
0.0,0.0
0.0,0.0
0.0,0.0
0.0,0.0
0.0,0.0
0.0,0.0
0.0,0.0
0.0,0.0
0.0,0.0
0.0,0.0
0.0,0.0
0.0,0.0
0.0,0.0
0.0,0.0
0.0,0.0
0.0,0.0
0.0,0.0
0.0,0.0
0.0,0.0
0.0,0.0
0.0,0.0
0.0,0.0
0.0,0.0
0.0,0.0
0.0,0.0
0.0,0.0
0.0,0.0
0.0,0.0
0.0,0.0
4555.44,0.0
4555.44,0.0
4555.44,0.0
4555.44,0.0
4749.593489444975,0.0
4749.593489444975,0.0
4749.593489444975,0.0
4749.593489444975,0.0
0.0,0.0
0.0,0.0
0.0,0.0
4555.44,0.0
4555.44,0.0
4555.44,0.0
4555.44,0.0
4555.44,0.0
4555.44,0.0
4555.44,0.0
5648.7456,0.0
5648.7456,0.0
5648.7456,0.0
5648.7456,0.0
5648.7456,0.0
5648.7456,0.0
5648.7456,0.0
5648.7456,0.0
5648.7456,0.0
5648.7456,0.0
5648.7456,0.0
5648.7456,0.0
5648.7456,0.0
5648.7456,0.0
5648.7456,0.0
5648.7456,0.0
5648.7456,0.0
5648.7456,0.0
5648.7456,0.0
5648.7456,0.0
5648.7456,0.0
5911.138944,0.0
5974.11334656,0.0
5989.2272031744,0.0
5992.854528761856,0.0
5993.725086902846,0.0
5993.934020856683,0.0
5993.984165005604,0.0
5993.996199601345,0.0
5993.999087904323,0.0
5993.999781097037,0.0
5993.999947463289,0.0
5993.999987391189,0.0
5993.998943814857,0.0
5993.999746515566,0.0
5993.999939163736,0.0
5993.999985399297,0.0
5993.9999964958315,0.0
0.0,0.0
0.0,0.0
0.0,0.0
0.0,0.0
0.0,0.0
0.0,0.0
0.0,0.0
0.0,0.0
0.0,0.0
0.0,0.0
0.0,0.0
0.0,0.0
0.0,0.0
0.0,0.0
0.0,0.0
0.0,0.0
0.0,0.0
0.0,0.0
0.0,0.0
0.0,0.0
0.0,0.0
0.0,0.0
0.0,0.0
0.0,0.0
0.0,0.0
0.0,0.0
0.0,0.0
0.0,0.0
0.0,0.0
0.0,0.0
0.0,0.0
0.0,0.0
0.0,0.0
0.0,0.0
0.0,0.0
0.0,0.0
0.0,0.0
0.0,0.0
0.0,0.0
0.0,0.0
0.0,0.0
888.2834380876002,0.0
1954.7969343299042,0.0
0.0,0.0
0.0,0.0
0.0,0.0
4555.44,0.0
5648.7456,0.0
5911.138944,0.0
4905.7632844277105,0.0
5732.823188262651,0.0
5931.317565183036,0.0
5978.956215643928,0.0
5990.389491754543,0.0
5990.389491754543,0.0
0.0,0.0
0.0,0.0
0.0,0.0
0.0,0.0
0.0,0.0
0.0,0.0
0.0,0.0
0.0,0.0
0.0,0.0
0.0,0.0
0.0,0.0
0.0,0.0
0.0,0.0
0.0,0.0
0.0,0.0
0.0,0.0
0.0,0.0
0.0,0.0
0.0,0.0
0.0,0.0
0.0,0.0
0.0,0.0
0.0,0.0
0.0,0.0
0.0,0.0
0.0,0.0
0.0,0.0
4555.44,0.0
4555.44,0.0
4555.44,0.0
4555.44,0.0
4555.44,0.0
4555.44,0.0
4555.44,0.0
4555.44,0.0
4555.44,0.0
4555.44,0.0
4555.44,0.0
4555.44,0.0
5648.7456,0.0
5648.7456,0.0
5648.7456,0.0
5648.7456,0.0
5648.7456,0.0
5648.7456,0.0
5648.7456,0.0
5648.7456,0.0
5648.7456,0.0
5648.7456,0.0
5648.7456,0.0
5648.7456,0.0
5648.7456,0.0
5648.7456,0.0
5648.7456,0.0
5648.7456,0.0
5648.7456,0.0
5648.7456,0.0
5911.138944,0.0
5911.138944,0.0
5911.138944,0.0
5911.138944,0.0
5911.138944,0.0
5911.138944,0.0
5974.11334656,0.0
5989.2272031744,0.0
5989.2272031744,0.0
5989.2272031744,0.0
5992.854528761856,0.0
5993.725086902846,0.0
5993.934020856683,0.0
5993.984165005604,0.0
5993.996199601345,0.0
5993.999087904323,0.0
5993.999781097037,0.0
5993.999947463289,0.0
5993.999987391189,0.0
5993.9999964958315,0.0
5993.9999964958315,0.0
3903.56365239124,0.0
0.0,0.0
0.0,0.0
0.0,0.0
4555.44,0.0
4555.44,0.0
4555.44,0.0
5648.7456,0.0
5911.138944,0.0
5974.11334656,0.0
5989.2272031744,0.0
5989.2272031744,0.0
5989.2272031744,0.0
5992.854528761856,0.0
5993.725086902846,0.0
5993.934020856683,0.0
5993.984165005604,0.0
5993.996199601345,0.0
5993.999087904323,0.0
5993.999781097037,0.0
5993.999947463289,0.0
5993.999987391189,0.0
5993.9999964958315,0.0
5045.6194461776395,0.0
524.7213843097707,0.0
0.0,0.0
1694.3904153811689,0.0
4698.352187727851,0.0
5683.0445250546845,0.0
5919.370686013124,0.0
5976.08896464315,0.0
5989.701351514356,0.0
5992.968324363445,0.0
5993.752397847227,0.0
5993.940575483335,0.0
1675.8861829646485,0.0
0.0,0.0
0.0,0.0
0.0,0.0
0.0,0.0
0.0,0.0
0.0,0.0
0.0,0.0
0.0,0.0
0.0,0.0
0.0,0.0
0.0,0.0
0.0,0.0
0.0,0.0
0.0,0.0
0.0,0.0
0.0,0.0
0.0,0.0
0.0,0.0
0.0,0.0
0.0,0.0
0.0,0.0
4555.44,0.0
4555.44,0.0
4555.44,0.0
4555.44,0.0
4555.44,0.0
4555.44,0.0
4555.44,0.0
4555.44,0.0
4555.44,0.0
4555.44,0.0
4555.44,0.0
4555.44,0.0
4555.44,0.0
4555.44,0.0
4555.44,0.0
4555.44,0.0
4555.44,0.0
4555.44,0.0
4555.44,0.0
4555.44,0.0
4555.44,0.0
4555.44,0.0
4555.44,0.0
4555.44,0.0
4555.44,0.0
5648.7456,0.0
5648.7456,0.0
5648.7456,0.0
5648.7456,0.0
5648.7456,0.0
5911.138944,0.0
5974.11334656,0.0
5989.2272031744,0.0
5992.854528761856,0.0
5993.725086902846,0.0
5993.934020856683,0.0
5993.984165005604,0.0
5993.996199601345,0.0
5993.999087904323,0.0
5993.999781097037,0.0
5993.999947463289,0.0
5993.999987391189,0.0
5993.999996973886,0.0
5993.999999273732,0.0
5831.987862392707,0.0
0.0,0.0
0.0,0.0
0.0,0.0
0.0,0.0
0.0,0.0
0.0,0.0
0.0,0.0
0.0,0.0
0.0,0.0
0.0,0.0
0.0,0.0
0.0,0.0
0.0,0.0
0.0,0.0
1207.5033097053265,0.0
4845.240794329278,0.0
4845.240794329278,0.0
4845.240794329278,0.0
4845.240794329278,0.0
4845.240794329278,0.0
4845.240794329278,0.0
4845.240794329278,0.0
4845.240794329278,0.0
4845.240794329278,0.0
4845.240794329278,0.0
4845.240794329278,0.0
4845.240794329278,0.0
4845.240794329278,0.0
4845.240794329278,0.0
4845.240794329278,0.0
4845.240794329278,0.0
4845.240794329278,0.0
4845.240794329278,0.0
4845.240794329278,0.0
4845.240794329278,0.0
4845.240794329278,0.0
4845.240794329278,0.0
4845.240794329278,0.0
4845.240794329278,0.0
4845.240794329278,0.0
4845.240794329278,0.0
4845.240794329278,0.0
4845.240794329278,0.0
4845.240794329278,0.0
5718.297790639027,0.0
5718.297790639027,0.0
5718.297790639027,0.0
5718.297790639027,0.0
5718.297790639027,0.0
5718.297790639027,0.0
5718.297790639027,0.0
5927.831469753366,0.0
5978.119552740808,0.0
5990.188692657794,0.0
5993.085286237871,0.0
5993.7804686970885,0.0
5993.947312487301,0.0
5993.9873549969525,0.0
5993.996965199269,0.0
5993.999271647825,0.0
5993.999825195478,0.0
5993.999958046915,0.0
5993.99998993126,0.0
5993.999997583503,0.0
5993.999999420041,0.0
3471.3019413864854,0.0
3471.3019413864854,0.0
3471.3019413864854,0.0
0.0,0.0
0.0,0.0
0.0,0.0
0.0,0.0
0.0,0.0
0.0,0.0
0.0,0.0
0.0,0.0
0.0,0.0
0.0,0.0
0.0,0.0
0.0,0.0
0.0,0.0
0.0,0.0
0.0,0.0
0.0,0.0
0.0,0.0
0.0,0.0
0.0,0.0
0.0,0.0
0.0,0.0
0.0,0.0
4555.44,0.0
4555.44,0.0
4555.44,0.0
4555.44,0.0
4555.44,0.0
4555.44,0.0
4555.44,0.0
4555.44,0.0
4555.44,0.0
5648.7456,0.0
5911.138944,0.0
5974.11334656,0.0
5989.2272031744,0.0
5989.2272031744,0.0
5989.2272031744,0.0
5989.2272031744,0.0
5989.2272031744,0.0
5989.2272031744,0.0
5989.2272031744,0.0
5989.2272031744,0.0
5989.2272031744,0.0
5992.854528761856,0.0
5993.725086902846,0.0
5993.934020856683,0.0
5993.984165005604,0.0
5993.996199601345,0.0
5993.999087904323,0.0
5993.999781097037,0.0
5993.999947463289,0.0
5993.999987391189,0.0
5993.9999964958315,0.0
310.870098108051,0.0
310.870098108051,0.0
310.870098108051,0.0
310.870098108051,0.0
310.870098108051,0.0
310.870098108051,0.0
0.0,0.0
0.0,0.0
0.0,0.0
0.0,0.0
0.0,0.0
0.0,0.0
4555.44,0.0
4555.44,0.0
4555.44,0.0
4555.44,0.0
4555.44,0.0
4555.44,0.0
5648.7456,0.0
5911.138944,0.0
5974.11334656,0.0
5989.2272031744,0.0
5989.2272031744,0.0
5989.2272031744,0.0
5989.2272031744,0.0
5989.2272031744,0.0
5989.2272031744,0.0
5989.2272031744,0.0
5989.2272031744,0.0
5989.2272031744,0.0
5992.854528761856,0.0
5993.725086902846,0.0
5993.934020856683,0.0
5993.984165005604,0.0
5993.996199601345,0.0
5993.999087904323,0.0
5993.999781097037,0.0
5993.999947463289,0.0
5993.999987391189,0.0
5993.9999964958315,0.0
0.0,0.0
0.0,0.0
0.0,0.0
0.0,0.0
0.0,0.0
0.0,0.0
0.0,0.0
0.0,0.0
0.0,0.0
0.0,0.0
0.0,0.0
0.0,0.0
0.0,0.0
0.0,0.0
0.0,0.0
0.0,0.0
0.0,0.0
0.0,0.0
0.0,0.0
0.0,0.0
0.0,0.0
0.0,0.0
0.0,0.0
0.0,0.0
0.0,0.0
0.0,0.0
0.0,0.0
0.0,0.0
0.0,0.0
0.0,0.0
0.0,0.0
0.0,0.0
0.0,0.0
0.0,0.0
0.0,0.0
0.0,0.0
0.0,0.0
0.0,0.0
0.0,0.0
0.0,0.0
0.0,0.0
0.0,0.0
0.0,0.0
0.0,0.0
0.0,0.0
0.0,0.0
0.0,0.0
0.0,0.0
0.0,0.0
0.0,0.0
0.0,0.0
4555.44,0.0
5648.7456,0.0
5911.138944,0.0
5974.11334656,0.0
5989.2272031744,0.0
5989.2272031744,0.0
5992.854528761856,0.0
5993.725086902846,0.0
5993.934020856683,0.0
5993.984165005604,0.0
5993.996199601345,0.0
5993.999087904323,0.0
5993.999781097037,0.0
5993.999947463289,0.0
5993.999987391189,0.0
5993.9999964958315,0.0
0.0,0.0
0.0,0.0
0.0,0.0
0.0,0.0
0.0,0.0
0.0,0.0
0.0,0.0
0.0,0.0
0.0,0.0
0.0,0.0
0.0,0.0
0.0,0.0
0.0,0.0
0.0,0.0
0.0,0.0
0.0,0.0
0.0,0.0
0.0,0.0
0.0,0.0
0.0,0.0
0.0,0.0
0.0,0.0
296.7998695737606,0.0
4626.671968697702,0.0
4626.671968697702,0.0
1534.9933962727227,0.0
1534.9933962727227,0.0
1534.9933962727227,0.0
1534.9933962727227,0.0
1534.9933962727227,0.0
1534.9933962727227,0.0
1534.9933962727227,0.0
1534.9933962727227,0.0
1534.9933962727227,0.0
1534.9933962727227,0.0
1534.9933962727227,0.0
1534.9933962727227,0.0
1534.9933962727227,0.0
1534.9933962727227,0.0
1534.9933962727227,0.0
8.643058875764837,0.0
8.643058875764837,0.0
8.643058875764837,0.0
8.643058875764837,0.0
8.643058875764837,0.0
8.643058875764837,0.0
0.0,0.0
0.0,0.0
0.0,0.0
0.0,0.0
0.0,0.0
0.0,0.0
0.0,0.0
0.0,0.0
0.0,0.0
0.0,0.0
0.0,0.0
0.0,0.0
597.3305136887137,0.0
3571.711506467832,0.0
1780.7372665453213,0.0
1780.7372665453213,0.0
0.0,0.0
0.0,0.0
0.0,0.0
0.0,0.0
0.0,0.0
2831.8367377148097,0.0
5235.080817051554,0.0
5811.859396092373,0.0
5950.286255062169,0.0
5983.508701214921,0.0
5991.482088291581,0.0
5993.395701189979,0.0
5993.854968285595,0.0
5993.965192388542,0.0
2707.5186107510754,0.0
2707.5186107510754,0.0
2707.5186107510754,0.0
0.0,0.0
0.0,0.0
0.0,0.0
0.0,0.0
1185.8034200857321,0.0
2856.2819495545054,0.0
0.0,0.0
0.0,0.0
0.0,0.0
0.0,0.0
0.0,0.0
0.0,0.0
0.0,0.0
2615.5942661062327,0.0
5183.182623865496,0.0
5799.403829727719,0.0
5947.2969191346565,0.0
5982.7912605923175,0.0
0.0,0.0
0.0,0.0
0.0,0.0
0.0,0.0
0.0,0.0
0.0,0.0
0.0,0.0
0.0,0.0
0.0,0.0
0.0,0.0
4555.44,0.0
5648.7456,0.0
5911.138944,0.0
5974.11334656,0.0
5989.2272031744,0.0
5992.854528761856,0.0
5993.725086902846,0.0
5993.934020856683,0.0
5993.984165005604,0.0
5993.996199601345,0.0
5564.586388182292,0.0
5890.94073316375,0.0
5969.2657759593,0.0
5988.063786230232,0.0
5992.575308695255,0.0
5993.658074086861,0.0
4913.630996916215,0.0
3978.6970099448154,0.0
3449.296366407252,0.0
5383.271127937741,0.0
5847.425070705058,0.0
5958.822016969214,0.0
5985.557284072612,0.0
5991.973748177426,0.0
5993.513699562583,0.0
5993.88328789502,0.0
5993.9719890948045,0.0
5993.993277382753,0.0
5993.9983865718605,0.0
4044.5868859674015,0.0
163.48675876377865,0.0
0.0,0.0
1965.0387800894532,0.0
5027.049307221469,0.0
5761.931833733152,0.0
5938.303640095956,0.0
5938.303640095956,0.0
5938.303640095956,0.0
5980.63287362303,0.0
5990.791889669527,0.0
5993.230053520687,0.0
5993.815212844965,0.0
5993.9556510827915,0.0
5993.98935625987,0.0
5993.9974455023685,0.0
5993.999386920568,0.0
5993.999852860937,0.0
5993.999964686624,0.0
5993.999985399298,0.0
5993.9999964958315,0.0
2865.498566835072,0.0
2865.498566835072,0.0
2865.498566835072,0.0
0.0,0.0
0.0,0.0
0.0,0.0
0.0,0.0
0.0,0.0
0.0,0.0
0.0,0.0
0.0,0.0
0.0,0.0
0.0,0.0
3375.3722352792747,0.0
5365.529336467026,0.0
5843.167040752086,0.0
3448.4864102571437,0.0
0.0,0.0
0.0,0.0
1676.634284108095,0.0
4957.832228185943,0.0
5745.319734764626,0.0
5934.31673634351,0.0
5979.676016722442,0.0
0.0,0.0
0.0,0.0
0.0,0.0
0.0,0.0
0.0,0.0
0.0,0.0
0.0,0.0
508.48513983223893,0.0
4677.476433559737,0.0
5678.0343440543365,0.0
5918.16824257304,0.0
5975.800378217529,0.0
2980.304221852854,0.0
2980.304221852854,0.0
2980.304221852854,0.0
0.0,0.0
0.0,0.0
0.0,0.0
0.0,0.0
0.0,0.0
0.0,0.0
892.2984851668152,0.0
4769.591636440036,0.0
5700.141992745609,0.0
2505.409388617594,0.0
2505.409388617594,0.0
2505.409388617594,0.0
2505.409388617594,0.0
2505.409388617594,0.0
2505.409388617594,0.0
2505.409388617594,0.0
0.0,0.0
0.0,0.0
0.0,0.0
0.0,0.0
0.0,0.0
0.0,0.0
0.0,0.0
0.0,0.0
0.0,0.0
0.0,0.0
0.0,0.0
0.0,0.0
0.0,0.0
0.0,0.0
2607.759891663564,0.0
2607.759891663564,0.0
2607.759891663564,0.0
0.0,0.0
0.0,0.0
0.0,0.0
0.0,0.0
0.0,0.0
0.0,0.0
0.0,0.0
0.0,0.0
0.0,0.0
4555.44,0.0
4555.44,0.0
4555.44,0.0
4555.44,0.0
4555.44,0.0
4555.44,0.0
4555.44,0.0
4555.44,0.0
4555.44,0.0
4555.44,0.0
4555.44,0.0
4555.44,0.0
4555.44,0.0
4555.44,0.0
4555.44,0.0
4555.44,0.0
4555.44,0.0
4555.44,0.0
4555.44,0.0
5648.7456,0.0
5648.7456,0.0
5648.7456,0.0
5648.7456,0.0
5648.7456,0.0
5911.138944,0.0
5974.11334656,0.0
5989.2272031744,0.0
5992.854528761856,0.0
5993.725086902846,0.0
5993.934020856683,0.0
5993.984165005604,0.0
5993.996199601345,0.0
5993.999087904323,0.0
5993.999781097037,0.0
5993.999947463289,0.0
5993.999987391189,0.0
5993.999996973886,0.0
5993.999999273732,0.0
5558.242673316006,0.0
0.0,0.0
0.0,0.0
0.0,0.0
0.0,0.0
0.0,0.0
0.0,0.0
0.0,0.0
0.0,0.0
0.0,0.0
0.0,0.0
0.0,0.0
0.0,0.0
0.0,0.0
0.0,0.0
0.0,0.0
0.0,0.0
0.0,0.0
0.0,0.0
0.0,0.0
0.0,0.0
0.0,0.0
0.0,0.0
0.0,0.0
0.0,0.0
0.0,0.0
0.0,0.0
0.0,0.0
0.0,0.0
0.0,0.0
0.0,0.0
0.0,0.0
0.0,0.0
0.0,0.0
0.0,0.0
0.0,0.0
0.0,0.0
0.0,0.0
0.0,0.0
0.0,0.0
0.0,0.0
4093.3621115712813,0.0
4093.3621115712813,0.0
5537.8469067771075,0.0
5537.8469067771075,0.0
5537.8469067771075,0.0
5537.8469067771075,0.0
5884.523257626506,0.0
5967.72558183036,0.0
5967.72558183036,0.0
5970.971729554978,0.0
5988.473215093195,0.0
5992.673571622367,0.0
5993.681657189368,0.0
5993.923597725448,0.0
5993.981663454108,0.0
5993.995599228986,0.0
5993.998943814957,0.0
5993.999746515589,0.0
5993.999939163741,0.0
5993.999985399298,0.0
5993.9999964958315,0.0
5993.9999964958315,0.0
5993.9999964958315,0.0
0.0,0.0
0.0,0.0
0.0,0.0
0.0,0.0
0.0,0.0
0.0,0.0
0.0,0.0
0.0,0.0
0.0,0.0
0.0,0.0
0.0,0.0
0.0,0.0
0.0,0.0
0.0,0.0
0.0,0.0
0.0,0.0
0.0,0.0
0.0,0.0
0.0,0.0
872.6988257968234,0.0
872.6988257968234,0.0
872.6988257968234,0.0
872.6988257968234,0.0
872.6988257968234,0.0
872.6988257968234,0.0
872.6988257968234,0.0
872.6988257968234,0.0
872.6988257968234,0.0
872.6988257968234,0.0
872.6988257968234,0.0
872.6988257968234,0.0
872.6988257968234,0.0
0.0,0.0
0.0,0.0
0.0,0.0
0.0,0.0
0.0,0.0
0.0,0.0
0.0,0.0
0.0,0.0
0.0,0.0
0.0,0.0
0.0,0.0
0.0,0.0
0.0,0.0
0.0,0.0
0.0,0.0
0.0,0.0
0.0,0.0
0.0,0.0
0.0,0.0
0.0,0.0
0.0,0.0
0.0,0.0
0.0,0.0
0.0,0.0
0.0,0.0
0.0,0.0
0.0,0.0
0.0,0.0
0.0,0.0
0.0,0.0
0.0,0.0
0.0,0.0
0.0,0.0
4555.44,0.0
4555.44,0.0
5648.7456,0.0
5648.7456,0.0
5911.138944,0.0
5974.11334656,0.0
5989.2272031744,0.0
5992.854528761856,0.0
5993.725086902846,0.0
5993.934020856683,0.0
5993.984165005604,0.0
5993.996199601345,0.0
5993.999087904323,0.0
5993.999781097037,0.0
5993.999947463289,0.0
5993.999987391189,0.0
5993.9999964958315,0.0
5993.9999964958315,0.0
5993.9999964958315,0.0
0.0,0.0
0.0,0.0
0.0,0.0
0.0,0.0
0.0,0.0
0.0,0.0
0.0,0.0
4389.733702561038,0.0
5608.976088614649,0.0
5901.594261267515,0.0
5971.822622704203,0.0
5971.822622704203,0.0
1496.2784717362028,0.0
1496.2784717362028,0.0
1496.2784717362028,0.0
237.637704606821,0.0
237.637704606821,0.0
0.0,0.0
0.0,0.0
0.0,0.0
0.0,0.0
0.0,0.0
1914.633460238576,0.0
1914.633460238576,0.0
1914.633460238576,0.0
1914.633460238576,0.0
1914.633460238576,0.0
1914.633460238576,0.0
1914.633460238576,0.0
1914.633460238576,0.0
1914.633460238576,0.0
1914.633460238576,0.0
5014.952030457258,0.0
5759.028487309742,0.0
5937.606836954338,0.0
5980.465640869041,0.0
5990.751753808569,0.0
5993.220420914056,0.0
5993.812901019373,0.0
5993.955096244649,0.0
5993.989223098716,0.0
5993.997413543691,0.0
5993.999379250486,0.0
5993.999851020117,0.0
5993.999964244828,0.0
5993.999991418759,0.0
5993.999991418759,0.0
5993.999991418759,0.0
2574.0785539819553,0.0
2574.0785539819553,0.0
2574.0785539819553,0.0
2574.0785539819553,0.0
911.4354951061905,0.0
911.4354951061905,0.0
1564.9813785022702,0.0
2737.962729913261,0.0
2567.152466299185,0.0
2567.152466299185,0.0
2567.152466299185,0.0
2567.152466299185,0.0
0.0,0.0
0.0,0.0
0.0,0.0
0.0,0.0
0.0,0.0
0.0,0.0
0.0,0.0
0.0,0.0
0.0,0.0
0.0,0.0
0.0,0.0
0.0,0.0
0.0,0.0
0.0,0.0
0.0,0.0
0.0,0.0
0.0,0.0
0.0,0.0
0.0,0.0
0.0,0.0
0.0,0.0
0.0,0.0
0.0,0.0
0.0,0.0
0.0,0.0
0.0,0.0
0.0,0.0
0.0,0.0
0.0,0.0
