Price
55.45669064748204
55.45669064748205
55.45669064748204
55.456690647482034
55.45669064748204
55.45669064748205
55.456690647482034
55.45669064748204
55.45669064748204
55.45669064748204
55.45669064748204
39.190791366906495
39.190791366906495
39.190791366906495
39.190791366906495
55.45669064748204
55.456690647482034
55.456690647482034
55.45669064748205
55.45669064748204
55.456690647482034
55.45669064748204
55.45669064748204
55.45669064748204
55.456690647482034
55.456690647482034
55.45669064748204
39.190791366906495
39.190791366906495
39.190791366906495
39.190791366906495
39.190791366906495
39.190791366906495
39.190791366906495
-11.329125941190831
-11.32912594119083
-11.32912594119083
-11.329125941190831
-11.32912594119083
39.190791366906495
39.190791366906495
39.190791366906495
39.190791366906495
39.190791366906495
39.190791366906495
39.190791366906495
39.190791366906495
39.190791366906495
39.190791366906495
39.190791366906495
39.190791366906495
39.190791366906495
39.19079136690649
39.190791366906495
39.190791366906495
39.190791366906495
-11.329125941190831
-11.32912594119083
-11.32912594119083
-11.32912594119083
-11.329125941190831
-11.329125941190831
-11.32912594119083
-11.329125941190831
-11.32912594119083
39.190791366906495
39.190791366906495
39.190791366906495
39.190791366906495
39.1907913669065
39.190791366906495
39.190791366906495
39.190791366906495
39.19079136690649
39.190791366906495
39.190791366906495
39.190791366906495
39.190791366906495
39.190791366906495
39.190791366906495
39.190791366906495
-11.329125941190831
-11.32912594119083
-11.329125941190831
-11.32912594119083
-11.329125941190831
-11.329125941190831
39.190791366906495
39.190791366906495
39.190791366906495
39.190791366906495
39.190791366906495
39.190791366906495
39.190791366906495
39.190791366906495
39.190791366906495
39.190791366906495
39.19079136690649
39.190791366906495
39.190791366906495
39.190791366906495
39.19079136690649
39.190791366906495
39.190791366906495
39.190791366906495
39.190791366906495
-11.32912594119083
-11.32912594119083
-11.32912594119083
-11.329125941190831
-11.32912594119083
39.190791366906495
39.190791366906495
39.190791366906495
55.45669064748204
55.45669064748205
55.456690647482034
39.190791366906495
39.190791366906495
39.190791366906495
39.19079136690649
39.190791366906495
39.190791366906495
39.190791366906495
39.190791366906495
55.45669064748205
55.45669064748204
55.456690647482034
39.190791366906495
39.190791366906495
39.190791366906495
39.190791366906495
39.190791366906495
39.190791366906495
39.190791366906495
39.190791366906495
39.190791366906495
55.45669064748204
55.45669064748204
55.456690647482034
55.45669064748204
55.45669064748204
55.45669064748204
55.45669064748204
39.1907913669065
39.190791366906495
39.190791366906495
39.190791366906495
39.190791366906495
39.190791366906495
39.190791366906495
39.190791366906495
39.190791366906495
39.190791366906495
-11.32912594119083
-11.329125941190831
-11.32912594119083
-11.32912594119083
-11.329125941190831
-11.329125941190831
39.19079136690649
39.190791366906495
39.190791366906495
39.190791366906495
39.1907913669065
39.190791366906495
39.190791366906495
39.190791366906495
