PumpedStor,BatteryStor
0.0,0.0
0.0,0.0
0.0,0.0
0.0,0.0
0.0,0.0
0.0,0.0
0.0,0.0
0.0,0.0
0.0,0.0
0.0,0.0
0.0,0.0
0.0,0.0
0.0,0.0
0.0,0.0
0.0,0.0
0.0,0.0
0.0,0.0
0.0,0.0
0.0,0.0
0.0,0.0
0.0,0.0
0.0,0.0
0.0,0.0
0.0,0.0
0.0,0.0
0.0,0.0
0.0,0.0
0.0,0.0
0.0,0.0
0.0,0.0
0.0,0.0
0.0,0.0
0.0,0.0
0.0,0.0
0.0,0.0
0.0,0.0
0.0,0.0
0.0,0.0
0.0,0.0
0.0,0.0
0.0,0.0
0.0,0.0
0.0,0.0
0.0,0.0
0.0,0.0
0.0,0.0
0.0,0.0
10995.623135417702,0.0
0.0,0.0
0.0,0.0
0.0,0.0
6442.945539303173,0.0
7518.291526459805,0.0
0.0,0.0
0.0,0.0
0.0,0.0
0.0,0.0
0.0,0.0
0.0,0.0
0.0,0.0
0.0,0.0
0.0,0.0
0.0,0.0
0.0,0.0
0.0,0.0
0.0,0.0
0.0,0.0
0.0,0.0
0.0,0.0
0.0,0.0
0.0,0.0
0.0,0.0
0.0,0.0
0.0,0.0
0.0,0.0
0.0,0.0
0.0,0.0
0.0,0.0
0.0,0.0
0.0,0.0
0.0,0.0
0.0,0.0
0.0,0.0
0.0,0.0
0.0,0.0
0.0,0.0
0.0,0.0
0.0,0.0
0.0,0.0
0.0,0.0
0.0,0.0
0.0,0.0
0.0,0.0
4024.635963072103,0.0
1372.7321920560985,0.0
0.0,0.0
0.0,0.0
0.0,0.0
0.0,0.0
0.0,0.0
0.0,0.0
0.0,0.0
0.0,0.0
0.0,0.0
0.0,0.0
0.0,0.0
0.0,0.0
0.0,0.0
0.0,0.0
0.0,0.0
0.0,0.0
0.0,0.0
0.0,0.0
0.0,0.0
0.0,0.0
0.0,0.0
0.0,0.0
0.0,0.0
0.0,0.0
0.0,0.0
0.0,0.0
0.0,0.0
0.0,0.0
0.0,0.0
0.0,0.0
0.0,0.0
0.0,0.0
0.0,0.0
0.0,0.0
0.0,0.0
0.0,0.0
0.0,0.0
0.0,0.0
0.0,0.0
0.0,0.0
0.0,0.0
0.0,0.0
0.0,0.0
0.0,0.0
0.0,0.0
0.0,0.0
0.0,0.0
0.0,0.0
0.0,0.0
0.0,0.0
0.0,0.0
0.0,0.0
0.0,0.0
0.0,0.0
0.0,0.0
0.0,0.0
0.0,0.0
7679.249357037044,0.0
3019.4216404258805,0.0
0.0,0.0
0.0,0.0
0.0,0.0
0.0,0.0
0.0,0.0
0.0,0.0
0.0,0.0
0.0,0.0
0.0,0.0
0.0,0.0
585.3282005470828,0.0
7038.968684393363,0.0
2941.794990842456,0.0
0.0,0.0
0.0,0.0
0.0,0.0
0.0,0.0
0.0,0.0
0.0,0.0
0.0,0.0
0.0,0.0
0.0,0.0
4229.59113995306,0.0
12287.803777481266,0.0
8439.465283746362,0.0
0.0,0.0
0.0,0.0
0.0,0.0
0.0,0.0
0.0,0.0
0.0,0.0
0.0,0.0
0.0,0.0
0.0,0.0
0.0,0.0
1795.4189597081568,0.0
1110.9787196389589,0.0
0.0,0.0
0.0,0.0
0.0,0.0
0.0,0.0
0.0,0.0
0.0,0.0
0.0,0.0
0.0,0.0
0.0,0.0
1659.7768919884588,0.0
0.0,0.0
0.0,0.0
0.0,0.0
0.0,0.0
0.0,0.0
0.0,0.0
0.0,0.0
0.0,0.0
0.0,0.0
0.0,0.0
0.0,0.0
0.0,0.0
0.0,0.0
0.0,0.0
0.0,0.0
0.0,0.0
0.0,0.0
0.0,0.0
0.0,0.0
0.0,0.0
0.0,0.0
0.0,0.0
0.0,0.0
0.0,0.0
0.0,0.0
0.0,0.0
0.0,0.0
0.0,0.0
0.0,0.0
0.0,0.0
0.0,0.0
0.0,0.0
0.0,0.0
0.0,0.0
0.0,0.0
0.0,0.0
0.0,0.0
0.0,0.0
0.0,0.0
0.0,0.0
0.0,0.0
0.0,0.0
0.0,0.0
0.0,0.0
0.0,0.0
0.0,0.0
0.0,0.0
0.0,0.0
0.0,0.0
0.0,0.0
0.0,0.0
0.0,0.0
0.0,0.0
0.0,0.0
0.0,0.0
0.0,0.0
0.0,0.0
0.0,0.0
0.0,0.0
0.0,0.0
0.0,0.0
0.0,0.0
0.0,0.0
0.0,0.0
0.0,0.0
0.0,0.0
0.0,0.0
0.0,0.0
0.0,0.0
0.0,0.0
0.0,0.0
0.0,0.0
0.0,0.0
0.0,0.0
0.0,0.0
0.0,0.0
0.0,0.0
0.0,0.0
0.0,0.0
0.0,0.0
0.0,0.0
0.0,0.0
0.0,0.0
0.0,0.0
0.0,0.0
0.0,0.0
0.0,0.0
0.0,0.0
0.0,0.0
0.0,0.0
0.0,0.0
0.0,0.0
0.0,0.0
0.0,0.0
0.0,0.0
0.0,0.0
0.0,0.0
0.0,0.0
0.0,0.0
0.0,0.0
0.0,0.0
0.0,0.0
0.0,0.0
0.0,0.0
0.0,0.0
0.0,0.0
0.0,0.0
0.0,0.0
0.0,0.0
0.0,0.0
0.0,0.0
0.0,0.0
0.0,0.0
0.0,0.0
0.0,0.0
0.0,0.0
0.0,0.0
0.0,0.0
0.0,0.0
0.0,0.0
0.0,0.0
0.0,0.0
0.0,0.0
0.0,0.0
0.0,0.0
0.0,0.0
0.0,0.0
0.0,0.0
0.0,0.0
0.0,0.0
0.0,0.0
0.0,0.0
0.0,0.0
0.0,0.0
0.0,0.0
0.0,0.0
0.0,0.0
0.0,0.0
0.0,0.0
0.0,0.0
0.0,0.0
0.0,0.0
0.0,0.0
0.0,0.0
0.0,0.0
0.0,0.0
0.0,0.0
0.0,0.0
0.0,0.0
0.0,0.0
0.0,0.0
0.0,0.0
0.0,0.0
0.0,0.0
0.0,0.0
0.0,0.0
0.0,0.0
0.0,0.0
0.0,0.0
0.0,0.0
0.0,0.0
0.0,0.0
0.0,0.0
0.0,0.0
0.0,0.0
0.0,0.0
0.0,0.0
0.0,0.0
0.0,0.0
0.0,0.0
0.0,0.0
0.0,0.0
0.0,0.0
0.0,0.0
0.0,0.0
0.0,0.0
0.0,0.0
0.0,0.0
0.0,0.0
0.0,0.0
0.0,0.0
0.0,0.0
0.0,0.0
0.0,0.0
0.0,0.0
0.0,0.0
2227.658249853395,0.0
3848.921775460543,0.0
0.0,0.0
0.0,0.0
0.0,0.0
0.0,0.0
2560.4730886242955,0.0
0.0,0.0
0.0,0.0
0.0,0.0
0.0,0.0
0.0,0.0
0.0,0.0
0.0,0.0
0.0,0.0
0.0,0.0
0.0,0.0
0.0,0.0
0.0,0.0
0.0,0.0
0.0,0.0
0.0,0.0
0.0,0.0
0.0,0.0
0.0,0.0
0.0,0.0
0.0,0.0
0.0,0.0
0.0,0.0
0.0,0.0
0.0,0.0
0.0,0.0
0.0,0.0
0.0,0.0
0.0,0.0
0.0,0.0
6975.4419634434,0.0
5850.350601809318,0.0
0.0,0.0
0.0,0.0
0.0,0.0
0.0,0.0
0.0,0.0
0.0,0.0
0.0,0.0
0.0,0.0
0.0,0.0
0.0,0.0
0.0,0.0
0.0,0.0
0.0,0.0
0.0,0.0
0.0,0.0
659.9410764726417,0.0
9294.44580436296,0.0
6296.1435019751625,0.0
0.0,0.0
0.0,0.0
0.0,0.0
0.0,0.0
0.0,0.0
0.0,0.0
0.0,0.0
0.0,0.0
0.0,0.0
0.0,0.0
3037.930107560758,0.0
1677.282607948262,0.0
0.0,0.0
0.0,0.0
0.0,0.0
0.0,0.0
0.0,0.0
0.0,0.0
0.0,0.0
0.0,0.0
0.0,0.0
0.0,0.0
651.3908132618599,0.0
3957.8192501207595,0.0
0.0,0.0
0.0,0.0
0.0,0.0
0.0,0.0
0.0,0.0
0.0,0.0
0.0,0.0
0.0,0.0
0.0,0.0
0.0,0.0
393.4773493149587,0.0
40.90344066655598,0.0
0.0,0.0
0.0,0.0
0.0,0.0
0.0,0.0
0.0,0.0
0.0,0.0
0.0,0.0
0.0,0.0
0.0,0.0
0.0,0.0
1897.010268873557,0.0
4618.9224624419585,0.0
0.0,0.0
0.0,0.0
0.0,0.0
0.0,0.0
0.0,0.0
0.0,0.0
0.0,0.0
0.0,0.0
0.0,0.0
0.0,0.0
2079.1845778039606,0.0
0.0,0.0
0.0,0.0
0.0,0.0
0.0,0.0
0.0,0.0
0.0,0.0
0.0,0.0
0.0,0.0
0.0,0.0
0.0,0.0
0.0,0.0
0.0,0.0
0.0,0.0
0.0,0.0
0.0,0.0
0.0,0.0
0.0,0.0
0.0,0.0
0.0,0.0
0.0,0.0
0.0,0.0
2106.599916590817,0.0
0.0,0.0
0.0,0.0
0.0,0.0
0.0,0.0
0.0,0.0
0.0,0.0
0.0,0.0
0.0,0.0
0.0,0.0
0.0,0.0
0.0,0.0
0.0,0.0
404.4491862042719,0.0
7132.310940207999,0.0
0.0,0.0
3782.8212049410017,0.0
0.0,0.0
0.0,0.0
0.0,0.0
2255.4568870946036,0.0
0.0,0.0
0.0,0.0
0.0,0.0
0.0,0.0
0.0,0.0
641.6743043181027,0.0
495.3179813712027,0.0
0.0,0.0
0.0,0.0
0.0,0.0
544.5835880430982,0.0
10169.641905100441,0.0
6281.601331605039,0.0
0.0,0.0
0.0,0.0
0.0,0.0
0.0,0.0
0.0,0.0
0.0,0.0
0.0,0.0
0.0,0.0
0.0,0.0
0.0,0.0
3547.2310954212485,0.0
0.0,0.0
0.0,0.0
0.0,0.0
0.0,0.0
0.0,0.0
6731.651824069695,0.0
9799.1072433658,0.0
3287.884449074399,0.0
0.0,0.0
0.0,0.0
0.0,0.0
0.0,0.0
5135.450885623296,0.0
0.0,0.0
0.0,0.0
0.0,0.0
1296.4346037266573,0.0
1816.7075372783997,0.0
0.0,0.0
0.0,0.0
0.0,0.0
0.0,0.0
0.0,0.0
0.0,0.0
0.0,0.0
0.0,0.0
0.0,0.0
0.0,0.0
0.0,0.0
4880.949084563004,0.0
4627.596513142997,0.0
0.0,0.0
0.0,0.0
0.0,0.0
0.0,0.0
0.0,0.0
0.0,0.0
0.0,0.0
0.0,0.0
0.0,0.0
0.0,0.0
9345.738257677292,0.0
141.96763469108373,0.0
8287.549682236002,0.0
0.0,0.0
0.0,0.0
7181.604626576302,0.0
0.0,0.0
0.0,0.0
0.0,0.0
0.0,0.0
0.0,0.0
0.0,0.0
0.0,0.0
0.0,0.0
0.0,0.0
0.0,0.0
0.0,0.0
0.0,0.0
0.0,0.0
0.0,0.0
0.0,0.0
0.0,0.0
0.0,0.0
0.0,0.0
0.0,0.0
0.0,0.0
10094.672098375797,0.0
0.0,0.0
0.0,0.0
0.0,0.0
0.0,0.0
14862.188102804883,0.0
0.0,0.0
0.0,0.0
0.0,0.0
1004.0234724295974,0.0
0.0,0.0
0.0,0.0
0.0,0.0
0.0,0.0
0.0,0.0
0.0,0.0
0.0,0.0
0.0,0.0
0.0,0.0
0.0,0.0
0.0,0.0
0.0,0.0
0.0,0.0
0.0,0.0
0.0,0.0
0.0,0.0
0.0,0.0
0.0,0.0
0.0,0.0
0.0,0.0
0.0,0.0
0.0,0.0
0.0,0.0
0.0,0.0
0.0,0.0
0.0,0.0
0.0,0.0
0.0,0.0
0.0,0.0
0.0,0.0
0.0,0.0
0.0,0.0
0.0,0.0
0.0,0.0
0.0,0.0
0.0,0.0
0.0,0.0
0.0,0.0
0.0,0.0
0.0,0.0
0.0,0.0
0.0,0.0
0.0,0.0
0.0,0.0
0.0,0.0
0.0,0.0
0.0,0.0
0.0,0.0
0.0,0.0
0.0,0.0
0.0,0.0
0.0,0.0
0.0,0.0
0.0,0.0
0.0,0.0
0.0,0.0
0.0,0.0
0.0,0.0
0.0,0.0
0.0,0.0
0.0,0.0
0.0,0.0
0.0,0.0
0.0,0.0
0.0,0.0
0.0,0.0
0.0,0.0
0.0,0.0
0.0,0.0
0.0,0.0
0.0,0.0
0.0,0.0
0.0,0.0
0.0,0.0
0.0,0.0
0.0,0.0
0.0,0.0
0.0,0.0
0.0,0.0
0.0,0.0
0.0,0.0
0.0,0.0
0.0,0.0
0.0,0.0
0.0,0.0
0.0,0.0
0.0,0.0
0.0,0.0
0.0,0.0
0.0,0.0
0.0,0.0
0.0,0.0
0.0,0.0
0.0,0.0
0.0,0.0
0.0,0.0
0.0,0.0
1150.619473695675,0.0
1132.541317509605,0.0
0.0,0.0
0.0,0.0
3199.6019012761003,0.0
12113.843420762914,0.0
9356.220532796855,0.0
0.0,0.0
0.0,0.0
0.0,0.0
13179.333189965459,0.0
1691.3809136573618,0.0
0.0,0.0
3376.9631576866705,0.0
0.0,0.0
0.0,0.0
0.0,0.0
0.0,0.0
0.0,0.0
0.0,0.0
0.0,0.0
0.0,0.0
0.0,0.0
0.0,0.0
0.0,0.0
4680.0857026051035,0.0
7444.305209401506,0.0
0.0,0.0
6400.893906418702,0.0
6267.804158686704,0.0
0.0,0.0
0.0,0.0
0.0,0.0
0.0,0.0
14406.682747440904,1.6370904631912709e-12
0.0,0.0
0.0,0.0
0.0,0.0
0.0,0.0
0.0,0.0
0.0,0.0
7851.740947140157,0.0
0.0,0.0
0.0,0.0
0.0,0.0
0.0,0.0
0.0,0.0
0.0,0.0
0.0,0.0
1736.454322192165,0.0
0.0,0.0
0.0,0.0
0.0,0.0
1047.4213361312857,0.0
0.0,0.0
0.0,0.0
0.0,0.0
0.0,0.0
7535.718585301418,0.0
15792.843441760318,0.0
0.0,0.0
0.0,0.0
0.0,0.0
0.0,0.0
0.0,0.0
0.0,0.0
0.0,0.0
0.0,0.0
0.0,0.0
0.0,0.0
11756.612067603208,0.0
0.0,0.0
12452.796783797392,0.0
0.0,0.0
0.0,0.0
0.0,0.0
0.0,0.0
0.0,0.0
0.0,0.0
0.0,0.0
0.0,0.0
0.0,0.0
4094.6257121206468,0.0
14433.507824691,0.0
5675.8501235835465,0.0
0.0,0.0
0.0,0.0
0.0,0.0
0.0,0.0
0.0,0.0
0.0,0.0
0.0,0.0
0.0,0.0
0.0,0.0
0.0,0.0
6786.165539069774,0.0
4367.670941691407,0.0
0.0,0.0
0.0,0.0
0.0,0.0
3103.2091960150005,0.0
7466.205426705945,0.0
5899.741043484935,0.0
0.0,0.0
0.0,0.0
0.0,0.0
9492.809486843675,0.0
0.0,0.0
13948.71808167034,0.0
0.0,0.0
0.0,0.0
0.0,0.0
0.0,0.0
0.0,0.0
0.0,0.0
0.0,0.0
0.0,0.0
0.0,0.0
5123.959451217994,0.0
0.0,0.0
0.0,0.0
4638.3591615374135,0.0
0.0,0.0
0.0,0.0
0.0,0.0
0.0,0.0
0.0,0.0
0.0,0.0
0.0,0.0
0.0,0.0
4963.015615262906,0.0
0.0,0.0
0.0,0.0
10610.996834809579,0.0
0.0,0.0
0.0,0.0
0.0,0.0
0.0,0.0
0.0,0.0
0.0,0.0
0.0,0.0
0.0,0.0
4831.375338814267,0.0
3158.4950153547175,0.0
0.0,0.0
0.0,0.0
0.0,0.0
0.0,0.0
0.0,0.0
0.0,0.0
0.0,0.0
0.0,0.0
0.0,0.0
0.0,0.0
0.0,0.0
0.0,0.0
0.0,0.0
0.0,0.0
0.0,0.0
0.0,0.0
0.0,0.0
0.0,0.0
0.0,0.0
0.0,0.0
0.0,0.0
0.0,0.0
0.0,0.0
0.0,0.0
0.0,0.0
0.0,0.0
0.0,0.0
0.0,0.0
0.0,0.0
3548.2333845381186,0.0
0.0,0.0
0.0,0.0
0.0,0.0
0.0,0.0
7716.415317139819,0.0
14948.109505613178,0.0
0.0,0.0
2268.134695296296,0.0
0.0,0.0
0.0,0.0
0.0,0.0
0.0,0.0
0.0,0.0
0.0,0.0
0.0,0.0
0.0,0.0
3542.4924193482216,0.0
13902.524695490398,0.0
0.0,0.0
3202.2934304188643,0.0
3614.705982052497,0.0
0.0,0.0
0.0,0.0
0.0,0.0
0.0,0.0
0.0,0.0
0.0,0.0
0.0,0.0
0.0,0.0
0.0,0.0
0.0,0.0
0.0,0.0
0.0,0.0
0.0,0.0
0.0,0.0
0.0,0.0
0.0,0.0
0.0,0.0
0.0,0.0
0.0,0.0
0.0,0.0
0.0,0.0
0.0,0.0
0.0,0.0
0.0,0.0
0.0,0.0
0.0,0.0
0.0,0.0
0.0,0.0
0.0,0.0
0.0,0.0
0.0,0.0
0.0,0.0
0.0,0.0
0.0,0.0
0.0,0.0
0.0,0.0
0.0,0.0
0.0,0.0
0.0,0.0
0.0,0.0
0.0,0.0
0.0,0.0
0.0,0.0
0.0,0.0
4474.711929192459,0.0
5862.849641616505,0.0
657.0645641263959,0.0
0.0,0.0
0.0,0.0
0.0,0.0
1305.259278338286,0.0
0.0,0.0
0.0,0.0
0.0,0.0
0.0,0.0
0.0,0.0
0.0,0.0
0.0,0.0
0.0,0.0
0.0,0.0
0.0,0.0
0.0,0.0
7117.316712311378,0.0
7152.1435006620395,0.0
0.0,0.0
0.0,0.0
0.0,0.0
12302.00942243899,0.0
0.0,0.0
0.0,0.0
9290.517623010717,0.0
0.0,0.0
0.0,0.0
0.0,0.0
0.0,0.0
0.0,0.0
0.0,0.0
0.0,0.0
0.0,0.0
2343.719721605083,0.0
10103.676285462774,0.0
4056.852973372302,0.0
0.0,0.0
0.0,0.0
0.0,0.0
0.0,0.0
0.0,0.0
0.0,0.0
0.0,0.0
0.0,0.0
0.0,0.0
0.0,0.0
6114.105839886284,0.0
3086.3957603233957,0.0
4536.605857335306,0.0
961.5868398424986,0.0
1913.7167190578998,0.0
3768.9883385249973,0.0
4575.460846210297,0.0
0.0,0.0
0.0,0.0
0.0,0.0
0.0,0.0
0.0,0.0
9120.485192079757,0.0
0.0,0.0
15778.332193979999,0.0
0.0,0.0
0.0,0.0
0.0,0.0
0.0,0.0
0.0,0.0
0.0,0.0
0.0,0.0
0.0,0.0
0.0,0.0
0.0,0.0
0.0,0.0
0.0,0.0
0.0,0.0
0.0,0.0
0.0,0.0
0.0,0.0
0.0,0.0
0.0,0.0
0.0,0.0
0.0,0.0
0.0,0.0
7028.637723450382,0.0
0.0,0.0
7423.507578039198,0.0
0.0,0.0
0.0,0.0
10504.7148996911,0.0
0.0,0.0
0.0,0.0
0.0,0.0
0.0,0.0
0.0,0.0
4415.582176225011,0.0
6325.02725390231,0.0
0.0,0.0
10010.956629377602,0.0
0.0,0.0
0.0,0.0
0.0,0.0
0.0,0.0
0.0,0.0
0.0,0.0
0.0,0.0
0.0,0.0
10005.13037339235,0.0
0.0,0.0
6257.039209709204,0.0
0.0,0.0
0.0,0.0
0.0,0.0
0.0,0.0
0.0,0.0
0.0,0.0
0.0,0.0
0.0,0.0
0.0,0.0
0.0,0.0
0.0,0.0
0.0,0.0
0.0,0.0
0.0,0.0
0.0,0.0
0.0,0.0
0.0,0.0
0.0,0.0
0.0,0.0
0.0,0.0
0.0,0.0
0.0,0.0
0.0,0.0
0.0,0.0
0.0,0.0
0.0,0.0
0.0,0.0
0.0,0.0
0.0,0.0
0.0,0.0
0.0,0.0
0.0,0.0
0.0,0.0
0.0,0.0
0.0,0.0
0.0,0.0
0.0,0.0
0.0,0.0
0.0,0.0
0.0,0.0
0.0,0.0
0.0,0.0
0.0,0.0
0.0,0.0
0.0,0.0
0.0,0.0
0.0,0.0
0.0,0.0
0.0,0.0
0.0,0.0
0.0,0.0
0.0,0.0
0.0,0.0
0.0,0.0
0.0,0.0
0.0,0.0
0.0,0.0
0.0,0.0
0.0,0.0
0.0,0.0
0.0,0.0
0.0,0.0
0.0,0.0
0.0,0.0
0.0,0.0
0.0,0.0
0.0,0.0
0.0,0.0
0.0,0.0
0.0,0.0
708.3155984152813,0.0
57.337220885402985,0.0
0.0,0.0
0.0,0.0
0.0,0.0
0.0,0.0
4205.641967370651,0.0
0.0,0.0
0.0,0.0
0.0,0.0
0.0,0.0
0.0,0.0
8377.25159882685,0.0
7136.569947976901,0.0
3369.7339618034,0.0
0.0,0.0
0.0,0.0
0.0,0.0
6210.9643241163285,0.0
0.0,0.0
0.0,0.0
0.0,0.0
0.0,0.0
0.0,0.0
0.0,0.0
0.0,0.0
0.0,0.0
0.0,0.0
0.0,0.0
4842.217218785399,0.0
12842.353144530427,0.0
0.0,0.0
0.0,0.0
0.0,0.0
0.0,0.0
0.0,0.0
0.0,0.0
0.0,0.0
0.0,0.0
0.0,0.0
0.0,0.0
0.0,0.0
0.0,0.0
0.0,0.0
0.0,0.0
0.0,0.0
0.0,0.0
0.0,0.0
0.0,0.0
0.0,0.0
200.3792426258019,0.0
0.0,0.0
0.0,0.0
0.0,0.0
0.0,0.0
0.0,0.0
0.0,0.0
0.0,0.0
0.0,0.0
0.0,0.0
0.0,0.0
0.0,0.0
0.0,0.0
0.0,0.0
0.0,0.0
0.0,0.0
0.0,0.0
0.0,0.0
0.0,0.0
0.0,0.0
0.0,0.0
0.0,0.0
0.0,0.0
0.0,0.0
0.0,0.0
0.0,0.0
0.0,0.0
0.0,0.0
0.0,0.0
0.0,0.0
0.0,0.0
0.0,0.0
0.0,0.0
0.0,0.0
6919.94749816295,0.0
0.0,0.0
1371.2883021881003,0.0
0.0,0.0
2135.5771754659013,0.0
6853.890054946298,0.0
7676.157170417431,0.0
0.0,0.0
0.0,0.0
0.0,0.0
0.0,0.0
0.0,0.0
2467.354575564447,0.0
0.0,0.0
0.0,0.0
0.0,0.0
0.0,0.0
0.0,0.0
1284.4862747893972,0.0
0.0,0.0
0.0,0.0
0.0,0.0
0.0,0.0
0.0,0.0
0.0,0.0
0.0,0.0
10122.268920250199,0.0
0.0,0.0
6747.581120101202,0.0
0.0,0.0
8086.040969788712,0.0
0.0,0.0
0.0,0.0
0.0,0.0
2377.7539826344487,0.0
0.0,0.0
0.0,0.0
0.0,0.0
4435.756027404166,0.0
0.0,0.0
0.0,0.0
0.0,0.0
0.0,0.0
0.0,0.0
0.0,0.0
0.0,0.0
0.0,0.0
639.2313999098965,0.0
10482.058980901324,0.0
2533.3901708901103,0.0
9214.869771357598,0.0
0.0,0.0
0.0,0.0
0.0,0.0
0.0,0.0
0.0,0.0
0.0,0.0
0.0,0.0
0.0,0.0
0.0,0.0
0.0,0.0
0.0,0.0
0.0,0.0
0.0,0.0
0.0,0.0
0.0,0.0
0.0,0.0
0.0,0.0
0.0,0.0
0.0,0.0
0.0,0.0
0.0,0.0
0.0,0.0
0.0,0.0
7268.429837907503,0.0
0.0,0.0
0.0,0.0
9039.821903517399,0.0
8648.608459755778,0.0
0.0,0.0
0.0,0.0
0.0,0.0
0.0,0.0
3885.3282228022267,0.0
15883.265660006631,0.0
0.0,0.0
4118.018425408459,0.0
0.0,0.0
0.0,0.0
0.0,0.0
2279.565634566171,0.0
0.0,0.0
0.0,0.0
0.0,0.0
0.0,0.0
0.0,0.0
12572.954122179073,0.0
0.0,0.0
12322.7116568156,0.0
0.0,0.0
0.0,0.0
0.0,0.0
0.0,0.0
0.0,0.0
0.0,0.0
0.0,0.0
0.0,0.0
0.0,0.0
7238.996223030534,0.0
0.0,0.0
1382.4090792217044,0.0
0.0,0.0
217.4881786121964,0.0
8373.247715021602,0.0
7676.063380996622,0.0
0.0,0.0
0.0,0.0
0.0,0.0
0.0,0.0
0.0,0.0
3065.997851013588,0.0
1159.536286680302,0.0
0.0,0.0
0.0,0.0
0.0,0.0
0.0,0.0
0.0,0.0
0.0,0.0
0.0,0.0
0.0,0.0
0.0,0.0
0.0,0.0
0.0,0.0
0.0,0.0
0.0,0.0
0.0,0.0
0.0,0.0
0.0,0.0
0.0,0.0
0.0,0.0
0.0,0.0
0.0,0.0
0.0,0.0
0.0,0.0
0.0,0.0
1995.4701478703282,0.0
6899.566860372901,0.0
7122.809253982303,0.0
0.0,0.0
0.0,0.0
8939.01393895515,0.0
0.0,0.0
0.0,0.0
0.0,0.0
0.0,0.0
0.0,0.0
0.0,0.0
0.0,0.0
0.0,0.0
0.0,0.0
0.0,0.0
0.0,0.0
0.0,0.0
0.0,0.0
0.0,0.0
0.0,0.0
0.0,0.0
0.0,0.0
0.0,0.0
0.0,0.0
0.0,0.0
0.0,0.0
0.0,0.0
1395.3353904534029,0.0
3906.4416594369754,0.0
0.0,0.0
0.0,0.0
0.0,0.0
0.0,0.0
0.0,0.0
0.0,0.0
0.0,0.0
0.0,0.0
0.0,0.0
0.0,0.0
0.0,0.0
0.0,0.0
0.0,0.0
0.0,0.0
0.0,0.0
0.0,0.0
0.0,0.0
5792.467721939871,0.0
0.0,0.0
13210.551516591899,0.0
0.0,0.0
0.0,0.0
0.0,0.0
5953.840962648908,0.0
0.0,0.0
0.0,0.0
0.0,0.0
0.0,0.0
0.0,0.0
0.0,0.0
0.0,0.0
0.0,0.0
0.0,0.0
0.0,0.0
0.0,0.0
0.0,0.0
0.0,0.0
0.0,0.0
0.0,0.0
0.0,0.0
0.0,0.0
1377.125723321295,0.0
832.4741455466005,0.0
0.0,0.0
0.0,0.0
0.0,0.0
0.0,0.0
0.0,0.0
0.0,0.0
0.0,0.0
0.0,0.0
0.0,0.0
0.0,0.0
1067.7175670900579,0.0
3403.695662676904,0.0
0.0,0.0
0.0,0.0
0.0,0.0
0.0,0.0
3358.569982528716,0.0
0.0,0.0
0.0,0.0
0.0,0.0
0.0,0.0
0.0,0.0
0.0,0.0
7009.484948016372,0.0
7456.733815097103,0.0
0.0,0.0
10395.5504593109,0.0
0.0,0.0
0.0,0.0
92.46363700553911,0.0
0.0,0.0
0.0,0.0
0.0,0.0
0.0,0.0
0.0,0.0
0.0,0.0
0.0,0.0
0.0,0.0
0.0,0.0
0.0,0.0
0.0,0.0
0.0,0.0
0.0,0.0
0.0,0.0
0.0,0.0
0.0,0.0
0.0,0.0
0.0,0.0
0.0,0.0
0.0,0.0
0.0,0.0
0.0,0.0
0.0,0.0
0.0,0.0
0.0,0.0
0.0,0.0
0.0,0.0
0.0,0.0
4938.407446094279,0.0
0.0,0.0
6949.091863889198,0.0
0.0,0.0
0.0,0.0
13069.360891197202,0.0
0.0,0.0
0.0,0.0
0.0,0.0
0.0,0.0
0.0,0.0
10434.580848314514,0.0
0.0,0.0
0.0,0.0
0.0,0.0
0.0,0.0
0.0,0.0
0.0,0.0
0.0,0.0
0.0,0.0
0.0,0.0
0.0,0.0
0.0,0.0
0.0,0.0
5217.265909026406,0.0
2401.5992867442073,0.0
1499.003364621703,0.0
4158.563206650202,0.0
2566.605286216601,0.0
4068.402180123501,0.0
4872.985948554813,0.0
0.0,0.0
0.0,0.0
0.0,0.0
0.0,0.0
0.0,0.0
0.0,0.0
0.0,0.0
8393.1311892424,0.0
0.0,0.0
0.0,0.0
0.0,0.0
14873.553369772117,0.0
1610.0767510815363,0.0
0.0,0.0
0.0,0.0
0.0,0.0
2276.3223692805745,0.0
9836.03192633255,0.0
0.0,0.0
1347.7284623009014,0.0
4819.427163650702,0.0
0.0,0.0
5615.739261654051,0.0
0.0,0.0
0.0,0.0
0.0,0.0
0.0,0.0
0.0,0.0
0.0,0.0
7961.28738030539,0.0
3049.4240232206953,0.0
187.51941694510015,0.0
0.0,0.0
0.0,0.0
194.5824707948027,0.0
194.08950772799972,0.0
0.0,0.0
0.0,0.0
0.0,0.0
0.0,0.0
0.0,0.0
0.0,0.0
0.0,0.0
0.0,0.0
0.0,0.0
0.0,0.0
0.0,0.0
0.0,0.0
0.0,0.0
0.0,0.0
0.0,0.0
0.0,0.0
0.0,0.0
1509.9824341911367,0.0
0.0,0.0
536.6284775073996,0.0
3591.1021989712985,0.0
5391.550364006702,0.0
3134.8233810864913,0.0
11008.494775373876,0.0
0.0,0.0
0.0,0.0
0.0,0.0
0.0,0.0
1288.9933483132859,0.0
8483.793070416612,0.0
0.0,0.0
9593.392249464703,0.0
0.0,0.0
0.0,0.0
4486.14479494638,0.0
0.0,0.0
0.0,0.0
0.0,0.0
0.0,0.0
0.0,0.0
0.0,0.0
0.0,0.0
1987.4383203530379,0.0
7448.161114718603,0.0
7869.2333996086,0.0
0.0,0.0
7542.457402169899,0.0
0.0,0.0
0.0,0.0
0.0,0.0
0.0,0.0
0.0,0.0
0.0,0.0
6943.752058583683,0.0
10722.797156344526,0.0
7240.876066141502,0.0
0.0,0.0
0.0,0.0
0.0,0.0
0.0,0.0
0.0,0.0
0.0,0.0
0.0,0.0
0.0,0.0
0.0,0.0
2915.9060355075358,0.0
4299.937125722501,0.0
0.0,0.0
0.0,0.0
0.0,0.0
0.0,0.0
0.0,0.0
0.0,0.0
0.0,0.0
0.0,0.0
0.0,0.0
0.0,0.0
0.0,0.0
0.0,0.0
0.0,0.0
0.0,0.0
0.0,0.0
1183.2756904898974,0.0
3612.9645328198517,0.0
0.0,0.0
0.0,0.0
0.0,0.0
0.0,0.0
0.0,0.0
0.0,0.0
0.0,0.0
0.0,0.0
0.0,0.0
0.0,0.0
0.0,0.0
777.1401812154713,0.0
0.0,0.0
0.0,0.0
0.0,0.0
0.0,0.0
0.0,0.0
3418.990323685362,0.0
0.0,0.0
0.0,0.0
0.0,0.0
0.0,0.0
0.0,0.0
2299.500321400487,0.0
0.0,0.0
0.0,0.0
0.0,0.0
0.0,0.0
0.0,0.0
13219.494938158909,0.0
0.0,0.0
11735.5801427766,0.0
0.0,0.0
0.0,0.0
0.0,0.0
0.0,0.0
0.0,0.0
0.0,0.0
0.0,0.0
0.0,0.0
0.0,0.0
3197.930592177001,0.0
3555.562522738202,0.0
0.0,0.0
0.0,0.0
0.0,0.0
0.0,0.0
0.0,0.0
0.0,0.0
0.0,0.0
0.0,0.0
0.0,0.0
0.0,0.0
0.0,0.0
0.0,0.0
0.0,0.0
0.0,0.0
0.0,0.0
0.0,0.0
0.0,0.0
0.0,0.0
0.0,0.0
0.0,0.0
0.0,0.0
0.0,0.0
0.0,0.0
0.0,0.0
0.0,0.0
0.0,0.0
0.0,0.0
0.0,0.0
0.0,0.0
0.0,0.0
0.0,0.0
0.0,0.0
0.0,0.0
0.0,0.0
0.0,0.0
0.0,0.0
0.0,0.0
0.0,0.0
0.0,0.0
0.0,0.0
0.0,0.0
0.0,0.0
0.0,0.0
0.0,0.0
0.0,0.0
0.0,0.0
6005.333059705066,0.0
0.0,0.0
0.0,0.0
0.0,0.0
0.0,0.0
1215.4587196679,0.0
6754.535103328399,0.0
0.0,0.0
0.0,0.0
0.0,0.0
0.0,0.0
0.0,0.0
11741.759086292373,0.0
0.0,0.0
7212.702372590598,0.0
0.0,0.0
0.0,0.0
5996.045535370024,0.0
0.0,0.0
0.0,0.0
0.0,0.0
0.0,0.0
0.0,0.0
2942.393539029917,0.0
11402.693614680988,0.0
0.0,0.0
6283.4093012430985,0.0
0.0,0.0
0.0,0.0
0.0,0.0
3625.854255546161,0.0
0.0,0.0
0.0,0.0
0.0,0.0
0.0,0.0
0.0,0.0
0.0,0.0
0.0,0.0
10431.855146632783,0.0
0.0,0.0
0.0,0.0
0.0,0.0
0.0,0.0
0.0,0.0
0.0,0.0
0.0,0.0
0.0,0.0
1657.1206039397202,0.0
0.0,0.0
0.0,0.0
11854.198085640603,0.0
0.0,0.0
0.0,0.0
0.0,0.0
0.0,0.0
0.0,0.0
0.0,0.0
0.0,0.0
0.0,0.0
0.0,0.0
9686.056549438905,0.0
0.0,0.0
6962.473172504602,0.0
0.0,0.0
0.0,0.0
8115.88703739433,0.0
0.0,0.0
0.0,0.0
0.0,0.0
0.0,0.0
0.0,0.0
3102.3031822337102,0.0
14257.40285745688,0.0
0.0,0.0
6366.726863957305,0.0
0.0,0.0
0.0,0.0
0.0,0.0
0.0,0.0
0.0,0.0
0.0,0.0
0.0,0.0
0.0,0.0
0.0,0.0
0.0,0.0
1884.7948036455978,0.0
2234.2677944367038,0.0
2971.4792163540965,0.0
4224.266752503501,0.0
2546.679940292619,0.0
11060.120601663826,0.0
0.0,0.0
0.0,0.0
0.0,0.0
0.0,0.0
0.0,0.0
16820.14431630567,0.0
0.0,0.0
0.0,0.0
0.0,0.0
0.0,0.0
0.0,0.0
0.0,0.0
0.0,0.0
0.0,0.0
0.0,0.0
1975.262621288662,0.0
0.0,0.0
5142.998410366579,0.0
0.0,0.0
0.0,0.0
0.0,0.0
0.0,0.0
0.0,0.0
0.0,0.0
0.0,0.0
0.0,0.0
0.0,0.0
0.0,0.0
3772.571480174703,0.0
11245.900177096242,0.0
0.0,0.0
5214.840461260899,0.0
0.0,0.0
0.0,0.0
0.0,0.0
2734.0638427353424,0.0
0.0,0.0
0.0,0.0
0.0,0.0
0.0,0.0
0.0,0.0
0.0,0.0
0.0,0.0
2597.1955138292956,0.0
2602.443804497169,0.0
0.0,0.0
9586.871600272643,0.0
10118.274174240152,0.0
0.0,0.0
0.0,0.0
0.0,0.0
0.0,0.0
0.0,0.0
0.0,0.0
0.0,0.0
10175.592326472328,0.0
0.0,0.0
0.0,0.0
0.0,0.0
0.0,0.0
0.0,0.0
0.0,0.0
0.0,0.0
0.0,0.0
0.0,0.0
0.0,0.0
0.0,0.0
7519.4669355466995,0.0
0.0,0.0
0.0,0.0
8954.087029292645,0.0
8395.398588543883,0.0
0.0,0.0
0.0,0.0
0.0,0.0
0.0,0.0
0.0,0.0
11159.251073310223,0.0
0.0,0.0
13694.590311163303,0.0
0.0,0.0
0.0,0.0
0.0,0.0
0.0,0.0
0.0,0.0
0.0,0.0
0.0,0.0
0.0,0.0
0.0,0.0
1909.8749700472063,0.0
0.0,0.0
0.0,0.0
1818.389970707301,0.0
2600.549893192199,0.0
5043.553987658142,0.0
10683.605819791888,0.0
0.0,0.0
0.0,0.0
0.0,0.0
0.0,0.0
0.0,0.0
2590.9249373102666,0.0
1742.8044323266054,0.0
0.0,0.0
0.0,0.0
0.0,0.0
0.0,0.0
0.0,0.0
0.0,0.0
0.0,0.0
0.0,0.0
0.0,0.0
0.0,0.0
406.95122953645205,0.0
0.0,0.0
0.0,0.0
0.0,0.0
0.0,0.0
0.0,0.0
0.0,0.0
0.0,0.0
0.0,0.0
0.0,0.0
0.0,0.0
0.0,0.0
0.0,0.0
3285.8610336209,0.0
4833.714606637199,0.0
12207.390179163503,0.0
0.0,0.0
0.0,0.0
0.0,0.0
0.0,0.0
0.0,0.0
0.0,0.0
0.0,0.0
1116.222778176057,0.0
10418.186802201919,0.0
0.0,0.0
0.0,0.0
0.0,0.0
0.0,0.0
0.0,0.0
100.39999690150034,0.0
4625.137753646397,0.0
0.0,0.0
0.0,0.0
0.0,0.0
0.0,0.0
3506.6961342813684,0.0
7270.890542537205,0.0
4974.269884368301,0.0
5474.627946366896,0.0
0.0,0.0
3174.3122807026866,0.0
0.0,0.0
0.0,0.0
0.0,0.0
0.0,0.0
0.0,0.0
0.0,0.0
0.0,0.0
0.0,0.0
0.0,0.0
0.0,0.0
0.0,0.0
0.0,0.0
0.0,0.0
0.0,0.0
0.0,0.0
0.0,0.0
0.0,0.0
0.0,0.0
0.0,0.0
0.0,0.0
0.0,0.0
0.0,0.0
0.0,0.0
0.0,0.0
0.0,0.0
0.0,0.0
0.0,0.0
0.0,0.0
0.0,0.0
0.0,0.0
0.0,0.0
0.0,0.0
0.0,0.0
0.0,0.0
0.0,0.0
0.0,0.0
31.311657863230266,0.0
0.0,0.0
0.0,0.0
0.0,0.0
0.0,0.0
0.0,0.0
5655.437137202154,0.0
7546.432513775719,0.0
7409.765186571103,0.0
4345.225363631702,0.0
0.0,0.0
0.0,0.0
0.0,0.0
0.0,0.0
0.0,0.0
0.0,0.0
0.0,0.0
0.0,0.0
0.0,0.0
1047.8434441114623,0.0
5643.227038433501,0.0
0.0,0.0
3527.6124694447985,0.0
0.0,0.0
14687.838358587254,0.0
0.0,0.0
0.0,0.0
0.0,0.0
0.0,0.0
0.0,0.0
0.0,0.0
0.0,0.0
5619.465367473002,0.0
9937.154011446803,0.0
0.0,0.0
0.0,0.0
2900.3686693172385,0.0
6307.290502670674,0.0
0.0,0.0
0.0,0.0
0.0,0.0
0.0,0.0
1810.2524662963692,0.0
4217.420151759203,0.0
2264.4172708288,0.0
3052.723655634299,0.0
6865.957966506003,0.0
0.0,0.0
6148.571927146308,0.0
0.0,0.0
0.0,0.0
0.0,0.0
0.0,0.0
0.0,0.0
8616.323211461598,0.0
0.0,0.0
15791.127890682203,0.0
0.0,0.0
0.0,0.0
0.0,0.0
0.0,0.0
0.0,0.0
0.0,0.0
0.0,0.0
0.0,0.0
3111.043701200904,0.0
0.0,0.0
0.0,0.0
6702.639927337803,0.0
0.0,0.0
0.0,0.0
0.0,0.0
0.0,0.0
1200.495808139718,0.0
0.0,0.0
0.0,0.0
0.0,0.0
0.0,0.0
7105.600957307808,0.0
6677.821197475003,0.0
2787.061014631801,0.0
0.0,0.0
0.0,0.0
1940.9412223297445,0.0
3058.7148669033363,0.0
0.0,0.0
0.0,0.0
0.0,0.0
0.0,0.0
0.0,0.0
0.0,0.0
0.0,0.0
1732.6432258979999,0.0
6186.909421177699,0.0
5072.592154801803,0.0
5990.982205795202,0.0
5968.52295315109,0.0
0.0,0.0
0.0,0.0
0.0,0.0
0.0,0.0
0.0,0.0
0.0,0.0
9849.556155932652,0.0
8590.902771156201,0.0
0.0,0.0
0.0,0.0
0.0,0.0
6468.63523838636,0.0
0.0,0.0
0.0,0.0
0.0,0.0
0.0,0.0
0.0,0.0
0.0,0.0
826.2928647028943,0.0
0.0,0.0
0.0,0.0
0.0,0.0
0.0,0.0
0.0,0.0
0.0,0.0
0.0,0.0
0.0,0.0
0.0,0.0
0.0,0.0
0.0,0.0
0.0,0.0
0.0,0.0
0.0,0.0
0.0,0.0
0.0,0.0
0.0,0.0
0.0,0.0
0.0,0.0
0.0,0.0
0.0,0.0
0.0,0.0
0.0,0.0
5990.1712345619,0.0
4571.239388132099,0.0
1279.1118365762027,0.0
847.7005735715989,0.0
4087.9396563973464,0.0
4014.9068653680547,0.0
0.0,0.0
0.0,0.0
0.0,0.0
0.0,0.0
0.0,0.0
0.0,0.0
0.0,0.0
7966.628939398002,0.0
0.0,0.0
6546.117718012903,0.0
0.0,0.0
4729.888180202095,0.0
5708.157672486765,0.0
0.0,0.0
0.0,0.0
0.0,0.0
0.0,0.0
8289.655304602335,0.0
5762.957957940807,0.0
4202.928843093801,0.0
899.4897024251018,0.0
1396.187213352799,0.0
2041.7197492215773,0.0
1664.3732206557684,0.0
0.0,0.0
0.0,0.0
0.0,0.0
0.0,0.0
0.0,0.0
5414.219397421197,0.0
2215.8954748511,0.0
2762.2039652947037,0.0
4660.649318290902,0.0
6062.360360415403,0.0
3687.4744320386108,0.0
0.0,0.0
0.0,0.0
0.0,0.0
0.0,0.0
0.0,0.0
0.0,0.0
3800.271898020023,0.0
0.0,0.0
6346.048993682702,0.0
0.0,0.0
0.0,0.0
14703.767020836707,0.0
0.0,0.0
0.0,0.0
0.0,0.0
0.0,0.0
0.0,0.0
0.0,0.0
0.0,0.0
0.0,0.0
4648.386862273595,0.0
0.0,0.0
0.0,0.0
0.0,0.0
0.0,0.0
0.0,0.0
0.0,0.0
0.0,0.0
0.0,0.0
3007.798967455464,0.0
0.0,0.0
0.0,0.0
7583.113133726403,0.0
0.0,0.0
0.0,0.0
0.0,0.0
0.0,0.0
0.0,0.0
0.0,0.0
0.0,0.0
0.0,0.0
5783.299213238757,0.0
0.0,0.0
0.0,0.0
8228.5122626299,0.0
0.0,0.0
0.0,0.0
0.0,0.0
0.0,0.0
0.0,0.0
0.0,0.0
0.0,0.0
0.0,0.0
0.0,0.0
0.0,0.0
0.0,0.0
0.0,0.0
0.0,0.0
0.0,0.0
0.0,0.0
0.0,0.0
3701.8548401965563,0.0
0.0,0.0
0.0,0.0
0.0,0.0
0.0,0.0
0.0,0.0
0.0,0.0
4736.0619494350885,0.0
0.0,0.0
0.0,0.0
0.0,0.0
0.0,0.0
0.0,0.0
0.0,0.0
0.0,0.0
0.0,0.0
0.0,0.0
0.0,0.0
0.0,0.0
0.0,0.0
1631.9364103975,0.0
4263.0155808205,0.0
6417.151825852301,0.0
7845.957441770233,0.0
0.0,0.0
0.0,0.0
0.0,0.0
0.0,0.0
0.0,0.0
0.0,0.0
0.0,0.0
12100.985537551,0.0
0.0,0.0
0.0,0.0
0.0,0.0
11164.145949075379,0.0
0.0,0.0
0.0,0.0
0.0,0.0
0.0,0.0
2793.423189743902,0.0
0.0,0.0
0.0,0.0
9614.779473071105,0.0
0.0,0.0
0.0,0.0
0.0,0.0
0.0,0.0
0.0,0.0
0.0,0.0
0.0,0.0
0.0,0.0
0.0,0.0
4766.842197505937,0.0
0.0,0.0
13184.1222580386,0.0
0.0,0.0
0.0,0.0
0.0,0.0
585.6432535173153,0.0
0.0,0.0
0.0,0.0
0.0,0.0
0.0,0.0
0.0,0.0
0.0,0.0
0.0,0.0
0.0,0.0
0.0,0.0
0.0,0.0
866.3796313425969,0.0
0.0,0.0
0.0,0.0
0.0,0.0
0.0,0.0
0.0,0.0
0.0,0.0
7359.381268270146,0.0
0.0,0.0
14166.946800805601,0.0
0.0,0.0
0.0,0.0
0.0,0.0
0.0,0.0
0.0,0.0
0.0,0.0
0.0,0.0
0.0,0.0
0.0,0.0
13151.852512610563,0.0
0.0,0.0
10490.040862305628,0.0
0.0,0.0
0.0,0.0
0.0,0.0
0.0,0.0
0.0,0.0
0.0,0.0
0.0,0.0
0.0,0.0
0.0,0.0
6122.349053102513,0.0
0.0,0.0
13289.054746260901,0.0
0.0,0.0
0.0,0.0
0.0,0.0
5448.105786584711,0.0
0.0,0.0
0.0,0.0
0.0,0.0
0.0,0.0
0.0,0.0
0.0,0.0
0.0,0.0
7814.8054071512,0.0
0.0,0.0
0.0,0.0
0.0,0.0
11819.87857684794,0.0
5272.922625313793,0.0
0.0,0.0
0.0,0.0
0.0,0.0
0.0,0.0
6452.777714928887,0.0
0.0,0.0
14238.726469814797,0.0
0.0,0.0
0.0,0.0
0.0,0.0
4066.6936139431145,0.0
0.0,0.0
0.0,0.0
0.0,0.0
0.0,0.0
2714.7269762041433,0.0
10841.043215569343,0.0
0.0,0.0
9985.032619392403,0.0
0.0,0.0
0.0,0.0
0.0,0.0
0.0,0.0
0.0,0.0
0.0,0.0
0.0,0.0
0.0,0.0
0.0,0.0
10822.857835411318,0.0
0.0,0.0
10767.791219457768,0.0
0.0,0.0
0.0,0.0
0.0,0.0
0.0,0.0
0.0,0.0
0.0,0.0
0.0,0.0
0.0,0.0
0.0,0.0
0.0,0.0
0.0,0.0
3412.914314583298,0.0
6813.987947666899,0.0
0.0,0.0
14679.006775007829,0.0
0.0,0.0
0.0,0.0
0.0,0.0
0.0,0.0
0.0,0.0
0.0,0.0
11845.145803284988,0.0
0.0,0.0
0.0,0.0
0.0,0.0
0.0,0.0
0.0,0.0
447.31325688374454,0.0
0.0,0.0
0.0,0.0
0.0,0.0
0.0,0.0
0.0,0.0
0.0,0.0
1185.266814200877,0.0
9223.348615031102,0.0
9592.0998998661,0.0
0.0,0.0
4945.9899976203,0.0
0.0,0.0
0.0,0.0
0.0,0.0
0.0,0.0
0.0,0.0
0.0,0.0
0.0,0.0
0.0,0.0
0.0,0.0
0.0,0.0
0.0,0.0
1559.743579419206,0.0
6958.862729595872,0.0
0.0,0.0
0.0,0.0
0.0,0.0
0.0,0.0
0.0,0.0
0.0,0.0
0.0,0.0
3903.7039142513,0.0
3769.016096254503,0.0
0.0,0.0
9366.099227019304,0.0
4371.327920497983,0.0
0.0,0.0
0.0,0.0
0.0,0.0
0.0,0.0
4082.09286040856,0.0
0.0,0.0
0.0,0.0
4385.774917697605,0.0
0.0,0.0
0.0,0.0
4257.776687803604,0.0
0.0,0.0
0.0,0.0
0.0,0.0
0.0,0.0
0.0,0.0
0.0,0.0
4285.446167523318,0.0
0.0,0.0
0.0,0.0
0.0,0.0
0.0,0.0
3974.6390078391973,0.0
10079.913079598296,0.0
0.0,0.0
0.0,0.0
0.0,0.0
0.0,0.0
1346.8590632252235,0.0
917.0475000780643,0.0
0.0,0.0
7308.155630922602,0.0
0.0,0.0
5296.2141069097,0.0
0.0,0.0
0.0,0.0
0.0,0.0
0.0,0.0
0.0,0.0
0.0,0.0
0.0,0.0
6094.693425348412,0.0
7642.034216379101,0.0
6572.786398582304,0.0
0.0,0.0
0.0,0.0
0.0,0.0
874.1971355402165,0.0
3380.388954610393,0.0
0.0,0.0
0.0,0.0
0.0,0.0
0.0,0.0
3852.4499086596616,0.0
3411.4143945397022,0.0
3713.385999300304,0.0
1317.8528620029006,0.0
0.0,0.0
0.0,0.0
0.0,0.0
0.0,0.0
0.0,0.0
0.0,0.0
0.0,0.0
0.0,0.0
0.0,0.0
0.0,0.0
0.0,0.0
0.0,0.0
0.0,0.0
0.0,0.0
5209.446080582489,0.0
0.0,0.0
0.0,0.0
0.0,0.0
0.0,0.0
0.0,0.0
0.0,0.0
0.0,0.0
27.610137502707857,0.0
0.0,0.0
0.0,0.0
0.0,0.0
1780.6733657494397,0.0
0.0,0.0
0.0,0.0
0.0,0.0
0.0,0.0
0.0,0.0
0.0,0.0
0.0,0.0
7951.535395736,0.0
0.0,0.0
11089.624108101003,0.0
0.0,0.0
5914.341282043335,0.0
0.0,0.0
0.0,0.0
0.0,0.0
0.0,0.0
3564.039336950842,0.0
0.0,0.0
6954.194622159081,0.0
8058.5608900559,0.0
0.0,0.0
0.0,0.0
0.0,0.0
0.0,0.0
0.0,0.0
0.0,0.0
0.0,0.0
0.0,0.0
4148.675929712743,0.0
0.0,0.0
0.0,0.0
9098.219533238405,0.0
0.0,0.0
0.0,0.0
0.0,0.0
0.0,0.0
0.0,0.0
0.0,0.0
0.0,0.0
0.0,0.0
4412.397330281205,0.0
10676.654206691854,0.0
0.0,0.0
5529.4516763634,0.0
0.0,0.0
0.0,0.0
0.0,0.0
0.0,0.0
0.0,0.0
0.0,0.0
0.0,0.0
0.0,0.0
427.1190712557873,0.0
7587.918677231499,0.0
4354.284539595998,0.0
2784.4807733626017,0.0
1705.1481699882984,0.0
3214.3407921517005,0.0
0.0,0.0
3839.3698561831065,0.0
0.0,0.0
0.0,0.0
0.0,0.0
0.0,0.0
0.0,0.0
0.0,0.0
0.0,0.0
2915.9946532980043,0.0
5172.906589149401,0.0
6796.492922811502,0.0
9915.072004531305,0.0
0.0,0.0
0.0,0.0
0.0,0.0
0.0,0.0
0.0,0.0
7802.585770679427,0.0
0.0,0.0
0.0,0.0
10097.951540722299,0.0
0.0,0.0
0.0,0.0
0.0,0.0
0.0,0.0
0.0,0.0
0.0,0.0
0.0,0.0
0.0,0.0
5467.28622775296,0.0
0.0,0.0
0.0,0.0
9773.1630293896,0.0
0.0,0.0
0.0,0.0
1172.0842169899206,0.0
0.0,0.0
0.0,0.0
0.0,0.0
0.0,0.0
0.0,0.0
4466.033774407646,0.0
7713.972085805672,0.0
0.0,0.0
11005.554944010602,0.0
0.0,0.0
0.0,0.0
0.0,0.0
0.0,0.0
0.0,0.0
0.0,0.0
0.0,0.0
0.0,0.0
4102.364396356303,0.0
0.0,0.0
10072.5047506522,0.0
0.0,0.0
0.0,0.0
0.0,0.0
0.0,0.0
0.0,0.0
0.0,0.0
0.0,0.0
0.0,0.0
0.0,0.0
0.0,0.0
1397.0166745352294,0.0
7014.863499062796,0.0
7253.9996152361,0.0
7748.889188632404,0.0
0.0,0.0
0.0,0.0
1057.367836202733,0.0
0.0,0.0
0.0,0.0
0.0,0.0
0.0,0.0
0.0,0.0
0.0,0.0
0.0,0.0
0.0,0.0
3475.6214206376985,0.0
5438.120774203902,0.0
10784.2978105758,0.0
5252.3135426562485,0.0
0.0,0.0
0.0,0.0
0.0,0.0
0.0,0.0
0.0,0.0
0.0,0.0
2901.5409803037655,0.0
9444.3552028689,0.0
0.0,0.0
12483.896078448002,0.0
0.0,0.0
0.0,0.0
0.0,0.0
0.0,0.0
0.0,0.0
0.0,0.0
0.0,0.0
9659.989339968111,0.0
0.0,0.0
12513.820677399699,0.0
0.0,0.0
0.0,0.0
0.0,0.0
2087.6443357415264,0.0
0.0,0.0
0.0,0.0
0.0,0.0
0.0,0.0
3651.4227574988217,0.0
17797.007952862754,0.0
0.0,0.0
0.0,0.0
0.0,0.0
0.0,0.0
0.0,0.0
1915.0081877526754,0.0
0.0,0.0
0.0,0.0
0.0,0.0
0.0,0.0
0.0,0.0
5963.570238903595,0.0
4768.987825591003,0.0
4225.966644634102,0.0
0.0,0.0
7617.644540537296,0.0
0.0,0.0
1598.2961804639144,0.0
0.0,0.0
0.0,0.0
0.0,0.0
0.0,0.0
0.0,0.0
4106.730458046984,0.0
5079.7253572078025,0.0
9499.362024152002,0.0
0.0,0.0
0.0,0.0
0.0,0.0
4315.7645774270495,0.0
0.0,0.0
0.0,0.0
0.0,0.0
0.0,0.0
0.0,0.0
3461.212235868016,0.0
0.0,0.0
2186.3992795626996,0.0
6164.0599926876985,0.0
0.0,0.0
0.0,0.0
7155.043102301419,0.0
0.0,0.0
0.0,0.0
0.0,0.0
0.0,0.0
4915.7211736825775,0.0
0.0,0.0
0.0,0.0
6680.0466407079875,0.0
0.0,0.0
0.0,0.0
0.0,0.0
0.0,0.0
0.0,0.0
0.0,0.0
0.0,0.0
0.0,0.0
9192.207412165362,0.0
0.0,0.0
0.0,0.0
9292.203436277568,0.0
0.0,0.0
0.0,0.0
0.0,0.0
0.0,0.0
0.0,0.0
0.0,0.0
0.0,0.0
0.0,0.0
0.0,0.0
6845.261869908508,0.0
0.0,0.0
7716.736898059802,0.0
0.0,0.0
0.0,0.0
0.0,0.0
1337.5201308249689,0.0
0.0,0.0
0.0,0.0
0.0,0.0
0.0,0.0
0.0,0.0
0.0,0.0
0.0,0.0
1502.630705221401,0.0
0.0,0.0
0.0,0.0
9579.380526210805,0.0
13622.847327286707,0.0
0.0,0.0
0.0,0.0
0.0,0.0
0.0,0.0
6015.651004751395,0.0
0.0,0.0
0.0,0.0
8761.80501897297,0.0
0.0,0.0
0.0,0.0
0.0,0.0
2699.239628214019,0.0
0.0,0.0
0.0,0.0
0.0,0.0
0.0,0.0
0.0,0.0
3178.139022967759,0.0
330.3850708821519,0.0
9214.821443768104,0.0
0.0,0.0
4466.041523824499,0.0
0.0,0.0
7737.663293737072,0.0
0.0,0.0
0.0,0.0
0.0,0.0
0.0,0.0
0.0,0.0
0.0,0.0
0.0,0.0
0.0,0.0
0.0,0.0
0.0,0.0
0.0,0.0
0.0,0.0
0.0,0.0
0.0,0.0
0.0,0.0
0.0,0.0
0.0,0.0
0.0,0.0
4359.096390263279,0.0
9306.980029124601,0.0
0.0,0.0
11290.7837817928,0.0
0.0,0.0
0.0,0.0
0.0,0.0
0.0,0.0
0.0,0.0
0.0,0.0
0.0,0.0
0.0,0.0
11299.963921593982,0.0
13585.406582366799,0.0
0.0,0.0
0.0,0.0
0.0,0.0
0.0,0.0
0.0,0.0
0.0,0.0
0.0,0.0
0.0,0.0
0.0,0.0
12760.978458778072,0.0
0.0,0.0
0.0,0.0
0.0,0.0
0.0,0.0
0.0,0.0
0.0,0.0
0.0,0.0
0.0,0.0
0.0,0.0
0.0,0.0
0.0,0.0
8797.393637822042,0.0
0.0,0.0
9584.026726531802,0.0
0.0,0.0
0.0,0.0
0.0,0.0
4924.998565030144,0.0
0.0,0.0
0.0,0.0
0.0,0.0
0.0,0.0
1183.4937960434545,0.0
2684.150456301424,0.0
0.0,0.0
0.0,0.0
0.0,0.0
1358.4268616728964,0.0
8473.363761062397,0.0
4940.17464431109,0.0
0.0,0.0
0.0,0.0
0.0,0.0
0.0,0.0
0.0,0.0
2404.19493421832,0.0
0.0,0.0
0.0,0.0
0.0,0.0
0.0,0.0
692.1926107685008,0.0
4731.976291359174,0.0
0.0,0.0
0.0,0.0
0.0,0.0
0.0,0.0
1247.4813917705542,0.0
11561.874798935092,0.0
0.0,0.0
6657.281829643596,0.0
0.0,0.0
5471.947301040234,0.0
0.0,0.0
0.0,0.0
0.0,0.0
0.0,0.0
0.0,0.0
0.0,0.0
3860.667858947627,0.0
14795.916483711237,0.0
0.0,0.0
5307.700342293825,0.0
0.0,0.0
0.0,0.0
0.0,0.0
0.0,0.0
0.0,0.0
0.0,0.0
0.0,0.0
0.0,0.0
0.0,0.0
4465.7416765228945,0.0
5025.204067381501,0.0
8668.822303299401,0.0
0.0,0.0
0.0,0.0
0.0,0.0
5422.109189726689,0.0
0.0,0.0
0.0,0.0
0.0,0.0
0.0,0.0
0.0,0.0
0.0,0.0
4154.8311659707015,0.0
900.7438971034985,0.0
1787.0541733596015,0.0
2425.7186158810996,0.0
5228.642292834198,0.0
7754.756664120134,0.0
0.0,0.0
0.0,0.0
0.0,0.0
0.0,0.0
0.0,0.0
0.0,0.0
0.0,0.0
0.0,0.0
0.0,0.0
0.0,0.0
0.0,0.0
0.0,0.0
0.0,0.0
0.0,0.0
0.0,0.0
0.0,0.0
0.0,0.0
0.0,0.0
0.0,0.0
0.0,0.0
0.0,0.0
0.0,0.0
0.0,0.0
0.0,0.0
0.0,0.0
0.0,0.0
0.0,0.0
0.0,0.0
0.0,0.0
1593.6864340048337,0.0
0.0,0.0
0.0,0.0
0.0,0.0
0.0,0.0
0.0,0.0
2435.4630596217044,0.0
0.0,0.0
0.0,0.0
0.0,0.0
0.0,0.0
0.0,0.0
0.0,0.0
0.0,0.0
0.0,0.0
0.0,0.0
0.0,0.0
0.0,0.0
0.0,0.0
0.0,0.0
0.0,0.0
0.0,0.0
0.0,0.0
0.0,0.0
0.0,0.0
0.0,0.0
0.0,0.0
0.0,0.0
0.0,0.0
0.0,0.0
0.0,0.0
0.0,0.0
0.0,0.0
0.0,0.0
0.0,0.0
0.0,0.0
481.90068860233896,0.0
0.0,0.0
0.0,0.0
0.0,0.0
0.0,0.0
0.0,0.0
0.0,0.0
0.0,0.0
0.0,0.0
0.0,0.0
0.0,0.0
0.0,0.0
0.0,0.0
0.0,0.0
0.0,0.0
0.0,0.0
0.0,0.0
0.0,0.0
649.7788500288598,0.0
0.0,0.0
0.0,0.0
0.0,0.0
0.0,0.0
3964.9450101261464,0.0
8798.866477158848,0.0
2858.058013787666,0.0
2936.7629767049016,0.0
0.0,0.0
1622.1822157190995,0.0
0.0,0.0
4773.948276904697,0.0
0.0,0.0
0.0,0.0
0.0,0.0
0.0,0.0
8814.083743531766,0.0
0.0,0.0
14676.163340291301,0.0
519.1090840205488,0.0
0.0,0.0
0.0,0.0
0.0,0.0
0.0,0.0
0.0,0.0
0.0,0.0
0.0,0.0
0.0,0.0
4253.130864852239,0.0
12419.41704317224,0.0
0.0,0.0
7302.068106479701,0.0
0.0,0.0
0.0,0.0
0.0,0.0
0.0,0.0
0.0,0.0
0.0,0.0
0.0,0.0
0.0,0.0
665.2331972522388,0.0
7789.880417430182,0.0
5531.839179817203,0.0
5362.537490308901,0.0
3371.278455768302,0.0
0.0,0.0
0.0,0.0
0.0,0.0
0.0,0.0
0.0,0.0
0.0,0.0
0.0,0.0
0.0,0.0
0.0,0.0
0.0,0.0
0.0,0.0
0.0,0.0
0.0,0.0
0.0,0.0
0.0,0.0
0.0,0.0
0.0,0.0
0.0,0.0
0.0,0.0
0.0,0.0
0.0,0.0
0.0,0.0
4871.498577944201,0.0
0.0,0.0
0.0,0.0
0.0,0.0
10351.211427522812,0.0
9734.150195713668,0.0
0.0,0.0
0.0,0.0
0.0,0.0
0.0,0.0
9218.554382154096,0.0
0.0,0.0
6657.668038088503,0.0
0.0,0.0
8867.513708269,0.0
0.0,0.0
0.0,0.0
0.0,0.0
0.0,0.0
0.0,0.0
0.0,0.0
1553.1517551195775,0.0
13183.822595525931,0.0
0.0,0.0
5231.0919927477025,0.0
0.0,0.0
0.0,0.0
0.0,0.0
4140.862202530865,0.0
0.0,0.0
0.0,0.0
0.0,0.0
0.0,0.0
0.0,0.0
0.0,0.0
0.0,0.0
0.0,0.0
0.0,0.0
0.0,0.0
5621.207690049903,0.0
2554.783538665839,0.0
0.0,0.0
0.0,0.0
0.0,0.0
0.0,0.0
6162.065734613092,0.0
8109.512623293887,0.0
0.0,0.0
9978.294574482896,0.0
0.0,0.0
0.0,0.0
0.0,0.0
0.0,0.0
0.0,0.0
0.0,0.0
0.0,0.0
0.0,0.0
8328.810091290052,0.0
0.0,0.0
0.0,0.0
0.0,0.0
0.0,0.0
0.0,0.0
0.0,0.0
7988.833529445472,0.0
0.0,0.0
0.0,0.0
0.0,0.0
160.73413620436622,0.0
0.0,0.0
0.0,0.0
0.0,0.0
5400.469817613093,0.0
0.0,0.0
0.0,0.0
0.0,0.0
0.0,0.0
0.0,0.0
0.0,0.0
0.0,0.0
0.0,0.0
438.8341232484072,0.0
17269.064408888033,0.0
0.0,0.0
5136.80657303624,0.0
0.0,0.0
0.0,0.0
0.0,0.0
0.0,0.0
0.0,0.0
0.0,0.0
0.0,0.0
0.0,0.0
0.0,0.0
11372.424720450817,0.0
0.0,0.0
8878.9567203992,0.0
0.0,0.0
0.0,0.0
0.0,0.0
0.0,0.0
0.0,0.0
0.0,0.0
0.0,0.0
0.0,0.0
6062.034587591073,0.0
0.0,0.0
0.0,0.0
4242.32387761342,0.0
0.0,0.0
0.0,0.0
0.0,0.0
418.3038075330385,0.0
0.0,0.0
0.0,0.0
0.0,0.0
0.0,0.0
0.0,0.0
0.0,0.0
0.0,0.0
0.0,0.0
0.0,0.0
0.0,0.0
0.0,0.0
0.0,0.0
0.0,0.0
0.0,0.0
0.0,0.0
0.0,0.0
0.0,0.0
0.0,0.0
0.0,0.0
0.0,0.0
0.0,0.0
0.0,0.0
0.0,0.0
0.0,0.0
0.0,0.0
0.0,0.0
0.0,0.0
0.0,0.0
0.0,0.0
0.0,0.0
0.0,0.0
0.0,0.0
0.0,0.0
0.0,0.0
0.0,0.0
0.0,0.0
0.0,0.0
0.0,0.0
0.0,0.0
0.0,0.0
0.0,0.0
12940.695122231275,0.0
1648.2467383215044,0.0
7747.516151580503,0.0
0.0,0.0
0.0,0.0
2620.4021890473973,0.0
0.0,0.0
0.0,0.0
0.0,0.0
0.0,0.0
0.0,0.0
0.0,0.0
0.0,0.0
0.0,0.0
0.0,0.0
0.0,0.0
0.0,0.0
0.0,0.0
0.0,0.0
0.0,0.0
0.0,0.0
0.0,0.0
0.0,0.0
0.0,0.0
0.0,0.0
0.0,0.0
0.0,0.0
0.0,0.0
0.0,0.0
0.0,0.0
0.0,0.0
0.0,0.0
0.0,0.0
0.0,0.0
0.0,0.0
0.0,0.0
6312.7876421665715,0.0
27.008597842000654,0.0
0.0,0.0
0.0,0.0
0.0,0.0
0.0,0.0
6273.022487849986,0.0
0.0,0.0
0.0,0.0
0.0,0.0
0.0,0.0
0.0,0.0
9350.8430023766,0.0
3911.3649140063003,0.0
0.0,0.0
0.0,0.0
0.0,0.0
0.0,0.0
0.0,0.0
0.0,0.0
0.0,0.0
0.0,0.0
0.0,0.0
0.0,0.0
5116.115954689501,0.0
0.0,0.0
0.0,0.0
0.0,0.0
0.0,0.0
0.0,0.0
1900.176391446657,0.0
0.0,0.0
0.0,0.0
0.0,0.0
0.0,0.0
554.8904536829541,0.0
11806.412224293,0.0
0.0,0.0
4108.2563842258005,0.0
0.0,0.0
4193.896451816998,0.0
0.0,0.0
4287.103948844024,0.0
0.0,0.0
0.0,0.0
0.0,0.0
0.0,0.0
8299.948393002216,0.0
0.0,0.0
0.0,0.0
10610.158493519311,0.0
0.0,0.0
0.0,0.0
0.0,0.0
0.0,0.0
0.0,0.0
0.0,0.0
0.0,0.0
0.0,0.0
0.0,0.0
0.0,0.0
0.0,0.0
0.0,0.0
0.0,0.0
0.0,0.0
0.0,0.0
1527.6820666115002,0.0
0.0,0.0
0.0,0.0
0.0,0.0
0.0,0.0
6428.597445272489,0.0
0.0,0.0
0.0,0.0
18523.25285295302,0.0
0.0,0.0
0.0,0.0
0.0,0.0
0.0,0.0
0.0,0.0
0.0,0.0
0.0,0.0
0.0,0.0
0.0,0.0
0.0,0.0
0.0,0.0
0.0,0.0
0.0,0.0
0.0,0.0
0.0,0.0
0.0,0.0
0.0,0.0
0.0,0.0
0.0,0.0
0.0,0.0
0.0,0.0
0.0,0.0
0.0,0.0
0.0,0.0
0.0,0.0
0.0,0.0
0.0,0.0
0.0,0.0
0.0,0.0
0.0,0.0
0.0,0.0
0.0,0.0
0.0,0.0
0.0,0.0
0.0,0.0
0.0,0.0
0.0,0.0
0.0,0.0
0.0,0.0
0.0,0.0
0.0,0.0
0.0,0.0
0.0,0.0
0.0,0.0
0.0,0.0
0.0,0.0
0.0,0.0
2492.1402367555593,0.0
0.0,0.0
0.0,0.0
0.0,0.0
0.0,0.0
0.0,0.0
0.0,0.0
0.0,0.0
0.0,0.0
0.0,0.0
0.0,0.0
0.0,0.0
0.0,0.0
0.0,0.0
0.0,0.0
0.0,0.0
58.36998122073362,0.0
0.0,0.0
0.0,0.0
0.0,0.0
0.0,0.0
0.0,0.0
0.0,0.0
0.0,0.0
0.0,0.0
0.0,0.0
0.0,0.0
0.0,0.0
0.0,0.0
0.0,0.0
0.0,0.0
0.0,0.0
0.0,0.0
0.0,0.0
0.0,0.0
0.0,0.0
0.0,0.0
0.0,0.0
0.0,0.0
0.0,0.0
0.0,0.0
0.0,0.0
0.0,0.0
0.0,0.0
0.0,0.0
0.0,0.0
3633.404300369635,0.0
0.0,0.0
1850.1236619169044,0.0
0.0,0.0
2538.095915252599,0.0
0.0,0.0
16935.236323641544,0.0
0.0,0.0
0.0,0.0
0.0,0.0
0.0,0.0
0.0,0.0
0.0,0.0
0.0,0.0
0.0,0.0
0.0,0.0
0.0,0.0
0.0,0.0
285.84715028985056,0.0
0.0,0.0
0.0,0.0
0.0,0.0
0.0,0.0
0.0,0.0
0.0,0.0
0.0,0.0
0.0,0.0
0.0,0.0
0.0,0.0
0.0,0.0
0.0,0.0
0.0,0.0
0.0,0.0
0.0,0.0
0.0,0.0
0.0,0.0
0.0,0.0
0.0,0.0
0.0,0.0
0.0,0.0
0.0,0.0
0.0,0.0
814.2129116710888,0.0
0.0,0.0
0.0,0.0
0.0,0.0
0.0,0.0
0.0,0.0
0.0,0.0
0.0,0.0
0.0,0.0
0.0,0.0
0.0,0.0
0.0,0.0
0.0,0.0
0.0,0.0
0.0,0.0
0.0,0.0
0.0,0.0
0.0,0.0
0.0,0.0
0.0,0.0
0.0,0.0
0.0,0.0
0.0,0.0
0.0,0.0
447.9686060659019,0.0
3912.0806162440003,0.0
0.0,0.0
0.0,0.0
0.0,0.0
0.0,0.0
8138.113988975101,0.0
7375.0096172860995,0.0
3141.892513964301,0.0
1301.334402063601,0.0
0.0,0.0
0.0,0.0
1337.5911889010981,0.0
2401.199356789595,0.0
0.0,0.0
0.0,0.0
0.0,0.0
2950.7239142676704,0.0
6855.592903681105,0.0
3288.7350526387067,0.0
0.0,0.0
0.0,0.0
0.0,0.0
0.0,0.0
0.0,0.0
0.0,0.0
0.0,0.0
0.0,0.0
0.0,0.0
0.0,0.0
3752.399513007998,0.0
1277.8179902951065,0.0
0.0,0.0
0.0,0.0
0.0,0.0
0.0,0.0
0.0,0.0
0.0,0.0
0.0,0.0
0.0,0.0
0.0,0.0
0.0,0.0
0.0,0.0
0.0,0.0
0.0,0.0
0.0,0.0
0.0,0.0
0.0,0.0
0.0,0.0
0.0,0.0
0.0,0.0
0.0,0.0
0.0,0.0
0.0,0.0
0.0,0.0
0.0,0.0
0.0,0.0
0.0,0.0
0.0,0.0
0.0,0.0
0.0,0.0
0.0,0.0
0.0,0.0
0.0,0.0
0.0,0.0
0.0,0.0
0.0,0.0
0.0,0.0
0.0,0.0
0.0,0.0
0.0,0.0
0.0,0.0
0.0,0.0
0.0,0.0
0.0,0.0
0.0,0.0
0.0,0.0
0.0,0.0
0.0,0.0
0.0,0.0
0.0,0.0
0.0,0.0
0.0,0.0
0.0,0.0
0.0,0.0
0.0,0.0
0.0,0.0
0.0,0.0
0.0,0.0
0.0,0.0
0.0,0.0
0.0,0.0
0.0,0.0
0.0,0.0
0.0,0.0
0.0,0.0
6121.4197273468035,0.0
0.0,0.0
10523.12472566676,0.0
0.0,0.0
0.0,0.0
0.0,0.0
4377.709760863458,0.0
3317.948520739257,0.0
0.0,0.0
0.0,0.0
0.0,0.0
0.0,0.0
0.0,0.0
0.0,0.0
0.0,0.0
0.0,0.0
0.0,0.0
8547.226603120835,0.0
1415.3553607830145,0.0
0.0,0.0
0.0,0.0
0.0,0.0
0.0,0.0
0.0,0.0
0.0,0.0
0.0,0.0
0.0,0.0
0.0,0.0
0.0,0.0
0.0,0.0
0.0,0.0
0.0,0.0
0.0,0.0
0.0,0.0
0.0,0.0
2309.9530445461,0.0
9084.451318700905,0.0
7203.23137977847,0.0
0.0,0.0
0.0,0.0
0.0,0.0
8594.263295282284,0.0
12761.880513004302,0.0
0.0,0.0
0.0,0.0
0.0,0.0
0.0,0.0
0.0,0.0
2607.404352511499,0.0
1688.4620454124797,0.0
0.0,0.0
0.0,0.0
0.0,0.0
8791.985339660823,0.0
8073.768289616681,0.0
0.0,0.0
0.0,0.0
0.0,0.0
0.0,0.0
0.0,0.0
0.0,0.0
0.0,0.0
0.0,0.0
0.0,0.0
0.0,0.0
4499.08952035381,0.0
8076.255566814003,0.0
5216.182713305299,0.0
1662.2725275708012,0.0
0.0,0.0
0.0,0.0
0.0,0.0
948.3685807878392,0.0
5509.294882139104,0.0
0.0,0.0
0.0,0.0
0.0,0.0
0.0,0.0
0.0,0.0
0.0,0.0
0.0,0.0
0.0,0.0
0.0,0.0
1737.8041788921996,0.0
12280.292297866801,0.0
0.0,0.0
0.0,0.0
0.0,0.0
0.0,0.0
0.0,0.0
0.0,0.0
125.6642585196605,0.0
0.0,0.0
0.0,0.0
0.0,0.0
0.0,0.0
0.0,0.0
0.0,0.0
0.0,0.0
0.0,0.0
1049.9647472134711,0.0
0.0,0.0
0.0,0.0
10539.014643221717,0.0
0.0,0.0
0.0,0.0
0.0,0.0
0.0,0.0
0.0,0.0
0.0,0.0
0.0,0.0
0.0,0.0
0.0,0.0
0.0,0.0
0.0,0.0
0.0,0.0
0.0,0.0
0.0,0.0
0.0,0.0
0.0,0.0
0.0,0.0
0.0,0.0
0.0,0.0
0.0,0.0
0.0,0.0
4953.102651302079,0.0
6219.185523116192,0.0
0.0,0.0
2996.9560364872027,0.0
0.0,0.0
0.0,0.0
0.0,0.0
6857.290683032299,0.0
0.0,0.0
0.0,0.0
0.0,0.0
0.0,0.0
2069.300074559201,0.0
0.0,0.0
0.0,0.0
0.0,0.0
0.0,0.0
0.0,0.0
0.0,0.0
0.0,0.0
0.0,0.0
0.0,0.0
0.0,0.0
0.0,0.0
0.0,0.0
0.0,0.0
0.0,0.0
0.0,0.0
0.0,0.0
0.0,0.0
0.0,0.0
0.0,0.0
0.0,0.0
0.0,0.0
0.0,0.0
0.0,0.0
0.0,0.0
0.0,0.0
0.0,0.0
0.0,0.0
0.0,0.0
0.0,0.0
0.0,0.0
0.0,0.0
0.0,0.0
0.0,0.0
0.0,0.0
0.0,0.0
0.0,0.0
0.0,0.0
0.0,0.0
0.0,0.0
0.0,0.0
0.0,0.0
0.0,0.0
0.0,0.0
0.0,0.0
0.0,0.0
0.0,0.0
0.0,0.0
949.3277597648512,0.0
736.1987481395968,0.0
0.0,0.0
0.0,0.0
0.0,0.0
0.0,0.0
0.0,0.0
1794.1065748015985,0.0
5422.543785690023,0.0
0.0,0.0
0.0,0.0
2634.195542802023,0.0
16653.971556641747,0.0
2374.8930877366583,0.0
0.0,0.0
0.0,0.0
0.0,0.0
0.0,0.0
0.0,0.0
0.0,0.0
0.0,0.0
0.0,0.0
0.0,0.0
0.0,0.0
0.0,0.0
1500.276104349461,0.0
413.9964442641576,0.0
0.0,0.0
0.0,0.0
0.0,0.0
0.0,0.0
0.0,0.0
0.0,0.0
0.0,0.0
0.0,0.0
0.0,0.0
0.0,0.0
0.0,0.0
0.0,0.0
0.0,0.0
0.0,0.0
0.0,0.0
0.0,0.0
0.0,0.0
0.0,0.0
0.0,0.0
0.0,0.0
0.0,0.0
0.0,0.0
0.0,0.0
0.0,0.0
0.0,0.0
0.0,0.0
0.0,0.0
0.0,0.0
0.0,0.0
1600.718659418381,0.0
0.0,0.0
0.0,0.0
0.0,0.0
0.0,0.0
2351.6416335525987,0.0
0.0,0.0
0.0,0.0
0.0,0.0
0.0,0.0
0.0,0.0
8252.466013906802,0.0
10237.017983876925,0.0
0.0,0.0
0.0,0.0
0.0,0.0
10815.844283591,0.0
0.0,0.0
0.0,0.0
0.0,0.0
0.0,0.0
0.0,0.0
0.0,0.0
5198.026571260305,0.0
6453.494518035308,0.0
0.0,0.0
0.0,0.0
0.0,0.0
7475.155857544911,0.0
0.0,0.0
0.0,0.0
0.0,0.0
0.0,0.0
0.0,0.0
0.0,0.0
0.0,0.0
0.0,0.0
0.0,0.0
0.0,0.0
0.0,0.0
0.0,0.0
0.0,0.0
0.0,0.0
0.0,0.0
0.0,0.0
0.0,0.0
0.0,0.0
0.0,0.0
0.0,0.0
0.0,0.0
0.0,0.0
0.0,0.0
0.0,0.0
0.0,0.0
0.0,0.0
0.0,0.0
0.0,0.0
0.0,0.0
0.0,0.0
3251.5500620289,0.0
5432.535577733032,0.0
0.0,0.0
0.0,0.0
0.0,0.0
0.0,0.0
0.0,0.0
0.0,0.0
0.0,0.0
0.0,0.0
0.0,0.0
0.0,0.0
0.0,0.0
0.0,0.0
0.0,0.0
0.0,0.0
0.0,0.0
0.0,0.0
0.0,0.0
0.0,0.0
0.0,0.0
0.0,0.0
0.0,0.0
0.0,0.0
0.0,0.0
0.0,0.0
0.0,0.0
0.0,0.0
0.0,0.0
0.0,0.0
0.0,0.0
0.0,0.0
0.0,0.0
0.0,0.0
0.0,0.0
0.0,0.0
366.6239353403994,0.0
4315.798241705421,0.0
0.0,0.0
0.0,0.0
0.0,0.0
16065.170460367694,0.0
0.0,0.0
0.0,0.0
0.0,0.0
0.0,0.0
0.0,0.0
0.0,0.0
8827.01789863668,0.0
0.0,0.0
0.0,0.0
0.0,0.0
0.0,0.0
0.0,0.0
0.0,0.0
0.0,0.0
0.0,0.0
0.0,0.0
0.0,0.0
0.0,0.0
2456.2445524612026,0.0
3758.080247815895,0.0
0.0,0.0
599.2706351807683,0.0
7922.093839637129,0.0
0.0,0.0
0.0,0.0
0.0,0.0
0.0,0.0
0.0,0.0
0.0,0.0
0.0,0.0
6264.104991021404,0.0
5957.43199264489,0.0
0.0,0.0
0.0,0.0
0.0,0.0
5239.957649207684,0.0
0.0,0.0
0.0,0.0
0.0,0.0
0.0,0.0
0.0,0.0
0.0,0.0
0.0,0.0
0.0,0.0
0.0,0.0
0.0,0.0
0.0,0.0
0.0,0.0
0.0,0.0
0.0,0.0
0.0,0.0
0.0,0.0
0.0,0.0
0.0,0.0
0.0,0.0
0.0,0.0
0.0,0.0
0.0,0.0
0.0,0.0
0.0,0.0
0.0,0.0
0.0,0.0
0.0,0.0
0.0,0.0
0.0,0.0
0.0,0.0
0.0,0.0
799.8356413423976,0.0
0.0,0.0
0.0,0.0
0.0,0.0
3654.1291684204516,0.0
3433.2048405324945,0.0
2257.498040738506,0.0
2385.1066968775026,0.0
2277.336030104599,0.0
3711.7479149126025,0.0
1503.9435588824217,0.0
3504.0353557577996,0.0
2218.8596290475552,0.0
0.0,0.0
0.0,0.0
0.0,0.0
1390.4136676497496,0.0
817.6987813352002,0.0
1232.1995453003256,0.0
185.877463595903,0.0
0.0,0.0
0.0,0.0
0.0,0.0
6422.904716956602,0.0
9401.733626022373,0.0
0.0,0.0
0.0,0.0
0.0,0.0
0.0,0.0
0.0,0.0
0.0,0.0
0.0,0.0
0.0,0.0
0.0,0.0
0.0,0.0
4627.403737490704,0.0
10332.465306155893,0.0
0.0,0.0
0.0,0.0
1032.4865192743164,0.0
16326.18013985447,0.0
1043.7703428473615,0.0
0.0,0.0
0.0,0.0
0.0,0.0
0.0,0.0
0.0,0.0
0.0,0.0
0.0,0.0
0.0,0.0
0.0,0.0
0.0,0.0
13574.510517199957,0.0
0.0,0.0
0.0,0.0
0.0,0.0
0.0,0.0
0.0,0.0
0.0,0.0
895.5217135503021,0.0
0.0,0.0
0.0,0.0
0.0,0.0
2096.065583529926,0.0
0.0,0.0
0.0,0.0
0.0,0.0
5832.77694314895,0.0
0.0,0.0
0.0,0.0
0.0,0.0
0.0,0.0
0.0,0.0
0.0,0.0
0.0,0.0
1024.210932211623,0.0
2813.1984044979886,0.0
0.0,0.0
0.0,0.0
0.0,0.0
0.0,0.0
0.0,0.0
0.0,0.0
3469.2134229976996,0.0
4203.409726509232,0.0
0.0,0.0
0.0,0.0
0.0,0.0
8409.101256107078,0.0
8262.712163684393,0.0
1777.1565121006042,0.0
0.0,0.0
0.0,0.0
0.0,0.0
0.0,0.0
5926.253456893299,0.0
8034.246010940224,0.0
0.0,0.0
0.0,0.0
0.0,0.0
13801.90065984715,0.0
0.0,0.0
0.0,0.0
0.0,0.0
0.0,0.0
0.0,0.0
0.0,0.0
0.0,0.0
0.0,0.0
10417.384450009267,0.0
0.0,0.0
0.0,0.0
0.0,0.0
0.0,0.0
0.0,0.0
0.0,0.0
0.0,0.0
0.0,0.0
0.0,0.0
0.0,0.0
0.0,0.0
0.0,0.0
0.0,0.0
0.0,0.0
0.0,0.0
0.0,0.0
0.0,0.0
0.0,0.0
0.0,0.0
0.0,0.0
0.0,0.0
2949.4561921174004,0.0
5424.066233534524,0.0
0.0,0.0
0.0,0.0
0.0,0.0
0.0,0.0
0.0,0.0
0.0,0.0
0.0,0.0
0.0,0.0
0.0,0.0
0.0,0.0
0.0,0.0
2401.2388799823725,0.0
0.0,0.0
0.0,0.0
0.0,0.0
5447.814835789932,0.0
8142.9087793851995,0.0
0.0,0.0
8820.568135392705,0.0
0.0,0.0
0.0,0.0
0.0,0.0
2512.431686335138,0.0
0.0,0.0
0.0,0.0
0.0,0.0
0.0,0.0
3391.8363470337836,0.0
4565.720688323601,0.0
1394.7035751628864,0.0
4313.5302649612,0.0
0.0,0.0
0.0,0.0
0.0,0.0
0.0,0.0
5356.064256917054,0.0
0.0,0.0
0.0,0.0
0.0,0.0
8062.733780242874,0.0
7981.120574671606,0.0
216.564277082668,0.0
0.0,0.0
0.0,0.0
0.0,0.0
0.0,0.0
0.0,0.0
0.0,0.0
0.0,0.0
0.0,0.0
0.0,0.0
0.0,0.0
0.0,0.0
0.0,0.0
0.0,0.0
0.0,0.0
0.0,0.0
0.0,0.0
0.0,0.0
0.0,0.0
0.0,0.0
0.0,0.0
0.0,0.0
0.0,0.0
0.0,0.0
0.0,0.0
0.0,0.0
0.0,0.0
0.0,0.0
0.0,0.0
0.0,0.0
0.0,0.0
0.0,0.0
0.0,0.0
0.0,0.0
0.0,0.0
3716.115694831203,0.0
1408.594711624,0.0
637.8076395064977,0.0
530.9184790986997,0.0
0.0,0.0
0.0,0.0
1380.7848931251344,0.0
0.0,0.0
0.0,0.0
0.0,0.0
0.0,0.0
5193.195992262916,0.0
2446.223933340401,0.0
0.0,0.0
463.0954112425002,0.0
0.0,0.0
0.0,0.0
0.0,0.0
0.0,0.0
0.0,0.0
0.0,0.0
0.0,0.0
0.0,0.0
0.0,0.0
0.0,0.0
0.0,0.0
0.0,0.0
0.0,0.0
0.0,0.0
0.0,0.0
0.0,0.0
0.0,0.0
0.0,0.0
0.0,0.0
0.0,0.0
0.0,0.0
0.0,0.0
0.0,0.0
0.0,0.0
0.0,0.0
0.0,0.0
0.0,0.0
0.0,0.0
0.0,0.0
0.0,0.0
0.0,0.0
0.0,0.0
0.0,0.0
0.0,0.0
0.0,0.0
0.0,0.0
0.0,0.0
0.0,0.0
0.0,0.0
0.0,0.0
0.0,0.0
0.0,0.0
0.0,0.0
0.0,0.0
0.0,0.0
0.0,0.0
0.0,0.0
0.0,0.0
0.0,0.0
0.0,0.0
0.0,0.0
0.0,0.0
0.0,0.0
0.0,0.0
0.0,0.0
0.0,0.0
0.0,0.0
0.0,0.0
0.0,0.0
0.0,0.0
0.0,0.0
0.0,0.0
0.0,0.0
0.0,0.0
0.0,0.0
0.0,0.0
0.0,0.0
0.0,0.0
0.0,0.0
0.0,0.0
0.0,0.0
0.0,0.0
