PumpedStor,BatteryStor
24956.91897567851,0.0
0.0,0.0
0.0,0.0
11757.57126713599,0.0
0.0,0.0
0.0,0.0
0.0,0.0
0.0,0.0
0.0,0.0
0.0,0.0
0.0,0.0
0.0,0.0
0.0,0.0
0.0,0.0
0.0,0.0
0.0,0.0
0.0,0.0
0.0,0.0
0.0,0.0
0.0,0.0
0.0,0.0
0.0,0.0
0.0,0.0
0.0,0.0
0.0,0.0
0.0,0.0
0.0,0.0
0.0,0.0
0.0,0.0
0.0,0.0
0.0,0.0
0.0,0.0
0.0,0.0
0.0,0.0
0.0,0.0
0.0,0.0
14054.847962474103,0.0
5339.480361174841,0.0
1281.4752866819617,0.0
307.5540688036712,0.0
73.8129765128811,0.0
17.71511436309146,0.0
4.251627447141949,0.0
1.020390587314068,0.0
0.24489374095537633,0.0
0.0,0.0
0.0,0.0
0.0,0.0
0.0,0.0
0.0,0.0
0.0,0.0
0.0,0.0
0.0,0.0
0.0,0.0
0.0,0.0
24956.91897567851,0.0
0.0,0.0
0.0,0.0
0.0,0.0
0.0,0.0
0.0,0.0
0.0,0.0
0.0,0.0
0.0,0.0
0.0,0.0
0.0,0.0
0.0,0.0
0.0,0.0
0.0,0.0
0.0,0.0
0.0,0.0
0.0,0.0
0.0,0.0
0.0,0.0
0.0,0.0
0.0,0.0
0.0,0.0
0.0,0.0
0.0,0.0
0.0,0.0
0.0,0.0
0.0,0.0
0.0,0.0
0.0,0.0
0.0,0.0
0.0,0.0
0.0,0.0
0.0,0.0
0.0,0.0
0.0,0.0
0.0,0.0
0.0,0.0
0.0,0.0
0.0,0.0
0.0,0.0
0.0,0.0
0.0,0.0
0.0,0.0
0.0,0.0
0.0,0.0
0.0,0.0
0.0,0.0
0.0,0.0
5814.808941301373,0.0
0.0,0.0
0.0,0.0
0.0,0.0
0.0,0.0
0.0,0.0
0.0,0.0
0.0,0.0
0.0,0.0
0.0,0.0
0.0,0.0
0.0,0.0
0.0,0.0
0.0,0.0
0.0,0.0
0.0,0.0
0.0,0.0
0.0,0.0
0.0,0.0
0.0,0.0
0.0,0.0
0.0,0.0
0.0,0.0
0.0,0.0
0.0,0.0
0.0,0.0
0.0,0.0
0.0,0.0
0.0,0.0
0.0,0.0
0.0,0.0
0.0,0.0
6967.773913902,0.0
0.0,0.0
0.0,0.0
0.0,0.0
0.0,0.0
0.0,0.0
0.0,0.0
0.0,0.0
1672.2657393364825,0.0
0.0,0.0
401.3437774407539,0.0
96.3225065857805,0.0
23.117401580588194,0.0
5.548176379339566,0.0
1.3315623310409137,0.0
0.31957495944880066,0.0
0.02358354268835683,0.0
0.0,0.0
0.0,0.0
0.0,0.0
3065.524743628996,0.0
6126.882441541196,0.0
3712.5003112314066,0.0
891.0000746955375,0.0
213.84001792693016,0.0
51.32160430246222,0.0
12.317185032592533,0.0
2.956124407821335,0.0
0.7094698578766838,0.0
0.0,0.0
0.0,0.0
0.0,0.0
6877.344457086641,0.0
5339.480361162969,0.0
1281.4752866791132,0.0
307.5540688029869,0.0
73.81297651271962,0.0
17.715114363054454,0.0
4.251627447130886,0.0
1.020390587313159,0.0
0.24489374095355743,0.0
0.0,0.0
0.0,0.0
0.0,0.0
0.0,0.0
0.0,0.0
0.0,0.0
0.0,0.0
0.0,0.0
0.0,0.0
0.0,0.0
0.0,0.0
3824.2074728251523,0.0
0.0,0.0
0.0,0.0
0.0,0.0
0.0,0.0
0.0,0.0
0.0,0.0
0.0,0.0
0.0,0.0
0.0,0.0
0.0,0.0
0.0,0.0
2183.916963142709,0.0
0.0,0.0
0.0,0.0
0.0,0.0
10930.935564373396,0.0
0.0,0.0
0.0,0.0
0.0,0.0
0.0,0.0
0.0,0.0
0.0,0.0
0.0,0.0
0.0,0.0
0.0,0.0
0.0,0.0
0.0,0.0
0.0,0.0
0.0,0.0
0.0,0.0
0.0,0.0
0.0,0.0
0.0,0.0
0.0,0.0
0.0,0.0
0.0,0.0
0.0,0.0
0.0,0.0
0.0,0.0
0.0,0.0
0.0,0.0
0.0,0.0
0.0,0.0
0.0,0.0
0.0,0.0
0.0,0.0
0.0,0.0
0.0,0.0
0.0,0.0
0.0,0.0
0.0,0.0
0.0,0.0
0.0,0.0
0.0,0.0
0.0,0.0
0.0,0.0
0.0,0.0
0.0,0.0
0.0,0.0
0.0,0.0
0.0,0.0
0.0,0.0
0.0,0.0
0.0,0.0
0.0,0.0
0.0,0.0
0.0,0.0
0.0,0.0
0.0,0.0
0.0,0.0
0.0,0.0
0.0,0.0
0.0,0.0
0.0,0.0
0.0,0.0
0.0,0.0
0.0,0.0
0.0,0.0
0.0,0.0
0.0,0.0
0.0,0.0
0.0,0.0
0.0,0.0
0.0,0.0
0.0,0.0
0.0,0.0
0.0,0.0
0.0,0.0
0.0,0.0
0.0,0.0
0.0,0.0
0.0,0.0
0.0,0.0
0.0,0.0
0.0,0.0
0.0,0.0
0.0,0.0
0.0,0.0
0.0,0.0
0.0,0.0
0.0,0.0
0.0,0.0
0.0,0.0
0.0,0.0
0.0,0.0
0.0,0.0
0.0,0.0
0.0,0.0
0.0,0.0
0.0,0.0
0.0,0.0
0.0,0.0
0.0,0.0
0.0,0.0
0.0,0.0
0.0,0.0
0.0,0.0
0.0,0.0
0.0,0.0
0.0,0.0
0.0,0.0
0.0,0.0
0.0,0.0
0.0,0.0
0.0,0.0
0.0,0.0
0.0,0.0
0.0,0.0
0.0,0.0
0.0,0.0
0.0,0.0
0.0,0.0
0.0,0.0
0.0,0.0
0.0,0.0
0.0,0.0
0.0,0.0
0.0,0.0
0.0,0.0
0.0,0.0
0.0,0.0
0.0,0.0
0.0,0.0
0.0,0.0
0.0,0.0
0.0,0.0
0.0,0.0
0.0,0.0
0.0,0.0
0.0,0.0
0.0,0.0
0.0,0.0
0.0,0.0
0.0,0.0
0.0,0.0
0.0,0.0
0.0,0.0
0.0,0.0
0.0,0.0
0.0,0.0
0.0,0.0
0.0,0.0
0.0,0.0
0.0,0.0
16649.407946754727,0.0
0.0,0.0
0.0,0.0
0.0,0.0
0.0,0.0
0.0,0.0
0.0,0.0
0.0,0.0
0.0,0.0
0.0,0.0
0.0,0.0
0.0,0.0
0.0,0.0
0.0,0.0
0.0,0.0
0.0,0.0
0.0,0.0
0.0,0.0
0.0,0.0
0.0,0.0
0.0,0.0
0.0,0.0
0.0,0.0
0.0,0.0
0.0,0.0
0.0,0.0
0.0,0.0
0.0,0.0
0.0,0.0
0.0,0.0
0.0,0.0
0.0,0.0
0.0,0.0
0.0,0.0
0.0,0.0
0.0,0.0
0.0,0.0
0.0,0.0
0.0,0.0
0.0,0.0
0.0,0.0
0.0,0.0
0.0,0.0
0.0,0.0
0.0,0.0
0.0,0.0
0.0,0.0
0.0,0.0
0.0,0.0
0.0,0.0
0.0,0.0
0.0,0.0
0.0,0.0
12632.911021159367,0.0
0.0,0.0
0.0,0.0
0.0,0.0
0.0,0.0
0.0,0.0
0.0,0.0
0.0,0.0
0.0,0.0
2303.1886294587603,0.0
1281.4752866895865,0.0
0.0,0.0
307.5540688054995,0.0
73.81297651331806,0.0
17.715114363196943,0.0
4.251627447168479,0.0
1.0203905873216477,0.0
0.24489374095537642,0.0
0.0,0.0
0.0,0.0
12825.851339750547,0.0
3078.204321540132,0.0
738.7690371696318,0.0
177.3045689207104,0.0
0.0,0.0
0.0,0.0
0.0,0.0
0.0,0.0
0.0,0.0
0.0,0.0
0.0,0.0
0.0,0.0
0.0,0.0
0.0,0.0
0.0,0.0
0.0,0.0
0.0,0.0
0.0,0.0
0.0,0.0
0.0,0.0
0.0,0.0
0.0,0.0
0.0,0.0
0.0,0.0
0.0,0.0
0.0,0.0
0.0,0.0
0.0,0.0
0.0,0.0
0.0,0.0
0.0,0.0
0.0,0.0
0.0,0.0
0.0,0.0
0.0,0.0
0.0,0.0
0.0,0.0
2919.8989664032365,0.0
0.0,0.0
0.0,0.0
0.0,0.0
0.0,0.0
0.0,0.0
0.0,0.0
0.0,0.0
0.0,0.0
0.0,0.0
0.0,0.0
859.3701530161038,0.0
3482.207360479652,0.0
0.0,0.0
0.0,0.0
0.0,0.0
0.0,0.0
0.0,0.0
0.0,0.0
0.0,0.0
0.0,0.0
0.0,0.0
0.0,0.0
0.0,0.0
4919.07980388871,0.0
569.5560605094311,0.0
0.0,0.0
0.0,0.0
0.0,0.0
0.0,0.0
0.0,0.0
0.0,0.0
0.0,0.0
0.0,0.0
0.0,0.0
0.0,0.0
0.0,0.0
0.0,0.0
0.0,0.0
0.0,0.0
0.0,0.0
0.0,0.0
0.0,0.0
0.0,0.0
0.0,0.0
0.0,0.0
0.0,0.0
0.0,0.0
0.0,0.0
0.0,0.0
0.0,0.0
0.0,0.0
0.0,0.0
0.0,0.0
0.0,0.0
0.0,0.0
0.0,0.0
0.0,0.0
0.0,0.0
0.0,0.0
2771.841995514233,0.0
0.0,0.0
0.0,0.0
0.0,0.0
0.0,0.0
0.0,0.0
0.0,0.0
0.0,0.0
0.0,0.0
0.0,0.0
0.0,0.0
0.0,0.0
7784.3973158111385,0.0
10077.495076883437,0.0
0.0,0.0
0.0,0.0
0.0,0.0
0.0,0.0
0.0,0.0
0.0,0.0
0.0,0.0
0.0,0.0
0.0,0.0
14023.583885864786,0.0
0.0,0.0
0.0,0.0
9835.388627869264,0.0
0.0,0.0
0.0,0.0
0.0,0.0
0.0,0.0
0.0,0.0
0.0,0.0
0.0,0.0
0.0,0.0
11747.449729012316,0.0
16028.857181629148,0.0
3846.9257235909936,0.0
923.2621736618385,0.0
221.58292167884065,0.0
53.17990120292234,0.0
12.763176288703107,0.0
2.687857528911991,0.0
1.0203905873216477,0.0
0.24489374095537642,0.0
0.0,0.0
3547.2898699190773,0.0
851.3495687805771,0.0
204.32389650733967,0.0
49.03773516176079,0.0
11.769056438820371,0.0
0.0,0.0
0.0,0.0
0.0,0.0
0.0,0.0
0.0,0.0
0.0,0.0
0.0,0.0
0.0,0.0
0.0,0.0
4096.239659217181,0.0
0.0,0.0
0.0,0.0
0.0,0.0
0.0,0.0
0.0,0.0
0.0,0.0
12665.502203413294,0.0
0.0,0.0
0.0,0.0
4127.478703622697,0.0
0.0,0.0
6993.266194580814,0.0
6299.682544769299,0.0
0.0,0.0
0.0,0.0
0.0,0.0
2943.272283719702,0.0
9363.271106504095,0.0
2247.1850655609815,0.0
539.3244157346344,0.0
129.43785977631342,0.0
31.065086346316093,0.0
7.455620723114407,0.0
1.7893489735470212,0.0
0.42944375365186715,0.0
0.05827895137917949,0.0
0.0,0.0
0.0,0.0
0.0,0.0
0.0,0.0
0.0,0.0
0.0,0.0
0.0,0.0
0.0,0.0
0.0,0.0
3564.5843913819135,0.0
0.0,0.0
22247.834838228257,0.0
0.0,0.0
0.0,0.0
0.0,0.0
0.0,0.0
5339.48036117478,0.0
1281.4752866819467,0.0
307.55406880366536,0.0
73.81297651287848,0.0
17.715114363091466,0.0
4.251627447141952,0.0
1.0203905873140682,0.0
0.24489374095537633,0.0
0.0,0.0
0.0,0.0
0.0,0.0
0.0,0.0
0.0,0.0
0.0,0.0
0.0,0.0
0.0,0.0
0.0,0.0
6264.463802632901,0.0
0.0,0.0
0.0,0.0
0.0,0.0
0.0,0.0
0.0,0.0
0.0,0.0
0.0,0.0
0.0,0.0
0.0,0.0
0.0,0.0
0.0,0.0
0.0,0.0
0.0,0.0
0.0,0.0
0.0,0.0
0.0,0.0
0.0,0.0
0.0,0.0
0.0,0.0
0.0,0.0
0.0,0.0
0.0,0.0
0.0,0.0
0.0,0.0
0.0,0.0
0.0,0.0
0.0,0.0
0.0,0.0
0.0,0.0
0.0,0.0
0.0,0.0
8769.4988184728,0.0
0.0,0.0
0.0,0.0
0.0,0.0
0.0,0.0
0.0,0.0
0.0,0.0
0.0,0.0
0.0,0.0
0.0,0.0
0.0,0.0
0.0,0.0
0.0,0.0
0.0,0.0
0.0,0.0
0.0,0.0
0.0,0.0
0.0,0.0
0.0,0.0
0.0,0.0
0.0,0.0
0.0,0.0
0.0,0.0
0.0,0.0
0.0,0.0
0.0,0.0
0.0,0.0
0.0,0.0
0.0,0.0
0.0,0.0
0.0,0.0
0.0,0.0
0.0,0.0
0.0,0.0
0.0,0.0
0.0,0.0
0.0,0.0
0.0,0.0
0.0,0.0
0.0,0.0
0.0,0.0
0.0,0.0
0.0,0.0
0.0,0.0
0.0,0.0
0.0,0.0
0.0,0.0
0.0,0.0
0.0,0.0
0.0,0.0
41.767483835700205,0.0
0.0,0.0
12057.7726410235,0.0
0.0,0.0
0.0,0.0
0.0,0.0
0.0,0.0
5339.48036117478,0.0
1281.4752866819467,0.0
307.55406880366536,0.0
73.81297651287848,0.0
17.715114363091466,0.0
4.251627447141952,0.0
0.0,0.0
1.0203905873140682,0.0
0.24489374095537633,0.0
0.0,0.0
0.0,0.0
0.0,0.0
0.0,0.0
1429.3836344633005,0.0
1196.8880035109964,0.0
0.0,0.0
0.0,0.0
0.0,0.0
6130.608540569441,0.0
11776.232780967906,0.0
6103.260338080405,0.0
0.0,0.0
0.0,0.0
0.0,0.0
0.0,0.0
0.0,0.0
0.0,0.0
0.0,0.0
0.0,0.0
0.0,0.0
17244.46132520166,0.0
11851.128368525247,0.0
2844.2708084460573,0.0
682.6249940270536,0.0
0.0,0.0
0.0,0.0
0.0,0.0
0.0,0.0
0.0,0.0
0.0,0.0
0.0,0.0
0.0,0.0
12568.455517597078,1.8189894035458565e-12
14995.248403771124,0.0
4008.503995438674,0.0
0.0,0.0
0.0,0.0
0.0,0.0
0.0,0.0
0.0,0.0
0.0,0.0
0.0,0.0
0.0,0.0
0.0,0.0
0.0,0.0
0.0,0.0
0.0,0.0
0.0,0.0
0.0,0.0
0.0,0.0
0.0,0.0
0.0,0.0
1371.4799612514967,0.0
6.706007342300381,0.0
0.0,0.0
0.0,0.0
10539.181916611376,0.0
13371.473815549083,0.0
6784.820619236558,0.0
0.0,0.0
0.0,0.0
0.0,0.0
0.0,0.0
0.0,0.0
0.0,0.0
0.0,0.0
0.0,0.0
0.0,0.0
15762.253488696346,0.0
12977.606324269285,0.0
3114.6255178246283,0.0
0.0,0.0
0.0,0.0
0.0,0.0
0.0,0.0
0.0,0.0
0.0,0.0
0.0,0.0
0.0,0.0
0.0,0.0
15638.322773112288,0.0
13071.79366811317,0.0
3137.2304803471616,0.0
0.0,0.0
0.0,0.0
0.0,0.0
780.9377392613992,0.0
10651.211735290099,0.0
13769.223400717996,0.0
5803.875590473694,0.0
1392.9301417136849,0.0
334.3032340112841,0.0
80.23277616270934,0.0
19.25586627905068,0.0
4.621407906972308,0.0
1.1091378976761916,0.0
0.0,0.0
0.0,0.0
512.0855965364049,0.0
2114.3863486983014,0.0
881.8693236915992,0.0
0.0,0.0
0.0,0.0
0.0,0.0
8538.277002181496,0.0
15991.707356362067,0.0
6314.130863185401,0.0
0.0,0.0
0.0,0.0
0.0,0.0
0.0,0.0
0.0,0.0
0.0,0.0
0.0,0.0
0.0,0.0
0.0,0.0
1190.4729674040486,0.0
7117.29302088477,0.0
4537.39008112619,0.0
0.0,0.0
0.0,0.0
0.0,0.0
0.0,0.0
0.0,0.0
0.0,0.0
0.0,0.0
0.0,0.0
0.0,0.0
3972.020401038974,0.0
9054.893072150257,0.0
7465.2081716429875,0.0
0.0,0.0
0.0,0.0
0.0,0.0
0.0,0.0
0.0,0.0
0.0,0.0
0.0,0.0
0.0,0.0
0.0,0.0
7058.586442586604,0.0
3454.4008655304806,0.0
0.0,0.0
0.0,0.0
0.0,0.0
0.0,0.0
0.0,0.0
0.0,0.0
8520.847831701056,0.0
0.0,0.0
0.0,0.0
0.0,0.0
0.0,0.0
0.0,0.0
0.0,0.0
0.0,0.0
0.0,0.0
0.0,0.0
18481.074623585704,0.0
0.0,0.0
0.0,0.0
0.0,0.0
0.0,0.0
0.0,0.0
0.0,0.0
0.0,0.0
4435.45790966057,0.0
995.9945125195736,0.0
307.55406880366536,0.0
73.81297651287848,0.0
17.715114363091466,0.0
4.251627447141952,0.0
1.0203905873140682,0.0
0.24489374095537633,0.0
0.0,0.0
2359.7531730950673,0.0
1754.8797474836974,0.0
421.1711393960868,0.0
101.08107345506141,0.0
0.0,0.0
0.0,0.0
0.0,0.0
0.0,0.0
0.0,0.0
0.0,0.0
0.0,0.0
0.0,0.0
0.0,0.0
16964.000471275463,0.0
12064.278617509157,0.0
2895.4268682021975,0.0
0.0,0.0
0.0,0.0
0.0,0.0
0.0,0.0
0.0,0.0
0.0,0.0
0.0,0.0
0.0,0.0
0.0,0.0
24956.91897567851,0.0
0.0,0.0
0.0,0.0
0.0,0.0
0.0,0.0
0.0,0.0
0.0,0.0
0.0,0.0
0.0,0.0
0.0,0.0
0.0,0.0
0.0,0.0
0.0,0.0
0.0,0.0
0.0,0.0
0.0,0.0
0.0,0.0
0.0,0.0
0.0,0.0
0.0,0.0
0.0,0.0
0.0,0.0
0.0,0.0
0.0,0.0
446.5011197193003,0.0
0.0,0.0
0.0,0.0
0.0,0.0
0.0,0.0
0.0,0.0
0.0,0.0
0.0,0.0
5650.319703176174,0.0
1356.076728762284,0.0
0.0,0.0
0.0,0.0
0.0,0.0
325.45841490294697,0.0
78.11001957670669,0.0
0.0,0.0
0.0,0.0
0.0,0.0
0.0,0.0
3613.499744754003,0.0
0.0,0.0
0.0,0.0
0.0,0.0
0.0,0.0
5569.594277347676,0.0
5339.48036117478,0.0
1281.4752866819467,0.0
307.55406880366536,0.0
73.81297651287848,0.0
17.715114363091466,0.0
0.0,0.0
4.251627447141952,0.0
1.0203905873140682,0.0
0.24489374095537633,0.0
0.0,0.0
0.0,0.0
2611.8502446377083,0.0
8113.977292813501,0.0
3623.023853657271,0.0
0.0,0.0
0.0,0.0
0.0,0.0
0.0,0.0
0.0,0.0
0.0,0.0
0.0,0.0
0.0,0.0
0.0,0.0
0.0,0.0
11575.355558301628,0.0
16159.648751369272,0.0
0.0,0.0
0.0,0.0
0.0,0.0
6556.266968401696,0.0
15399.801784783494,0.0
3695.9524283480387,0.0
887.0285828035303,0.0
212.8868598728477,0.0
51.092846369483595,0.0
12.262283128675335,0.0
2.9429479508835357,0.0
0.6071233779730392,0.0
0.24489374095537642,0.0
0.0,0.0
0.0,0.0
0.0,0.0
0.0,0.0
0.0,0.0
0.0,0.0
0.0,0.0
9795.558751272365,0.0
17512.29432471151,0.0
4202.950637930764,0.0
1008.7081531033837,0.0
242.08995674481048,0.0
0.0,0.0
0.0,0.0
0.0,0.0
0.0,0.0
0.0,0.0
0.0,0.0
0.0,0.0
0.0,0.0
0.0,0.0
0.0,0.0
0.0,0.0
3638.491789035074,0.0
0.0,0.0
9546.861991257103,0.0
0.0,0.0
12627.065449317994,0.0
5339.48036117478,0.0
1281.4752866819467,0.0
307.55406880366536,0.0
73.81297651287848,0.0
17.715114363090834,0.0
4.251627447141951,0.0
1.0203905873140682,0.0
0.24489374095537628,0.0
0.0,0.0
0.0,0.0
0.0,0.0
0.0,0.0
0.0,0.0
0.0,0.0
0.0,0.0
0.0,0.0
9218.941173825713,0.0
11336.725192761422,0.0
6749.025816971976,0.0
0.0,0.0
0.0,0.0
0.0,0.0
0.0,0.0
0.0,0.0
0.0,0.0
0.0,0.0
0.0,0.0
0.0,0.0
6324.971304895864,0.0
10206.857502354093,0.0
4865.762749462616,0.0
0.0,0.0
0.0,0.0
0.0,0.0
0.0,0.0
0.0,0.0
0.0,0.0
0.0,0.0
0.0,0.0
0.0,0.0
0.0,0.0
0.0,0.0
0.0,0.0
0.0,0.0
0.0,0.0
0.0,0.0
0.0,0.0
0.0,0.0
0.0,0.0
0.0,0.0
0.0,0.0
0.0,0.0
0.0,0.0
0.0,0.0
0.0,0.0
0.0,0.0
0.0,0.0
0.0,0.0
0.0,0.0
0.0,0.0
0.0,0.0
0.0,0.0
24956.91897567851,0.0
0.0,0.0
0.0,0.0
855.5002538897788,0.0
5339.4803612066125,0.0
0.0,0.0
0.0,0.0
0.0,0.0
0.0,0.0
0.0,0.0
0.0,0.0
0.0,0.0
0.0,0.0
0.0,0.0
0.0,0.0
0.0,0.0
0.0,0.0
0.0,0.0
0.0,0.0
1281.4752866895865,0.0
0.0,0.0
0.0,0.0
0.0,0.0
307.5540688054995,0.0
0.0,0.0
0.0,0.0
0.0,0.0
73.81297651331806,0.0
0.0,0.0
0.0,0.0
0.0,0.0
17.715114363196943,0.0
0.0,0.0
0.0,0.0
0.0,0.0
0.0,0.0
0.0,0.0
0.0,0.0
0.0,0.0
4.251627447168479,0.0
1.0203905873216477,0.0
0.24489374095537642,0.0
0.0,0.0
0.0,0.0
765.7115937985145,0.0
183.77078251164494,0.0
44.10498780279522,0.0
10.5851970726726,0.0
0.0,0.0
4208.182414668092,0.0
1009.9637795203416,0.0
242.391307084883,0.0
58.173913700371486,0.0
13.961739288091849,0.0
0.0,0.0
0.0,0.0
0.0,0.0
185.46272957120027,0.0
0.0,0.0
0.0,0.0
0.0,0.0
0.0,0.0
11778.78792962974,0.0
0.0,0.0
0.0,0.0
16005.040149159906,0.0
3841.209635798379,0.0
921.8903125916113,0.0
221.25367502198787,0.0
0.0,0.0
53.100882005277526,0.0
0.0,0.0
0.0,0.0
0.0,0.0
8779.69596632158,0.0
0.0,0.0
0.0,0.0
0.0,0.0
0.0,0.0
0.0,0.0
0.0,0.0
0.0,0.0
0.0,0.0
0.0,0.0
0.0,0.0
0.0,0.0
0.0,0.0
0.0,0.0
0.0,0.0
0.0,0.0
0.0,0.0
0.0,0.0
0.0,0.0
1038.466472174196,0.0
0.0,0.0
0.0,0.0
10435.890364366105,0.0
0.0,0.0
0.0,0.0
0.0,0.0
0.0,0.0
0.0,0.0
0.0,0.0
0.0,0.0
0.0,0.0
0.0,0.0
0.0,0.0
0.0,0.0
0.0,0.0
0.0,0.0
0.0,0.0
1609.3926325766806,0.0
0.0,0.0
0.0,0.0
0.0,0.0
1281.4752866895865,0.0
0.0,0.0
0.0,0.0
307.5540688054995,0.0
73.81297651331806,0.0
17.715114363196943,0.0
0.0,0.0
4.251627447168479,0.0
1.0203905873216477,0.0
0.24489374095537642,0.0
0.0,0.0
0.0,0.0
0.0,0.0
0.0,0.0
0.0,0.0
0.0,0.0
0.0,0.0
0.0,0.0
0.0,0.0
11034.35781703652,0.0
16570.80703473075,0.0
3976.993688335384,0.0
954.4784852004923,0.0
0.0,0.0
969.2492016569981,0.0
1959.8000187532452,0.0
470.352004500779,0.0
112.88448108018565,0.0
27.092275459242956,0.0
0.0,0.0
1290.9884208996154,0.0
309.83722101590683,0.0
74.36093304381939,0.0
17.846623930516216,0.0
4.283189743326147,0.0
0.0,0.0
0.0,0.0
0.0,0.0
0.0,0.0
0.0,0.0
0.0,0.0
0.0,0.0
0.0,0.0
3903.6066538993023,0.0
5061.538096151506,0.0
0.0,0.0
0.0,0.0
0.0,0.0
0.0,0.0
0.0,0.0
0.0,0.0
0.0,0.0
0.0,0.0
0.0,0.0
0.0,0.0
8649.717690769654,0.0
12744.4265062877,0.0
8697.36938591492,0.0
0.0,0.0
0.0,0.0
0.0,0.0
0.0,0.0
0.0,0.0
0.0,0.0
0.0,0.0
0.0,0.0
0.0,0.0
1503.7003343617966,0.0
0.0,0.0
0.0,0.0
0.0,0.0
0.0,0.0
0.0,0.0
7426.513892360967,0.0
16882.20500288731,0.0
5339.480361174856,0.0
1281.4752866819636,0.0
307.5540688036712,0.0
73.81297651288108,0.0
17.71511436309146,0.0
4.251627447141951,0.0
1.0203905873140684,0.0
0.24489374095537633,0.0
0.0,0.0
0.0,0.0
0.0,0.0
0.0,0.0
0.0,0.0
0.0,0.0
0.0,0.0
1540.3646732387265,0.0
15168.845780430316,0.0
12257.919030890036,0.0
2941.9005674136097,0.0
0.0,0.0
0.0,0.0
0.0,0.0
0.0,0.0
0.0,0.0
1439.554331790498,0.0
1080.597119899298,0.0
0.0,0.0
8545.663821734875,0.0
18462.214471160005,0.0
4430.931473078399,0.0
1063.4235535388143,0.0
255.22165284931543,0.0
0.0,0.0
0.0,0.0
0.0,0.0
0.0,0.0
0.0,0.0
0.0,0.0
0.0,0.0
5586.6278456495365,0.0
20711.081812984863,0.0
4970.659635116364,0.0
1192.958312427927,0.0
286.309994982701,0.0
0.0,0.0
0.0,0.0
0.0,0.0
0.0,0.0
0.0,0.0
0.0,0.0
0.0,0.0
0.0,0.0
0.0,0.0
2670.8370502259468,0.0
5834.454997354698,0.0
0.0,0.0
0.0,0.0
0.0,0.0
0.0,0.0
0.0,0.0
0.0,0.0
0.0,0.0
0.0,0.0
0.0,0.0
10986.4170823037,0.0
0.0,0.0
0.0,0.0
0.0,0.0
0.0,0.0
0.0,0.0
14368.754174660296,0.0
0.0,0.0
0.0,0.0
3448.50100191847,0.0
684.3239100746869,0.0
307.55406880366536,0.0
73.81297651288111,0.0
17.715114363091466,0.0
4.251627447141951,0.0
1.0203905873140682,0.0
0.2448937409553764,0.0
0.0,0.0
0.0,0.0
0.0,0.0
0.0,0.0
0.0,0.0
0.0,0.0
14168.368776731675,0.0
1221.3951064240996,0.0
0.0,0.0
0.0,0.0
0.0,0.0
0.0,0.0
1700.0635067850963,0.0
0.0,0.0
0.0,0.0
0.0,0.0
0.0,0.0
0.0,0.0
0.0,0.0
0.0,0.0
0.0,0.0
0.0,0.0
0.0,0.0
0.0,0.0
0.0,0.0
6592.795550325596,0.0
0.0,0.0
0.0,0.0
0.0,0.0
0.0,0.0
0.0,0.0
0.0,0.0
0.0,0.0
0.0,0.0
0.0,0.0
0.0,0.0
0.0,0.0
9105.818723409897,0.0
5339.480361174856,0.0
1281.4752866819636,0.0
307.5540688036712,0.0
73.81297651288108,0.0
0.0,0.0
17.71511436309146,0.0
4.251627447141951,0.0
1.0203905873140684,0.0
0.24489374095537633,0.0
0.0,0.0
0.0,0.0
0.0,0.0
0.0,0.0
0.0,0.0
0.0,0.0
0.0,0.0
0.0,0.0
0.0,0.0
0.0,0.0
9145.527404213437,0.0
0.0,0.0
6823.146395900398,0.0
0.0,0.0
0.0,0.0
0.0,0.0
0.0,0.0
0.0,0.0
0.0,0.0
0.0,0.0
0.0,0.0
0.0,0.0
0.0,0.0
12820.726887591996,0.0
0.0,0.0
0.0,0.0
0.0,0.0
0.0,0.0
0.0,0.0
5286.574321889977,0.0
1268.777837253594,0.0
304.5066809408636,0.0
73.08160342580595,0.0
17.53958482219241,0.0
4.20950035732676,0.0
1.0102800857566763,0.0
0.0,0.0
0.0,0.0
4471.655696987542,0.0
1073.197367277011,0.0
257.5673681464832,0.0
61.81616835515524,0.0
0.0,0.0
3373.4058629339524,0.0
809.6174071041496,0.0
194.30817770499561,0.0
46.6339626491972,0.0
11.19215103580791,0.0
0.0,0.0
0.0,0.0
0.0,0.0
0.0,0.0
0.0,0.0
0.0,0.0
0.0,0.0
0.0,0.0
10360.726043326462,0.0
0.0,0.0
0.0,0.0
0.0,0.0
0.0,0.0
0.0,0.0
0.0,0.0
0.0,0.0
0.0,0.0
0.0,0.0
0.0,0.0
0.0,0.0
0.0,0.0
0.0,0.0
17082.7671827504,0.0
0.0,0.0
0.0,0.0
0.0,0.0
3708.406364698032,0.0
0.0,0.0
1281.4752866895865,0.0
307.5540688054995,0.0
73.81297651331806,0.0
0.0,0.0
17.715114363196943,0.0
4.251627447168479,0.0
1.0203905873216477,0.0
0.24489374095537642,0.0
0.0,0.0
0.0,0.0
0.0,0.0
0.0,0.0
0.0,0.0
0.0,0.0
0.0,0.0
0.0,0.0
2203.9702758406042,0.0
7548.825933564922,0.0
3976.915433113571,0.0
0.0,0.0
0.0,0.0
0.0,0.0
0.0,0.0
0.0,0.0
0.0,0.0
0.0,0.0
0.0,0.0
3858.5829205054456,0.0
12561.245122515034,0.0
12477.849662982942,0.0
2994.683919115905,0.0
718.724140587814,0.0
0.0,0.0
0.0,0.0
0.0,0.0
0.0,0.0
0.0,0.0
0.0,0.0
0.0,0.0
7673.049045067457,0.0
17535.472970165905,0.0
5798.442244101152,0.0
1391.6261385842772,0.0
333.9902732602295,0.0
0.0,0.0
0.0,0.0
0.0,0.0
0.0,0.0
0.0,0.0
0.0,0.0
0.0,0.0
0.0,0.0
11674.962419476282,0.0
15342.53079161534,0.0
4423.62413524888,0.0
0.0,0.0
0.0,0.0
0.0,0.0
0.0,0.0
0.0,0.0
0.0,0.0
0.0,0.0
0.0,0.0
0.0,0.0
11357.20835411399,0.0
3888.7163814044156,0.0
0.0,0.0
0.0,0.0
0.0,0.0
0.0,0.0
0.0,0.0
0.0,0.0
0.0,0.0
0.0,0.0
0.0,0.0
0.0,0.0
14349.025820718925,0.0
0.0,0.0
0.0,0.0
0.0,0.0
0.0,0.0
0.0,0.0
7618.492652547402,0.0
8261.604935996098,0.0
1982.7851846390658,0.0
475.8684443133752,0.0
114.20842663521034,0.0
27.410022392450628,0.0
6.578405374188151,0.0
1.5788172898064659,0.0
0.3789161495551525,0.0
0.04232286587830458,0.0
0.0,0.0
283.84398678450316,0.0
0.0,0.0
0.0,0.0
0.0,0.0
0.0,0.0
0.0,0.0
1184.4954762353432,0.0
10046.816874392653,0.0
15550.842482844108,0.0
4602.48130223971,0.0
0.0,0.0
0.0,0.0
0.0,0.0
0.0,0.0
0.0,0.0
0.0,0.0
0.0,0.0
0.0,0.0
6615.195402369978,0.0
15788.22476425595,0.0
7930.319649042805,0.0
1903.2767157702729,0.0
456.78641178486214,0.0
0.0,0.0
0.0,0.0
0.0,0.0
0.0,0.0
0.0,0.0
0.0,0.0
0.0,0.0
13209.361330325743,0.0
14917.804364630945,0.0
3580.273047511426,0.0
859.2655314027434,0.0
206.2237275366606,0.0
0.0,0.0
0.0,0.0
0.0,0.0
0.0,0.0
0.0,0.0
0.0,0.0
0.0,0.0
8506.021911573478,0.0
18492.342322882665,0.0
4438.162157491839,0.0
1065.1589177980422,0.0
255.63814027153057,0.0
0.0,0.0
0.0,0.0
267.5678429981949,0.0
2712.7944088056015,0.0
2444.525374714997,0.0
3154.2817187409237,0.0
757.0276124978227,0.0
181.6866269994789,0.0
43.6047904798761,0.0
10.46514971517172,0.0
2.511635931641649,0.0
0.6027926235947234,0.0
0.1130206997768255,0.0
0.0,0.0
0.0,0.0
0.0,0.0
0.0,0.0
0.0,0.0
0.0,0.0
1096.3413050569507,0.0
0.0,0.0
0.0,0.0
0.0,0.0
0.0,0.0
3963.079605964296,0.0
951.1391054314299,0.0
228.27338530354245,0.0
54.78561247284961,0.0
13.14854699348507,0.0
3.15565127843729,0.0
0.0,0.0
777.8975375222981,0.0
186.6954090053514,0.0
44.80689816128506,0.0
10.753655558706669,0.0
2.5808773340904736,0.0
0.0,0.0
0.0,0.0
2958.7832052682993,0.0
1170.934498241637,0.0
281.0242795779923,0.0
67.44582709871975,0.0
0.0,0.0
2315.68731990418,0.0
555.7649567770022,0.0
133.38358962647908,0.0
32.012061510355124,0.0
7.682894762481737,0.0
0.0,0.0
0.0,0.0
0.0,0.0
0.0,0.0
0.0,0.0
0.0,0.0
0.0,0.0
0.0,0.0
8886.175151204216,0.0
0.0,0.0
0.0,0.0
0.0,0.0
0.0,0.0
0.0,0.0
3882.6643850251953,0.0
0.0,0.0
0.0,0.0
0.0,0.0
0.0,0.0
0.0,0.0
0.0,0.0
0.0,0.0
0.0,0.0
0.0,0.0
0.0,0.0
0.0,0.0
22006.094043059362,0.0
5281.462570334246,0.0
1267.5510168802175,0.0
304.21224405125395,0.0
72.75766343319992,0.0
0.0,0.0
0.0,0.0
0.0,0.0
0.0,0.0
0.0,0.0
0.0,0.0
0.0,0.0
0.0,0.0
0.0,0.0
0.0,0.0
0.0,0.0
0.0,0.0
0.0,0.0
0.0,0.0
0.0,0.0
0.0,0.0
0.0,0.0
0.0,0.0
0.0,0.0
0.0,0.0
0.0,0.0
0.0,0.0
0.0,0.0
0.0,0.0
0.0,0.0
17.715114363075678,0.0
4.251627447138162,0.0
1.020390587314068,0.0
0.24489374095537628,0.0
0.0,0.0
2103.0324465738036,0.0
3911.8129130056936,0.0
1434.1093609224772,0.0
344.18624662139337,0.0
0.0,0.0
0.0,0.0
8052.598522185432,0.0
1932.6236453245037,0.0
463.8296748778812,0.0
111.31912197069323,0.0
26.716589272968122,0.0
0.0,0.0
0.0,0.0
0.0,0.0
0.0,0.0
0.0,0.0
0.0,0.0
0.0,0.0
3318.7950279720812,0.0
13470.090841470856,0.0
12197.365714901876,0.0
2927.3677715764497,0.0
0.0,0.0
0.0,0.0
0.0,0.0
0.0,0.0
0.0,0.0
0.0,0.0
0.0,0.0
0.0,0.0
0.0,0.0
6448.415648770062,0.0
6713.6896567434615,0.0
564.0198874243492,0.0
0.0,0.0
0.0,0.0
0.0,0.0
0.0,0.0
0.0,0.0
0.0,0.0
0.0,0.0
0.0,0.0
0.0,0.0
5943.637007029016,0.0
8238.009203411222,0.0
3596.4046969022893,0.0
0.0,0.0
0.0,0.0
0.0,0.0
0.0,0.0
0.0,0.0
0.0,0.0
0.0,0.0
0.0,0.0
0.0,0.0
14515.395762814527,0.0
13925.218195939467,0.0
3342.0523670254734,0.0
802.092568086111,0.0
0.0,0.0
0.0,0.0
0.0,0.0
0.0,0.0
0.0,0.0
0.0,0.0
0.0,0.0
0.0,0.0
10366.516222315217,0.0
15725.449140251834,0.0
5127.025300127549,0.0
0.0,0.0
0.0,0.0
0.0,0.0
0.0,0.0
0.0,0.0
0.0,0.0
0.0,0.0
0.0,0.0
2047.506446076181,0.0
16787.015037734443,0.0
10642.682647982434,0.0
2554.243835515783,0.0
613.0185205237867,0.0
147.12444492571376,0.0
0.0,0.0
0.0,0.0
0.0,0.0
0.0,0.0
0.0,0.0
0.0,0.0
117.37036483329439,0.0
9025.094855087207,0.0
16817.57394763087,0.0
5227.289208339465,0.0
310.5733977419409,0.0
0.0,0.0
0.0,0.0
0.0,0.0
0.0,0.0
0.0,0.0
0.0,0.0
0.0,0.0
0.0,0.0
0.0,0.0
0.0,0.0
0.0,0.0
0.0,0.0
0.0,0.0
0.0,0.0
0.0,0.0
0.0,0.0
0.0,0.0
0.0,0.0
0.0,0.0
0.0,0.0
8987.235284878161,0.0
12943.233683057808,0.0
8289.762560047173,0.0
0.0,0.0
0.0,0.0
0.0,0.0
0.0,0.0
0.0,0.0
0.0,0.0
0.0,0.0
0.0,0.0
12162.289847706343,0.0
15713.578691421688,0.0
3771.2588859412026,0.0
905.1021326258888,0.0
217.2245118302144,0.0
0.0,0.0
0.0,0.0
0.0,0.0
0.0,0.0
0.0,0.0
0.0,0.0
0.0,0.0
0.0,0.0
3303.0146243241566,0.0
6843.465464226263,0.0
3242.457183123696,0.0
0.0,0.0
0.0,0.0
0.0,0.0
0.0,0.0
0.0,0.0
0.0,0.0
0.0,0.0
0.0,0.0
3929.6438553617286,0.0
20535.628746872775,0.0
6363.311797980285,0.0
1527.1948315152695,0.0
366.5267595636651,0.0
0.0,0.0
0.0,0.0
0.0,0.0
0.0,0.0
0.0,0.0
0.0,0.0
0.0,0.0
3979.5707448780363,0.0
19047.397677202454,0.0
7456.422974897338,0.0
1789.5415139753604,0.0
429.48996335408447,0.0
0.0,0.0
0.0,0.0
0.0,0.0
0.0,0.0
0.0,0.0
0.0,0.0
0.0,0.0
0.0,0.0
14172.536404292607,0.0
5045.145306334284,0.0
0.0,0.0
9803.337554368814,0.0
0.0,0.0
0.0,0.0
0.0,0.0
0.0,0.0
0.0,0.0
0.0,0.0
0.0,0.0
0.0,0.0
15474.384985915816,0.0
0.0,0.0
0.0,0.0
0.0,0.0
0.0,0.0
0.0,0.0
0.0,0.0
0.0,0.0
0.0,0.0
0.0,0.0
0.0,0.0
0.0,0.0
13837.61925453369,0.0
0.0,0.0
0.0,0.0
0.0,0.0
0.0,0.0
0.0,0.0
2738.152619651801,0.0
0.0,0.0
0.0,0.0
5339.480361174841,0.0
1281.4752866819617,0.0
307.5540688036712,0.0
73.8129765128811,0.0
17.71511436309146,0.0
4.251627447141949,0.0
1.020390587314068,0.0
0.24489374095537633,0.0
0.0,0.0
0.0,0.0
0.0,0.0
0.0,0.0
0.0,0.0
0.0,0.0
0.0,0.0
2479.1167037262444,0.0
7991.252129543567,0.0
4832.332415633862,0.0
0.0,0.0
0.0,0.0
0.0,0.0
0.0,0.0
0.0,0.0
0.0,0.0
0.0,0.0
0.0,0.0
0.0,0.0
7211.784984993052,0.0
12922.451710388717,0.0
9654.899087188363,0.0
2317.175780925205,0.0
0.0,0.0
0.0,0.0
0.0,0.0
0.0,0.0
0.0,0.0
0.0,0.0
0.0,0.0
0.0,0.0
6664.210857895154,0.0
0.0,0.0
0.0,0.0
0.0,0.0
0.0,0.0
0.0,0.0
0.0,0.0
0.0,0.0
0.0,0.0
1460.5404908502564,0.0
0.0,0.0
0.0,0.0
0.0,0.0
0.0,0.0
0.0,0.0
0.0,0.0
0.0,0.0
0.0,0.0
0.0,0.0
0.0,0.0
0.0,0.0
15027.465381514117,0.0
0.0,0.0
0.0,0.0
0.0,0.0
0.0,0.0
0.0,0.0
0.0,0.0
0.0,0.0
5640.494008281494,0.0
3074.4588143873293,0.0
737.8701154529608,0.0
177.08882770871242,0.0
0.0,0.0
0.0,0.0
73.81297651331806,0.0
17.715114363196943,0.0
4.251627447168479,0.0
1.0203905873216477,0.0
0.24489374095537642,0.0
0.0,0.0
0.0,0.0
0.0,0.0
0.0,0.0
0.0,0.0
0.0,0.0
0.0,0.0
12850.855935477217,0.0
15190.268464715824,0.0
3645.664431531797,0.0
874.9594635676294,0.0
209.99027125622888,0.0
0.0,0.0
0.0,0.0
0.0,0.0
0.0,0.0
0.0,0.0
0.0,0.0
0.0,0.0
0.0,0.0
14502.240872946402,0.0
13935.215912239242,0.0
3344.4518189374176,0.0
802.6684365449801,0.0
0.0,0.0
0.0,0.0
0.0,0.0
0.0,0.0
0.0,0.0
0.0,0.0
0.0,0.0
0.0,0.0
5199.148679458014,0.0
13988.14562544778,0.0
10374.575303950107,0.0
2489.8980729480227,0.0
0.0,0.0
0.0,0.0
0.0,0.0
0.0,0.0
0.0,0.0
0.0,0.0
0.0,0.0
5842.781932710654,0.0
20516.40470681841,0.0
4923.937129636419,0.0
1181.744911112739,0.0
283.6187786670562,0.0
0.0,0.0
0.0,0.0
0.0,0.0
0.0,0.0
0.0,0.0
0.0,0.0
0.0,0.0
0.0,0.0
0.0,0.0
7494.146845088677,0.0
6364.774299679493,0.0
0.0,0.0
0.0,0.0
0.0,0.0
0.0,0.0
0.0,0.0
0.0,0.0
0.0,0.0
0.0,0.0
0.0,0.0
4231.0011680310945,0.0
14013.554795876016,0.0
11091.056443109104,0.0
2661.853546346185,0.0
0.0,0.0
0.0,0.0
0.0,0.0
677.3196454084923,0.0
1244.1809170869988,0.0
0.0,0.0
0.0,0.0
5129.222221071244,0.0
13464.803607859498,0.0
6617.184052286837,0.0
1588.1241725488399,0.0
381.14980141172055,0.0
91.47595233881293,0.0
21.95422856130608,0.0
0.0,0.0
0.0,0.0
0.0,0.0
0.0,0.0
0.0,0.0
447.5597550903062,0.0
13423.66395634705,0.0
14414.788954986117,0.0
3459.5493491966663,0.0
830.2918438072011,0.0
199.27004251373,0.0
0.0,0.0
0.0,0.0
0.0,0.0
0.0,0.0
0.0,0.0
0.0,0.0
21671.39843429964,0.0
8486.65616561078,0.0
2036.7974797465868,0.0
44.27496468436584,0.0
0.0,0.0
0.0,0.0
0.0,0.0
0.0,0.0
0.0,0.0
0.0,0.0
0.0,0.0
0.0,0.0
0.0,0.0
0.0,0.0
0.0,0.0
0.0,0.0
0.0,0.0
0.0,0.0
0.0,0.0
0.0,0.0
0.0,0.0
0.0,0.0
0.0,0.0
1281.4752866819617,0.0
307.5540688036712,0.0
73.8129765128811,0.0
17.71511436309146,0.0
4.251627447141949,0.0
1.020390587314068,0.0
0.24489374095537633,0.0
0.0,0.0
0.0,0.0
0.0,0.0
0.0,0.0
0.0,0.0
0.0,0.0
17233.026124536398,0.0
7694.028474457369,0.0
1846.5668338697687,0.0
443.1760401287429,0.0
106.3622496308999,0.0
25.52693991141132,0.0
0.0,0.0
0.0,0.0
0.0,0.0
0.0,0.0
0.0,0.0
0.0,0.0
0.0,0.0
4521.877129755472,0.0
12334.654956610693,0.0
12145.954590040225,0.0
2915.029101609656,0.0
0.0,0.0
0.0,0.0
0.0,0.0
0.0,0.0
0.0,0.0
0.0,0.0
0.0,0.0
6530.542799443594,0.0
11638.509169023355,0.0
11148.439479643628,0.0
2675.6254751144697,0.0
642.1501140274704,0.0
0.0,0.0
0.0,0.0
0.0,0.0
0.0,0.0
0.0,0.0
0.0,0.0
0.0,0.0
6796.755122769469,0.0
15872.952097006468,0.0
7727.9414886487975,0.0
1854.7059572757098,0.0
445.12942974617545,0.0
0.0,0.0
0.0,0.0
0.0,0.0
0.0,0.0
0.0,0.0
0.0,0.0
0.0,0.0
0.0,0.0
582.261633219709,0.0
4926.5298566679285,0.0
1038.169816053322,0.0
0.0,0.0
0.0,0.0
0.0,0.0
0.0,0.0
0.0,0.0
0.0,0.0
0.0,0.0
0.0,0.0
0.0,0.0
3543.0875731922883,0.0
7787.205997526025,0.0
2174.4542857821275,0.0
0.0,0.0
0.0,0.0
0.0,0.0
0.0,0.0
0.0,0.0
0.0,0.0
0.0,0.0
0.0,0.0
0.0,0.0
4902.022662410811,0.0
10804.378686137401,0.0
3342.3303544062933,0.0
0.0,0.0
0.0,0.0
0.0,0.0
0.0,0.0
0.0,0.0
0.0,0.0
0.0,0.0
0.0,0.0
0.0,0.0
0.0,0.0
3084.6637911528182,0.0
1174.0601849258514,0.0
0.0,0.0
0.0,0.0
0.0,0.0
0.0,0.0
0.0,0.0
0.0,0.0
0.0,0.0
0.0,0.0
0.0,0.0
0.0,0.0
4118.913153934911,0.0
2112.747305848101,0.0
0.0,0.0
0.0,0.0
0.0,0.0
0.0,0.0
0.0,0.0
0.0,0.0
0.0,0.0
0.0,0.0
2727.9795485425348,0.0
12108.19679643411,0.0
13681.42495349626,0.0
3283.5419888391007,0.0
788.0500773213826,0.0
189.13201855713123,0.0
45.391684453712514,0.0
10.894004268891877,0.0
0.0,0.0
0.0,0.0
0.0,0.0
0.0,0.0
6246.659456593388,0.0
15413.214632854095,0.0
3699.1715118849825,0.0
887.8011628523964,0.0
213.07227908457753,0.0
0.0,0.0
0.0,0.0
0.0,0.0
0.0,0.0
0.0,0.0
0.0,0.0
0.0,0.0
0.0,0.0
1722.5646793596025,0.0
7118.086001053092,0.0
5327.181583723057,0.0
0.0,0.0
0.0,0.0
0.0,0.0
0.0,0.0
0.0,0.0
0.0,0.0
0.0,0.0
0.0,0.0
0.0,0.0
1770.0776986684068,0.0
10702.678441783206,0.0
10984.076035288494,0.0
933.4411256570675,0.0
0.0,0.0
0.0,0.0
0.0,0.0
0.0,0.0
0.0,0.0
0.0,0.0
0.0,0.0
0.0,0.0
24956.91897567851,0.0
5989.660554162841,0.0
1437.5185329990818,0.0
345.0044479197786,0.0
82.80106750074629,0.0
19.872256200178526,0.0
4.769341488041391,0.0
1.1446419571293518,0.0
0.2747140697101713,0.0
0.0,0.0
866.4455627193274,0.0
207.94693505263785,0.0
49.907264412631775,0.0
11.977743459032354,0.0
2.874658430166164,0.0
0.6899180232430808,0.0
0.0,0.0
0.0,0.0
0.0,0.0
0.0,0.0
0.0,0.0
0.0,0.0
0.0,0.0
0.0,0.0
2094.1011797220126,0.0
11455.38438721334,0.0
11228.884618530454,0.0
1815.6667206381499,0.0
0.0,0.0
0.0,0.0
0.0,0.0
0.0,0.0
0.0,0.0
0.0,0.0
0.0,0.0
4033.594690432452,0.0
19532.88182156359,0.0
7046.396826561515,0.0
1691.1352383747617,0.0
405.8724572099418,0.0
0.0,0.0
0.0,0.0
0.0,0.0
0.0,0.0
0.0,0.0
0.0,0.0
0.0,0.0
13281.274245578375,0.0
14863.150549038943,0.0
3567.156131769345,0.0
856.1174716246423,0.0
205.46819318991402,0.0
0.0,0.0
0.0,0.0
0.0,0.0
0.0,0.0
0.0,0.0
0.0,0.0
0.0,0.0
0.0,0.0
13923.465571705103,0.0
14375.085141182632,0.0
3450.020433883834,0.0
828.0049041321217,0.0
0.0,0.0
0.0,0.0
0.0,0.0
0.0,0.0
0.0,0.0
0.0,0.0
0.0,0.0
0.0,0.0
9327.84745706015,0.0
15746.409065145024,0.0
5900.484018802577,0.0
0.0,0.0
0.0,0.0
0.0,0.0
0.0,0.0
0.0,0.0
0.0,0.0
0.0,0.0
0.0,0.0
0.0,0.0
1935.1849570949416,0.0
10429.793980574887,0.0
13420.935410595786,0.0
2622.8344081410723,0.0
0.0,0.0
0.0,0.0
0.0,0.0
0.0,0.0
0.0,0.0
0.0,0.0
0.0,0.0
0.0,0.0
12608.03463793201,0.0
15374.812650850181,0.0
3689.9550362040427,0.0
885.5892086889689,0.0
212.54141008535225,0.0
0.0,0.0
0.0,0.0
0.0,0.0
0.0,0.0
0.0,0.0
0.0,0.0
0.0,0.0
1749.330118906575,0.0
6562.596951556818,0.0
6848.681265175281,0.0
1013.6799014254466,0.0
0.0,0.0
0.0,0.0
0.0,0.0
0.0,0.0
0.0,0.0
0.0,0.0
0.0,0.0
15960.434320279122,0.0
12826.988892266376,0.0
3078.4773341439322,0.0
738.8345601945439,0.0
177.32029444669024,0.0
42.556870667204294,0.0
0.0,0.0
0.0,0.0
0.0,0.0
0.0,0.0
0.0,0.0
0.0,0.0
18919.271530138853,0.0
6893.1476994712175,0.0
5339.480361174856,0.0
1281.4752866819636,0.0
307.5540688036712,0.0
73.81297651288108,0.0
17.71511436309146,0.0
4.251627447141951,0.0
1.0203905873140684,0.0
0.24489374095537633,0.0
0.0,2.2737367544323206e-12
0.0,0.0
5904.492696192487,0.0
4031.250634406617,0.0
967.5001522575876,0.0
232.20003654182074,0.0
55.72800877003829,0.0
0.0,0.0
0.0,0.0
0.0,0.0
0.0,0.0
0.0,0.0
0.0,0.0
0.0,0.0
0.0,0.0
3038.9173820138385,0.0
5983.948412103269,0.0
3072.1965353028354,0.0
0.0,0.0
0.0,0.0
0.0,0.0
0.0,0.0
0.0,0.0
0.0,0.0
0.0,0.0
0.0,0.0
0.0,0.0
3897.8184339045,0.0
8309.91483221712,0.0
7624.401765570787,0.0
1364.0033721512664,0.0
0.0,0.0
1660.2091741853023,0.0
4503.2625151150005,0.0
2926.1959963684008,0.0
1930.0462911722957,0.0
0.0,0.0
0.0,0.0
0.0,0.0
2864.498394477854,0.0
5021.873727395392,0.0
3592.873597568916,0.0
0.0,0.0
0.0,0.0
0.0,0.0
0.0,0.0
0.0,0.0
0.0,0.0
0.0,0.0
0.0,0.0
0.0,0.0
6650.096621101453,0.0
17214.570954305196,0.0
6819.771618369457,0.0
1636.7451884086677,0.0
0.0,0.0
0.0,0.0
0.0,0.0
0.0,0.0
0.0,0.0
0.0,0.0
0.0,0.0
0.0,0.0
8188.258274658481,0.0
0.0,0.0
12121.48193373894,0.0
9521.516417296467,0.0
0.0,0.0
0.0,0.0
0.0,0.0
0.0,0.0
0.0,0.0
0.0,0.0
0.0,0.0
0.0,0.0
0.0,0.0
0.0,0.0
14580.267104653722,0.0
3499.264105116894,0.0
172.63650291463773,0.0
260.61111298670085,0.0
510.5551971430359,0.0
122.53324731432804,0.0
29.40797935543742,0.0
7.057915045304981,0.0
0.0,0.0
5211.139980193362,0.0
1250.6735952464078,0.0
300.1616628591364,0.0
72.03879908619274,0.0
17.28931178068524,0.0
4.149434827362711,0.0
0.9958643585669051,0.0
0.0,0.0
27.84914494876284,0.0
6.6837947877029364,0.0
1.6041107490491413,0.0
0.0,0.0
1781.0583523292116,0.0
427.4540045590111,0.0
102.5889610941631,0.0
24.62135066260089,0.0
5.909124159023122,0.0
0.0,0.0
0.0,0.0
0.0,0.0
0.0,0.0
0.0,0.0
0.0,0.0
0.0,0.0
0.0,0.0
7200.089750783645,0.0
11426.38860254829,0.0
7108.935999458918,0.0
0.0,0.0
0.0,0.0
0.0,0.0
0.0,0.0
0.0,0.0
0.0,0.0
0.0,0.0
0.0,0.0
0.0,0.0
5662.361917291724,0.0
6683.4286318431805,0.0
3792.0718245439384,0.0
0.0,0.0
0.0,0.0
0.0,0.0
0.0,0.0
0.0,0.0
0.0,0.0
0.0,0.0
0.0,0.0
0.0,0.0
6008.577151380643,0.0
12236.885110448315,0.0
8884.147229403221,0.0
0.0,0.0
0.0,0.0
0.0,0.0
0.0,0.0
0.0,0.0
0.0,0.0
0.0,0.0
0.0,0.0
28.89536973131544,0.0
11392.997825570616,0.0
15691.064360911452,0.0
4351.071232956339,0.0
0.0,0.0
0.0,0.0
0.0,0.0
0.0,0.0
0.0,0.0
0.0,0.0
0.0,0.0
0.0,0.0
4398.358399939967,0.0
13548.275413058775,0.0
11317.477277799464,0.0
2716.1945466718716,0.0
651.886691201249,0.0
0.0,0.0
0.0,0.0
0.0,0.0
0.0,0.0
0.0,0.0
0.0,0.0
0.0,0.0
0.0,0.0
9311.521935907273,0.0
11829.685424281928,0.0
7213.257584986459,0.0
0.0,0.0
0.0,0.0
0.0,0.0
0.0,0.0
0.0,0.0
0.0,0.0
0.0,0.0
0.0,0.0
0.0,0.0
4252.971850212318,0.0
7462.109587295636,0.0
5079.230966703501,0.0
0.0,0.0
0.0,0.0
0.0,0.0
0.0,0.0
0.0,0.0
0.0,0.0
0.0,0.0
0.0,0.0
0.0,0.0
8470.209649138245,0.0
14826.04642493555,0.0
7251.764359382425,0.0
0.0,0.0
0.0,0.0
0.0,0.0
0.0,0.0
0.0,0.0
0.0,0.0
0.0,0.0
0.0,0.0
0.0,0.0
3981.421608997156,0.0
8465.19766374298,0.0
6163.820755951569,0.0
0.0,0.0
0.0,0.0
0.0,0.0
0.0,0.0
0.0,0.0
0.0,0.0
0.0,0.0
0.0,0.0
0.0,0.0
6536.270078222089,0.0
15227.627285397986,0.0
8416.35697932725,0.0
2019.9256750385412,0.0
0.0,0.0
0.0,0.0
0.0,0.0
0.0,0.0
0.0,0.0
0.0,0.0
0.0,0.0
4637.25105448328,0.0
17351.712626130153,0.0
8245.3065784123,0.0
1978.8735788189515,0.0
474.92965891654967,0.0
113.98311813997134,0.0
27.355948353590065,0.0
0.0,0.0
0.0,0.0
0.0,0.0
0.0,0.0
0.0,0.0
5389.747537446001,0.0
15348.188571184524,0.0
9196.08753311931,0.0
2207.0610079486323,0.0
529.6946419076685,0.0
0.0,0.0
0.0,0.0
0.0,0.0
0.0,0.0
0.0,0.0
0.0,0.0
0.0,0.0
0.0,0.0
3145.833491740832,0.0
13805.324915375146,0.0
12074.038586270293,0.0
2897.7692607048684,0.0
0.0,0.0
0.0,0.0
0.0,0.0
0.0,0.0
0.0,0.0
0.0,0.0
0.0,0.0
0.0,0.0
9315.463518829056,0.0
14786.40312918949,0.0
6639.500323184413,0.0
0.0,0.0
0.0,0.0
0.0,0.0
0.0,0.0
0.0,0.0
0.0,0.0
0.0,0.0
0.0,0.0
0.0,0.0
12533.939174946125,0.0
15431.125202719453,0.0
3703.470048652667,0.0
139.97271858952445,0.0
0.0,0.0
0.0,0.0
0.0,0.0
0.0,0.0
0.0,0.0
0.0,0.0
0.0,0.0
0.0,0.0
8505.3916566103,0.0
12644.059352148786,0.0
8883.336209021603,0.0
232.45280436909525,0.0
0.0,0.0
0.0,0.0
0.0,0.0
0.0,0.0
0.0,0.0
0.0,0.0
0.0,0.0
112.84367553117045,0.0
8415.449661932187,0.0
10056.143624388194,0.0
6371.766472911386,0.0
0.0,0.0
0.0,0.0
0.0,0.0
0.0,0.0
0.0,0.0
0.0,0.0
0.0,0.0
0.0,0.0
0.0,0.0
3666.064007532317,0.0
6146.098526081001,0.0
5445.426695847949,0.0
0.0,0.0
0.0,0.0
0.0,0.0
0.0,0.0
0.0,0.0
0.0,0.0
0.0,0.0
0.0,0.0
0.0,0.0
6793.209822269902,0.0
10423.613055036632,0.0
7104.770344328903,0.0
0.0,0.0
0.0,0.0
0.0,0.0
0.0,0.0
0.0,0.0
0.0,0.0
0.0,0.0
0.0,0.0
0.0,0.0
2203.4249851482346,0.0
9096.248078355587,0.0
9219.55735272089,0.0
401.1891874506546,0.0
0.0,0.0
0.0,0.0
0.0,0.0
0.0,0.0
0.0,0.0
0.0,0.0
0.0,0.0
0.0,0.0
9697.137836827624,0.0
17382.954360711752,0.0
4376.048905548581,0.0
1050.2517373316587,0.0
0.0,0.0
0.0,0.0
0.0,0.0
0.0,0.0
0.0,0.0
0.0,0.0
0.0,0.0
0.0,0.0
5091.163302435962,0.0
12236.75746994856,0.0
5667.731401218614,0.0
0.0,0.0
0.0,0.0
0.0,0.0
0.0,0.0
0.0,0.0
0.0,0.0
0.0,0.0
0.0,0.0
20992.4637651142,0.0
9002.646514191716,0.0
2160.635163406012,0.0
518.5524392174448,0.0
124.45258541218573,0.0
0.0,0.0
0.0,0.0
0.0,0.0
0.0,0.0
0.0,0.0
0.0,0.0
0.0,0.0
0.0,0.0
0.0,0.0
0.0,0.0
24956.91897567851,0.0
0.0,0.0
0.0,0.0
0.0,0.0
0.0,0.0
0.0,0.0
855.500253937571,0.0
5339.480361170294,0.0
1281.4752866808703,0.0
307.5540688034077,0.0
73.81297651281784,0.0
17.715114363075678,0.0
4.251627447138162,0.0
1.020390587314068,0.0
0.24489374095537628,0.0
0.0,0.0
0.0,0.0
0.0,0.0
0.0,0.0
0.0,0.0
0.0,0.0
5018.065272590216,0.0
21009.8929886001,0.0
5175.670697173871,0.0
1242.160967321728,0.0
298.1186321572168,0.0
0.0,0.0
0.0,0.0
0.0,0.0
0.0,0.0
0.0,0.0
0.0,0.0
0.0,0.0
0.0,0.0
0.0,0.0
8022.559399315771,0.0
8768.201730655377,0.0
0.0,0.0
0.0,0.0
0.0,0.0
0.0,0.0
0.0,0.0
0.0,0.0
0.0,0.0
0.0,0.0
0.0,0.0
7646.763117505157,0.0
15008.658948098026,0.0
7738.7982058200905,0.0
272.120425134608,0.0
0.0,0.0
0.0,0.0
0.0,0.0
0.0,0.0
0.0,0.0
0.0,0.0
0.0,0.0
0.0,0.0
3929.2782731394873,0.0
7881.911456121423,0.0
6115.86008924582,0.0
0.0,0.0
0.0,0.0
2494.178826796701,0.0
2894.435813525199,0.0
1210.1375403704028,0.0
0.0,0.0
0.0,0.0
0.0,0.0
5752.408563606374,0.0
12523.235586725114,0.0
11067.42942142658,0.0
2656.1830611423793,0.0
236.03658137174716,0.0
0.0,0.0
327.3924789281032,0.0
1114.573751206603,0.0
1766.3967321475866,0.0
423.9352157154208,0.0
0.0,0.0
0.0,0.0
5525.913353899374,0.0
1326.2192049358491,0.0
318.29260918460204,0.0
76.3902262043066,0.0
0.0,0.0
0.0,0.0
0.0,0.0
0.0,0.0
0.0,0.0
0.0,0.0
0.0,0.0
0.0,0.0
0.0,0.0
10518.258467623331,0.0
16877.71885385156,0.0
4135.976211357593,0.0
0.0,0.0
0.0,0.0
0.0,0.0
0.0,0.0
0.0,0.0
0.0,0.0
0.0,0.0
0.0,0.0
4722.964500720791,0.0
9990.160890938078,0.0
9908.18566928133,0.0
6244.722569363956,0.0
162.7522077622707,0.0
0.0,0.0
0.0,0.0
0.0,0.0
0.0,0.0
0.0,0.0
0.0,0.0
0.0,0.0
10237.904473836208,0.0
6524.78878222719,0.0
12217.272101070326,0.0
0.0,0.0
2932.145304256879,0.0
0.0,0.0
0.0,0.0
0.0,0.0
0.0,0.0
0.0,0.0
0.0,0.0
0.0,0.0
14208.99547721751,0.0
0.0,0.0
0.0,0.0
0.0,0.0
0.0,0.0
0.0,0.0
0.0,0.0
0.0,0.0
0.0,0.0
0.0,0.0
0.0,0.0
0.0,0.0
0.0,0.0
0.0,0.0
0.0,0.0
0.0,0.0
0.0,0.0
0.0,0.0
0.0,0.0
0.0,0.0
0.0,0.0
0.0,0.0
0.0,0.0
0.0,0.0
0.0,0.0
0.0,0.0
0.0,0.0
0.0,0.0
0.0,0.0
0.0,0.0
0.0,0.0
0.0,0.0
0.0,0.0
0.0,0.0
0.0,0.0
0.0,0.0
0.0,0.0
0.0,0.0
0.0,0.0
0.0,0.0
0.0,0.0
0.0,0.0
0.0,0.0
0.0,0.0
0.0,0.0
0.0,0.0
0.0,0.0
0.0,0.0
0.0,0.0
14338.485408311388,0.0
0.0,0.0
0.0,0.0
0.0,0.0
0.0,0.0
0.0,0.0
0.0,0.0
0.0,0.0
0.0,0.0
0.0,0.0
0.0,0.0
0.0,0.0
0.0,0.0
0.0,0.0
0.0,0.0
0.0,0.0
0.0,0.0
0.0,0.0
0.0,0.0
5770.4263915178,0.0
0.0,0.0
136.0882201097338,0.0
0.0,0.0
0.0,0.0
0.0,0.0
0.0,0.0
0.0,0.0
1281.4752866808703,0.0
307.5540688034077,0.0
73.81297651281784,0.0
17.715114363075678,0.0
4.251627447138162,0.0
1.020390587314068,0.0
0.24489374095537628,0.0
0.0,0.0
649.8376245266882,0.0
155.96102988640632,0.0
37.43064717273592,0.0
8.983355321455747,0.0
0.0,0.0
0.0,0.0
0.0,0.0
0.0,0.0
0.0,0.0
0.0,0.0
0.0,0.0
0.0,0.0
1614.3936701069142,0.0
12388.472893363898,0.0
13640.213186134173,0.0
3948.1783659787216,0.0
0.0,0.0
0.0,0.0
0.0,0.0
0.0,0.0
0.0,0.0
0.0,0.0
0.0,0.0
0.0,0.0
0.0,0.0
11210.486351997333,0.0
16242.132030615121,0.0
4092.929004893045,0.0
0.0,0.0
0.0,0.0
0.0,0.0
0.0,0.0
0.0,0.0
0.0,0.0
0.0,0.0
0.0,0.0
0.0,0.0
17704.291891288853,0.0
11501.65713829898,0.0
689.7993132764204,0.0
0.0,0.0
0.0,0.0
0.0,0.0
0.0,0.0
0.0,0.0
0.0,0.0
0.0,0.0
1339.7493572871995,0.0
12698.389456340394,0.0
1577.2082393389014,0.0
0.0,0.0
0.0,0.0
0.0,0.0
0.0,0.0
0.0,0.0
0.0,0.0
10197.0721766436,0.0
5339.480361174841,0.0
1281.4752866819617,0.0
307.5540688036712,0.0
73.8129765128811,0.0
17.71511436309146,0.0
4.251627447141949,0.0
1.020390587314068,0.0
0.24489374095537633,0.0
0.0,0.0
0.0,0.0
0.0,0.0
0.0,0.0
0.0,0.0
0.0,0.0
0.0,0.0
0.0,0.0
12546.981674973184,0.0
15421.212902698888,0.0
3701.091096647735,0.0
888.2618631954574,0.0
0.0,0.0
0.0,0.0
0.0,0.0
0.0,0.0
0.0,0.0
0.0,0.0
0.0,0.0
1069.0978452792751,0.0
12397.82702781661,0.0
14722.056072125637,0.0
3533.293457310154,0.0
0.0,0.0
0.0,0.0
0.0,0.0
0.0,0.0
0.0,0.0
0.0,0.0
0.0,0.0
0.0,0.0
0.0,0.0
4148.446855908747,0.0
4902.24762537206,0.0
1707.188714397802,0.0
0.0,0.0
0.0,0.0
0.0,0.0
0.0,0.0
0.0,0.0
0.0,0.0
0.0,0.0
0.0,0.0
3861.1250598386778,0.0
12825.472384204877,0.0
12275.104918205408,0.0
2946.0251803692972,-3.637978807091713e-12
0.0,0.0
0.0,0.0
0.0,0.0
0.0,0.0
0.0,0.0
0.0,0.0
0.0,0.0
0.0,0.0
0.0,0.0
4292.8521329321775,0.0
10395.591262740309,0.0
6782.1403158216235,0.0
0.0,0.0
0.0,0.0
0.0,0.0
0.0,0.0
0.0,0.0
0.0,0.0
0.0,0.0
0.0,0.0
0.0,0.0
2081.6282701383498,0.0
5235.745353305676,0.0
0.0,0.0
0.0,0.0
0.0,0.0
0.0,0.0
0.0,0.0
0.0,0.0
0.0,0.0
0.0,0.0
0.0,0.0
0.0,0.0
6549.268679924597,0.0
14708.662699773939,0.0
8800.891127107621,0.0
0.0,0.0
0.0,0.0
0.0,0.0
0.0,0.0
0.0,0.0
0.0,0.0
0.0,0.0
0.0,0.0
0.0,0.0
2998.2146277230713,0.0
11769.855148014627,0.0
12659.441264612267,0.0
1709.160368293653,0.0
0.0,0.0
0.0,0.0
0.0,0.0
0.0,0.0
0.0,0.0
0.0,0.0
0.0,0.0
0.0,0.0
0.0,0.0
7244.662025366244,0.0
3823.5874950092293,0.0
0.0,0.0
0.0,0.0
0.0,0.0
0.0,0.0
0.0,0.0
550.399746753998,0.0
0.0,0.0
0.0,0.0
0.0,0.0
0.0,0.0
0.0,0.0
0.0,0.0
0.0,0.0
0.0,0.0
0.0,0.0
0.0,0.0
0.0,0.0
19919.923052204485,0.0
0.0,0.0
0.0,0.0
0.0,0.0
0.0,0.0
0.0,0.0
0.0,0.0
0.0,0.0
0.0,0.0
5892.496177411596,0.0
0.0,0.0
0.0,0.0
0.0,0.0
0.0,0.0
0.0,0.0
0.0,0.0
0.0,0.0
0.0,0.0
0.0,0.0
0.0,0.0
5339.480361170294,0.0
0.0,0.0
0.0,0.0
1281.4752866808703,0.0
0.0,0.0
307.5540688034077,0.0
73.81297651281784,0.0
17.715114363075678,0.0
4.251627447138162,0.0
1.020390587314068,0.0
0.24489374095537628,0.0
0.0,0.0
0.0,0.0
0.0,0.0
0.0,0.0
0.0,0.0
0.0,0.0
0.0,0.0
0.0,0.0
0.0,0.0
0.0,0.0
0.0,0.0
0.0,0.0
0.0,0.0
0.0,0.0
0.0,0.0
0.0,0.0
0.0,0.0
0.0,0.0
0.0,0.0
0.0,0.0
0.0,0.0
0.0,0.0
0.0,0.0
0.0,0.0
0.0,0.0
0.0,0.0
7969.9971568774945,0.0
0.0,0.0
0.0,0.0
0.0,0.0
0.0,0.0
0.0,0.0
0.0,0.0
0.0,0.0
0.0,0.0
8625.81695872587,0.0
0.0,0.0
0.0,0.0
0.0,0.0
0.0,0.0
0.0,0.0
0.0,0.0
0.0,0.0
0.0,0.0
0.0,0.0
17750.5201164019,0.0
11466.523687213063,0.0
0.0,0.0
0.0,0.0
0.0,0.0
0.0,0.0
1993.809248806625,0.0
0.0,0.0
14498.878572221003,0.0
3479.730857333041,0.0
835.135405759931,0.0
200.43249738238228,0.0
48.103799371772766,0.0
11.544911849225173,0.0
2.7707788438128773,0.0
0.6649869225147995,0.0
0.0,0.0
224.34644794379938,0.0
4924.461067975901,0.0
1203.1818394519323,0.0
288.7636414684639,0.0
69.30327395243148,0.0
0.0,0.0
1916.8091771952422,0.0
460.0342025268583,0.0
110.40820860644453,0.0
26.497970065545815,0.0
0.0,0.0
0.0,0.0
0.0,0.0
0.0,0.0
0.0,0.0
0.0,0.0
0.0,0.0
0.0,0.0
0.0,0.0
8124.035965809817,0.0
10898.215269504268,0.0
5859.468352214244,0.0
0.0,0.0
0.0,0.0
0.0,0.0
0.0,0.0
0.0,0.0
0.0,0.0
0.0,0.0
0.0,0.0
0.0,0.0
9196.559015291417,0.0
16615.860214276865,0.0
5339.4803612066125,0.0
1281.4752866895865,0.0
307.5540688054995,0.0
73.81297651331806,0.0
17.715114363196943,0.0
4.251627447168479,0.0
1.0203905873216477,0.0
0.24489374095537642,0.0
0.0,0.0
1527.740841109331,0.0
366.65780186624033,0.0
87.99787244789695,0.0
21.119489387496287,0.0
0.0,0.0
0.0,0.0
0.0,0.0
0.0,0.0
0.0,0.0
0.0,0.0
0.0,0.0
0.0,0.0
0.0,0.0
0.0,0.0
0.0,0.0
0.0,0.0
0.0,0.0
0.0,0.0
0.0,0.0
0.0,0.0
0.0,0.0
0.0,0.0
0.0,0.0
0.0,0.0
0.0,0.0
0.0,0.0
0.0,0.0
0.0,0.0
0.0,0.0
0.0,0.0
0.0,0.0
0.0,0.0
0.0,0.0
0.0,0.0
0.0,0.0
0.0,0.0
0.0,0.0
0.0,0.0
793.7523221975716,0.0
0.0,0.0
0.0,0.0
0.0,0.0
0.0,0.0
0.0,0.0
0.0,0.0
0.0,0.0
0.0,0.0
0.0,0.0
0.0,0.0
35.07334240325508,0.0
2450.3062258670143,0.0
0.0,0.0
0.0,0.0
0.0,0.0
0.0,0.0
0.0,0.0
0.0,0.0
0.0,0.0
0.0,0.0
0.0,0.0
0.0,0.0
0.0,0.0
0.0,0.0
0.0,0.0
0.0,0.0
0.0,0.0
0.0,0.0
0.0,0.0
0.0,0.0
104.30383331299754,0.0
0.0,0.0
0.0,0.0
0.0,0.0
0.0,0.0
0.0,0.0
0.0,0.0
9572.9201409947,0.0
0.0,0.0
0.0,0.0
0.0,0.0
16211.997862177766,0.0
0.0,0.0
0.0,0.0
0.0,0.0
0.0,0.0
0.0,0.0
0.0,0.0
0.0,0.0
0.0,0.0
0.0,0.0
0.0,0.0
5339.480361170294,0.0
0.0,0.0
1281.4752866808703,0.0
307.5540688034077,0.0
73.81297651281784,0.0
0.0,0.0
17.715114363075678,0.0
4.251627447138162,0.0
1.020390587314068,0.0
0.24489374095537628,0.0
0.0,0.0
0.0,0.0
0.0,0.0
0.0,0.0
0.0,0.0
0.0,0.0
0.0,0.0
0.0,0.0
0.0,0.0
376.11467143401387,0.0
0.0,0.0
0.0,0.0
0.0,0.0
0.0,0.0
0.0,0.0
0.0,0.0
0.0,0.0
0.0,0.0
0.0,0.0
0.0,0.0
1474.3635750373019,0.0
0.0,0.0
0.0,0.0
0.0,0.0
0.0,0.0
0.0,0.0
0.0,0.0
0.0,0.0
0.0,0.0
0.0,0.0
0.0,0.0
0.0,0.0
0.0,0.0
0.0,0.0
0.0,0.0
0.0,0.0
0.0,0.0
0.0,0.0
0.0,0.0
0.0,0.0
0.0,0.0
0.0,0.0
0.0,0.0
6282.55159789153,0.0
0.0,0.0
0.0,0.0
0.0,0.0
0.0,0.0
0.0,0.0
0.0,0.0
0.0,0.0
0.0,0.0
0.0,0.0
0.0,0.0
0.0,0.0
0.0,0.0
0.0,0.0
0.0,0.0
0.0,0.0
0.0,0.0
0.0,0.0
0.0,0.0
0.0,0.0
0.0,0.0
13241.824180438274,0.0
9812.089978790596,0.0
0.0,0.0
0.0,0.0
0.0,0.0
0.0,0.0
6714.950817219647,0.0
0.0,0.0
0.0,0.0
0.0,0.0
0.0,0.0
0.0,0.0
430.8354978408993,0.0
1698.1946660226008,0.0
0.0,0.0
0.0,0.0
7747.851152518744,0.0
13113.526140038317,0.0
0.0,0.0
0.0,0.0
0.0,0.0
0.0,0.0
0.0,0.0
0.0,0.0
7488.6327247799,0.0
0.0,0.0
0.0,0.0
0.0,0.0
0.0,0.0
0.0,0.0
0.0,0.0
0.0,0.0
0.0,0.0
0.0,0.0
0.0,0.0
0.0,0.0
0.0,0.0
0.0,0.0
0.0,0.0
0.0,0.0
0.0,0.0
280.73646433685644,0.0
0.0,0.0
0.0,0.0
0.0,0.0
0.0,0.0
0.0,0.0
0.0,0.0
0.0,0.0
0.0,0.0
0.0,0.0
0.0,0.0
0.0,0.0
0.0,0.0
0.0,0.0
0.0,0.0
0.0,0.0
0.0,0.0
0.0,0.0
0.0,0.0
0.0,0.0
0.0,0.0
0.0,0.0
0.0,0.0
0.0,0.0
0.0,0.0
20054.56838739474,0.0
0.0,0.0
0.0,0.0
0.0,0.0
0.0,0.0
0.0,0.0
0.0,0.0
0.0,0.0
0.0,0.0
0.0,0.0
0.0,0.0
0.0,0.0
0.0,0.0
0.0,0.0
0.0,0.0
0.0,0.0
0.0,0.0
0.0,0.0
0.0,0.0
0.0,0.0
0.0,0.0
0.0,0.0
0.0,0.0
4646.869903016808,0.0
1281.4752866819617,0.0
307.5540688036712,0.0
73.8129765128811,0.0
17.71511436309146,0.0
0.0,0.0
4.251627447141949,0.0
1.020390587314068,0.0
0.24489374095537633,0.0
0.0,0.0
0.0,0.0
0.0,0.0
0.0,0.0
0.0,0.0
0.0,0.0
0.0,0.0
0.0,0.0
0.0,0.0
0.0,0.0
0.0,0.0
0.0,0.0
0.0,0.0
0.0,0.0
0.0,0.0
7268.055840232813,0.0
5029.213235213823,0.0
0.0,0.0
0.0,0.0
0.0,0.0
2608.876993082102,0.0
8614.875158367498,0.0
0.0,0.0
0.0,0.0
11025.769293919899,0.0
0.0,0.0
3562.8977842465756,0.0
5339.480361170294,0.0
1281.4752866808703,0.0
307.5540688034077,0.0
73.81297651281784,0.0
17.715114363075678,0.0
4.251627447138162,0.0
1.020390587314068,0.0
0.24489374095537628,0.0
0.0,0.0
0.0,0.0
0.0,0.0
14268.910466086369,0.0
7753.322563297665,0.0
1860.7974151914395,0.0
0.0,0.0
0.0,0.0
0.0,0.0
0.0,0.0
1041.600929252198,0.0
1280.7234210658012,0.0
389.52029284230093,0.0
0.0,0.0
0.0,0.0
7692.810952380209,0.0
10259.730259794018,0.0
3029.6091965806154,0.0
0.0,0.0
0.0,0.0
0.0,0.0
4802.898025191398,0.0
11090.159227478698,0.0
10565.1621994307,0.0
4848.672192081904,0.0
1163.6813260996569,0.0
227.72269383739058,0.0
106.21427094750106,0.0
25.49142502740142,0.0
6.117942006574594,0.0
0.0,0.0
0.0,0.0
0.0,0.0
0.0,0.0
1096.7683326604988,0.0
86.44357893729693,0.0
74.70009020999942,0.0
0.0,0.0
0.0,0.0
15187.030719544551,0.0
13414.77562882465,0.0
3219.546150917915,0.0
772.6910762203006,0.0
185.44585829287098,0.0
44.507005990290054,0.0
10.681681437668885,0.0
2.563603545040678,0.0
0.6152648508104903,0.0
0.0,0.0
0.0,0.0
0.0,0.0
0.0,0.0
0.0,0.0
0.0,0.0
0.0,0.0
0.0,0.0
0.0,0.0
0.0,0.0
0.0,0.0
0.0,0.0
0.0,0.0
0.0,0.0
0.0,0.0
0.0,0.0
1021.0115968414939,0.0
0.0,0.0
0.0,0.0
0.0,0.0
0.0,0.0
0.0,0.0
0.0,0.0
0.0,0.0
0.0,0.0
0.0,0.0
0.0,0.0
0.0,0.0
0.0,0.0
0.0,0.0
0.0,0.0
0.0,0.0
0.0,0.0
0.0,0.0
0.0,0.0
0.0,0.0
0.0,0.0
0.0,0.0
0.0,0.0
648.4596823786924,0.0
16057.575773233564,0.0
10573.812904536511,0.0
0.0,0.0
0.0,0.0
0.0,0.0
0.0,0.0
0.0,0.0
386.6449213483015,0.0
0.0,0.0
0.0,0.0
0.0,0.0
0.0,0.0
2210.1646760820004,0.0
512.5985799169484,0.0
0.0,0.0
0.0,0.0
0.0,0.0
0.0,0.0
5500.357281311244,0.0
3342.9556640441765,0.0
18236.0011372084,0.0
4072.585508222557,0.0
0.0,0.0
0.0,0.0
0.0,0.0
0.0,0.0
0.0,0.0
0.0,0.0
0.0,0.0
0.0,0.0
0.0,0.0
0.0,0.0
0.0,0.0
0.0,0.0
0.0,0.0
0.0,0.0
0.0,0.0
0.0,0.0
0.0,0.0
0.0,0.0
0.0,0.0
0.0,0.0
0.0,0.0
0.0,0.0
0.0,0.0
0.0,0.0
0.0,0.0
0.0,0.0
0.0,0.0
0.0,0.0
0.0,0.0
0.0,0.0
0.0,0.0
0.0,0.0
0.0,0.0
1281.4752866808703,0.0
307.5540688034077,0.0
73.81297651281784,0.0
17.715114363075678,0.0
4.251627447138162,0.0
1.020390587314068,0.0
0.24489374095537628,0.0
0.0,0.0
0.0,0.0
1685.5852824022768,0.0
404.5404677765473,0.0
97.08971226637004,0.0
23.30153094392881,0.0
5.5923674265432055,0.0
0.0,0.0
0.0,0.0
1933.837538362368,0.0
5748.275999518592,0.0
0.0,0.0
0.0,0.0
0.0,0.0
0.0,0.0
0.0,0.0
0.0,0.0
0.0,0.0
0.0,0.0
0.0,0.0
0.0,0.0
0.0,0.0
0.0,0.0
0.0,0.0
0.0,0.0
0.0,0.0
0.0,0.0
0.0,0.0
0.0,0.0
0.0,0.0
0.0,0.0
0.0,0.0
0.0,0.0
0.0,0.0
0.0,0.0
4300.373112696698,0.0
0.0,0.0
21688.63541002902,0.0
0.0,0.0
5205.272498406965,0.0
0.0,0.0
0.0,0.0
1239.093856334217,0.0
0.0,0.0
0.0,0.0
0.0,0.0
307.55406880366536,0.0
0.0,0.0
0.0,0.0
0.0,0.0
73.81297651287848,0.0
17.715114363091466,0.0
0.0,0.0
4.251627447141952,0.0
1.0203905873140682,0.0
0.24489374095537633,0.0
0.0,0.0
1600.7774339162097,0.0
384.18658413989033,0.0
92.20478019357324,0.0
22.12914724645816,0.0
0.0,0.0
1512.8075887637992,0.0
1207.2188614312618,0.0
289.7325267435044,0.0
69.53580641844019,0.0
16.688593540424336,0.0
0.0,0.0
0.0,0.0
988.9225443626365,0.0
8054.932480922436,0.0
1861.3821893741824,0.0
0.0,0.0
0.0,0.0
0.0,0.0
0.0,0.0
4052.8498418081967,0.0
4582.5576278507015,0.0
1517.1653912628049,0.0
0.0,0.0
0.0,0.0
2771.69661573158,0.0
5756.533371629041,0.0
1307.5014041458417,0.0
0.0,0.0
0.0,0.0
0.0,0.0
0.0,0.0
0.0,0.0
4570.240848870268,0.0
0.0,0.0
0.0,0.0
0.0,0.0
0.0,0.0
0.0,0.0
0.0,0.0
0.0,0.0
0.0,0.0
0.0,0.0
0.0,0.0
0.0,0.0
0.0,0.0
0.0,0.0
0.0,0.0
0.0,0.0
0.0,0.0
0.0,0.0
0.0,0.0
0.0,0.0
0.0,0.0
6856.187624500695,0.0
0.0,0.0
0.0,0.0
0.0,0.0
0.0,0.0
0.0,0.0
0.0,0.0
0.0,0.0
0.0,0.0
0.0,0.0
0.0,0.0
0.0,0.0
0.0,0.0
10628.904988180797,0.0
0.0,0.0
0.0,0.0
0.0,0.0
0.0,0.0
0.0,0.0
0.0,0.0
0.0,0.0
0.0,0.0
5849.668740988291,0.0
0.0,0.0
0.0,0.0
0.0,0.0
0.0,0.0
0.0,0.0
0.0,0.0
12433.202941509999,0.0
0.0,0.0
0.0,0.0
0.0,0.0
2983.968705962401,0.0
537.6295008257512,0.0
307.5540688034077,0.0
73.81297651281784,0.0
17.715114363075678,0.0
4.251627447138162,0.0
1.020390587314068,0.0
0.24489374095537628,0.0
0.0,0.0
0.0,0.0
4682.48095154365,0.0
1123.7954283704748,0.0
269.7109028089162,0.0
0.0,0.0
0.0,0.0
0.0,0.0
0.0,0.0
0.0,0.0
0.0,0.0
0.0,0.0
0.0,0.0
0.0,0.0
0.0,0.0
0.0,0.0
0.0,0.0
0.0,0.0
0.0,0.0
0.0,0.0
0.0,0.0
4340.071090156302,0.0
7425.1985528319,0.0
7623.7951926631085,0.0
0.0,0.0
0.0,0.0
0.0,0.0
0.0,0.0
0.0,0.0
0.0,0.0
0.0,0.0
0.0,0.0
0.0,0.0
2056.884862722293,0.0
7154.331042054198,0.0
6869.753810573895,0.0
0.0,0.0
0.0,0.0
0.0,0.0
1291.3903615214003,0.0
7218.561311995396,0.0
0.0,0.0
0.0,0.0
5314.789341922,0.0
0.0,0.0
0.0,0.0
0.0,0.0
19690.07345315271,0.0
0.0,0.0
0.0,0.0
0.0,0.0
0.0,0.0
0.0,0.0
0.0,0.0
0.0,0.0
0.0,0.0
0.0,0.0
0.0,0.0
0.0,0.0
0.0,0.0
0.0,0.0
0.0,0.0
0.0,0.0
0.0,0.0
0.0,0.0
4725.617628756652,0.0
1087.6238974948647,0.0
307.5540688054995,0.0
73.81297651331806,0.0
17.715114363196943,0.0
4.251627447168479,0.0
1.0203905873216477,0.0
0.24489374095537642,0.0
0.0,0.0
799.8944158402264,0.0
191.97465980165362,0.0
46.07391835239832,0.0
0.0,0.0
0.0,0.0
0.0,0.0
0.0,0.0
0.0,0.0
0.0,0.0
0.0,0.0
0.0,0.0
0.0,0.0
5906.513548885574,0.0
7702.612316281415,0.0
5914.3803696372,0.0
0.0,0.0
0.0,0.0
0.0,0.0
0.0,0.0
3422.585805351299,0.0
3488.182054324398,0.0
2343.7277544179,0.0
0.0,0.0
0.0,0.0
4288.606457292233,0.0
18339.005398242047,0.0
5339.480361170294,0.0
1281.4752866808703,0.0
307.5540688034077,0.0
73.81297651281784,0.0
17.715114363075678,0.0
4.251627447138162,0.0
1.020390587314068,0.0
0.24489374095537628,0.0
0.0,0.0
0.0,0.0
3971.9177631020393,0.0
7087.879400637521,0.0
0.0,0.0
0.0,0.0
0.0,0.0
0.0,0.0
0.0,0.0
0.0,0.0
0.0,0.0
0.0,0.0
0.0,0.0
0.0,0.0
3465.176054155403,0.0
12206.602431564932,0.0
5375.70655964302,0.0
0.0,0.0
0.0,0.0
0.0,0.0
0.0,0.0
1436.3712337213024,0.0
2172.5571570361994,0.0
892.6231917617938,0.0
0.0,0.0
0.0,0.0
0.0,0.0
3923.1670003135805,0.0
0.0,0.0
0.0,0.0
0.0,0.0
0.0,0.0
0.0,0.0
0.0,0.0
0.0,0.0
0.0,0.0
0.0,0.0
0.0,0.0
89.827443241742,0.0
4959.395368218273,0.0
0.0,0.0
0.0,0.0
0.0,0.0
0.0,0.0
0.0,0.0
3871.288462760304,0.0
5400.319105702796,0.0
3656.9130802010973,0.0
0.0,0.0
0.0,0.0
598.388066662701,0.0
12334.665886858858,0.0
8508.942610181359,0.0
0.0,0.0
0.0,0.0
0.0,0.0
3803.779966675402,0.0
10833.3454349236,0.0
10392.571041254198,0.0
5306.4360623182965,0.0
0.0,0.0
0.0,0.0
6070.989303379129,0.0
10755.96240537918,0.0
3073.47444092538,0.0
0.0,0.0
0.0,0.0
0.0,0.0
0.0,0.0
0.0,0.0
0.0,0.0
0.0,0.0
0.0,0.0
0.0,0.0
0.0,0.0
0.0,0.0
0.0,0.0
0.0,0.0
0.0,0.0
0.0,0.0
0.0,0.0
0.0,0.0
7440.208890055301,0.0
0.0,0.0
0.0,0.0
69.76932855345171,0.0
0.0,0.0
0.0,0.0
2302.6775517769006,0.0
0.0,0.0
4004.384564668401,0.0
0.0,0.0
0.0,0.0
0.0,0.0
0.0,0.0
9022.8248982592,0.0
0.0,0.0
0.0,0.0
0.0,0.0
7111.536766372752,0.0
10567.375881569069,0.0
1650.9143748513038,0.0
1281.4752866895865,0.0
307.5540688054995,0.0
73.81297651331806,0.0
17.715114363196943,0.0
4.251627447168479,0.0
1.0203905873216477,0.0
0.24489374095537642,0.0
0.0,0.0
2401.2976544802004,0.0
576.3114370752483,0.0
138.31474489805987,0.0
0.0,0.0
0.0,0.0
0.0,0.0
0.0,0.0
0.0,0.0
0.0,0.0
0.0,0.0
0.0,0.0
0.0,0.0
2195.80702876091,0.0
11073.313290580996,0.0
4712.183464186348,0.0
0.0,0.0
0.0,0.0
0.0,0.0
0.0,0.0
1071.6840578757024,0.0
4590.088337543102,0.0
6585.172096893899,0.0
960.7987621468005,0.0
0.0,0.0
0.0,0.0
10102.736380049611,0.0
5132.261008799045,0.0
0.0,0.0
0.0,0.0
0.0,0.0
5308.199424734543,0.0
0.0,0.0
0.0,0.0
0.0,0.0
0.0,0.0
0.0,0.0
0.0,0.0
0.0,0.0
0.0,0.0
0.0,0.0
0.0,0.0
0.0,0.0
15450.664726622499,0.0
0.0,0.0
0.0,0.0
0.0,0.0
0.0,0.0
0.0,0.0
0.0,0.0
0.0,0.0
0.0,0.0
0.0,0.0
0.0,0.0
0.0,0.0
0.0,0.0
0.0,0.0
0.0,0.0
0.0,0.0
0.0,0.0
0.0,0.0
0.0,0.0
0.0,0.0
0.0,0.0
0.0,0.0
0.0,0.0
0.0,0.0
0.0,0.0
0.0,0.0
0.0,0.0
0.0,0.0
0.0,0.0
0.0,0.0
0.0,0.0
0.0,0.0
0.0,0.0
0.0,0.0
0.0,0.0
0.0,0.0
0.0,0.0
0.0,0.0
0.0,0.0
0.0,0.0
0.0,0.0
0.0,0.0
0.0,0.0
0.0,0.0
0.0,0.0
0.0,0.0
0.0,0.0
0.0,0.0
0.0,0.0
0.0,0.0
0.0,0.0
0.0,0.0
0.0,0.0
0.0,0.0
0.0,0.0
0.0,0.0
0.0,0.0
0.0,0.0
0.0,0.0
0.0,0.0
0.0,0.0
0.0,0.0
0.0,0.0
0.0,0.0
0.0,0.0
0.0,0.0
0.0,0.0
0.0,0.0
0.0,0.0
0.0,0.0
0.0,0.0
0.0,0.0
0.0,0.0
0.0,0.0
0.0,0.0
0.0,0.0
0.0,0.0
0.0,0.0
0.0,0.0
0.0,0.0
0.0,0.0
0.0,0.0
0.0,0.0
0.0,0.0
0.0,0.0
0.0,0.0
0.0,0.0
0.0,0.0
0.0,0.0
0.0,0.0
0.0,0.0
0.0,0.0
0.0,0.0
0.0,0.0
0.0,0.0
0.0,0.0
0.0,0.0
0.0,0.0
0.0,0.0
0.0,0.0
0.0,0.0
0.0,0.0
0.0,0.0
0.0,0.0
0.0,0.0
0.0,0.0
0.0,0.0
0.0,0.0
0.0,0.0
