PumpedStor,BatteryStor
0.0,0.0
0.0,0.0
0.0,0.0
8935.754163023352,0.0
8935.754163023352,0.0
8935.754163023352,0.0
8935.754163023352,0.0
8935.754163023352,0.0
8935.754163023352,0.0
8935.754163023352,0.0
8935.754163023352,0.0
8935.754163023352,0.0
8935.754163023352,0.0
8935.754163023352,0.0
8935.754163023352,0.0
8935.754163023352,0.0
8935.754163023352,0.0
8935.754163023352,0.0
8935.754163023352,0.0
8935.754163023352,0.0
8935.754163023352,0.0
8935.754163023352,0.0
8935.754163023352,0.0
8935.754163023352,0.0
8935.754163023352,0.0
8935.754163023352,0.0
8935.754163023352,0.0
8935.754163023352,0.0
8935.754163023352,0.0
8935.754163023352,0.0
8935.754163023352,0.0
8935.754163023352,0.0
8935.754163023352,0.0
8935.754163023352,0.0
8935.754163023352,0.0
8935.754163023352,0.0
19617.43861450367,0.0
23675.443688996547,0.0
24649.36490687484,0.0
24883.10599916563,0.0
24939.203861315418,0.0
24952.667348231367,0.0
24955.898585091196,0.0
24956.674081937555,0.0
24956.86020118068,0.0
24956.86020118068,0.0
24956.86020118068,0.0
13961.237065762978,0.0
13961.237065762978,0.0
13961.237065762978,0.0
13961.237065762978,0.0
7518.291526459805,0.0
0.0,0.0
0.0,0.0
0.0,0.0
18967.258421515668,0.0
18967.258421515668,0.0
18967.258421515668,0.0
18967.258421515668,0.0
18967.258421515668,0.0
18967.258421515668,0.0
18967.258421515668,0.0
18967.258421515668,0.0
18967.258421515668,0.0
18967.258421515668,0.0
18967.258421515668,0.0
18967.258421515668,0.0
18967.258421515668,0.0
18967.258421515668,0.0
18967.258421515668,0.0
18967.258421515668,0.0
18967.258421515668,0.0
18967.258421515668,0.0
18967.258421515668,0.0
18967.258421515668,0.0
18967.258421515668,0.0
18967.258421515668,0.0
18967.258421515668,0.0
18967.258421515668,0.0
18967.258421515668,0.0
18967.258421515668,0.0
18967.258421515668,0.0
18967.258421515668,0.0
18967.258421515668,0.0
18967.258421515668,0.0
18967.258421515668,0.0
18967.258421515668,0.0
18967.258421515668,0.0
18967.258421515668,0.0
18967.258421515668,0.0
18967.258421515668,0.0
18967.258421515668,0.0
18967.258421515668,0.0
14942.622458443564,0.0
13569.890266387465,0.0
13569.890266387465,0.0
13569.890266387465,0.0
13569.890266387465,0.0
13569.890266387465,0.0
13569.890266387465,0.0
13569.890266387465,0.0
13569.890266387465,0.0
13569.890266387465,0.0
17989.145061776508,0.0
17989.145061776508,0.0
17989.145061776508,0.0
17989.145061776508,0.0
17989.145061776508,0.0
17989.145061776508,0.0
17989.145061776508,0.0
17989.145061776508,0.0
17989.145061776508,0.0
17989.145061776508,0.0
17989.145061776508,0.0
17989.145061776508,0.0
17989.145061776508,0.0
17989.145061776508,0.0
17989.145061776508,0.0
17989.145061776508,0.0
17989.145061776508,0.0
17989.145061776508,0.0
17989.145061776508,0.0
17989.145061776508,0.0
17989.145061776508,0.0
17989.145061776508,0.0
17989.145061776508,0.0
17989.145061776508,0.0
17989.145061776508,0.0
17989.145061776508,0.0
17989.145061776508,0.0
17989.145061776508,0.0
17989.145061776508,0.0
17989.145061776508,0.0
17989.145061776508,0.0
17989.145061776508,0.0
23284.653236342027,0.0
23284.653236342027,0.0
23284.653236342027,0.0
23284.653236342027,0.0
23284.653236342027,0.0
23284.653236342027,0.0
23284.653236342027,0.0
23284.653236342027,0.0
24555.575198237755,0.0
24555.575198237755,0.0
24860.59646909273,0.0
24933.80157409792,0.0
24951.37079929917,0.0
24955.587413347468,0.0
24956.59940071906,0.0
24956.84227768824,0.0
24956.86020118068,0.0
17277.610844143637,0.0
14258.189203717757,0.0
14258.189203717757,0.0
16587.988008875793,0.0
21244.4186644471,0.0
24065.91890098297,0.0
24743.07895775158,0.0
24905.597371376047,0.0
24944.601790645916,0.0
24953.962851270688,0.0
24956.209505820632,0.0
24956.748702912617,0.0
24371.420502365534,0.0
17332.451817972153,0.0
14390.656827129693,0.0
19617.43861451554,0.0
23675.443688999396,0.0
24649.364906875522,0.0
24883.10599916579,0.0
24939.203861315455,0.0
24952.667348231378,0.0
24955.898585091196,0.0
24956.674081937555,0.0
24956.86020118068,0.0
20727.269061227627,0.0
8439.465283746362,0.0
0.0,0.0
0.0,0.0
0.0,0.0
0.0,0.0
0.0,0.0
0.0,0.0
0.0,0.0
0.0,0.0
0.0,0.0
2906.3976793471156,0.0
2906.3976793471156,0.0
1110.9787196389589,0.0
0.0,0.0
0.0,0.0
0.0,0.0
0.0,0.0
0.0,0.0
0.0,0.0
0.0,0.0
0.0,0.0
0.0,0.0
1659.7768919884588,0.0
0.0,0.0
0.0,0.0
0.0,0.0
8307.511028923782,0.0
8307.511028923782,0.0
8307.511028923782,0.0
8307.511028923782,0.0
8307.511028923782,0.0
8307.511028923782,0.0
8307.511028923782,0.0
8307.511028923782,0.0
8307.511028923782,0.0
8307.511028923782,0.0
8307.511028923782,0.0
8307.511028923782,0.0
8307.511028923782,0.0
8307.511028923782,0.0
8307.511028923782,0.0
8307.511028923782,0.0
8307.511028923782,0.0
8307.511028923782,0.0
8307.511028923782,0.0
8307.511028923782,0.0
8307.511028923782,0.0
8307.511028923782,0.0
8307.511028923782,0.0
8307.511028923782,0.0
8307.511028923782,0.0
8307.511028923782,0.0
8307.511028923782,0.0
8307.511028923782,0.0
8307.511028923782,0.0
8307.511028923782,0.0
8307.511028923782,0.0
8307.511028923782,0.0
8307.511028923782,0.0
8307.511028923782,0.0
8307.511028923782,0.0
8307.511028923782,0.0
8307.511028923782,0.0
8307.511028923782,0.0
8307.511028923782,0.0
8307.511028923782,0.0
8307.511028923782,0.0
8307.511028923782,0.0
8307.511028923782,0.0
8307.511028923782,0.0
8307.511028923782,0.0
8307.511028923782,0.0
8307.511028923782,0.0
8307.511028923782,0.0
8307.511028923782,0.0
8307.511028923782,0.0
8307.511028923782,0.0
8307.511028923782,0.0
8307.511028923782,0.0
8307.511028923782,0.0
8307.511028923782,0.0
8307.511028923782,0.0
8307.511028923782,0.0
8307.511028923782,0.0
8307.511028923782,0.0
8307.511028923782,0.0
8307.511028923782,0.0
8307.511028923782,0.0
8307.511028923782,0.0
8307.511028923782,0.0
8307.511028923782,0.0
8307.511028923782,0.0
8307.511028923782,0.0
8307.511028923782,0.0
8307.511028923782,0.0
8307.511028923782,0.0
8307.511028923782,0.0
8307.511028923782,0.0
8307.511028923782,0.0
8307.511028923782,0.0
8307.511028923782,0.0
8307.511028923782,0.0
8307.511028923782,0.0
8307.511028923782,0.0
8307.511028923782,0.0
8307.511028923782,0.0
8307.511028923782,0.0
8307.511028923782,0.0
8307.511028923782,0.0
8307.511028923782,0.0
8307.511028923782,0.0
8307.511028923782,0.0
8307.511028923782,0.0
8307.511028923782,0.0
8307.511028923782,0.0
8307.511028923782,0.0
8307.511028923782,0.0
8307.511028923782,0.0
8307.511028923782,0.0
8307.511028923782,0.0
8307.511028923782,0.0
8307.511028923782,0.0
8307.511028923782,0.0
8307.511028923782,0.0
8307.511028923782,0.0
8307.511028923782,0.0
8307.511028923782,0.0
8307.511028923782,0.0
8307.511028923782,0.0
8307.511028923782,0.0
8307.511028923782,0.0
8307.511028923782,0.0
8307.511028923782,0.0
8307.511028923782,0.0
8307.511028923782,0.0
8307.511028923782,0.0
8307.511028923782,0.0
8307.511028923782,0.0
8307.511028923782,0.0
8307.511028923782,0.0
8307.511028923782,0.0
8307.511028923782,0.0
8307.511028923782,0.0
8307.511028923782,0.0
8307.511028923782,0.0
8307.511028923782,0.0
8307.511028923782,0.0
8307.511028923782,0.0
8307.511028923782,0.0
8307.511028923782,0.0
8307.511028923782,0.0
8307.511028923782,0.0
8307.511028923782,0.0
8307.511028923782,0.0
8307.511028923782,0.0
8307.511028923782,0.0
8307.511028923782,0.0
8307.511028923782,0.0
8307.511028923782,0.0
8307.511028923782,0.0
8307.511028923782,0.0
8307.511028923782,0.0
8307.511028923782,0.0
8307.511028923782,0.0
8307.511028923782,0.0
8307.511028923782,0.0
8307.511028923782,0.0
8307.511028923782,0.0
8307.511028923782,0.0
8307.511028923782,0.0
8307.511028923782,0.0
8307.511028923782,0.0
8307.511028923782,0.0
8307.511028923782,0.0
8307.511028923782,0.0
20961.061068457377,0.0
20961.061068457377,0.0
20961.061068457377,0.0
20961.061068457377,0.0
20961.061068457377,0.0
20961.061068457377,0.0
20961.061068457377,0.0
20961.061068457377,0.0
20961.061068457377,0.0
20961.061068457377,0.0
20961.061068457377,0.0
20961.061068457377,0.0
20961.061068457377,0.0
20961.061068457377,0.0
20961.061068457377,0.0
20961.061068457377,0.0
20961.061068457377,0.0
20961.061068457377,0.0
20961.061068457377,0.0
20961.061068457377,0.0
20961.061068457377,0.0
20961.061068457377,0.0
20961.061068457377,0.0
20961.061068457377,0.0
20961.061068457377,0.0
20961.061068457377,0.0
20961.061068457377,0.0
20961.061068457377,0.0
20961.061068457377,0.0
20961.061068457377,0.0
20961.061068457377,0.0
20961.061068457377,0.0
20961.061068457377,0.0
20961.061068457377,0.0
20961.061068457377,0.0
18733.40281860398,0.0
14884.481043143438,0.0
14884.481043143438,0.0
14884.481043143438,0.0
14884.481043143438,0.0
14884.481043143438,0.0
12324.007954519142,0.0
12324.007954519142,0.0
12324.007954519142,0.0
12324.007954519142,0.0
12324.007954519142,0.0
12324.007954519142,0.0
12324.007954519142,0.0
12324.007954519142,0.0
12324.007954519142,0.0
12324.007954519142,0.0
12324.007954519142,0.0
12324.007954519142,0.0
21925.02033060026,0.0
21925.02033060026,0.0
21925.02033060026,0.0
21925.02033060026,0.0
21925.02033060026,0.0
21925.02033060026,0.0
21925.02033060026,0.0
21925.02033060026,0.0
21925.02033060026,0.0
23675.443688988922,0.0
24649.36490687301,0.0
24649.36490687301,0.0
24883.105999165193,0.0
24939.203861315313,0.0
24952.66734823134,0.0
24955.89858509119,0.0
24956.674081937555,0.0
24956.86020118068,0.0
17981.418237737278,0.0
12131.067635927962,0.0
21878.714654138377,0.0
24218.14993850888,0.0
24779.6144067578,0.0
24914.365879137535,0.0
24914.365879137535,0.0
24914.365879137535,0.0
24914.365879137535,0.0
24914.365879137535,0.0
24914.365879137535,0.0
24914.365879137535,0.0
24914.365879137535,0.0
24914.365879137535,0.0
24914.365879137535,0.0
24914.365879137535,0.0
24914.365879137535,0.0
24254.4248026649,0.0
14959.978998301958,0.0
8663.835496326792,0.0
8663.835496326792,0.0
8663.835496326792,0.0
8663.835496326792,0.0
8663.835496326792,0.0
8663.835496326792,0.0
8663.835496326792,0.0
8663.835496326792,0.0
8663.835496326792,0.0
8663.835496326792,0.0
8663.835496326792,0.0
5625.905388766056,0.0
3948.6227808177937,0.0
3948.6227808177937,0.0
3948.6227808177937,0.0
3948.6227808177937,0.0
3948.6227808177937,0.0
3948.6227808177937,0.0
3948.6227808177937,0.0
3948.6227808177937,0.0
6167.745995284253,0.0
6167.745995284253,0.0
6167.745995284253,0.0
5516.355182022395,0.0
1558.5359319016352,0.0
1558.5359319016352,0.0
1558.5359319016352,0.0
1558.5359319016352,0.0
1558.5359319016352,0.0
1558.5359319016352,0.0
1558.5359319016352,0.0
2211.6572481938742,0.0
4858.13484215841,0.0
4858.13484215841,0.0
4858.13484215841,0.0
4464.657492843457,0.0
4423.754052176897,0.0
4423.754052176897,0.0
4423.754052176897,0.0
4423.754052176897,0.0
4423.754052176897,0.0
4423.754052176897,0.0
4423.754052176897,0.0
4423.754052176897,0.0
8162.254703132319,0.0
8595.11730911948,0.0
8595.11730911948,0.0
6698.107040245923,0.0
2079.1845778039606,0.0
2079.1845778039606,0.0
2079.1845778039606,0.0
2079.1845778039606,0.0
2079.1845778039606,0.0
2079.1845778039606,0.0
2079.1845778039606,0.0
2079.1845778039606,0.0
2079.1845778039606,0.0
2079.1845778039606,0.0
2079.1845778039606,0.0
0.0,0.0
0.0,0.0
0.0,0.0
0.0,0.0
0.0,0.0
0.0,0.0
0.0,0.0
0.0,0.0
0.0,0.0
0.0,0.0
0.0,0.0
0.0,0.0
0.0,0.0
0.0,0.0
0.0,0.0
0.0,0.0
0.0,0.0
0.0,0.0
0.0,0.0
0.0,0.0
0.0,0.0
2106.599916590817,0.0
0.0,0.0
0.0,0.0
0.0,0.0
0.0,0.0
0.0,0.0
0.0,0.0
0.0,0.0
0.0,0.0
0.0,0.0
0.0,0.0
0.0,0.0
5916.141960016465,0.0
13575.038218447877,0.0
13170.589032243604,0.0
6038.278092035605,0.0
6038.278092035605,0.0
2255.4568870946036,0.0
2255.4568870946036,0.0
2255.4568870946036,0.0
2255.4568870946036,0.0
0.0,0.0
0.0,0.0
10657.923753257237,0.0
10657.923753257237,0.0
10657.923753257237,0.0
18132.81911043788,0.0
17491.144806119777,0.0
16995.826824748576,0.0
16995.826824748576,0.0
16995.826824748576,0.0
16995.826824748576,0.0
16451.24323670548,0.0
6281.601331605039,0.0
0.0,0.0
8928.061794049361,0.0
21109.993252087515,0.0
24033.65680201667,0.0
24735.33605399967,0.0
24903.739074475587,0.0
24944.155799389806,0.0
24953.85581336922,0.0
24955.89858509119,0.0
24956.674081937555,0.0
24956.86020118068,0.0
21409.62910575943,0.0
24105.569406897932,0.0
24752.59507917117,0.0
24907.88124051675,0.0
24945.149919239688,0.0
24954.094402133192,0.0
18222.442578063496,0.0
8423.335334697695,0.0
5135.450885623296,0.0
5135.450885623296,0.0
5135.450885623296,0.0
5135.450885623296,0.0
5135.450885623296,0.0
0.0,0.0
-4.547473508864641e-13,0.0
3113.142141005057,0.0
3113.142141005057,0.0
1816.7075372783997,0.0
0.0,0.0
0.0,0.0
0.0,0.0
0.0,0.0
9625.781674594104,0.0
9625.781674594104,0.0
9625.781674594104,0.0
12762.665489347353,0.0
12762.665489347353,0.0
18077.547797228774,0.0
22865.30653125344,0.0
22865.30653125344,0.0
17984.35744669044,0.0
13356.76093354744,0.0
15593.647869174414,0.0
22709.733910117528,0.0
24417.594559943875,0.0
24827.481115902196,0.0
24925.853889332193,0.0
24949.463354955395,0.0
24955.129626704962,0.0
24956.489531924857,0.0
24956.815909177632,0.0
24956.86020118068,0.0
15611.121943503387,0.0
15469.154308812303,0.0
7181.604626576302,0.0
7181.604626576302,0.0
7181.604626576302,0.0
0.0,0.0
0.0,0.0
0.0,0.0
0.0,0.0
2709.0841374502525,0.0
2709.0841374502525,0.0
19617.438614503728,0.0
19617.438614503728,0.0
19617.438614503728,0.0
19617.438614503728,0.0
19617.438614503728,0.0
23675.443688996562,0.0
24649.364906874842,0.0
24883.10599916563,0.0
24939.203861315418,0.0
24952.667348231367,0.0
24955.898585091196,0.0
24956.674081937555,0.0
24956.86020118068,0.0
24956.86020118068,0.0
24956.86020118068,0.0
14862.188102804883,0.0
14862.188102804883,0.0
14862.188102804883,0.0
14862.188102804883,0.0
14862.188102804883,0.0
0.0,0.0
0.0,0.0
4760.992490001006,0.0
4760.992490001006,0.0
3756.9690175714095,0.0
3756.9690175714095,0.0
3756.9690175714095,0.0
3756.9690175714095,0.0
3756.9690175714095,0.0
3756.9690175714095,0.0
3756.9690175714095,0.0
3756.9690175714095,0.0
3756.9690175714095,0.0
3756.9690175714095,0.0
3756.9690175714095,0.0
3756.9690175714095,0.0
3756.9690175714095,0.0
3756.9690175714095,0.0
3756.9690175714095,0.0
3756.9690175714095,0.0
3756.9690175714095,0.0
3756.9690175714095,0.0
3756.9690175714095,0.0
3756.9690175714095,0.0
3756.9690175714095,0.0
3756.9690175714095,0.0
3756.9690175714095,0.0
3756.9690175714095,0.0
3756.9690175714095,0.0
3756.9690175714095,0.0
3756.9690175714095,0.0
3756.9690175714095,0.0
3756.9690175714095,0.0
3756.9690175714095,0.0
10421.788119610737,0.0
10421.788119610737,0.0
10421.788119610737,0.0
10421.788119610737,0.0
10421.788119610737,0.0
10421.788119610737,0.0
10421.788119610737,0.0
10421.788119610737,0.0
10421.788119610737,0.0
10421.788119610737,0.0
10421.788119610737,0.0
10421.788119610737,0.0
10421.788119610737,0.0
10421.788119610737,0.0
10421.788119610737,0.0
10421.788119610737,0.0
10421.788119610737,0.0
10421.788119610737,0.0
10421.788119610737,0.0
10421.788119610737,0.0
10421.788119610737,0.0
10421.788119610737,0.0
10421.788119610737,0.0
10421.788119610737,0.0
10421.788119610737,0.0
10421.788119610737,0.0
10421.788119610737,0.0
10421.788119610737,0.0
10421.788119610737,0.0
10421.788119610737,0.0
10421.788119610737,0.0
10421.788119610737,0.0
10421.788119610737,0.0
10421.788119610737,0.0
10421.788119610737,0.0
10421.788119610737,0.0
10421.788119610737,0.0
10421.788119610737,0.0
10421.788119610737,0.0
10421.788119610737,0.0
10421.788119610737,0.0
10421.788119610737,0.0
10421.788119610737,0.0
10421.788119610737,0.0
10421.788119610737,0.0
10421.788119610737,0.0
10421.788119610737,0.0
10421.788119610737,0.0
10421.788119610737,0.0
10421.788119610737,0.0
10453.531407325869,0.0
10453.531407325869,0.0
19617.438614503728,0.0
19617.438614503728,0.0
19617.438614503728,0.0
19617.438614503728,0.0
19617.438614503728,0.0
23675.443688996562,0.0
24649.364906874842,0.0
24883.10599916563,0.0
24939.203861315418,0.0
24952.667348231367,0.0
24955.898585091196,0.0
24955.898585091196,0.0
24956.674081937555,0.0
24956.86020118068,0.0
24956.86020118068,0.0
24956.86020118068,0.0
23806.240727485005,0.0
22673.6994099754,0.0
23760.03097216751,0.0
24669.66585483587,0.0
21470.06395355977,0.0
9356.220532796855,0.0
0.0,0.0
4659.262490832775,0.0
13609.199404368384,0.0
18247.67726130949,0.0
5068.344071344032,0.0
3376.9631576866705,0.0
3376.9631576866705,0.0
0.0,0.0
0.0,0.0
0.0,0.0
0.0,0.0
0.0,0.0
0.0,0.0
13105.790607153262,0.0
22112.64816723245,0.0
24274.293981651455,0.0
24793.088977112016,0.0
24793.088977112016,0.0
24793.088977112016,0.0
20113.00327450691,0.0
12668.698065105405,0.0
12668.698065105405,0.0
6267.804158686704,0.0
0.0,0.0
0.0,0.0
9552.02619337378,1.6370904631912709e-12
20948.414980239835,1.6370904631912709e-12
23994.878016773226,1.6370904631912709e-12
9588.195269332322,0.0
9588.195269332322,0.0
9588.195269332322,0.0
9588.195269332322,0.0
9588.195269332322,0.0
9588.195269332322,0.0
9588.195269332322,0.0
1736.454322192165,0.0
1736.454322192165,0.0
1736.454322192165,0.0
1736.454322192165,0.0
1736.454322192165,0.0
1736.454322192165,0.0
1736.454322192165,0.0
1736.454322192165,0.0
0.0,0.0
0.0,0.0
1042.3247705511374,0.0
1047.4213361312857,0.0
0.0,0.0
0.0,0.0
8009.778256624646,0.0
18172.09835644195,0.0
23328.562027061736,0.0
15792.843441760318,0.0
0.0,0.0
0.0,0.0
0.0,0.0
0.0,0.0
0.0,0.0
0.0,0.0
0.0,0.0
0.0,0.0
11979.312651409224,0.0
21842.29345785388,0.0
24209.4088514006,0.0
12452.796783797392,0.0
12452.796783797392,0.0
0.0,0.0
0.0,0.0
0.0,0.0
0.0,0.0
0.0,0.0
0.0,0.0
0.0,0.0
11885.125307565339,0.0
21819.68849533135,0.0
24203.98366039519,0.0
20109.357948274548,0.0
5675.8501235835465,0.0
0.0,0.0
593.5126818386634,0.0
8688.433600659138,0.0
19153.043385204815,0.0
23563.988833964824,0.0
24622.615741667225,0.0
24876.6861995158,0.0
24937.66310939946,0.0
24952.297567771537,0.0
24955.809837780835,0.0
24956.652782583067,0.0
18170.487243513293,0.0
13802.816301821886,0.0
14192.001355189554,0.0
15798.934980200263,0.0
16469.15566620588,0.0
13365.94647019088,0.0
5899.741043484935,0.0
0.0,0.0
6489.090521657937,0.0
18642.78811249311,0.0
23441.527568514015,0.0
13948.71808167034,0.0
13948.71808167034,0.0
0.0,0.0
0.0,0.0
0.0,0.0
0.0,0.0
0.0,0.0
0.0,0.0
0.0,0.0
904.759455227077,0.0
6313.902151099502,0.0
9762.318612755407,0.0
4638.3591615374135,0.0
4638.3591615374135,0.0
4638.3591615374135,0.0
0.0,0.0
0.0,0.0
0.0,0.0
0.0,0.0
0.0,0.0
0.0,0.0
3018.7355047896203,0.0
9900.454239623816,0.0
15574.012450072485,0.0
10610.996834809579,0.0
10610.996834809579,0.0
10610.996834809579,0.0
0.0,0.0
0.0,0.0
0.0,0.0
0.0,0.0
0.0,0.0
0.0,0.0
5364.525696365819,0.0
7989.870354168985,0.0
7989.870354168985,0.0
3158.4950153547175,0.0
0.0,0.0
0.0,0.0
0.0,0.0
0.0,0.0
6475.844352092805,0.0
6475.844352092805,0.0
6475.844352092805,0.0
6475.844352092805,0.0
6475.844352092805,0.0
6475.844352092805,0.0
6475.844352092805,0.0
6475.844352092805,0.0
6475.844352092805,0.0
6475.844352092805,0.0
20521.46106601794,0.0
20521.46106601794,0.0
20521.46106601794,0.0
20521.46106601794,0.0
20521.46106601794,0.0
20521.46106601794,0.0
20521.46106601794,0.0
20521.46106601794,0.0
23892.40907735997,0.0
24649.364906874842,0.0
24883.10599916563,0.0
24939.203861315418,0.0
24952.667348231367,0.0
24955.898585091196,0.0
24956.674081937555,0.0
24956.86020118068,0.0
21408.62681664256,0.0
23202.03922819481,0.0
24535.747836282422,0.0
24855.837902223448,0.0
24932.659518049295,0.0
17216.244200909474,0.0
2268.134695296296,0.0
2268.134695296296,0.0
0.0,0.0
0.0,0.0
0.0,0.0
0.0,0.0
0.0,0.0
0.0,0.0
12892.640358169352,0.0
22061.49210747631,0.0
24262.01652730998,0.0
20719.52410796176,0.0
6816.999412471361,0.0
6816.999412471361,0.0
3614.705982052497,0.0
0.0,0.0
0.0,0.0
0.0,0.0
0.0,0.0
0.0,0.0
18967.258421515668,0.0
18967.258421515668,0.0
18967.258421515668,0.0
18967.258421515668,0.0
18967.258421515668,0.0
18967.258421515668,0.0
18967.258421515668,0.0
18967.258421515668,0.0
18967.258421515668,0.0
18967.258421515668,0.0
18967.258421515668,0.0
18967.258421515668,0.0
18967.258421515668,0.0
18967.258421515668,0.0
18967.258421515668,0.0
18967.258421515668,0.0
18967.258421515668,0.0
18967.258421515668,0.0
18967.258421515668,0.0
18967.258421515668,0.0
18967.258421515668,0.0
18967.258421515668,0.0
18967.258421515668,0.0
18967.258421515668,0.0
19306.599272502335,0.0
19306.599272502335,0.0
19306.599272502335,0.0
19306.599272502335,0.0
19306.599272502335,0.0
19306.599272502335,0.0
19306.599272502335,0.0
19306.599272502335,0.0
23600.842246916225,0.0
24631.460560775562,0.0
24631.460560775562,0.0
24631.460560775562,0.0
24631.460560775562,0.0
24878.808956101802,0.0
24938.1725709801,0.0
24938.1725709801,0.0
20463.460641787642,0.0
14600.611000171137,0.0
13943.54643604474,0.0
16689.806242057784,0.0
16689.806242057784,0.0
16689.806242057784,0.0
15384.546963719498,0.0
15384.546963719498,0.0
19617.438614503728,0.0
23675.443688996562,0.0
24649.364906874842,0.0
24883.10599916563,0.0
24939.203861315418,0.0
24952.667348231367,0.0
24952.667348231367,0.0
24955.898585091196,0.0
24956.674081937555,0.0
24956.86020118068,0.0
17839.5434888693,0.0
10687.399988207262,0.0
12672.40617413192,0.0
18839.02891667018,0.0
21592.527045449708,0.0
9290.517623010717,0.0
9290.517623010717,0.0
9290.517623010717,0.0
0.0,0.0
0.0,0.0
0.0,0.0
0.0,0.0
0.0,0.0
0.0,0.0
0.0,0.0
8797.270224309237,0.0
21078.603275349884,0.0
18734.883553744803,0.0
8631.207268282027,0.0
4574.3542949097255,0.0
9557.117190895015,0.0
21260.96654733047,0.0
24069.89039287498,0.0
24744.03211580566,0.0
24905.826129309025,0.0
24944.656692549834,0.0
24953.976027727625,0.0
24956.212668170298,0.0
24956.674081937555,0.0
24956.86020118068,0.0
18842.754361294395,0.0
15756.358600971,0.0
11219.752743635694,0.0
10258.165903793195,0.0
8344.449184735295,0.0
4575.460846210297,0.0
0.0,0.0
7444.624650966997,0.0
20753.968337747745,0.0
23948.210822575125,0.0
24714.8290189337,0.0
24898.817386059756,0.0
15778.332193979999,0.0
15778.332193979999,0.0
0.0,0.0
0.0,0.0
0.0,0.0
0.0,0.0
0.0,0.0
0.0,0.0
0.0,0.0
0.0,0.0
0.0,0.0
2765.253759666656,0.0
2765.253759666656,0.0
10020.868873022055,0.0
10020.868873022055,0.0
19617.438614503728,0.0
23675.443688996562,0.0
24649.364906874842,0.0
24883.10599916563,0.0
24939.203861315418,0.0
24952.667348231367,0.0
24955.898585091196,0.0
24956.674081937555,0.0
24956.86020118068,0.0
17928.222477730298,0.0
17928.222477730298,0.0
10504.7148996911,0.0
10504.7148996911,0.0
10504.7148996911,0.0
0.0,0.0
0.0,0.0
0.0,0.0
7006.395292107542,0.0
15622.306438606221,0.0
20751.566059504923,0.0
16335.983883279912,0.0
10010.956629377602,0.0
10010.956629377602,0.0
0.0,0.0
0.0,0.0
0.0,0.0
0.0,0.0
0.0,0.0
0.0,0.0
4806.978191720857,0.0
12564.189893509967,0.0
16262.169583101555,0.0
6257.039209709204,0.0
6257.039209709204,0.0
0.0,0.0
0.0,0.0
0.0,0.0
0.0,0.0
0.0,0.0
0.0,0.0
0.0,0.0
0.0,0.0
0.0,0.0
0.0,0.0
0.0,0.0
0.0,0.0
0.0,0.0
0.0,0.0
0.0,0.0
0.0,0.0
0.0,0.0
0.0,0.0
0.0,0.0
0.0,0.0
0.0,0.0
0.0,0.0
0.0,0.0
0.0,0.0
0.0,0.0
0.0,0.0
0.0,0.0
0.0,0.0
0.0,0.0
18967.258421515668,0.0
18967.258421515668,0.0
18967.258421515668,0.0
19617.438614471896,0.0
23675.443688988922,0.0
23675.443688988922,0.0
23675.443688988922,0.0
23675.443688988922,0.0
23675.443688988922,0.0
23675.443688988922,0.0
23675.443688988922,0.0
23675.443688988922,0.0
23675.443688988922,0.0
23675.443688988922,0.0
23675.443688988922,0.0
23675.443688988922,0.0
23675.443688988922,0.0
23675.443688988922,0.0
23675.443688988922,0.0
24649.36490687301,0.0
24649.36490687301,0.0
24649.36490687301,0.0
24649.36490687301,0.0
24883.105999165193,0.0
24883.105999165193,0.0
24883.105999165193,0.0
24883.105999165193,0.0
24939.203861315313,0.0
24939.203861315313,0.0
24939.203861315313,0.0
24939.203861315313,0.0
24952.66734823134,0.0
24952.66734823134,0.0
24952.66734823134,0.0
24952.66734823134,0.0
24952.66734823134,0.0
24952.66734823134,0.0
24952.66734823134,0.0
24952.66734823134,0.0
24955.89858509119,0.0
24956.674081937555,0.0
24956.86020118068,0.0
24248.544602765396,0.0
24191.207381879995,0.0
24773.148193166864,0.0
24912.813987875714,0.0
24946.333778605836,0.0
24954.37852838107,0.0
20748.736561010417,0.0
23946.955196158167,0.0
24714.527668593626,0.0
24898.745061978138,0.0
24942.95723639042,0.0
24953.568158249367,0.0
16576.316559422517,0.0
9439.746611445617,0.0
6070.012649642216,0.0
6210.9643241163285,0.0
6210.9643241163285,0.0
6210.9643241163285,0.0
0.0,0.0
0.0,0.0
8951.878826518603,0.0
8951.878826518603,0.0
8951.878826518603,0.0
21115.70933988013,0.0
24035.028663086898,0.0
24735.66530065652,0.0
24903.81809367323,0.0
24903.81809367323,0.0
24944.174763997245,0.0
20101.957545211844,0.0
7259.604400681417,0.0
7259.604400681417,0.0
13932.173335085818,0.0
13932.173335085818,0.0
13932.173335085818,0.0
13932.173335085818,0.0
13932.173335085818,0.0
13932.173335085818,0.0
13932.173335085818,0.0
13932.173335085818,0.0
13932.173335085818,0.0
13932.173335085818,0.0
13932.173335085818,0.0
13932.173335085818,0.0
13932.173335085818,0.0
13932.173335085818,0.0
13932.173335085818,0.0
13932.173335085818,0.0
13932.173335085818,0.0
13932.173335085818,0.0
13731.794092460015,0.0
14521.028611312404,0.0
14521.028611312404,0.0
14521.028611312404,0.0
22452.305288230644,0.0
22452.305288230644,0.0
22452.305288230644,0.0
22452.305288230644,0.0
22452.305288230644,0.0
22452.305288230644,0.0
22452.305288230644,0.0
22452.305288230644,0.0
22452.305288230644,0.0
22452.305288230644,0.0
22452.305288230644,0.0
22452.305288230644,0.0
22452.305288230644,0.0
22452.305288230644,0.0
22452.305288230644,0.0
23675.443688988922,0.0
23675.443688988922,0.0
23675.443688988922,0.0
23675.443688988922,0.0
24649.36490687301,0.0
24649.36490687301,0.0
24649.36490687301,0.0
24883.105999165193,0.0
24939.203861315313,0.0
24952.66734823134,0.0
24952.66734823134,0.0
24955.89858509119,0.0
24956.674081937555,0.0
24956.86020118068,0.0
24956.86020118068,0.0
18036.91270301773,0.0
18036.91270301773,0.0
16665.62440082963,0.0
16665.62440082963,0.0
14530.047225363729,0.0
7676.157170417431,0.0
0.0,0.0
0.0,0.0
8386.111940947756,0.0
20979.925287343125,0.0
24002.440490478017,0.0
24727.844139230394,0.0
22260.489563665946,0.0
22997.118956925264,0.0
24486.56697117773,0.0
24844.034494598323,0.0
24929.826700219266,0.0
24950.41682956829,0.0
23665.930554778894,0.0
24647.081754662602,0.0
24882.55804263469,0.0
24939.072351747993,0.0
24952.635785935185,0.0
24955.891010140112,0.0
24955.891010140112,0.0
24955.891010140112,0.0
14833.622089889914,0.0
14833.622089889914,0.0
8086.040969788712,0.0
8086.040969788712,0.0
0.0,0.0
0.0,0.0
2966.74105696347,0.0
6813.510010038614,0.0
4435.756027404166,0.0
4435.756027404166,0.0
4435.756027404166,0.0
4435.756027404166,0.0
0.0,0.0
0.0,0.0
0.0,0.0
0.0,0.0
0.0,0.0
0.0,0.0
6573.785444984937,0.0
16259.549589763588,0.0
22869.550323058927,0.0
22230.318923149032,0.0
11748.259942247709,0.0
9214.869771357598,0.0
0.0,0.0
0.0,0.0
0.0,0.0
0.0,0.0
0.0,0.0
0.0,0.0
1142.8122541149655,0.0
1142.8122541149655,0.0
1142.8122541149655,0.0
1142.8122541149655,0.0
1142.8122541149655,0.0
1142.8122541149655,0.0
6786.962812309301,0.0
19617.438614503655,0.0
23675.443688996544,0.0
24649.36490687484,0.0
24883.10599916563,0.0
24939.203861315418,0.0
24952.667348231367,0.0
24955.898585091196,0.0
24956.674081937555,0.0
24956.86020118068,0.0
24956.86020118068,0.0
24956.86020118068,0.0
17688.430363273175,0.0
17688.430363273175,0.0
17688.430363273175,0.0
8648.608459755778,0.0
0.0,0.0
1170.6771516614317,0.0
12698.999944788473,0.0
22015.0184082649,0.0
24250.86283949924,0.0
20365.534616697016,0.0
4482.268956690385,0.0
4482.268956690385,0.0
364.250531281926,0.0
364.250531281926,0.0
1458.3118234427045,0.0
2279.565634566171,0.0
0.0,0.0
6494.704504518505,0.0
20525.98750260011,0.0
23893.495422139695,0.0
24701.697322829194,0.0
24895.665778994673,0.0
12322.7116568156,0.0
12322.7116568156,0.0
0.0,0.0
0.0,0.0
0.0,0.0
0.0,0.0
0.0,0.0
4245.837162693648,0.0
19986.259340562145,0.0
23763.960663250582,0.0
24670.608980695808,0.0
24888.20457688266,0.0
17649.208353852126,0.0
17649.208353852126,0.0
16266.79927463042,0.0
16266.79927463042,0.0
16049.311096018224,0.0
7676.063380996622,0.0
0.0,0.0
0.0,0.0
0.0,0.0
2029.83615817172,0.0
6464.02195616129,0.0
6464.02195616129,0.0
3398.0241051477024,0.0
2238.4878184674,0.0
2238.4878184674,0.0
2238.4878184674,0.0
2238.4878184674,0.0
2238.4878184674,0.0
2238.4878184674,0.0
2238.4878184674,0.0
10588.164801018213,0.0
10588.164801018213,0.0
10588.164801018213,0.0
10588.164801018213,0.0
10588.164801018213,0.0
10588.164801018213,0.0
21508.41797376004,0.0
21508.41797376004,0.0
21508.41797376004,0.0
24129.278735218075,0.0
24649.364906874842,0.0
24883.10599916563,0.0
24939.203861315418,0.0
24952.667348231367,0.0
24955.898585091196,0.0
24956.674081937555,0.0
24956.86020118068,0.0
22961.39005331035,0.0
16061.823192937452,0.0
8939.01393895515,0.0
8939.01393895515,0.0
8939.01393895515,0.0
0.0,0.0
10767.960270316073,0.0
11696.220551198388,0.0
11696.220551198388,0.0
11696.220551198388,0.0
11696.220551198388,0.0
11696.220551198388,0.0
12988.26881635506,0.0
12988.26881635506,0.0
12988.26881635506,0.0
12988.26881635506,0.0
12988.26881635506,0.0
12988.26881635506,0.0
12988.26881635506,0.0
12988.26881635506,0.0
12988.26881635506,0.0
12988.26881635506,0.0
12988.26881635506,0.0
12988.26881635506,0.0
12988.26881635506,0.0
17998.79343460251,0.0
17998.79343460251,0.0
17998.79343460251,0.0
16603.45804414911,0.0
12697.016384712133,0.0
12697.016384712133,0.0
12697.016384712133,0.0
12697.016384712133,0.0
12697.016384712133,0.0
12697.016384712133,0.0
12697.016384712133,0.0
12697.016384712133,0.0
19617.438614503655,0.0
23675.443688996544,0.0
24649.36490687484,0.0
24883.10599916563,0.0
24939.203861315418,0.0
24939.203861315418,0.0
24952.667348231367,0.0
24955.898585091196,0.0
24956.674081937555,0.0
24956.86020118068,0.0
19164.392479240807,0.0
19164.392479240807,0.0
5953.840962648908,0.0
5953.840962648908,0.0
5953.840962648908,0.0
5953.840962648908,0.0
0.0,0.0
0.0,0.0
0.0,0.0
0.0,0.0
6950.60082720221,0.0
6950.60082720221,0.0
12136.192088086513,0.0
12136.192088086513,0.0
12136.192088086513,0.0
12136.192088086513,0.0
12136.192088086513,0.0
12136.192088086513,0.0
12136.192088086513,0.0
12136.192088086513,0.0
12136.192088086513,0.0
12136.192088086513,0.0
12136.192088086513,0.0
21879.944522656428,0.0
20502.81879933513,0.0
19670.344653788532,0.0
19670.344653788532,0.0
19670.344653788532,0.0
19670.344653788532,0.0
23688.141138424915,0.0
24652.412294737645,0.0
24883.837372252703,0.0
24939.379390856317,0.0
24952.709475321182,0.0
24955.908695592752,0.0
24956.67650845793,0.0
23888.95894136787,0.0
20485.263278690967,0.0
23883.721608401498,0.0
24699.351607532026,0.0
24895.102807323354,0.0
24942.083095273272,0.0
21583.513112744557,0.0
24147.30156857436,0.0
24762.610797973513,0.0
24910.28501302931,0.0
24945.7268246427,0.0
24954.232859429914,0.0
24954.232859429914,0.0
17944.747911413542,0.0
10488.01409631644,0.0
10488.01409631644,0.0
92.46363700553911,0.0
92.46363700553911,0.0
92.46363700553911,0.0
0.0,0.0
7874.151792928111,0.0
7874.151792928111,0.0
7874.151792928111,0.0
7874.151792928111,0.0
7874.151792928111,0.0
7874.151792928111,0.0
7874.151792928111,0.0
7874.151792928111,0.0
7874.151792928111,0.0
7874.151792928111,0.0
7874.151792928111,0.0
7874.151792928111,0.0
7874.151792928111,0.0
7874.151792928111,0.0
20857.054851818415,0.0
20857.054851818415,0.0
20857.054851818415,0.0
20857.054851818415,0.0
23675.443688988922,0.0
23675.443688988922,0.0
24649.36490687301,0.0
24883.105999165193,0.0
24939.203861315313,0.0
24939.203861315313,0.0
24952.66734823134,0.0
24955.89858509119,0.0
24956.674081937555,0.0
24956.86020118068,0.0
20018.4527550864,0.0
20018.4527550864,0.0
13069.360891197202,0.0
13069.360891197202,0.0
13069.360891197202,0.0
0.0,0.0
0.0,0.0
0.0,0.0
1675.0174096388591,0.0
7412.1251191482,0.0
10434.580848314514,0.0
0.0,0.0
0.0,0.0
0.0,0.0
0.0,0.0
0.0,0.0
0.0,0.0
0.0,0.0
0.0,0.0
2932.5230195841386,0.0
12479.069312695567,0.0
21962.235056562604,0.0
24238.194835090693,0.0
24784.425181937433,0.0
19567.159272911027,0.0
17165.55998616682,0.0
15666.556621545118,0.0
11507.993414894916,0.0
8941.388128678314,0.0
4872.985948554813,0.0
0.0,0.0
5831.517274251268,0.0
19158.476731577357,0.0
23565.29283709423,0.0
24622.92870241828,0.0
24876.761310096055,0.0
24876.761310096055,0.0
24876.761310096055,0.0
16483.630120853653,0.0
16483.630120853653,0.0
16483.630120853653,0.0
16483.630120853653,0.0
1610.0767510815363,0.0
0.0,0.0
8872.971438801975,0.0
20533.29484042963,0.0
23895.249183218777,0.0
21618.926813938204,0.0
11782.894887605655,0.0
11782.894887605655,0.0
10435.166425304753,0.0
5615.739261654051,0.0
5615.739261654051,0.0
0.0,0.0
0.0,0.0
0.0,0.0
8631.478349126632,0.0
11586.902798993988,0.0
11586.902798993988,0.0
11586.902798993988,0.0
3625.615418688598,0.0
576.1913954679026,0.0
388.6719785228024,0.0
388.6719785228024,0.0
388.6719785228024,0.0
194.08950772799972,0.0
0.0,0.0
0.0,0.0
10905.259623746384,0.0
10905.259623746384,0.0
10905.259623746384,0.0
10905.259623746384,0.0
10905.259623746384,0.0
10905.259623746384,0.0
16695.31403968241,0.0
22974.133791039443,0.0
24481.050531365134,0.0
24842.7105490433,0.0
24929.50895328606,0.0
24950.34057030432,0.0
24955.340158388703,0.0
24956.540059528954,0.0
24956.828035802617,0.0
24956.86020118068,0.0
23446.877766989543,0.0
23662.599196945765,0.0
23125.970719438366,0.0
19534.86852046707,0.0
14143.318156460367,0.0
11008.494775373876,0.0
0.0,0.0
900.2165619388609,0.0
8535.797386477278,0.0
20354.4376734388,0.0
23852.32346314098,0.0
22563.330114827695,0.0
14079.537044411083,0.0
14079.537044411083,0.0
4486.14479494638,0.0
4486.14479494638,0.0
4486.14479494638,0.0
0.0,0.0
0.0,0.0
5027.548505801184,0.0
17026.599326635704,0.0
23053.642259908236,0.0
24500.132563893643,0.0
24847.290236850138,0.0
24847.290236850138,0.0
22859.8519164971,0.0
15411.690801778499,0.0
7542.457402169899,0.0
7542.457402169899,0.0
0.0,0.0
0.0,0.0
10039.114611047564,0.0
21376.645928167083,0.0
24097.653444275766,0.0
24750.69524814185,0.0
24907.42528106971,0.0
17963.673222486028,0.0
7240.876066141502,0.0
0.0,0.0
0.0,0.0
0.0,0.0
0.0,0.0
0.0,0.0
6464.576652795843,0.0
20518.75681818667,0.0
23891.760057880467,0.0
24701.28083540698,0.0
24895.56582201334,0.0
21979.659786505803,0.0
17679.722660783304,0.0
17883.07422146193,0.0
19944.79797215419,0.0
21802.637256937585,0.0
24199.891363180686,0.0
24775.23234867903,0.0
24913.314185198633,0.0
24946.453825963337,0.0
24954.407339746867,0.0
24956.316183054914,0.0
24956.774305448846,0.0
24956.86020118068,0.0
24956.86020118068,0.0
24956.86020118068,0.0
24956.86020118068,0.0
24956.86020118068,0.0
23773.584510690784,0.0
20160.61997787093,0.0
20993.839369714213,0.0
20993.839369714213,0.0
20993.839369714213,0.0
20993.839369714213,0.0
20993.839369714213,0.0
24005.77987024708,0.0
24728.645590374967,0.0
24902.13336320566,0.0
24943.770428685024,0.0
24953.76332440007,0.0
24956.161619371684,0.0
24179.02143815621,0.0
24770.223566673158,0.0
24912.112077517224,0.0
24946.165320119802,0.0
24954.33809834442,0.0
24956.299565118326,0.0
21537.309241432966,0.0
21537.309241432966,0.0
23785.984477436872,0.0
24675.894696100517,0.0
24889.47314857979,0.0
24940.731977174815,0.0
22641.23165577433,0.0
24401.154018901507,0.0
24823.53538605203,0.0
24924.906914168154,0.0
24949.236080916024,0.0
24955.07508093551,0.0
11735.5801427766,0.0
11735.5801427766,0.0
0.0,0.0
0.0,0.0
0.0,0.0
0.0,0.0
0.0,0.0
0.0,0.0
6753.4931149152035,0.0
6753.4931149152035,0.0
6753.4931149152035,0.0
6753.4931149152035,0.0
3555.562522738202,0.0
0.0,0.0
2950.8249326191485,0.0
2950.8249326191485,0.0
2950.8249326191485,0.0
2950.8249326191485,0.0
2950.8249326191485,0.0
2950.8249326191485,0.0
2950.8249326191485,0.0
2950.8249326191485,0.0
2950.8249326191485,0.0
2950.8249326191485,0.0
2950.8249326191485,0.0
2950.8249326191485,0.0
19675.456405344263,0.0
23689.36795879829,0.0
24652.706731627255,0.0
24883.908037106205,0.0
24939.203861315433,0.0
24939.203861315433,0.0
24939.203861315433,0.0
24939.203861315433,0.0
24939.203861315433,0.0
24939.203861315433,0.0
24939.203861315433,0.0
24939.203861315433,0.0
24939.203861315433,0.0
24939.203861315433,0.0
24939.203861315433,0.0
24939.203861315433,0.0
24939.203861315433,0.0
24939.203861315433,0.0
24939.203861315433,0.0
24939.203861315433,0.0
24939.203861315433,0.0
24939.203861315433,0.0
24939.203861315433,0.0
24939.203861315433,0.0
24939.203861315433,0.0
24939.203861315433,0.0
24939.203861315433,0.0
24939.203861315433,0.0
24939.203861315433,0.0
24939.203861315433,0.0
24952.66734823137,0.0
24955.898585091196,0.0
24956.674081937555,0.0
24956.86020118068,0.0
18951.527141475613,0.0
20549.831800871703,0.0
23522.80961475603,0.0
24612.732729057116,0.0
24874.31427648938,0.0
23658.855556821476,0.0
16904.320453493077,0.0
23024.295330354005,0.0
24493.089300800628,0.0
24845.599853707816,0.0
24930.20238640554,0.0
24950.506994252995,0.0
13208.747907960622,0.0
13208.747907960622,0.0
5996.045535370024,0.0
5996.045535370024,0.0
5996.045535370024,0.0
0.0,0.0
0.0,0.0
2522.2842212587816,0.0
12759.553260776633,0.0
22029.55120410206,0.0
24254.350710500163,0.0
21311.957171470247,0.0
9909.26355678926,0.0
9909.26355678926,0.0
3625.854255546161,0.0
3625.854255546161,0.0
3625.854255546161,0.0
3625.854255546161,0.0
0.0,0.0
0.0,0.0
4900.795893065248,0.0
10003.200032190278,0.0
10431.855146632783,0.0
10431.855146632783,0.0
10431.855146632783,0.0
10431.855146632783,0.0
0.0,0.0
0.0,0.0
0.0,0.0
0.0,0.0
0.0,0.0
0.0,0.0
4517.164125342052,0.0
10778.051119934582,0.0
13511.318689580323,0.0
11854.198085640603,0.0
11854.198085640603,0.0
11854.198085640603,0.0
0.0,0.0
0.0,0.0
0.0,0.0
0.0,0.0
0.0,0.0
0.0,0.0
11031.700779739042,0.0
21614.866608653036,0.0
24154.826407592394,0.0
24764.416759337837,0.0
15078.360209898932,0.0
15078.360209898932,0.0
8115.88703739433,0.0
8115.88703739433,0.0
8115.88703739433,0.0
0.0,0.0
0.0,0.0
0.0,0.0
7878.552328959565,0.0
19829.89367555096,0.0
23726.432903647896,0.0
20624.129721414185,0.0
6366.726863957305,0.0
6366.726863957305,0.0
0.0,0.0
0.0,0.0
0.0,0.0
0.0,0.0
0.0,0.0
1556.1048990178977,0.0
14314.236327696075,0.0
22402.675140162726,0.0
24343.900455154722,0.0
24809.7945307528,0.0
24921.60910889634,0.0
23036.814305250744,0.0
20802.54651081404,0.0
17831.067294459946,0.0
13606.800541956445,0.0
11060.120601663826,0.0
0.0,0.0
89.20147727330374,0.0
6948.273567139581,0.0
19729.629767339044,0.0
23702.369565677036,0.0
23938.40534796091,0.0
7118.261031655242,0.0
7118.261031655242,0.0
7118.261031655242,0.0
7118.261031655242,0.0
7118.261031655242,0.0
7118.261031655242,0.0
7118.261031655242,0.0
7118.261031655242,0.0
7118.261031655242,0.0
7118.261031655242,0.0
5142.998410366579,0.0
5142.998410366579,0.0
0.0,0.0
0.0,0.0
0.0,0.0
0.0,0.0
0.0,0.0
0.0,0.0
0.0,0.0
0.0,0.0
6830.298816507402,0.0
16667.156415631336,0.0
22967.375961267186,0.0
19194.804481092484,0.0
7948.904303996242,0.0
7948.904303996242,0.0
2734.0638427353424,0.0
2734.0638427353424,0.0
2734.0638427353424,0.0
2734.0638427353424,0.0
0.0,0.0
9243.340284256821,0.0
21185.660089737306,0.0
24051.81684305262,0.0
24739.694463848296,0.0
24904.785092839258,0.0
24904.785092839258,0.0
24904.785092839258,0.0
22307.589579009964,0.0
19705.145774512795,0.0
19705.145774512795,0.0
10118.274174240152,0.0
0.0,0.0
0.0,0.0
2510.291114486359,0.0
7711.324867298319,0.0
10175.592326472328,0.0
10175.592326472328,0.0
10175.592326472328,0.0
10175.592326472328,0.0
0.0,0.0
0.0,0.0
0.0,0.0
0.0,0.0
0.0,0.0
2986.5293300749136,0.0
18593.607177698224,0.0
23429.72414416324,0.0
24590.392216114844,0.0
24868.952553383227,0.0
24868.952553383227,0.0
24868.952553383227,0.0
17349.48561783653,0.0
17349.48561783653,0.0
17349.48561783653,0.0
8395.398588543883,0.0
0.0,0.0
3024.473766107307,0.0
17500.49600078117,0.0
23167.37746170315,0.0
24527.42901232442,0.0
24853.841384473526,0.0
13694.590311163303,0.0
13694.590311163303,0.0
0.0,0.0
0.0,0.0
0.0,0.0
0.0,0.0
0.0,0.0
0.0,0.0
10771.12766726238,0.0
14605.438100076437,0.0
14605.438100076437,0.0
22055.974641396737,0.0
20146.09967134953,0.0
20146.09967134953,0.0
20146.09967134953,0.0
18327.70970064223,0.0
15727.15980745003,0.0
10683.605819791888,0.0
0.0,0.0
0.0,0.0
11760.53258929602,0.0
11760.53258929602,0.0
11760.53258929602,0.0
11760.53258929602,0.0
9169.607651985754,0.0
7426.803219659148,0.0
7426.803219659148,0.0
7426.803219659148,0.0
7426.803219659148,0.0
7426.803219659148,0.0
7426.803219659148,0.0
7426.803219659148,0.0
17943.393853104753,0.0
17943.393853104753,0.0
17943.393853104753,0.0
17943.393853104753,0.0
17536.442623568302,0.0
17536.442623568302,0.0
19617.43861450367,0.0
19617.43861450367,0.0
19617.43861450367,0.0
23675.443688996547,0.0
24649.36490687484,0.0
24883.10599916563,0.0
24939.203861315418,0.0
24952.667348231367,0.0
24955.898585091196,0.0
24956.674081937555,0.0
24956.86020118068,0.0
21670.99916755978,0.0
16837.284560922584,0.0
4629.894381759081,0.0
4629.894381759081,0.0
4629.894381759081,0.0
4629.894381759081,0.0
4629.894381759081,0.0
6514.023076591026,0.0
12587.374695044138,0.0
16259.947330925874,0.0
15143.724552749816,0.0
4725.537750547897,0.0
4725.537750547897,0.0
4725.537750547897,0.0
4725.537750547897,0.0
4725.537750547897,0.0
4725.537750547897,0.0
4625.137753646397,0.0
0.0,0.0
5480.9565885947195,0.0
15302.019888490146,0.0
22639.743194753304,0.0
24400.79678825646,0.0
20894.10065397509,0.0
13623.210111437884,0.0
8648.940227069583,0.0
3174.3122807026866,0.0
3174.3122807026866,0.0
0.0,0.0
0.0,0.0
0.0,0.0
5064.800252000317,0.0
5064.800252000317,0.0
5064.800252000317,0.0
5064.800252000317,0.0
5064.800252000317,0.0
5064.800252000317,0.0
5064.800252000317,0.0
5064.800252000317,0.0
5064.800252000317,0.0
6174.811025046512,0.0
6174.811025046512,0.0
6174.811025046512,0.0
6174.811025046512,0.0
6174.811025046512,0.0
6174.811025046512,0.0
6174.811025046512,0.0
6174.811025046512,0.0
6174.811025046512,0.0
6174.811025046512,0.0
6174.811025046512,0.0
6174.811025046512,0.0
17595.684714997242,0.0
17595.684714997242,0.0
17595.684714997242,0.0
17595.684714997242,0.0
17595.684714997242,0.0
17595.684714997242,0.0
17595.684714997242,0.0
17595.684714997242,0.0
21882.46016129118,0.0
24219.04886022555,0.0
24779.8301479698,0.0
24914.41765702842,0.0
24914.41765702842,0.0
24883.105999165193,0.0
24939.203861315313,0.0
24952.66734823134,0.0
24955.89858509119,0.0
24956.674081937555,0.0
24956.86020118068,0.0
19301.423063978524,0.0
11754.990550202805,0.0
4345.225363631702,0.0
0.0,0.0
0.0,0.0
0.0,0.0
0.0,0.0
9766.650510962685,0.0
21311.254544146712,0.0
24081.95951211088,0.0
24746.92870442228,0.0
24906.521310577013,0.0
24906.521310577013,0.0
23858.67786646555,0.0
18215.45082803205,0.0
18215.45082803205,0.0
14687.838358587254,0.0
14687.838358587254,0.0
0.0,0.0
0.0,0.0
11021.703063439267,0.0
21612.46715674109,0.0
24154.25053913353,0.0
24764.278550907715,0.0
24764.278550907715,0.0
24764.278550907715,0.0
19144.813183434715,0.0
9207.659171987912,0.0
9207.659171987912,0.0
9207.659171987912,0.0
6307.290502670674,0.0
0.0,0.0
3951.352996388091,0.0
14582.343671728402,0.0
22467.020902730485,0.0
24359.34343817098,0.0
22549.09097187461,0.0
18331.67082011541,0.0
16067.25354928661,0.0
13014.52989365231,0.0
6148.571927146308,0.0
6148.571927146308,0.0
0.0,0.0
4440.514268860096,0.0
20032.98184604209,0.0
23775.17406456577,0.0
24673.300197011453,0.0
24888.850468798417,0.0
16272.527257336818,0.0
16272.527257336818,0.0
481.39936665461573,0.0
481.39936665461573,0.0
481.39936665461573,0.0
481.39936665461573,0.0
481.39936665461573,0.0
481.39936665461573,0.0
481.39936665461573,0.0
6176.95096892201,0.0
11014.179436678425,0.0
7903.135735477521,0.0
7903.135735477521,0.0
7903.135735477521,0.0
1200.495808139718,0.0
1200.495808139718,0.0
1200.495808139718,0.0
1200.495808139718,0.0
1200.495808139718,0.0
0.0,0.0
3215.560887703632,0.0
13865.862532569405,0.0
22295.065429332324,0.0
24318.074124555424,0.0
17212.47316724762,0.0
10534.651969772614,0.0
7747.590955140813,0.0
8262.353885651268,0.0
9207.931382637387,0.0
7266.990160307643,0.0
4208.275293404307,0.0
8106.484181418453,0.0
18339.734923391672,0.0
23368.79480312967,0.0
24575.76917426679,0.0
24865.443023339696,0.0
24934.9647471172,0.0
24951.649960823794,0.0
23219.006734925795,0.0
17032.097313748098,0.0
11959.505158946293,0.0
5968.52295315109,0.0
0.0,0.0
340.1454138686331,0.0
10542.130020692392,0.0
21497.369626481843,0.0
24126.627131871308,0.0
24757.64893316478,0.0
24909.094165475213,0.0
15059.53800954256,0.0
6468.63523838636,0.0
6468.63523838636,0.0
6468.63523838636,0.0
6468.63523838636,0.0
0.0,0.0
16470.26281006773,0.0
22920.121495931922,0.0
24468.08758053933,0.0
24501.73655369944,0.0
24501.73655369944,0.0
24501.73655369944,0.0
23675.443688996547,0.0
23675.443688996547,0.0
23675.443688996547,0.0
23675.443688996547,0.0
23675.443688996547,0.0
23675.443688996547,0.0
23675.443688996547,0.0
23675.443688996547,0.0
23675.443688996547,0.0
23675.443688996547,0.0
23675.443688996547,0.0
23675.443688996547,0.0
23675.443688996547,0.0
23675.443688996547,0.0
23675.443688996547,0.0
23675.443688996547,0.0
23675.443688996547,0.0
24649.36490687484,0.0
24883.10599916563,0.0
24939.203861315418,0.0
24952.667348231367,0.0
24955.898585091196,0.0
24956.674081937555,0.0
24956.86020118068,0.0
18966.688966618778,0.0
14395.449578486681,0.0
13116.337741910478,0.0
12268.637168338879,0.0
8180.697511941533,0.0
4165.790646573478,0.0
17262.89050122114,0.0
23110.35214180874,0.0
24513.742935549766,0.0
24850.55672604761,0.0
24931.392035767094,0.0
24950.792510099767,0.0
24950.792510099767,0.0
16984.163570701763,0.0
16984.163570701763,0.0
10438.04585268886,0.0
10438.04585268886,0.0
5708.157672486765,0.0
0.0,0.0
3436.626618614159,0.0
12810.964385638285,0.0
22041.889874068853,0.0
24257.31199129219,0.0
15967.656686689856,0.0
10204.698728749048,0.0
6001.769885655247,0.0
5102.280183230145,0.0
3706.0929698773457,0.0
1664.3732206557684,0.0
0.0,0.0
4963.212527577131,0.0
13808.47949603488,0.0
22281.29350056404,0.0
24314.768861651035,0.0
24802.802948311913,0.0
19388.58355089072,0.0
17172.68807603962,0.0
14410.484110744916,0.0
9749.834792454014,0.0
3687.4744320386108,0.0
0.0,0.0
0.0,0.0
5165.533893304797,0.0
17228.97748702971,0.0
23102.2130184028,0.0
24511.789545932337,0.0
24850.08791253943,0.0
21049.81601451941,0.0
21049.81601451941,0.0
14703.767020836707,0.0
14703.767020836707,0.0
14703.767020836707,0.0
0.0,0.0
0.0,0.0
0.0,0.0
442.5188412469788,0.0
4186.681532314604,0.0
4975.690592515129,0.0
4975.690592515129,0.0
4975.690592515129,0.0
4975.690592515129,0.0
327.3037302415337,0.0
327.3037302415337,0.0
327.3037302415337,0.0
327.3037302415337,0.0
327.3037302415337,0.0
327.3037302415337,0.0
3020.0502858676728,0.0
8938.326843987452,0.0
10590.912101181868,0.0
7583.113133726403,0.0
7583.113133726403,0.0
7583.113133726403,0.0
0.0,0.0
0.0,0.0
0.0,0.0
0.0,0.0
0.0,0.0
0.0,0.0
3725.5372234322163,0.0
11936.865024896642,0.0
14477.036094245424,0.0
8693.736881006667,0.0
8693.736881006667,0.0
8693.736881006667,0.0
465.22461837676747,0.0
465.22461837676747,0.0
465.22461837676747,0.0
465.22461837676747,0.0
465.22461837676747,0.0
465.22461837676747,0.0
465.22461837676747,0.0
2809.5690996529092,0.0
3701.8548401965563,0.0
3701.8548401965563,0.0
3701.8548401965563,0.0
3701.8548401965563,0.0
3701.8548401965563,0.0
3701.8548401965563,0.0
3701.8548401965563,0.0
3701.8548401965563,0.0
3701.8548401965563,0.0
0.0,0.0
0.0,0.0
3130.3739969905323,0.0
4736.0619494350885,0.0
4736.0619494350885,0.0
4736.0619494350885,0.0
4736.0619494350885,0.0
0.0,0.0
0.0,0.0
0.0,0.0
0.0,0.0
0.0,0.0
2073.2644568923265,0.0
11275.494022182249,0.0
21673.37698683941,0.0
24168.868898357126,0.0
24767.786957121378,0.0
24911.527291224796,0.0
24946.024971409617,0.0
24954.304414653976,0.0
23322.368004256474,0.0
19059.352423435972,0.0
12642.200597583673,0.0
4796.243155813439,0.0
9543.704342824414,0.0
21257.747463793527,0.0
24069.117812826113,0.0
24743.846696593933,0.0
24905.781628698212,0.0
24905.781628698212,0.0
24905.781628698212,0.0
12804.796091147213,0.0
12804.796091147213,0.0
12804.796091147213,0.0
12804.796091147213,0.0
1640.6501420718348,0.0
1640.6501420718348,0.0
2949.7992983851327,0.0
8359.544659185483,0.0
12408.202662815007,0.0
9614.779473071105,0.0
9614.779473071105,0.0
9614.779473071105,0.0
0.0,0.0
0.0,0.0
0.0,0.0
0.0,0.0
0.0,0.0
0.0,0.0
1345.2590509879892,0.0
9479.294666743226,0.0
17827.192453562482,0.0
18536.607709061853,0.0
13769.765511555916,0.0
13769.765511555916,0.0
585.6432535173153,0.0
585.6432535173153,0.0
585.6432535173153,0.0
585.6432535173153,0.0
0.0,0.0
0.0,0.0
18967.258421515668,0.0
23519.400442679427,0.0
24611.91452775873,0.0
24874.117908177763,0.0
24937.04671947833,0.0
24952.149634190468,0.0
24955.77433372138,0.0
24956.6442616088,0.0
24956.853044301777,0.0
24090.47341295918,0.0
24748.97204062587,0.0
24907.011711265877,0.0
24944.941232219477,0.0
24954.044317248343,0.0
24956.22905765527,0.0
24956.753395352935,0.0
17597.37212708279,0.0
17597.37212708279,0.0
3430.425326277187,0.0
3430.425326277187,0.0
3430.425326277187,0.0
3430.425326277187,0.0
3430.425326277187,0.0
3430.425326277187,0.0
5021.942222865917,0.0
13728.034357148055,0.0
22261.9866672312,0.0
23641.89337491619,0.0
10490.040862305628,0.0
10490.040862305628,0.0
0.0,0.0
0.0,0.0
0.0,0.0
0.0,0.0
0.0,0.0
3065.5319647286633,0.0
17910.522149116994,0.0
23265.783737303747,0.0
24551.046518468567,0.0
24859.509585948123,0.0
18737.160532845613,0.0
18737.160532845613,0.0
5448.105786584711,0.0
5448.105786584711,0.0
5448.105786584711,0.0
5448.105786584711,0.0
0.0,0.0
10093.768426639566,0.0
21389.762843909164,0.0
24100.801504053867,0.0
24751.450782488595,0.0
24907.60660931293,0.0
24907.60660931293,0.0
24907.60660931293,0.0
17092.801202161732,0.0
17092.801202161732,0.0
17092.801202161732,0.0
17092.801202161732,0.0
5272.922625313793,0.0
0.0,0.0
10581.833834495877,0.0
21506.898541794675,0.0
24128.914071546387,0.0
24758.1977986868,0.0
18305.420083757912,0.0
18305.420083757912,0.0
4066.6936139431145,0.0
4066.6936139431145,0.0
4066.6936139431145,0.0
4066.6936139431145,0.0
0.0,0.0
0.0,0.0
7089.164067365714,0.0
19056.43495687593,0.0
23540.80281116589,0.0
20826.075834961746,0.0
9985.032619392403,0.0
9985.032619392403,0.0
0.0,0.0
0.0,0.0
0.0,0.0
0.0,0.0
0.0,0.0
0.0,0.0
1470.7405673921558,0.0
9397.38399262907,0.0
19597.29490468187,0.0
21590.649054869085,0.0
10767.791219457768,0.0
10767.791219457768,0.0
0.0,0.0
0.0,0.0
0.0,0.0
0.0,0.0
0.0,0.0
0.0,0.0
9582.106324828328,0.0
21266.963939474466,0.0
24071.32976698954,0.0
24744.377565593157,0.0
24905.909037258025,0.0
24905.909037258025,0.0
21492.994722674728,0.0
14679.006775007829,0.0
14679.006775007829,0.0
0.0,0.0
0.0,0.0
0.0,0.0
1329.490890368997,0.0
6317.064573552179,0.0
11522.062335085393,0.0
12292.459060168732,0.0
447.31325688374454,0.0
447.31325688374454,0.0
447.31325688374454,0.0
447.31325688374454,0.0
447.31325688374454,0.0
447.31325688374454,0.0
0.0,0.0
12129.930083412133,0.0
21878.441641534577,0.0
24218.084415483965,0.0
24779.59868123182,0.0
24914.362105011303,0.0
24946.70532671838,0.0
23761.438512517503,0.0
14538.0898974864,0.0
4945.9899976203,0.0
4945.9899976203,0.0
0.0,0.0
0.0,0.0
14378.646362905529,0.0
19617.438614503655,0.0
23675.443688996544,0.0
24649.36490687484,0.0
24883.10599916563,0.0
24939.203861315418,0.0
24952.667348231367,0.0
24955.898585091196,0.0
24956.674081937555,0.0
24956.86020118068,-2.0463630789890885e-12
23397.116621761474,0.0
16438.2538921656,0.0
20925.668341271892,0.0
23989.41882342092,0.0
24724.71893913669,0.0
24901.19096690847,0.0
24943.5442535737,0.0
24943.5442535737,0.0
24943.5442535737,0.0
21039.8403393224,0.0
17270.8242430679,0.0
17270.8242430679,0.0
7904.725016048595,0.0
3533.397095550612,0.0
3533.397095550612,0.0
5842.974305881129,0.0
10390.775099079614,0.0
12725.644465909769,0.0
8643.551605501209,0.0
8643.551605501209,0.0
8643.551605501209,0.0
4257.776687803604,0.0
4257.776687803604,0.0
4257.776687803604,0.0
0.0,0.0
0.0,0.0
0.0,0.0
2962.34200976742,0.0
9277.877282252432,0.0
15072.42262408623,0.0
16109.065186921192,0.0
11823.619019397875,0.0
13085.377991778705,0.0
16507.857503266107,0.0
18731.766460506093,0.0
20198.60164179704,0.0
16223.96263395784,0.0
6144.049554359544,0.0
6144.049554359544,0.0
8321.068334162714,0.0
12137.692366983212,0.0
14868.27630113559,0.0
13521.417237910366,0.0
12604.369737832301,0.0
12604.369737832301,0.0
5296.2141069097,0.0
5296.2141069097,0.0
0.0,0.0
0.0,0.0
0.0,0.0
0.0,0.0
5054.073432037104,0.0
18137.14735730905,0.0
23320.17378726984,0.0
24564.10013046043,0.0
18469.406705112015,0.0
10827.372488732914,0.0
4254.586090150609,0.0
4254.586090150609,0.0
4254.586090150609,0.0
4254.586090150609,0.0
3380.388954610393,0.0
0.0,0.0
6223.076288740446,0.0
6223.076288740446,0.0
15435.402558382042,0.0
22671.755035527356,0.0
18819.305126867694,0.0
15407.890732327993,0.0
11694.504733027688,0.0
10376.651871024787,0.0
10376.651871024787,0.0
10376.651871024787,0.0
10376.651871024787,0.0
10376.651871024787,0.0
10376.651871024787,0.0
10376.651871024787,0.0
21457.654870561615,0.0
24117.095590450455,0.0
24248.29933266558,0.0
24446.363778535473,0.0
24834.38572836418,0.0
24927.51099632307,0.0
24949.861060633204,0.0
24955.225076067636,0.0
19745.778995485147,0.0
23706.2453804321,0.0
24656.757312819373,0.0
24884.880176592316,0.0
24939.629663897824,0.0
24952.769540851146,0.0
24955.923111319942,0.0
24956.679968232453,0.0
24929.069830729746,0.0
24950.235180890806,0.0
24955.31486492946,0.0
24956.533989098738,0.0
23175.860623349297,0.0
24529.464971119498,0.0
24854.330014584346,0.0
24932.297625015908,0.0
24951.009851519484,0.0
24955.50078588034,0.0
24955.50078588034,0.0
24955.50078588034,0.0
17003.965390144338,0.0
17003.965390144338,0.0
5914.341282043335,0.0
5914.341282043335,0.0
0.0,0.0
0.0,0.0
5472.06821059557,0.0
14156.123548532272,0.0
19558.91490812105,0.0
15994.875571170207,0.0
15994.875571170207,0.0
9040.680949011126,0.0
982.1200589552263,0.0
982.1200589552263,0.0
982.1200589552263,0.0
982.1200589552263,0.0
982.1200589552263,0.0
982.1200589552263,0.0
5285.515116096937,0.0
10364.920876297754,0.0
13246.895462951148,0.0
9098.219533238405,0.0
9098.219533238405,0.0
9098.219533238405,0.0
0.0,0.0
0.0,0.0
0.0,0.0
0.0,0.0
0.0,0.0
0.0,0.0
4566.518635049289,0.0
13866.551318990008,0.0
20618.50321333646,0.0
16206.105883055254,0.0
5529.4516763634,0.0
5529.4516763634,0.0
0.0,0.0
0.0,0.0
0.0,0.0
0.0,0.0
0.0,0.0
21.960480995799735,0.0
8680.638828429468,0.0
20605.847742722173,0.0
23912.66187976899,0.0
23485.542808513204,0.0
15897.624131281706,0.0
11543.339591685708,0.0
8758.858818323106,0.0
7053.710648334807,0.0
3839.3698561831065,0.0
3839.3698561831065,0.0
0.0,0.0
3342.752383954375,0.0
13639.441697879045,0.0
22240.724429006637,0.0
24305.03228447726,0.0
24800.46616979021,0.0
24800.46616979021,0.0
24800.46616979021,0.0
21884.471516492205,0.0
16711.564927342806,0.0
9915.072004531305,0.0
0.0,0.0
0.0,0.0
0.0,0.0
7076.756671289527,0.0
16067.317593743792,0.0
21549.393358333502,0.0
13746.807587654075,0.0
13746.807587654075,0.0
13746.807587654075,0.0
3648.8560469317763,0.0
3648.8560469317763,0.0
3648.8560469317763,0.0
3648.8560469317763,0.0
3648.8560469317763,0.0
3648.8560469317763,0.0
6881.114653093138,0.0
12552.31793943782,0.0
16412.53347413248,0.0
10945.24724637952,0.0
10945.24724637952,0.0
10945.24724637952,0.0
1172.0842169899206,0.0
1172.0842169899206,0.0
1172.0842169899206,0.0
0.0,0.0
0.0,0.0
0.0,0.0
6437.359333345066,0.0
17705.154616296084,0.0
23216.495529426727,0.0
18750.46175501908,0.0
11036.48966921341,0.0
11036.48966921341,0.0
30.934725202807385,0.0
30.934725202807385,0.0
30.934725202807385,0.0
30.934725202807385,0.0
30.934725202807385,0.0
30.934725202807385,0.0
3056.815148040646,0.0
9490.36537248531,0.0
14174.869147008503,0.0
10072.5047506522,0.0
10072.5047506522,0.0
0.0,0.0
0.0,0.0
0.0,0.0
0.0,0.0
0.0,0.0
0.0,0.0
0.0,0.0
4967.565259448787,0.0
16540.561996351258,0.0
22936.99330063997,0.0
24472.13681366926,0.0
23075.120139134033,0.0
16060.256640071237,0.0
8806.257024835137,0.0
1057.367836202733,0.0
1057.367836202733,0.0
1057.367836202733,0.0
0.0,0.0
3524.310801407293,0.0
16711.61239726621,0.0
22978.045396859558,0.0
24481.98931676196,0.0
24842.935857538538,0.0
24929.56302732492,0.0
24950.353548073646,0.0
24950.353548073646,0.0
21474.73212743595,0.0
16036.611353232049,0.0
5252.3135426562485,0.0
0.0,0.0
4096.20812845896,0.0
15760.8314425592,0.0
22749.857967729877,0.0
24427.22433377084,0.0
24829.792261620667,0.0
24829.792261620667,0.0
21928.2512813169,0.0
12483.896078448002,0.0
12483.896078448002,0.0
0.0,0.0
0.0,0.0
0.0,0.0
0.0,0.0
2390.833453723032,0.0
12882.880389408216,0.0
22059.14971497364,0.0
24261.454353109337,0.0
14601.465013141225,0.0
14601.465013141225,0.0
2087.6443357415264,0.0
2087.6443357415264,0.0
2087.6443357415264,0.0
2087.6443357415264,0.0
0.0,0.0
0.0,0.0
7079.752274310083,0.0
18317.418652494096,0.0
23363.43889811425,0.0
19712.01614061543,0.0
1915.0081877526754,0.0
1915.0081877526754,0.0
1915.0081877526754,0.0
1915.0081877526754,0.0
1915.0081877526754,0.0
1915.0081877526754,0.0
0.0,0.0
0.0,0.0
9525.793772959056,0.0
21253.448927025842,0.0
24068.08616400187,0.0
24174.46543012991,0.0
18210.895191226315,0.0
13441.907365635312,0.0
9215.94072100121,0.0
9215.94072100121,0.0
1598.2961804639144,0.0
1598.2961804639144,0.0
0.0,0.0
0.0,0.0
6464.097659023828,0.0
16073.582766656906,0.0
22824.918285513326,0.0
23001.582416833837,0.0
18894.851958786854,0.0
13815.126601579052,0.0
4315.7645774270495,0.0
4315.7645774270495,0.0
4315.7645774270495,0.0
4315.7645774270495,0.0
0.0,0.0
85.76119340368955,0.0
6481.502936472152,0.0
14124.17209100718,0.0
18966.714610419833,0.0
18966.714610419833,0.0
15505.502374551817,0.0
15505.502374551817,0.0
13319.103094989117,0.0
7155.043102301419,0.0
7155.043102301419,0.0
7155.043102301419,0.0
0.0,0.0
0.0,0.0
2786.208645724561,0.0
7457.243525546122,0.0
11595.767814390565,0.0
6680.0466407079875,0.0
6680.0466407079875,0.0
6680.0466407079875,0.0
0.0,0.0
0.0,0.0
0.0,0.0
0.0,0.0
0.0,0.0
0.0,0.0
5162.839464925126,0.0
13084.785386752967,0.0
18484.41084844293,0.0
9292.203436277568,0.0
9292.203436277568,0.0
9292.203436277568,0.0
0.0,0.0
0.0,0.0
0.0,0.0
0.0,0.0
0.0,0.0
0.0,0.0
1674.6029887126583,0.0
8587.751528262905,0.0
15594.61511633078,0.0
15899.518898793278,0.0
9054.257028884771,0.0
9054.257028884771,0.0
1337.5201308249689,0.0
1337.5201308249689,0.0
1337.5201308249689,0.0
1337.5201308249689,0.0
0.0,0.0
0.0,0.0
7369.824755988994,0.0
20580.870070129928,0.0
23906.66723834685,0.0
24704.85855871891,0.0
24704.85855871891,0.0
24704.85855871891,0.0
23202.227853497512,0.0
23202.227853497512,0.0
23202.227853497512,0.0
13622.847327286707,0.0
0.0,0.0
0.0,0.0
3869.284109851331,0.0
13169.219787012236,0.0
17476.695651938382,0.0
11461.044647186987,0.0
11461.044647186987,0.0
11461.044647186987,0.0
2699.239628214019,0.0
2699.239628214019,0.0
2699.239628214019,0.0
2699.239628214019,0.0
0.0,0.0
15954.272461486793,0.0
22796.283812272497,0.0
24438.366536461064,0.0
24832.466390266323,0.0
24927.050355179585,0.0
21748.911332211825,0.0
21418.526261329673,0.0
12203.704817561571,0.0
12203.704817561571,0.0
7737.663293737072,0.0
7737.663293737072,0.0
0.0,0.0
0.0,0.0
0.0,0.0
0.0,0.0
18967.258421515668,0.0
18967.258421515668,0.0
18967.258421515668,0.0
18967.258421515668,0.0
18967.258421515668,0.0
18967.258421515668,0.0
19617.438614508217,0.0
23675.44368899764,0.0
24649.3649068751,0.0
24883.10599916569,0.0
24939.203861315433,0.0
24952.66734823137,0.0
24955.898585091196,0.0
24956.674081937555,0.0
24956.86020118068,0.0
20597.7638109174,0.0
11290.7837817928,0.0
11290.7837817928,0.0
0.0,0.0
0.0,0.0
0.0,0.0
3813.7296071685646,0.0
19781.248278504638,0.0
23714.75800835678,0.0
24658.800343521296,0.0
24885.37050396078,0.0
24885.37050396078,0.0
13585.406582366799,0.0
0.0,0.0
0.0,0.0
0.0,0.0
0.0,0.0
0.0,0.0
0.0,0.0
0.0,0.0
6097.145143479986,0.0
12760.978458778072,0.0
12760.978458778072,0.0
0.0,0.0
0.0,0.0
0.0,0.0
0.0,0.0
0.0,0.0
0.0,0.0
0.0,0.0
0.0,0.0
5811.53996930392,0.0
17218.12076985842,0.0
23099.607406281688,0.0
23306.418929383988,0.0
14509.025291561946,0.0
14509.025291561946,0.0
4924.998565030144,0.0
4924.998565030144,0.0
4924.998565030144,0.0
4924.998565030144,0.0
0.0,0.0
0.0,0.0
2986.25148758601,0.0
8976.504194238292,0.0
13624.557862065114,0.0
12441.06406602166,0.0
9756.913609720235,0.0
11652.489518085727,0.0
13852.260736364879,0.0
14771.965267046384,0.0
13413.538405373487,0.0
4940.17464431109,0.0
0.0,0.0
4371.830508340844,0.0
13889.48955425193,0.0
22300.73591453613,0.0
24319.435041004337,0.0
24498.822842846865,0.0
22094.627908628547,0.0
22343.446192613905,0.0
23190.522243530922,0.0
24532.98375996309,0.0
24855.17452390681,0.0
24162.98191313831,0.0
19431.005621779135,0.0
23630.69977074266,0.0
24638.626366493907,0.0
24880.528749474204,0.0
24938.585321389477,0.0
23691.103929618923,0.0
12129.22913068383,0.0
12129.22913068383,0.0
5471.947301040234,0.0
5471.947301040234,0.0
0.0,0.0
0.0,0.0
0.0,0.0
0.0,0.0
7993.876435393731,0.0
20820.942764320916,0.0
23964.284684952687,0.0
20103.61682600506,0.0
5307.700342293825,0.0
5307.700342293825,0.0
0.0,0.0
0.0,0.0
0.0,0.0
0.0,0.0
0.0,0.0
3589.4530205478013,0.0
11181.975297660741,0.0
18712.196406314553,0.0
23458.18555903116,0.0
23581.877236930486,0.0
19116.13556040759,0.0
14090.93149302609,0.0
5422.109189726689,0.0
5422.109189726689,0.0
5422.109189726689,0.0
5422.109189726689,0.0
0.0,0.0
7780.807400115518,0.0
12739.646874608183,0.0
22024.77367142163,0.0
22024.77367142163,0.0
24253.20410265686,0.0
24253.20410265686,0.0
20098.37293668616,0.0
19197.62903958266,0.0
17410.57486622306,0.0
14984.856250341962,0.0
9756.213957507764,0.0
2001.4572933876298,0.0
12800.293856072938,0.0
12800.293856072938,0.0
12800.293856072938,0.0
12800.293856072938,0.0
12800.293856072938,0.0
12800.293856072938,0.0
12800.293856072938,0.0
12800.293856072938,0.0
12800.293856072938,0.0
12800.293856072938,0.0
12800.293856072938,0.0
12800.293856072938,0.0
12800.293856072938,0.0
12800.293856072938,0.0
12800.293856072938,0.0
12800.293856072938,0.0
12800.293856072938,0.0
12800.293856072938,0.0
12800.293856072938,0.0
12800.293856072938,0.0
12800.293856072938,0.0
12800.293856072938,0.0
12800.293856072938,0.0
12800.293856072938,0.0
12800.293856072938,0.0
12800.293856072938,0.0
12800.293856072938,0.0
12800.293856072938,0.0
12800.293856072938,0.0
11206.607422068104,0.0
11206.607422068104,0.0
11206.607422068104,0.0
11206.607422068104,0.0
11206.607422068104,0.0
11206.607422068104,0.0
8771.1443624464,0.0
8771.1443624464,0.0
8771.1443624464,0.0
8771.1443624464,0.0
8771.1443624464,0.0
8771.1443624464,0.0
8771.1443624464,0.0
8771.1443624464,0.0
8771.1443624464,0.0
8771.1443624464,0.0
8771.1443624464,0.0
8771.1443624464,0.0
8771.1443624464,0.0
8771.1443624464,0.0
19668.39327276305,0.0
19668.39327276305,0.0
19668.39327276305,0.0
19668.39327276305,0.0
19668.39327276305,0.0
19668.39327276305,0.0
19668.39327276305,0.0
19668.39327276305,0.0
19668.39327276305,0.0
19668.39327276305,0.0
19668.39327276305,0.0
19668.39327276305,0.0
19668.39327276305,0.0
19668.39327276305,0.0
19668.39327276305,0.0
19668.39327276305,0.0
19186.49258416071,0.0
19186.49258416071,0.0
19186.49258416071,0.0
23572.01664171424,0.0
23572.01664171424,0.0
23675.44368899764,0.0
23675.44368899764,0.0
23675.44368899764,0.0
23675.44368899764,0.0
23675.44368899764,0.0
23675.44368899764,0.0
24649.3649068751,0.0
24883.10599916569,0.0
24939.203861315433,0.0
24952.66734823137,0.0
24955.898585091196,0.0
24956.674081937555,0.0
24956.86020118068,0.0
24307.08135115182,0.0
24800.957945792103,0.0
24919.488328505773,0.0
24947.935620357053,0.0
24954.76297040136,0.0
20989.817960275213,0.0
12190.951483116365,0.0
9332.8934693287,0.0
6396.130492623797,0.0
6396.130492623797,0.0
4773.948276904697,0.0
4773.948276904697,0.0
0.0,0.0
1226.9391892812548,0.0
10642.178588237817,0.0
21008.740609699787,0.0
24009.356167843616,0.0
15195.27242431185,0.0
15195.27242431185,0.0
519.1090840205488,0.0
0.0,0.0
0.0,0.0
0.0,0.0
0.0,0.0
0.0,0.0
0.0,0.0
8519.969627517974,0.0
20863.989970785464,0.0
23974.61601450418,0.0
19721.48514965194,0.0
7302.068106479701,0.0
7302.068106479701,0.0
0.0,0.0
0.0,0.0
0.0,0.0
0.0,0.0
0.0,0.0
0.0,0.0
13455.261837379529,0.0
22196.52126248675,0.0
22720.76874057683,0.0
22055.53554332459,0.0
14265.655125894407,0.0
8733.815946077204,0.0
3371.278455768302,0.0
0.0,0.0
0.0,0.0
0.0,0.0
1018.2095115382716,0.0
10668.98549835697,0.0
11867.663760254534,0.0
11867.663760254534,0.0
11867.663760254534,0.0
11867.663760254534,0.0
11867.663760254534,0.0
11867.663760254534,0.0
11867.663760254534,0.0
19617.43861450367,0.0
23675.443688996547,0.0
24649.36490687484,0.0
24883.10599916563,0.0
24939.203861315418,0.0
24952.667348231367,0.0
24955.898585091196,0.0
24956.674081937555,0.0
24956.86020118068,0.0
24956.86020118068,0.0
24956.86020118068,0.0
20085.36162323648,0.0
20085.36162323648,0.0
20085.36162323648,0.0
20085.36162323648,0.0
9734.150195713668,0.0
0.0,0.0
9535.706072979621,0.0
21255.827879030774,0.0
24068.65711248305,0.0
24743.7361285116,0.0
15525.181746357503,0.0
15525.181746357503,0.0
8867.513708269,0.0
8867.513708269,0.0
0.0,0.0
0.0,0.0
0.0,0.0
812.514362412249,0.0
10234.862903552872,0.0
21423.625518368357,0.0
24108.928545924075,0.0
22555.7767908045,0.0
9371.954195278568,0.0
9371.954195278568,0.0
4140.862202530865,0.0
4140.862202530865,0.0
4140.862202530865,0.0
4140.862202530865,0.0
0.0,0.0
0.0,0.0
3152.819610490648,0.0
6878.527805773413,0.0
8175.991228715742,0.0
8175.991228715742,0.0
8175.991228715742,0.0
8175.991228715742,0.0
8175.991228715742,0.0
8175.991228715742,0.0
8175.991228715742,0.0
2554.783538665839,0.0
0.0,0.0
2934.4550454773953,0.0
12681.8140574731,0.0
22010.89379530921,0.0
24249.872932389877,0.0
18087.807197776783,0.0
9978.294574482896,0.0
9978.294574482896,0.0
0.0,0.0
0.0,0.0
0.0,0.0
0.0,0.0
0.0,0.0
0.0,0.0
3262.567621028455,0.0
11163.21698071109,0.0
16317.643620735524,0.0
7988.833529445472,0.0
7988.833529445472,0.0
7988.833529445472,0.0
7988.833529445472,0.0
7988.833529445472,0.0
7988.833529445472,0.0
7988.833529445472,0.0
0.0,0.0
0.0,0.0
1582.0374853051458,0.0
5561.2039538174595,0.0
5400.469817613093,0.0
5400.469817613093,0.0
5400.469817613093,0.0
5400.469817613093,0.0
0.0,0.0
0.0,0.0
0.0,0.0
0.0,0.0
0.0,0.0
0.0,0.0
4977.444196742694,0.0
16156.027848570888,0.0
22844.70510517268,0.0
22405.870981924272,0.0
5136.80657303624,0.0
5136.80657303624,0.0
0.0,0.0
0.0,0.0
0.0,0.0
0.0,0.0
0.0,0.0
0.0,0.0
2278.643117069534,0.0
11223.733029560652,0.0
20844.908390665973,0.0
22143.87027056915,0.0
10771.445550118333,0.0
10771.445550118333,0.0
1892.4888297191337,0.0
1892.4888297191337,0.0
1892.4888297191337,0.0
1892.4888297191337,0.0
1892.4888297191337,0.0
1892.4888297191337,0.0
1892.4888297191337,0.0
7398.431968997479,0.0
10304.358465204494,0.0
4242.32387761342,0.0
4242.32387761342,0.0
4242.32387761342,0.0
0.0,0.0
0.0,0.0
418.3038075330385,0.0
418.3038075330385,0.0
0.0,0.0
0.0,0.0
0.0,0.0
0.0,0.0
0.0,0.0
0.0,0.0
0.0,0.0
0.0,0.0
0.0,0.0
0.0,0.0
15139.141519675404,0.0
15139.141519675404,0.0
15139.141519675404,0.0
15139.141519675404,0.0
15139.141519675404,0.0
15139.141519675404,0.0
15139.141519675404,0.0
15139.141519675404,0.0
15139.141519675404,0.0
19617.438614508217,0.0
19617.438614508217,0.0
19617.438614508217,0.0
19617.438614508217,0.0
19617.438614508217,0.0
19617.438614508217,0.0
19617.438614508217,0.0
19617.438614508217,0.0
19617.438614508217,0.0
19617.438614508217,0.0
19617.438614508217,0.0
23675.44368899764,0.0
23675.44368899764,0.0
23675.44368899764,0.0
24649.3649068751,0.0
24649.3649068751,0.0
24883.10599916569,0.0
24939.203861315433,0.0
24952.66734823137,0.0
24955.898585091196,0.0
24956.674081937555,0.0
24956.86020118068,0.0
24956.86020118068,0.0
12016.165078949405,0.0
10367.9183406279,0.0
2620.4021890473973,0.0
2620.4021890473973,0.0
2620.4021890473973,0.0
0.0,0.0
0.0,0.0
0.0,0.0
0.0,0.0
0.0,0.0
0.0,0.0
0.0,0.0
0.0,0.0
0.0,0.0
0.0,0.0
0.0,0.0
0.0,0.0
0.0,0.0
0.0,0.0
0.0,0.0
0.0,0.0
0.0,0.0
0.0,0.0
0.0,0.0
0.0,0.0
6057.197839226896,0.0
6057.197839226896,0.0
6057.197839226896,0.0
6057.197839226896,0.0
6057.197839226896,0.0
6057.197839226896,0.0
6057.197839226896,0.0
6057.197839226896,0.0
6057.197839226896,0.0
12612.818727858557,0.0
12612.818727858557,0.0
6300.031085691986,0.0
6273.022487849986,0.0
6273.022487849986,0.0
6273.022487849986,0.0
6273.022487849986,0.0
6273.022487849986,0.0
0.0,0.0
0.0,0.0
13490.395288465446,0.0
22204.953290747377,0.0
22204.953290747377,0.0
22204.953290747377,0.0
12854.110288370777,0.0
8942.745374364476,0.0
10458.040403457506,0.0
10458.040403457506,0.0
21477.188118345468,0.0
24121.783569918578,0.0
24756.486478296127,0.0
24908.815176306736,0.0
24945.374063829284,0.0
24954.148196834696,0.0
24956.253988755994,0.0
24956.759378817107,0.0
19840.643424127604,0.0
20011.146724564893,0.0
23753.737136226577,0.0
24668.155334210045,0.0
24887.615701726078,0.0
24940.286189929924,0.0
23040.109798483267,0.0
24496.88477315165,0.0
24846.510767072064,0.0
24930.421005612963,0.0
24950.559462862777,0.0
24395.669009179823,0.0
12589.256784886822,0.0
12589.256784886822,0.0
8481.000400661022,0.0
8481.000400661022,0.0
4287.103948844024,0.0
4287.103948844024,0.0
0.0,0.0
0.0,0.0
6174.267334015461,0.0
14456.910938838704,0.0
18910.106886521527,0.0
10610.158493519311,0.0
10610.158493519311,0.0
10610.158493519311,0.0
0.0,0.0
0.0,0.0
0.0,0.0
0.0,0.0
0.0,0.0
0.0,0.0
6989.384851621478,0.0
19617.438614471896,0.0
23675.443688988922,0.0
24649.36490687301,0.0
24883.105999165193,0.0
24939.203861315313,0.0
24952.66734823134,0.0
24955.89858509119,0.0
24956.674081937555,0.0
24956.86020118068,0.0
23429.178134569178,0.0
24590.26117381227,0.0
24868.921103230612,0.0
24935.799486291013,0.0
24951.85029822551,0.0
18523.25285295302,0.0
18523.25285295302,0.0
18523.25285295302,0.0
0.0,0.0
0.0,0.0
0.0,0.0
0.0,0.0
0.0,0.0
0.0,0.0
0.0,0.0
0.0,0.0
0.0,0.0
0.0,0.0
0.0,0.0
0.0,0.0
0.0,0.0
0.0,0.0
0.0,0.0
0.0,0.0
0.0,0.0
0.0,0.0
0.0,0.0
0.0,0.0
0.0,0.0
0.0,0.0
0.0,0.0
0.0,0.0
0.0,0.0
0.0,0.0
0.0,0.0
0.0,0.0
0.0,0.0
0.0,0.0
0.0,0.0
603.2517648701545,0.0
603.2517648701545,0.0
603.2517648701545,0.0
603.2517648701545,0.0
603.2517648701545,0.0
603.2517648701545,0.0
603.2517648701545,0.0
603.2517648701545,0.0
603.2517648701545,0.0
603.2517648701545,0.0
603.2517648701545,0.0
629.9075050966284,0.0
2492.1402367555593,0.0
2492.1402367555593,0.0
2492.1402367555593,0.0
2492.1402367555593,0.0
2492.1402367555593,0.0
0.0,0.0
0.0,0.0
0.0,0.0
0.0,0.0
0.0,0.0
0.0,0.0
0.0,0.0
0.0,0.0
0.0,0.0
0.0,0.0
0.0,0.0
0.0,0.0
0.0,0.0
0.0,0.0
79.27091331787813,0.0
79.27091331787813,0.0
20.900932097144505,0.0
20.900932097144505,0.0
20.900932097144505,0.0
20.900932097144505,0.0
20.900932097144505,0.0
7296.320239253117,0.0
7296.320239253117,0.0
7296.320239253117,0.0
7296.320239253117,0.0
19617.438614508217,0.0
19617.438614508217,0.0
19617.438614508217,0.0
19617.438614508217,0.0
19617.438614508217,0.0
19617.438614508217,0.0
19617.438614508217,0.0
19617.438614508217,0.0
19617.438614508217,0.0
19617.438614508217,0.0
19617.438614508217,0.0
23675.44368899764,0.0
23675.44368899764,0.0
24649.3649068751,0.0
24883.10599916569,0.0
24939.203861315433,0.0
24939.203861315433,0.0
24952.66734823137,0.0
24955.898585091196,0.0
24956.674081937555,0.0
24956.86020118068,0.0
21323.455900811045,0.0
21323.455900811045,0.0
19473.33223889414,0.0
19473.33223889414,0.0
16935.236323641544,0.0
16935.236323641544,0.0
0.0,0.0
0.0,0.0
0.0,0.0
285.84715028985056,0.0
285.84715028985056,0.0
285.84715028985056,0.0
285.84715028985056,0.0
285.84715028985056,0.0
285.84715028985056,0.0
285.84715028985056,0.0
285.84715028985056,0.0
285.84715028985056,0.0
0.0,0.0
0.0,0.0
1120.5163170283495,0.0
1120.5163170283495,0.0
1120.5163170283495,0.0
1120.5163170283495,0.0
1120.5163170283495,0.0
1120.5163170283495,0.0
1120.5163170283495,0.0
1120.5163170283495,0.0
1120.5163170283495,0.0
1120.5163170283495,0.0
1120.5163170283495,0.0
1120.5163170283495,0.0
1120.5163170283495,0.0
1120.5163170283495,0.0
1120.5163170283495,0.0
1120.5163170283495,0.0
1120.5163170283495,0.0
1120.5163170283495,0.0
1120.5163170283495,0.0
1120.5163170283495,0.0
1120.5163170283495,0.0
1120.5163170283495,0.0
306.30340535726066,0.0
5081.042619754824,0.0
5081.042619754824,0.0
5081.042619754824,0.0
5081.042619754824,0.0
5081.042619754824,0.0
5081.042619754824,0.0
5081.042619754824,0.0
5081.042619754824,0.0
5081.042619754824,0.0
5081.042619754824,0.0
5081.042619754824,0.0
5081.042619754824,0.0
5081.042619754824,0.0
5081.042619754824,0.0
5081.042619754824,0.0
5081.042619754824,0.0
5081.042619754824,0.0
5081.042619754824,0.0
5081.042619754824,0.0
5081.042619754824,0.0
5081.042619754824,0.0
15144.828996887913,0.0
22602.017380768764,0.0
22154.04877470286,0.0
18241.96815845886,0.0
18241.96815845886,0.0
18241.96815845886,0.0
23345.330779545795,0.0
23345.330779545795,0.0
15207.216790570694,0.0
7832.207173284594,0.0
4690.314659320293,0.0
3388.980257256692,0.0
3716.415235615775,0.0
5007.043181792952,0.0
3669.451992891854,0.0
1268.2526361022587,0.0
7156.619512016505,0.0
17122.899378445625,0.0
17122.899378445625,0.0
14172.175464177955,0.0
7316.58256049685,0.0
4027.8475078581437,0.0
4027.8475078581437,0.0
4027.8475078581437,0.0
9719.208378690868,0.0
9719.208378690868,0.0
9719.208378690868,0.0
9719.208378690868,0.0
9719.208378690868,0.0
9719.208378690868,0.0
9719.208378690868,0.0
9719.208378690868,0.0
5966.8088656828695,0.0
4688.990875387763,0.0
4688.990875387763,0.0
4688.990875387763,0.0
4688.990875387763,0.0
4688.990875387763,0.0
4688.990875387763,0.0
4688.990875387763,0.0
4688.990875387763,0.0
4902.350588283771,0.0
4902.350588283771,0.0
4902.350588283771,0.0
4902.350588283771,0.0
4902.350588283771,0.0
4902.350588283771,0.0
4902.350588283771,0.0
4902.350588283771,0.0
4902.350588283771,0.0
4902.350588283771,0.0
4902.350588283771,0.0
4902.350588283771,0.0
4902.350588283771,0.0
4902.350588283771,0.0
4902.350588283771,0.0
4902.350588283771,0.0
4902.350588283771,0.0
4902.350588283771,0.0
4902.350588283771,0.0
4902.350588283771,0.0
4902.350588283771,0.0
4902.350588283771,0.0
4902.350588283771,0.0
4902.350588283771,0.0
4902.350588283771,0.0
20143.822562703772,0.0
20143.822562703772,0.0
20143.822562703772,0.0
20143.822562703772,0.0
20143.822562703772,0.0
20143.822562703772,0.0
20143.822562703772,0.0
20143.822562703772,0.0
20143.822562703772,0.0
20143.822562703772,0.0
20143.822562703772,0.0
20143.822562703772,0.0
20143.822562703772,0.0
20143.822562703772,0.0
20143.822562703772,0.0
20143.822562703772,0.0
20143.822562703772,0.0
20143.822562703772,0.0
20143.822562703772,0.0
20143.822562703772,0.0
20143.822562703772,0.0
20143.822562703772,0.0
20143.822562703772,0.0
23675.443688996547,0.0
24649.36490687484,0.0
24883.10599916563,0.0
24939.203861315418,0.0
24952.667348231367,0.0
24952.667348231367,0.0
24955.898585091196,0.0
24956.674081937555,0.0
24956.86020118068,0.0
18835.440473833878,0.0
18835.440473833878,0.0
8312.315748167119,0.0
8312.315748167119,0.0
8312.315748167119,0.0
8312.315748167119,0.0
3934.605987303661,0.0
616.6574665644039,0.0
616.6574665644039,0.0
616.6574665644039,0.0
616.6574665644039,0.0
616.6574665644039,0.0
616.6574665644039,0.0
616.6574665644039,0.0
616.6574665644039,0.0
6140.3799051413425,0.0
9962.58196390385,0.0
1415.3553607830145,0.0
0.0,0.0
0.0,0.0
1982.7465147423977,0.0
8530.051635101696,0.0
8530.051635101696,0.0
8530.051635101696,0.0
16909.63629848082,0.0
16909.63629848082,0.0
19617.438614508217,0.0
23675.44368899764,0.0
24649.3649068751,0.0
24883.10599916569,0.0
24939.203861315433,0.0
24952.66734823137,0.0
24955.898585091196,0.0
24956.674081937555,0.0
24956.86020118068,0.0
22646.90715663458,0.0
13562.455837933674,0.0
6359.224458155204,0.0
17203.596412380844,0.0
23096.12156048707,0.0
24510.327596032563,0.0
15916.064300750279,0.0
3154.1837877459766,0.0
3154.1837877459766,0.0
3154.1837877459766,0.0
3945.800493977647,0.0
4919.1502939876555,0.0
5215.185716547804,0.0
2607.781364036305,0.0
919.3193186238254,0.0
6765.8556424327835,0.0
14563.250639876238,0.0
16865.753629277504,0.0
8073.768289616681,0.0
0.0,0.0
0.0,0.0
3650.2024991454628,0.0
12078.723512029272,0.0
20108.246783596605,0.0
23793.237649578852,0.0
24677.63545741459,0.0
24850.704704731008,0.0
24931.427550651108,0.0
24950.801033671934,0.0
24955.450669596932,0.0
20456.361149243123,0.0
12380.10558242912,0.0
7163.92286912382,0.0
5501.650341553019,0.0
6335.194274374998,0.0
6400.891394367343,0.0
6457.663462926943,0.0
5509.294882139104,0.0
0.0,0.0
11542.14334685386,0.0
21737.372824760594,0.0
24184.22789945821,0.0
24771.473117385638,0.0
24912.41196968822,0.0
24946.23729424084,0.0
24954.35537213347,0.0
24956.3037108277,0.0
24956.771312114313,0.0
23218.967133222115,0.0
10938.674835355314,0.0
10938.674835355314,0.0
10938.674835355314,0.0
10938.674835355314,0.0
10938.674835355314,0.0
10938.674835355314,0.0
10938.674835355314,0.0
10813.010576835653,0.0
10813.010576835653,0.0
10813.010576835653,0.0
10813.010576835653,0.0
10813.010576835653,0.0
10813.010576835653,0.0
10813.010576835653,0.0
10813.010576835653,0.0
11588.979390435188,0.0
10539.014643221717,0.0
10539.014643221717,0.0
10539.014643221717,0.0
0.0,0.0
0.0,0.0
0.0,0.0
0.0,0.0
0.0,0.0
0.0,0.0
0.0,0.0
0.0,0.0
0.0,0.0
0.0,0.0
0.0,0.0
0.0,0.0
0.0,0.0
0.0,0.0
0.0,0.0
0.0,0.0
0.0,0.0
0.0,0.0
0.0,0.0
492.8293586078062,0.0
12696.586946265315,0.0
20732.684753713063,0.0
15779.582102410985,0.0
9560.396579294793,0.0
9560.396579294793,0.0
6563.44054280759,0.0
6563.44054280759,0.0
6857.290683032299,0.0
6857.290683032299,0.0
0.0,0.0
0.0,0.0
0.0,0.0
1679.7251538223204,0.0
2069.300074559201,0.0
0.0,0.0
0.0,0.0
0.0,0.0
0.0,0.0
4180.271533796546,0.0
6720.917838470108,0.0
20580.278702748496,0.0
23675.44368899764,0.0
23675.44368899764,0.0
23675.44368899764,0.0
23675.44368899764,0.0
23675.44368899764,0.0
23675.44368899764,0.0
23675.44368899764,0.0
23675.44368899764,0.0
23675.44368899764,0.0
23675.44368899764,0.0
23675.44368899764,0.0
23675.44368899764,0.0
23675.44368899764,0.0
23675.44368899764,0.0
23675.44368899764,0.0
23675.44368899764,0.0
23675.44368899764,0.0
23675.44368899764,0.0
23675.44368899764,0.0
23675.44368899764,0.0
23675.44368899764,0.0
23675.44368899764,0.0
23675.44368899764,0.0
23675.44368899764,0.0
23675.44368899764,0.0
23675.44368899764,0.0
23675.44368899764,0.0
23675.44368899764,0.0
23675.44368899764,0.0
23675.44368899764,0.0
23675.44368899764,0.0
23675.44368899764,0.0
23675.44368899764,0.0
23675.44368899764,0.0
24649.3649068751,0.0
24883.10599916569,0.0
24939.203861315433,0.0
24952.66734823137,0.0
24955.898585091196,0.0
24956.674081937555,0.0
24956.86020118068,0.0
24007.532441415828,0.0
23271.333693276232,0.0
24552.37850790196,0.0
24859.82926341214,0.0
24933.61744473458,0.0
24951.326608251966,0.0
24955.576807496138,0.0
23161.47023269454,0.0
17738.926447004516,0.0
19208.642976159917,0.0
23577.332735794047,0.0
20943.137192992024,0.0
4289.165636350277,0.0
1914.2725486136187,0.0
1914.2725486136187,0.0
1914.2725486136187,0.0
1914.2725486136187,0.0
1914.2725486136187,0.0
1914.2725486136187,0.0
1914.2725486136187,0.0
1914.2725486136187,0.0
1914.2725486136187,0.0
1914.2725486136187,0.0
1914.2725486136187,0.0
1914.2725486136187,0.0
413.9964442641576,0.0
0.0,0.0
0.0,0.0
0.0,0.0
0.0,0.0
0.0,0.0
0.0,0.0
0.0,0.0
0.0,0.0
0.0,0.0
3268.2835656494904,0.0
3268.2835656494904,0.0
19751.646477271544,0.0
19751.646477271544,0.0
23707.65357606084,0.0
23707.65357606084,0.0
23707.65357606084,0.0
24649.364906874842,0.0
24649.364906874842,0.0
24649.364906874842,0.0
24649.364906874842,0.0
24883.10599916563,0.0
24883.10599916563,0.0
24883.10599916563,0.0
24883.10599916563,0.0
24939.203861315418,0.0
24952.667348231367,0.0
24952.667348231367,0.0
24955.898585091196,0.0
24956.674081937555,0.0
24956.86020118068,0.0
23356.1415417623,0.0
24572.73239153862,0.0
24864.714195484936,0.0
24934.78982843205,0.0
24951.60798033936,0.0
22599.96634678676,0.0
23749.700114247247,0.0
24667.186448935005,0.0
24887.38316926007,0.0
24940.230382138085,0.0
24952.91371322881,0.0
16700.44769932201,0.0
6463.429715445083,0.0
7215.010849160687,0.0
13336.759534661738,0.0
14751.409998586118,0.0
3935.5657149951185,0.0
3935.5657149951185,0.0
3935.5657149951185,0.0
3935.5657149951185,0.0
7015.731594769348,0.0
10498.47539193588,0.0
11651.521089295613,0.0
6453.494518035308,0.0
0.0,0.0
2106.489427956001,0.0
6481.454790394071,0.0
7475.155857544911,0.0
0.0,0.0
0.0,0.0
0.0,0.0
0.0,0.0
0.0,0.0
3473.3830451414033,0.0
3473.3830451414033,0.0
3473.3830451414033,0.0
3473.3830451414033,0.0
3473.3830451414033,0.0
3473.3830451414033,0.0
3473.3830451414033,0.0
3473.3830451414033,0.0
3473.3830451414033,0.0
3473.3830451414033,0.0
3473.3830451414033,0.0
3473.3830451414033,0.0
3473.3830451414033,0.0
3473.3830451414033,0.0
3473.3830451414033,0.0
3473.3830451414033,0.0
3473.3830451414033,0.0
3473.3830451414033,0.0
3473.3830451414033,0.0
3473.3830451414033,0.0
3473.3830451414033,0.0
8684.085639761932,0.0
8684.085639761932,0.0
8684.085639761932,0.0
8684.085639761932,0.0
8684.085639761932,0.0
5432.535577733032,0.0
0.0,0.0
0.0,0.0
0.0,0.0
0.0,0.0
0.0,0.0
0.0,0.0
0.0,0.0
8077.967791017406,0.0
8077.967791017406,0.0
8077.967791017406,0.0
8077.967791017406,0.0
8077.967791017406,0.0
8077.967791017406,0.0
8077.967791017406,0.0
8077.967791017406,0.0
8077.967791017406,0.0
12523.71603416851,0.0
12523.71603416851,0.0
12523.71603416851,0.0
12523.71603416851,0.0
12523.71603416851,0.0
12523.71603416851,0.0
12523.71603416851,0.0
21972.950269716108,0.0
21972.950269716108,0.0
21972.950269716108,0.0
21972.950269716108,0.0
24240.766486247532,0.0
24649.3649068751,0.0
24883.10599916569,0.0
24939.203861315433,0.0
24952.66734823137,0.0
24955.898585091196,0.0
24956.674081937555,0.0
24956.86020118068,0.0
24590.236265840278,0.0
20274.43802413486,0.0
23833.123547308034,0.0
24687.208072869595,0.0
24892.188359004373,0.0
8827.01789863668,0.0
8827.01789863668,0.0
8827.01789863668,0.0
8827.01789863668,0.0
8827.01789863668,0.0
8827.01789863668,0.0
8827.01789863668,0.0
0.0,0.0
0.0,0.0
0.0,0.0
0.0,0.0
0.0,0.0
0.0,0.0
0.0,0.0
0.0,0.0
0.0,0.0
3298.454028518789,0.0
8941.604928671033,0.0
14735.689275094996,0.0
12279.444722633792,0.0
8521.364474817898,0.0
8521.364474817898,0.0
7922.093839637129,0.0
0.0,0.0
0.0,0.0
0.0,0.0
0.0,0.0
0.0,0.0
1563.2324956689426,0.0
7000.524087630133,0.0
12221.536983666294,0.0
5957.43199264489,0.0
0.0,0.0
0.0,0.0
981.456674756264,0.0
6467.563271872765,0.0
1227.6056226650803,0.0
1227.6056226650803,0.0
5266.8455225258,0.0
5266.8455225258,0.0
5266.8455225258,0.0
5266.8455225258,0.0
20231.301346921857,0.0
20231.301346921857,0.0
20231.301346921857,0.0
20231.301346921857,0.0
20231.301346921857,0.0
20231.301346921857,0.0
20231.301346921857,0.0
20231.301346921857,0.0
20231.301346921857,0.0
20231.301346921857,0.0
20231.301346921857,0.0
20231.301346921857,0.0
20231.301346921857,0.0
20231.301346921857,0.0
20231.301346921857,0.0
20231.301346921857,0.0
20231.301346921857,0.0
20231.301346921857,0.0
23822.770744776913,0.0
24649.36490687301,0.0
24883.105999165193,0.0
24939.203861315313,0.0
24952.66734823134,0.0
24955.89858509119,0.0
24956.674081937555,0.0
24956.86020118068,0.0
24157.024559838283,0.0
24764.944315876855,0.0
24910.84505732611,0.0
24945.861235273933,0.0
21291.73206685348,0.0
17858.527226320988,0.0
15601.029185582482,0.0
13215.922488704979,0.0
10938.586458600379,0.0
7226.838543687776,0.0
5722.894984805354,0.0
2218.8596290475552,0.0
0.0,0.0
4488.950297153036,0.0
10342.935657526912,0.0
14837.864738451184,0.0
13447.451070801435,0.0
12629.752289466234,0.0
11397.552744165909,0.0
11211.675280570005,0.0
13812.840492636993,0.0
16463.858853923535,0.0
18245.09194728114,0.0
11822.187230324538,0.0
2420.4536043021653,0.0
5679.794511844262,0.0
19617.438614508217,0.0
23675.44368899764,0.0
24649.3649068751,0.0
24883.10599916569,0.0
24939.203861315433,0.0
24952.66734823137,0.0
24955.898585091196,0.0
24956.674081937555,0.0
24956.86020118068,0.0
20329.456463689974,0.0
9996.991157534081,0.0
13015.64865749163,0.0
18402.437001976148,0.0
17369.95048270183,0.0
1043.7703428473615,0.0
0.0,0.0
0.0,0.0
0.0,0.0
0.0,0.0
0.0,0.0
0.0,0.0
0.0,0.0
0.0,0.0
2633.5338011581066,0.0
11910.551649147454,0.0
15996.08863447615,0.0
2421.5781172761926,0.0
2421.5781172761926,0.0
2421.5781172761926,0.0
2421.5781172761926,0.0
3513.2202549043823,0.0
5164.363694251893,0.0
5842.757319990857,0.0
4947.235606440554,0.0
4947.235606440554,0.0
4947.235606440554,0.0
7928.842526678875,0.0
5832.77694314895,0.0
5832.77694314895,0.0
5832.77694314895,0.0
5832.77694314895,0.0
0.0,0.0
0.0,0.0
0.0,0.0
0.0,0.0
0.0,0.0
0.0,0.0
68.26885686372393,0.0
3837.4093367096116,0.0
2813.1984044979886,0.0
0.0,0.0
0.0,0.0
0.0,0.0
0.0,0.0
2942.179231697831,0.0
7046.421752031956,0.0
9825.67569298479,0.0
6356.462269987091,0.0
2153.0525434778583,0.0
2607.827474141511,0.0
11982.173548154244,0.0
18448.969931892076,0.0
10039.868675784997,0.0
1777.1565121006042,0.0
0.0,0.0
2890.8727746733057,0.0
11124.215305215243,0.0
19022.569296568432,0.0
23055.460703930337,0.0
17129.20724703704,0.0
9094.961236096817,0.0
13708.913106664953,0.0
21883.44453475313,0.0
24219.285109856417,0.0
10417.384450009267,0.0
10417.384450009267,0.0
10417.384450009267,0.0
10417.384450009267,0.0
10417.384450009267,0.0
10417.384450009267,0.0
10417.384450009267,0.0
10417.384450009267,0.0
10417.384450009267,0.0
0.0,0.0
0.0,0.0
0.0,0.0
0.0,0.0
0.0,0.0
0.0,0.0
0.0,0.0
0.0,0.0
5654.558756442028,0.0
5654.558756442028,0.0
5654.558756442028,0.0
5707.583446142652,0.0
5707.583446142652,0.0
5707.583446142652,0.0
7457.618385493097,0.0
7457.618385493097,0.0
10500.950654641081,0.0
10500.950654641081,0.0
10500.950654641081,0.0
10500.950654641081,0.0
10500.950654641081,0.0
17358.297577318073,0.0
14408.841385200672,0.0
8984.775151666148,0.0
8984.775151666148,0.0
14389.54309410944,0.0
22420.748764101932,0.0
23675.443688988922,0.0
24649.36490687301,0.0
24883.105999165193,0.0
24939.203861315313,0.0
24952.66734823134,0.0
24955.89858509119,0.0
24956.674081937555,0.0
24956.86020118068,0.0
22555.62132119831,0.0
24380.60753860326,0.0
24818.60423078045,0.0
24923.723436902976,0.0
19475.908601113042,0.0
11332.999821727843,0.0
11332.999821727843,0.0
2512.431686335138,0.0
2512.431686335138,0.0
2512.431686335138,0.0
2512.431686335138,0.0
0.0,0.0
0.0,0.0
1668.8133418582916,0.0
10084.531442699848,0.0
13665.790875481473,0.0
10273.954528447688,0.0
5708.233840124087,0.0
4313.5302649612,0.0
0.0,0.0
814.4798839855338,0.0
4302.9470205182915,0.0
9307.677814157654,0.0
10037.884873389223,0.0
4681.820616472169,0.0
4681.820616472169,0.0
12359.900265309872,0.0
16260.418631997149,0.0
8197.684851754275,0.0
216.564277082668,0.0
0.0,0.0
4034.2315627982534,0.0
4034.2315627982534,0.0
4034.2315627982534,0.0
4034.2315627982534,0.0
4034.2315627982534,0.0
4034.2315627982534,0.0
4034.2315627982534,0.0
4034.2315627982534,0.0
4034.2315627982534,0.0
4034.2315627982534,0.0
4034.2315627982534,0.0
4034.2315627982534,0.0
15776.736755031352,0.0
15776.736755031352,0.0
15776.736755031352,0.0
15776.736755031352,0.0
15776.736755031352,0.0
15776.736755031352,0.0
15776.736755031352,0.0
15776.736755031352,0.0
15776.736755031352,0.0
15776.736755031352,0.0
15776.736755031352,0.0
15776.736755031352,0.0
15776.736755031352,0.0
15776.736755031352,0.0
15776.736755031352,0.0
15776.736755031352,0.0
15776.736755031352,0.0
15776.736755031352,0.0
15776.736755031352,0.0
15776.736755031352,0.0
15776.736755031352,0.0
15776.736755031352,0.0
12060.621060200148,0.0
10652.026348576148,0.0
10014.21870906965,0.0
9483.30022997095,0.0
9483.30022997095,0.0
9483.30022997095,0.0
8102.515336845817,0.0
8102.515336845817,0.0
8102.515336845817,0.0
8102.515336845817,0.0
8102.515336845817,0.0
2909.319344582901,0.0
463.0954112425002,0.0
463.0954112425002,0.0
0.0,0.0
0.0,0.0
0.0,0.0
0.0,0.0
0.0,0.0
0.0,0.0
0.0,0.0
0.0,0.0
0.0,0.0
0.0,0.0
0.0,0.0
0.0,0.0
0.0,0.0
0.0,0.0
0.0,0.0
0.0,0.0
0.0,0.0
0.0,0.0
0.0,0.0
0.0,0.0
0.0,0.0
0.0,0.0
0.0,0.0
0.0,0.0
0.0,0.0
0.0,0.0
0.0,0.0
0.0,0.0
0.0,0.0
0.0,0.0
0.0,0.0
0.0,0.0
0.0,0.0
0.0,0.0
0.0,0.0
0.0,0.0
0.0,0.0
0.0,0.0
0.0,0.0
0.0,0.0
0.0,0.0
0.0,0.0
0.0,0.0
0.0,0.0
0.0,0.0
0.0,0.0
0.0,0.0
0.0,0.0
0.0,0.0
0.0,0.0
0.0,0.0
0.0,0.0
0.0,0.0
0.0,0.0
0.0,0.0
0.0,0.0
0.0,0.0
0.0,0.0
0.0,0.0
0.0,0.0
0.0,0.0
0.0,0.0
0.0,0.0
0.0,0.0
0.0,0.0
0.0,0.0
0.0,0.0
0.0,0.0
0.0,0.0
0.0,0.0
0.0,0.0
0.0,0.0
0.0,0.0
