PumpedStor,BatteryStor
0.0,0.0
0.0,0.0
0.0,0.0
0.0,0.0
0.0,0.0
0.0,0.0
0.0,0.0
0.0,0.0
0.0,0.0
0.0,0.0
0.0,0.0
384.0163042216894,0.0
92.16391301320549,0.0
22.119339123169308,0.0
5.308641389560647,0.0
1.2740739334945483,0.0
0.0,0.0
0.0,0.0
0.0,0.0
0.0,0.0
0.0,0.0
0.0,0.0
0.30577774403866437,0.0
0.07338665856929082,0.0
0.017612798056632073,0.0
0.004227071533591697,0.0
0.0010144971680574597,0.0
0.0002434793203747176,0.0
5.843503686264738e-5,0.0
1.4024408869772742e-5,0.0
0.0,0.0
0.0,0.0
0.0,0.0
0.0,0.0
0.0,0.0
0.0,0.0
0.0,0.0
0.0,0.0
0.0,0.0
0.0,0.0
0.0,0.0
0.0,0.0
0.0,0.0
0.0,0.0
0.0,0.0
0.0,0.0
3.36585810600809e-6,0.0
8.078059750005194e-7,0.0
1.938734612849657e-7,0.0
4.652957841244642e-8,0.0
1.1167117008881178e-8,0.0
2.6801103558682363e-9,0.0
6.431832844100426e-10,0.0
0.0,0.0
0.0,0.0
0.0,0.0
0.0,0.0
0.0,0.0
1.5438672562595452e-10,0.0
3.7061909097246826e-11,0.0
8.867573342286049e-12,0.0
2.160049916710704e-12,0.0
0.0,0.0
0.0,0.0
0.0,0.0
0.0,0.0
0.0,0.0
0.0,0.0
0.0,0.0
0.0,0.0
0.0,0.0
0.0,0.0
0.0,0.0
0.0,0.0
0.0,0.0
0.0,0.0
0.0,0.0
0.0,0.0
0.0,0.0
0.0,0.0
0.0,0.0
0.0,0.0
384.0163042216894,0.0
92.16391301320547,0.0
22.119339123169365,0.0
5.3086413895606475,0.0
1.2740739334945486,0.0
0.30577774403866437,0.0
0.07338665856929082,0.0
0.01761279805663207,0.0
0.004227071533591697,0.0
0.0,0.0
0.0,0.0
0.0,0.0
0.00101449716805746,0.0
0.0002434793203747176,0.0
5.843503686264738e-5,0.0
1.402440886977274e-5,0.0
3.36585810600809e-6,0.0
8.078059750005193e-7,0.0
1.9387346128496574e-7,0.0
4.652957841244641e-8,0.0
1.1167117008881174e-8,0.0
2.6801103558682367e-9,0.0
0.0,0.0
0.0,0.0
0.0,0.0
8.46411478896062e-10,0.0
0.0,0.0
-5.6843418860808e-14,0.0
0.0,0.0
0.0,0.0
0.0,0.0
0.0,0.0
0.0,0.0
0.0,0.0
0.0,0.0
0.0,0.0
0.0,0.0
0.0,0.0
0.0,0.0
0.0,0.0
0.0,0.0
0.0,0.0
0.0,0.0
0.0,0.0
0.0,0.0
0.0,0.0
0.0,0.0
0.0,0.0
0.0,0.0
0.0,0.0
0.0,0.0
0.0,0.0
0.0,0.0
0.0,0.0
0.0,0.0
0.0,0.0
0.0,0.0
0.0,0.0
0.0,0.0
0.0,0.0
0.0,0.0
0.0,0.0
0.0,0.0
0.0,0.0
0.0,0.0
0.0,0.0
0.0,0.0
0.0,0.0
0.0,0.0
0.0,0.0
0.0,0.0
0.0,0.0
0.0,0.0
0.0,0.0
0.0,0.0
0.0,0.0
0.0,0.0
0.0,0.0
0.0,0.0
0.0,0.0
0.0,0.0
0.0,0.0
0.0,0.0
0.0,0.0
0.0,0.0
0.0,0.0
