PumpedStor,BatteryStor
0.0,0.0
6598.7415952334895,0.0
8182.439578089527,0.0
8562.527093974975,0.0
8653.748097787484,0.0
8675.641138702485,0.0
8680.895468522085,0.0
8682.15650767879,0.0
4338.253239258342,0.0
4338.253239258342,0.0
4338.253239258342,0.0
521.1773361391752,0.0
521.1773361391752,0.0
521.1773361391752,0.0
521.1773361391752,0.0
521.1773361391752,0.0
521.1773361391752,0.0
521.1773361391752,0.0
521.1773361391752,0.0
521.1773361391752,0.0
521.1773361391752,0.0
521.1773361391752,0.0
521.1773361391752,0.0
521.1773361391752,0.0
521.1773361391752,0.0
521.1773361391752,0.0
521.1773361391752,0.0
521.1773361391752,0.0
521.1773361391752,0.0
521.1773361391752,0.0
521.1773361391752,0.0
521.1773361391752,0.0
521.1773361391752,0.0
521.1773361391752,0.0
521.1773361391752,0.0
0.0,0.0
0.0,0.0
0.0,0.0
0.0,0.0
0.0,0.0
0.0,0.0
1198.9885856996777,0.0
3967.627777203169,0.0
3967.627777203169,0.0
3967.627777203169,0.0
3967.627777203169,0.0
3967.627777203169,0.0
3967.627777203169,0.0
3967.627777203169,0.0
3967.627777203169,0.0
3967.627777203169,0.0
3967.627777203169,0.0
3967.627777203169,0.0
3967.627777203169,0.0
3967.627777203169,0.0
2654.1230381482756,0.0
1157.024140545146,0.0
1157.024140545146,0.0
1157.024140545146,0.0
209.08643492100964,0.0
209.08643492100964,0.0
209.08643492100964,0.0
209.08643492100964,0.0
209.08643492100964,0.0
209.08643492100964,0.0
209.08643492100964,0.0
209.08643492100964,0.0
209.08643492100964,0.0
209.08643492100964,0.0
209.08643492100964,0.0
209.08643492100964,0.0
209.08643492100964,0.0
209.08643492100964,0.0
209.08643492100964,0.0
209.08643492100964,0.0
209.08643492100964,0.0
209.08643492100964,0.0
209.08643492100964,0.0
209.08643492100964,0.0
209.08643492100964,0.0
209.08643492100964,0.0
209.08643492100964,0.0
209.08643492100964,0.0
209.08643492100964,0.0
209.08643492100964,0.0
0.0,0.0
1800.5403259519458,0.0
1836.0458376554016,0.0
1836.0458376554016,0.0
1836.0458376554016,0.0
7039.392596270785,0.0
7039.392596270785,0.0
7039.392596270785,0.0
7039.392596270785,0.0
8288.195818338478,0.0
8587.908591634723,0.0
8659.839657225823,0.0
8677.103112967687,0.0
8681.246342345734,0.0
8682.240717396466,0.0
8682.479367408641,0.0
8682.536643411562,0.0
8682.550389652264,0.0
8682.553688750033,0.0
8682.554480533498,0.0
8682.554670561529,0.0
8682.554716168255,0.0
8682.55473057038,0.0
8682.55473057038,0.0
8682.55473057038,0.0
8682.55473057038,0.0
0.0,0.0
0.0,0.0
0.0,0.0
0.0,0.0
0.0,0.0
0.0,0.0
0.0,0.0
0.0,0.0
0.0,0.0
0.0,0.0
0.0,0.0
0.0,0.0
0.0,0.0
0.0,0.0
0.0,0.0
0.0,0.0
0.0,0.0
0.0,0.0
0.0,0.0
0.0,0.0
0.0,0.0
0.0,0.0
0.0,0.0
0.0,0.0
0.0,0.0
0.0,0.0
6598.7415952334895,0.0
8182.439578089527,0.0
8562.527093974975,0.0
8653.748097787484,0.0
8675.641138702485,0.0
8680.895468522085,0.0
8682.15650767879,0.0
8682.459157076399,0.0
8682.531792931824,0.0
8682.549225537126,0.0
8682.5534093624,0.0
8682.554413480464,0.0
8682.554413480464,0.0
8682.554413480464,0.0
0.0,0.0
0.0,0.0
0.0,0.0
0.0,0.0
0.0,0.0
0.0,0.0
6497.237650679554,0.0
8158.078631396569,0.0
3563.9959944083184,0.0
3167.168383962956,0.0
3167.168383962956,0.0
3167.168383962956,0.0
182.65831046085077,0.0
182.65831046085077,0.0
182.65831046085077,0.0
182.65831046085077,0.0
182.65831046085077,0.0
182.65831046085077,0.0
182.65831046085077,0.0
158.94620810540073,0.0
0.0,0.0
0.0,0.0
0.0,0.0
0.0,0.0
0.0,0.0
0.0,0.0
0.0,0.0
0.0,0.0
0.0,0.0
6598.7415952334895,0.0
6598.7415952334895,0.0
8182.439578089527,0.0
8182.439578089527,0.0
8182.439578089527,0.0
8182.439578089527,0.0
8562.527093974975,0.0
8653.748097787484,0.0
8675.641138702485,0.0
8680.895468522085,0.0
8682.15650767879,0.0
8682.459157076399,0.0
8682.531792931824,0.0
8682.549225537126,0.0
8682.5534093624,0.0
8682.554413480464,0.0
8682.5546544688,0.0
8682.554712306,0.0
8682.55473057038,0.0
8682.55473057038,0.0
8682.55473057038,0.0
8682.55473057038,0.0
8472.242891863074,0.0
8472.242891863074,0.0
8472.242891863074,0.0
8472.242891863074,0.0
8472.242891863074,0.0
8472.242891863074,0.0
8472.242891863074,0.0
8472.242891863074,0.0
8472.242891863074,0.0
8472.242891863074,0.0
8472.242891863074,0.0
8472.242891863074,0.0
8472.242891863074,0.0
8472.242891863074,0.0
8472.242891863074,0.0
8472.242891863074,0.0
8472.242891863074,0.0
8472.242891863074,0.0
8472.242891863074,0.0
8472.242891863074,0.0
8472.242891863074,0.0
8472.242891863074,0.0
8472.242891863074,0.0
8472.242891863074,0.0
8472.242891863074,0.0
8472.242891863074,0.0
8472.242891863074,0.0
8472.242891863074,0.0
8472.242891863074,0.0
8472.242891863074,0.0
8472.242891863074,0.0
8472.242891863074,0.0
8632.079889280627,0.0
8670.44076866084,0.0
8670.44076866084,0.0
8670.44076866084,0.0
8670.44076866084,0.0
8679.64737971209,0.0
8679.64737971209,0.0
8679.64737971209,0.0
8681.85696636439,0.0
1257.8112170548884,0.0
1257.8112170548884,0.0
1257.8112170548884,0.0
1257.8112170548884,0.0
6900.616287326662,0.0
6900.616287326662,0.0
6900.616287326662,0.0
6900.616287326662,0.0
6900.616287326662,0.0
6900.616287326662,0.0
6900.616287326662,0.0
6900.616287326662,0.0
8254.889504191888,0.0
8579.915076239542,0.0
8657.921213530979,0.0
8676.642686480924,0.0
8681.13583998891,0.0
8682.214196830828,0.0
8682.473002472887,0.0
8682.535115826982,0.0
8682.550023031965,0.0
8682.55360076116,0.0
8682.554459416167,0.0
8682.55466549337,0.0
8682.55466549337,0.0
8682.554714951897,0.0
8682.55473057038,0.0
8682.55473057038,0.0
8365.768438242074,0.0
4318.904713288444,0.0
3137.391340235113,0.0
5769.687204256568,0.0
1741.3262090453431,0.0
0.0,0.0
0.0,0.0
0.0,0.0
0.0,0.0
0.0,0.0
0.0,0.0
0.0,0.0
1280.2127181642727,0.0
1280.2127181642727,0.0
1280.2127181642727,0.0
1280.2127181642727,0.0
1280.2127181642727,0.0
1280.2127181642727,0.0
6007.121014034026,0.0
6007.121014034026,0.0
3458.1882406906443,0.0
0.0,0.0
0.0,0.0
0.0,0.0
0.0,0.0
0.0,0.0
0.0,0.0
0.0,0.0
0.0,0.0
0.0,0.0
0.0,0.0
0.0,0.0
0.0,0.0
0.0,0.0
6598.7415952334895,0.0
8182.439578089527,0.0
8562.527093974975,0.0
8653.748097787484,0.0
8675.641138702485,0.0
8680.895468522085,0.0
8682.15650767879,0.0
8682.459157076399,0.0
8682.531792931824,0.0
8682.531792931824,0.0
0.0,0.0
0.0,0.0
0.0,0.0
0.0,0.0
0.0,0.0
0.0,0.0
0.0,0.0
6598.7415952334895,0.0
8182.439578089527,0.0
8562.527093974975,0.0
8653.748097787484,0.0
8675.641138702485,0.0
8680.895468522085,0.0
8682.15650767879,0.0
8682.459157076399,0.0
8682.531792931824,0.0
8682.549225537126,0.0
3954.8216821592196,0.0
2438.1255038713334,0.0
2438.1255038713334,0.0
0.0,0.0
0.0,0.0
0.0,0.0
6598.7415952334895,0.0
8182.439578089527,0.0
8562.527093974975,0.0
8653.748097787484,0.0
8675.641138702485,0.0
8680.895468522085,0.0
8682.15650767879,0.0
8682.459157076399,0.0
8682.531792931824,0.0
8682.549225537126,0.0
8682.5534093624,0.0
8682.554413480464,0.0
8682.5546544688,0.0
8682.554712306,0.0
5363.718623345907,0.0
7886.034064836507,0.0
8491.38977079425,0.0
4498.030845613822,0.0
4498.030845613822,0.0
4498.030845613822,0.0
4498.030845613822,0.0
0.0,0.0
0.0,0.0
0.0,0.0
0.0,0.0
0.0,0.0
0.0,0.0
0.0,0.0
3030.530159106556,0.0
0.0,0.0
0.0,0.0
0.0,0.0
0.0,0.0
0.0,0.0
0.0,0.0
0.0,0.0
2384.044332820957,0.0
2384.044332820957,0.0
4367.235409851513,0.0
7646.878093597852,0.0
8433.992337696973,0.0
8622.899756280762,0.0
8622.899756280762,0.0
1728.8272263477356,0.0
1728.8272263477356,0.0
0.0,0.0
0.0,0.0
0.0,0.0
5087.531336476763,0.0
5087.531336476763,0.0
5087.531336476763,0.0
5087.531336476763,0.0
7819.749115987912,0.0
8475.481383070588,0.0
8632.85712717043,0.0
8670.627305754391,0.0
8679.692148614544,0.0
8681.86771090098,0.0
8682.389845849724,0.0
8682.515158237424,0.0
8682.54523321047,0.0
8682.552451204003,0.0
8682.55418352245,0.0
8682.554599278878,0.0
8682.554699060423,0.0
8682.55473057038,0.0
2198.6306602940776,0.0
718.6507320774244,0.0
3061.7997481826187,0.0
3061.7997481826187,0.0
3061.7997481826187,0.0
3061.7997481826187,0.0
0.0,0.0
0.0,0.0
0.0,0.0
0.0,0.0
1671.9704794462089,0.0
3098.078894494538,0.0
4045.8278698159556,0.0
7569.740283989318,0.0
8415.479263390926,0.0
8618.456618447311,0.0
8667.171183660845,0.0
8678.862679312091,0.0
8681.668638268391,0.0
8682.342068417904,0.0
8682.342068417904,0.0
8682.503691653787,0.0
8682.542481230397,0.0
8682.551790728785,0.0
4188.583114392561,0.0
7604.0015426877035,0.0
8423.701965478538,0.0
8620.430066948338,0.0
8667.64481130109,0.0
8678.976349945751,0.0
8681.695919220469,0.0
8682.3486158464,0.0
4768.117176044151,0.0
4768.117176044151,0.0
6166.785842919434,0.0
5701.128204082091,0.0
0.0,0.0
0.0,0.0
0.0,0.0
0.0,0.0
0.0,0.0
0.0,0.0
0.0,0.0
0.0,0.0
0.0,0.0
0.0,0.0
0.0,0.0
0.0,0.0
0.0,0.0
0.0,0.0
0.0,0.0
0.0,0.0
0.0,0.0
0.0,0.0
0.0,0.0
0.0,0.0
0.0,0.0
0.0,0.0
0.0,0.0
0.0,0.0
0.0,0.0
0.0,0.0
0.0,0.0
0.0,0.0
0.0,0.0
0.0,0.0
0.0,0.0
0.0,0.0
0.0,0.0
6598.7415952334895,0.0
8182.439578089527,0.0
8562.527093974975,0.0
7211.967515456619,0.0
7211.967515456619,0.0
7211.967515456619,0.0
1044.953618507987,0.0
1044.953618507987,0.0
1044.953618507987,0.0
1044.953618507987,0.0
1044.953618507987,0.0
0.0,0.0
0.0,0.0
6598.7415952334895,0.0
6598.7415952334895,0.0
6598.7415952334895,0.0
6598.7415952334895,0.0
6598.7415952334895,0.0
6598.7415952334895,0.0
6598.7415952334895,0.0
6598.7415952334895,0.0
6598.7415952334895,0.0
6598.7415952334895,0.0
8182.439578089527,0.0
8562.527093974975,0.0
8653.748097787484,0.0
8675.641138702485,0.0
8680.895468522085,0.0
8682.15650767879,0.0
8682.459157076399,0.0
8682.531792931824,0.0
8682.549225537126,0.0
8682.5534093624,0.0
8682.554413480464,0.0
8682.5546544688,0.0
8682.554712306,0.0
8682.55473057038,0.0
8682.55473057038,0.0
8682.55473057038,0.0
7546.664195391419,0.0
0.0,0.0
0.0,0.0
0.0,0.0
0.0,0.0
0.0,0.0
0.0,0.0
0.0,0.0
0.0,0.0
2056.5924786758783,0.0
6132.839495427159,0.0
5441.882620434395,0.0
132.8910986635019,0.0
132.8910986635019,0.0
132.8910986635019,0.0
132.8910986635019,0.0
132.8910986635019,0.0
132.8910986635019,0.0
132.8910986635019,0.0
132.8910986635019,0.0
132.8910986635019,0.0
132.8910986635019,0.0
132.8910986635019,0.0
132.8910986635019,0.0
132.8910986635019,0.0
132.8910986635019,0.0
132.8910986635019,0.0
0.0,0.0
0.0,0.0
0.0,0.0
0.0,0.0
0.0,0.0
0.0,0.0
0.0,0.0
0.0,0.0
0.0,0.0
0.0,0.0
0.0,0.0
0.0,0.0
0.0,0.0
0.0,0.0
0.0,0.0
0.0,0.0
0.0,0.0
0.0,0.0
5271.905328135188,0.0
7863.998873985935,0.0
3868.379237683819,0.0
3868.379237683819,0.0
3868.379237683819,0.0
3868.379237683819,0.0
3868.379237683819,0.0
3868.379237683819,0.0
3868.379237683819,0.0
3868.379237683819,0.0
0.0,0.0
0.0,0.0
0.0,0.0
0.0,0.0
0.0,0.0
0.0,0.0
0.0,0.0
0.0,0.0
0.0,0.0
0.0,0.0
0.0,0.0
0.0,0.0
0.0,0.0
0.0,0.0
6598.7415952334895,0.0
8182.439578089527,0.0
8562.527093974975,0.0
8653.748097787484,0.0
8675.641138702485,0.0
8680.895468522085,0.0
8682.156507678781,0.0
8682.459157076397,0.0
8682.459157076397,0.0
0.0,0.0
0.0,0.0
0.0,0.0
2548.2989487681407,0.0
7210.333342937843,0.0
8329.221597538572,0.0
7362.121786487174,0.0
231.07949306857518,0.0
231.07949306857518,0.0
231.07949306857518,0.0
231.07949306857518,0.0
231.07949306857518,0.0
231.07949306857518,0.0
231.07949306857518,0.0
231.07949306857518,0.0
231.07949306857518,0.0
231.07949306857518,0.0
1308.2427805482382,0.0
1308.2427805482382,0.0
1308.2427805482382,0.0
1308.2427805482382,0.0
1308.2427805482382,0.0
1308.2427805482382,0.0
1308.2427805482382,0.0
1208.7114860514646,0.0
0.0,0.0
0.0,0.0
0.0,0.0
5618.85527009004,0.0
5618.85527009004,0.0
5618.85527009004,0.0
5618.85527009004,0.0
5618.85527009004,0.0
5618.85527009004,0.0
5618.85527009004,0.0
5618.85527009004,0.0
5618.85527009004,0.0
5618.85527009004,0.0
5618.85527009004,0.0
5618.85527009004,0.0
5618.85527009004,0.0
5618.85527009004,0.0
5618.85527009004,0.0
5618.85527009004,0.0
5618.85527009004,0.0
5618.85527009004,0.0
5618.85527009004,0.0
5618.85527009004,0.0
5618.85527009004,0.0
5618.85527009004,0.0
5618.85527009004,0.0
5618.85527009004,0.0
5618.85527009004,0.0
5618.85527009004,0.0
5618.85527009004,0.0
5618.85527009004,0.0
5618.85527009004,0.0
5618.85527009004,0.0
7947.266860055099,0.0
7947.266860055099,0.0
7947.266860055099,0.0
7947.266860055099,0.0
7947.266860055099,0.0
7947.266860055099,0.0
7947.266860055099,0.0
7947.266860055099,0.0
7947.266860055099,0.0
7947.266860055099,0.0
7947.266860055099,0.0
7947.266860055099,0.0
7947.266860055099,0.0
7947.266860055099,0.0
7947.266860055099,0.0
7947.266860055099,0.0
7947.266860055099,0.0
7947.266860055099,0.0
7947.266860055099,0.0
7947.266860055099,0.0
7947.266860055099,0.0
7947.266860055099,0.0
8506.085641646712,0.0
8506.085641646712,0.0
8506.085641646712,0.0
8506.085641646712,0.0
8506.085641646712,0.0
8506.085641646712,0.0
8506.085641646712,0.0
8506.085641646712,0.0
8640.2021492287,0.0
8672.390111048377,0.0
8680.1152218851,0.0
8681.969248485913,0.0
8682.414214870108,0.0
8682.414214870108,0.0
8682.414214870108,0.0
8682.414214870108,0.0
8682.414214870108,0.0
8682.414214870108,0.0
8682.414214870108,0.0
8682.414214870108,0.0
8682.414214870108,0.0
8682.414214870108,0.0
8682.414214870108,0.0
8682.414214870108,0.0
8682.414214870108,0.0
8682.414214870108,0.0
8682.414214870108,0.0
8682.414214870108,0.0
8682.521006802315,0.0
8682.546636866045,0.0
8682.55278808134,0.0
8682.554264373011,0.0
8682.554618683012,0.0
8682.554703717413,0.0
8682.55473057038,0.0
8682.55473057038,0.0
8682.55473057038,0.0
8682.55473057038,0.0
7276.716374801581,0.0
7276.716374801581,0.0
6771.606330251154,0.0
6771.606330251154,0.0
0.0,0.0
3052.03758910344,0.0
7331.230616618314,0.0
3561.104764212133,0.0
3561.104764212133,0.0
3561.104764212133,0.0
3561.104764212133,0.0
0.0,0.0
0.0,0.0
0.0,0.0
0.0,0.0
0.0,0.0
0.0,0.0
0.0,0.0
1576.2206204960817,0.0
2672.270517242763,0.0
0.0,0.0
0.0,0.0
0.0,0.0
0.0,0.0
0.0,0.0
0.0,0.0
0.0,0.0
6598.7415952334895,0.0
8182.439578089527,0.0
8182.439578089527,0.0
8562.527093974975,0.0
8653.748097787484,0.0
8675.641138702485,0.0
8680.895468522085,0.0
8682.15650767879,0.0
8682.15650767879,0.0
8682.15650767879,0.0
8682.15650767879,0.0
8682.15650767879,0.0
8682.459157076399,0.0
8682.459157076399,0.0
8682.531792931824,0.0
8682.549225537126,0.0
8682.5534093624,0.0
8682.554413480464,0.0
8682.5546544688,0.0
8682.554712305982,0.0
8682.55473057038,0.0
8682.55473057038,0.0
8682.55473057038,0.0
2092.9501396713677,0.0
0.0,0.0
2543.8760769055734,0.0
7209.271853690827,0.0
8328.966840119287,0.0
8597.693636862117,0.0
2937.706952693472,0.0
0.0,0.0
0.0,0.0
452.6700139697804,0.0
1492.475991959349,0.0
2206.8026190373566,0.0
2563.863008442997,0.0
0.0,0.0
0.0,0.0
0.0,0.0
0.0,0.0
0.0,0.0
0.0,0.0
6598.7415952334895,0.0
6598.7415952334895,0.0
6598.7415952334895,0.0
6598.7415952334895,0.0
6598.7415952334895,0.0
6598.7415952334895,0.0
6598.7415952334895,0.0
6598.7415952334895,0.0
6598.7415952334895,0.0
6598.7415952334895,0.0
6598.7415952334895,0.0
6598.7415952334895,0.0
6598.7415952334895,0.0
6598.7415952334895,0.0
6598.7415952334895,0.0
6598.7415952334895,0.0
6598.7415952334895,0.0
6598.7415952334895,0.0
6598.7415952334895,0.0
6598.7415952334895,0.0
6598.7415952334895,0.0
6598.7415952334895,0.0
6598.7415952334895,0.0
6598.7415952334895,0.0
6598.7415952334895,0.0
6598.7415952334895,0.0
8182.439578089527,0.0
8562.527093974975,0.0
8653.748097787484,0.0
8675.641138702485,0.0
8680.895468522085,0.0
8682.15650767879,0.0
8682.459157076399,0.0
8682.459157076399,0.0
8682.459157076399,0.0
8682.459157076399,0.0
8682.459157076399,0.0
8682.459157076399,0.0
8682.459157076399,0.0
8682.459157076399,0.0
8682.459157076399,0.0
8682.459157076399,0.0
8682.459157076399,0.0
8682.459157076399,0.0
8682.459157076399,0.0
8682.459157076399,0.0
8682.459157076399,0.0
8682.459157076399,0.0
8682.459157076399,0.0
8682.459157076399,0.0
8682.459157076399,0.0
8682.459157076399,0.0
8682.459157076399,0.0
8682.531792931824,0.0
8682.549225537126,0.0
8682.5534093624,0.0
8682.554413480464,0.0
8682.5546544688,0.0
8682.554712306,0.0
8682.55473057038,0.0
8682.55473057038,0.0
8682.55473057038,0.0
6176.964427557559,0.0
6176.964427557559,0.0
6176.964427557559,0.0
6176.964427557559,0.0
6176.964427557559,0.0
0.0,0.0
5833.31847878236,0.0
7998.738030141256,0.0
6174.78355311833,0.0
0.0,0.0
0.0,0.0
0.0,0.0
0.0,0.0
0.0,0.0
0.0,0.0
0.0,0.0
0.0,0.0
0.0,0.0
6598.7415952334895,0.0
8182.439578089527,0.0
8562.527093974975,0.0
0.0,0.0
0.0,0.0
0.0,0.0
0.0,0.0
0.0,0.0
0.0,0.0
0.0,0.0
0.0,0.0
2078.265973948721,0.0
7097.525428981182,0.0
8302.147698188972,0.0
8591.257042798843,0.0
8660.643285505212,0.0
8677.29598375474,0.0
8681.292631334627,0.0
8682.2518267538,0.0
7564.973746612678,0.0
7564.973746612678,0.0
7564.973746612678,0.0
7564.973746612678,0.0
0.0,0.0
6598.7415952334895,0.0
8182.439578089527,0.0
8562.527093974975,0.0
8653.748097787484,0.0
8653.748097787484,0.0
8641.469798043105,0.0
2222.975907908358,0.0
2222.975907908358,0.0
2222.975907908358,0.0
2222.975907908358,0.0
2222.975907908358,0.0
2222.975907908358,0.0
2222.975907908358,0.0
2222.975907908358,0.0
0.0,0.0
0.0,0.0
0.0,0.0
0.0,0.0
0.0,0.0
315.3194736391757,0.0
3581.7984873942974,0.0
3581.7984873942974,0.0
3581.7984873942974,0.0
0.0,0.0
6598.7415952334895,0.0
8182.439578089527,0.0
8562.527093974975,0.0
0.0,0.0
0.0,0.0
0.0,0.0
0.0,0.0
0.0,0.0
0.0,0.0
0.0,0.0
0.0,0.0
0.0,0.0
0.0,0.0
0.0,0.0
0.0,0.0
0.0,0.0
0.0,0.0
0.0,0.0
6598.7415952334895,0.0
6598.7415952334895,0.0
6598.7415952334895,0.0
6598.7415952334895,0.0
6598.7415952334895,0.0
6598.7415952334895,0.0
6598.7415952334895,0.0
6598.7415952334895,0.0
6598.7415952334895,0.0
6598.7415952334895,0.0
6598.7415952334895,0.0
6598.7415952334895,0.0
6598.7415952334895,0.0
6598.7415952334895,0.0
6598.7415952334895,0.0
6598.7415952334895,0.0
8182.439578089527,0.0
8562.527093974975,0.0
8653.748097787484,0.0
8675.641138702485,0.0
8680.895468522085,0.0
8682.15650767879,0.0
8682.459157076399,0.0
8682.531792931824,0.0
8682.549225537126,0.0
8682.5534093624,0.0
8682.554413480464,0.0
8682.5546544688,0.0
8682.554712305988,0.0
8682.55473057038,0.0
8682.55473057038,0.0
8682.55473057038,0.0
6876.59479780792,0.0
669.3363821024905,0.0
669.3363821024905,0.0
669.3363821024905,0.0
0.0,0.0
0.0,0.0
0.0,0.0
0.0,0.0
0.0,0.0
0.0,0.0
0.0,0.0
6598.7415952334895,0.0
8182.439578089527,0.0
2914.9888384476963,0.0
2914.9888384476963,0.0
2914.9888384476963,0.0
0.0,0.0
0.0,0.0
0.0,0.0
0.0,0.0
0.0,0.0
0.0,0.0
2375.41421889611,0.0
7168.841007768555,0.0
5566.795758818087,0.0
0.0,0.0
0.0,0.0
0.0,0.0
0.0,0.0
5626.86454048779,0.0
6687.66520256485,0.0
6911.549707992597,0.0
0.0,0.0
0.0,0.0
0.0,0.0
0.0,0.0
0.0,0.0
0.0,0.0
0.0,0.0
0.0,0.0
0.0,0.0
0.0,0.0
0.0,0.0
0.0,0.0
0.0,0.0
1796.9031625651469,0.0
1796.9031625651469,0.0
1796.9031625651469,0.0
2606.0064923011996,0.0
2606.0064923011996,0.0
2606.0064923011996,0.0
2606.0064923011996,0.0
2606.0064923011996,0.0
2606.0064923011996,0.0
2606.0064923011996,0.0
0.0,0.0
0.0,0.0
0.0,0.0
0.0,0.0
0.0,0.0
0.0,0.0
0.0,0.0
0.0,0.0
0.0,0.0
0.0,0.0
0.0,0.0
0.0,0.0
0.0,0.0
0.0,0.0
0.0,0.0
0.0,0.0
0.0,0.0
0.0,0.0
0.0,0.0
0.0,0.0
0.0,0.0
0.0,0.0
0.0,0.0
0.0,0.0
0.0,0.0
0.0,0.0
5540.412592078981,0.0
5540.412592078981,0.0
5540.412592078981,0.0
5540.412592078981,0.0
5540.412592078981,0.0
5540.412592078981,0.0
5540.412592078981,0.0
5540.412592078981,0.0
5540.412592078981,0.0
5540.412592078981,0.0
5540.412592078981,0.0
5540.412592078981,0.0
5540.412592078981,0.0
5540.412592078981,0.0
5540.412592078981,0.0
5540.412592078981,0.0
5540.412592078981,0.0
7928.440617332444,0.0
8501.567343393275,0.0
8639.117757647875,0.0
8672.12985706898,0.0
8680.052760930044,0.0
8681.9542578567,0.0
8682.410617119098,0.0
8682.520143342073,0.0
8682.546429635586,0.0
8682.55273834603,0.0
8682.554252436536,0.0
8682.554252436536,0.0
8682.554252436536,0.0
8682.554252436536,0.0
8682.554252436536,0.0
8682.554252436536,0.0
8682.554252436536,0.0
8682.554252436536,0.0
8682.554252436536,0.0
8682.554252436536,0.0
8682.554252436536,0.0
8682.554252436536,0.0
8682.554252436536,0.0
8682.554252436536,0.0
8682.554252436536,0.0
8682.554615818257,0.0
8682.55470302987,0.0
8682.55473057038,0.0
8682.55473057038,0.0
8682.55473057038,0.0
8023.084539387462,0.0
8524.28188468648,0.0
8644.569247558244,0.0
8673.438214647467,0.0
8680.36676674888,0.0
8682.02961925322,0.0
1252.6120752629504,0.0
0.0,0.0
0.0,0.0
0.0,0.0
0.0,0.0
0.0,0.0
0.0,0.0
0.0,0.0
0.0,0.0
0.0,0.0
0.0,0.0
6598.7415952334895,0.0
6598.7415952334895,0.0
8182.439578089527,0.0
8562.527093974975,0.0
8653.748097787484,0.0
8675.641138702485,0.0
8680.895468522085,0.0
8682.15650767879,0.0
8682.15650767879,0.0
8682.15650767879,0.0
8682.15650767879,0.0
8682.15650767879,0.0
8682.15650767879,0.0
8682.15650767879,0.0
8682.15650767879,0.0
8682.15650767879,0.0
8682.15650767879,0.0
8682.15650767879,0.0
8682.459157076399,0.0
8682.531792931824,0.0
8682.549225537126,0.0
8682.5534093624,0.0
8682.554413480464,0.0
8682.5546544688,0.0
8682.554712306008,0.0
8682.55473057038,0.0
8682.55473057038,0.0
8682.55473057038,0.0
7755.872346534265,0.0
7755.872346534265,0.0
4294.653775280949,0.0
0.0,0.0
6598.7415952334895,0.0
8182.439578089527,0.0
8562.527093974975,0.0
8653.748097787484,0.0
8653.748097787484,0.0
6418.181974335162,0.0
0.0,0.0
2755.6059457387855,0.0
7260.087022210798,0.0
8341.16248056408,0.0
8600.620590568868,0.0
8662.890536970017,0.0
8677.835324106292,0.0
8681.422073018999,0.0
8682.282892758049,0.0
8682.489489495421,0.0
8682.53907271239,0.0
8682.550972684463,0.0
8682.553828677761,0.0
8682.55451411615,0.0
8682.554678621365,0.0
8682.554678621365,0.0
0.0,0.0
0.0,0.0
0.0,0.0
6598.7415952334895,0.0
8182.439578089527,0.0
8562.527093974975,0.0
2082.638751698809,0.0
2082.638751698809,0.0
2082.638751698809,0.0
730.0120887163102,0.0
730.0120887163102,0.0
730.0120887163102,0.0
730.0120887163102,0.0
0.0,0.0
654.8986506679757,0.0
6755.917271393803,0.0
8220.161740368001,0.0
8571.580412921809,0.0
8655.920894334724,0.0
8676.162609873823,0.0
8681.020621603207,0.0
8682.186544418259,0.0
8682.466365893872,0.0
8682.466365893872,0.0
0.0,0.0
0.0,0.0
0.0,0.0
6598.7415952334895,0.0
8182.439578089527,0.0
8562.527093974975,0.0
8653.748097787484,0.0
8675.641138702485,0.0
8680.895468522085,0.0
8682.15650767879,0.0
8682.459157076399,0.0
8682.531792931824,0.0
3785.1109534241223,0.0
0.0,0.0
0.0,0.0
0.0,0.0
0.0,0.0
0.0,0.0
0.0,0.0
0.0,0.0
0.0,0.0
0.0,0.0
0.0,0.0
0.0,0.0
0.0,0.0
6598.7415952334895,0.0
6598.7415952334895,0.0
6598.7415952334895,0.0
6598.7415952334895,0.0
6598.7415952334895,0.0
6598.7415952334895,0.0
6598.7415952334895,0.0
6598.7415952334895,0.0
8182.439578089527,0.0
8562.527093974975,0.0
8653.748097787484,0.0
8675.641138702485,0.0
8680.895468522085,0.0
8682.15650767879,0.0
8682.459157076399,0.0
8682.531792931824,0.0
8682.549225537126,0.0
8682.5534093624,0.0
8682.554413480464,0.0
8682.5546544688,0.0
8682.55471230601,0.0
8682.55471230601,0.0
8682.55473057038,0.0
5165.7474680747255,0.0
0.0,0.0
6598.7415952334895,0.0
8182.439578089527,0.0
8562.527093974975,0.0
8653.748097787484,0.0
8675.641138702485,0.0
8680.895468522085,0.0
8682.15650767879,0.0
8682.459157076399,0.0
8682.459157076399,0.0
8682.459157076399,0.0
0.0,0.0
0.0,0.0
4034.001049112263,0.0
7566.901847020432,0.0
8414.798038518393,0.0
8618.293124477903,0.0
8035.77723885432,0.0
8527.328132558527,0.0
8645.300347047536,0.0
8673.613678524898,0.0
8680.408878079465,0.0
8682.039725972561,0.0
3491.4668292222814,0.0
0.0,0.0
4746.145839403711,0.0
7737.81659669038,0.0
8455.81757843918,0.0
8628.137814058893,0.0
8669.494670607623,0.0
8679.42031617932,0.0
8679.42031617932,0.0
8681.802471116525,0.0
8682.374188301455,0.0
8682.511400425838,0.0
8682.54433133569,0.0
8682.552234754055,0.0
8682.554131574463,0.0
8682.55458681136,0.0
8682.554696068215,0.0
8682.554722289851,0.0
8682.55473057038,0.0
8682.55473057038,0.0
8682.55473057038,0.0
8682.55473057038,0.0
8682.55473057038,0.0
8682.55473057038,0.0
8682.55473057038,0.0
0.0,0.0
6598.7415952334895,0.0
8182.439578089527,0.0
8562.527093974975,0.0
8653.748097787484,0.0
5874.368361744455,0.0
0.0,0.0
6598.7415952334895,0.0
8182.439578089527,0.0
8562.527093974975,0.0
8562.527093974975,0.0
1126.114187570949,0.0
1126.114187570949,0.0
0.0,0.0
3670.431176397382,0.0
7479.645077568861,0.0
8393.856413850015,0.0
3695.7563321902544,0.0
3695.7563321902544,0.0
3695.7563321902544,0.0
0.0,0.0
0.0,0.0
0.0,0.0
0.0,0.0
0.0,0.0
0.0,0.0
2560.9511574331773,0.0
7213.369873017452,0.0
8329.950364757678,0.0
230.0357081576185,0.0
230.0357081576185,0.0
0.0,0.0
0.0,0.0
0.0,0.0
0.0,0.0
0.0,0.0
0.0,0.0
6500.98723874308,0.0
8158.978532531828,0.0
8556.896443041127,0.0
8652.39674156336,0.0
8675.316813208696,0.0
8680.817630403577,0.0
8682.137826530348,0.0
8682.454673600772,0.0
8682.530716897674,0.0
8682.530716897674,0.0
0.0,0.0
0.0,0.0
0.0,0.0
0.0,0.0
0.0,0.0
0.0,0.0
0.0,0.0
0.0,0.0
6598.7415952334895,0.0
8182.439578089527,0.0
8562.527093974975,0.0
8653.748097787484,0.0
8675.641138702485,0.0
4554.515335374013,0.0
7691.825275723252,0.0
8444.77966140707,0.0
8625.488713971186,0.0
8668.858886586573,0.0
8679.267728014267,0.0
8681.765849956913,0.0
8682.365399223148,0.0
8682.509291047045,0.0
8682.54382508478,0.0
8682.552113253836,0.0
6254.9544133630325,0.0
0.0,0.0
0.0,0.0
3139.430551268853,0.0
3678.241027485474,0.0
3359.762046691406,0.0
3359.762046691406,0.0
3359.762046691406,0.0
3359.762046691406,0.0
0.0,0.0
0.0,0.0
0.0,0.0
0.0,0.0
0.0,0.0
0.0,0.0
5960.314105999222,0.0
8029.216980673302,0.0
8029.216980673302,0.0
0.0,0.0
0.0,0.0
0.0,0.0
0.0,0.0
0.0,0.0
0.0,0.0
0.0,0.0
0.0,0.0
6528.591808933583,0.0
8165.603629377549,0.0
8558.486466284101,0.0
8652.778347141673,0.0
8675.40839854749,0.0
8680.839610884886,0.0
8682.143101845862,0.0
8682.455939676496,0.0
8682.531020755849,0.0
8682.531020755849,0.0
0.0,0.0
0.0,0.0
4205.022582538931,0.0
7607.947015042832,0.0
8424.64887884377,0.0
8620.657326155993,0.0
7870.347427942837,0.0
1943.630776691307,0.0
1943.630776691307,0.0
1130.142771862871,0.0
1130.142771862871,0.0
1130.142771862871,0.0
1130.142771862871,0.0
1130.142771862871,0.0
0.0,0.0
5493.341737249328,0.0
7917.143612173328,0.0
8498.856062155088,0.0
0.0,0.0
0.0,0.0
0.0,0.0
0.0,0.0
6094.3022598687385,0.0
8061.374137601986,0.0
8533.471388257965,0.0
0.0,0.0
0.0,0.0
6598.7415952334895,0.0
8182.439578089528,0.0
8562.527093974975,0.0
0.0,0.0
0.0,0.0
0.0,0.0
0.0,0.0
6598.7415952334895,0.0
8182.439578089527,0.0
8562.527093974975,0.0
755.2471228801733,0.0
0.0,0.0
6598.7415952334895,0.0
8182.439578089527,0.0
8562.527093974975,0.0
8653.748097787484,0.0
8675.641138702485,0.0
8680.895468522085,0.0
8682.15650767879,0.0
8682.459157076399,0.0
8682.531792931824,0.0
7460.603550466905,0.0
0.0,0.0
0.0,0.0
6598.7415952334895,0.0
8182.439578089527,0.0
8562.527093974975,0.0
4948.907165803434,0.0
4948.907165803434,0.0
0.0,0.0
0.0,0.0
0.0,0.0
0.0,0.0
0.0,0.0
0.0,0.0
0.0,0.0
4743.894281820092,0.0
7737.276222870311,0.0
8455.687888722365,0.0
8628.106688526857,0.0
8628.106688526857,0.0
7610.144124381606,0.0
0.0,0.0
0.0,0.0
0.0,0.0
0.0,0.0
0.0,0.0
0.0,0.0
0.0,0.0
0.0,0.0
0.0,0.0
0.0,0.0
0.0,0.0
6598.7415952334895,0.0
6598.7415952334895,0.0
6598.7415952334895,0.0
6598.7415952334895,0.0
8182.439578089527,0.0
8182.439578089527,0.0
8182.439578089527,0.0
8182.439578089527,0.0
8562.527093974975,0.0
8562.527093974975,0.0
8562.527093974975,0.0
8562.527093974975,0.0
8653.748097787484,0.0
8653.748097787484,0.0
8653.748097787484,0.0
8653.748097787484,0.0
8675.641138702485,0.0
8675.641138702485,0.0
8675.641138702485,0.0
8675.641138702485,0.0
8680.895468522085,0.0
8682.15650767879,0.0
8682.15650767879,0.0
8682.15650767879,0.0
8682.459157076399,0.0
8682.531792931824,0.0
8682.531792931824,0.0
8682.531792931824,0.0
8682.549225537126,0.0
8682.5534093624,0.0
8682.554413480464,0.0
8682.5546544688,0.0
8682.554712305995,0.0
8682.55473057038,0.0
8682.55473057038,0.0
8682.55473057038,0.0
8682.55473057038,0.0
8682.55473057038,0.0
8682.55473057038,0.0
8682.55473057038,0.0
8013.613159264411,0.0
1709.6473284795575,0.0
7009.056954068583,0.0
8280.915264209949,0.0
8586.161258643877,0.0
8659.42029730802,0.0
8677.002466587413,0.0
7970.932216724643,0.0
7970.932216724643,0.0
8511.765327247404,0.0
8511.765327247404,0.0
8511.765327247404,0.0
0.0,0.0
0.0,0.0
0.0,0.0
4705.1155218033055,0.0
7727.969320466283,0.0
8453.454232145397,0.0
0.0,0.0
0.0,0.0
0.0,0.0
0.0,0.0
0.0,0.0
0.0,0.0
0.0,0.0
0.0,0.0
0.0,0.0
684.5706117786925,0.0
684.5706117786925,0.0
684.5706117786925,0.0
684.5706117786925,0.0
684.5706117786925,0.0
684.5706117786925,0.0
0.0,0.0
0.0,0.0
0.0,0.0
0.0,0.0
0.0,0.0
0.0,0.0
0.0,0.0
0.0,0.0
0.0,0.0
0.0,0.0
0.0,0.0
2275.1502337301863,0.0
2275.1502337301863,0.0
2275.1502337301863,0.0
2275.1502337301863,0.0
7144.777651328734,0.0
7144.777651328734,0.0
7144.777651328734,0.0
7144.777651328734,0.0
8313.488231552385,0.0
8593.978770806061,0.0
8661.296500226943,0.0
8677.452755287955,0.0
8681.330256502599,0.0
8682.260856794113,0.0
8682.484200864077,0.0
8682.484200864077,0.0
8682.484200864077,0.0
8682.484200864077,0.0
8682.484200864077,0.0
8682.537803440868,0.0
8682.550668059297,0.0
8682.55375556772,0.0
8682.554496569743,0.0
8682.554674410227,0.0
8682.554717091944,0.0
8682.55473057038,0.0
8682.55473057038,0.0
8682.55473057038,0.0
4573.61755529218,0.0
0.0,0.0
6598.7415952334895,0.0
8182.439578089527,0.0
8562.527093974975,0.0
8653.748097787484,0.0
8675.641138702485,0.0
5587.369149864033,0.0
7939.710191200857,0.0
8504.272041121694,0.0
4147.433537968727,0.0
4147.433537968727,0.0
4147.433537968727,0.0
0.0,0.0
0.0,0.0
0.0,0.0
0.0,0.0
0.0,0.0
0.0,0.0
0.0,0.0
0.0,0.0
0.0,0.0
0.0,0.0
0.0,0.0
0.0,0.0
0.0,0.0
0.0,0.0
3237.6908842057965,0.0
7375.78740744288,0.0
8368.930573019781,0.0
3501.312805961865,0.0
3501.312805961865,0.0
3501.312805961865,0.0
0.0,0.0
0.0,0.0
0.0,0.0
0.0,0.0
0.0,0.0
0.0,0.0
2303.039796973855,0.0
2303.039796973855,0.0
2303.039796973855,0.0
2303.039796973855,0.0
2303.039796973855,0.0
2303.039796973855,0.0
2303.039796973855,0.0
2303.039796973855,0.0
2303.039796973855,0.0
2303.039796973855,0.0
0.0,0.0
6598.7415952334895,0.0
6598.7415952334895,0.0
6598.7415952334895,0.0
8182.439578089527,0.0
8562.527093974975,0.0
8653.748097787484,0.0
8675.641138702485,0.0
8680.895468522085,0.0
8682.15650767879,0.0
8682.459157076399,0.0
8682.531792931824,0.0
8682.549225537126,0.0
8682.5534093624,0.0
8682.554413480464,0.0
8682.5546544688,0.0
8682.554712306,0.0
8682.55473057038,0.0
8682.55473057038,0.0
8682.55473057038,0.0
4343.907594240933,0.0
0.0,0.0
0.0,0.0
0.0,0.0
0.0,0.0
0.0,0.0
6598.7415952334895,0.0
8182.439578089527,0.0
8562.527093974975,0.0
8653.748097787484,0.0
1074.3897998531065,0.0
1698.8549718010509,0.0
7006.466788465741,0.0
8280.293624465266,0.0
8586.012065105153,0.0
3442.140480559812,0.0
0.0,0.0
6598.7415952334895,0.0
8182.439578089527,0.0
8562.527093974975,0.0
8653.748097787484,0.0
8675.641138702485,0.0
6330.432497975322,0.0
8118.045394747566,0.0
8547.072489972905,0.0
8650.038992826987,0.0
8674.750953511966,0.0
1923.8352114811014,0.0
0.0,0.0
6598.7415952334895,0.0
8182.439578089527,0.0
8562.527093974975,0.0
8653.748097787484,0.0
8675.641138702485,0.0
7355.851314217158,0.0
8364.145910645608,0.0
8606.136613788434,0.0
8664.214382542714,0.0
8678.153047043741,0.0
5367.397359091619,0.0
0.0,0.0
6598.7415952334895,0.0
8182.439578089527,0.0
8562.527093974975,0.0
8653.748097787484,0.0
8675.641138702485,0.0
8680.895468522085,0.0
8682.15650767879,0.0
8682.459157076399,0.0
8682.531792931824,0.0
8682.549225537126,0.0
8682.5534093624,0.0
0.0,0.0
5516.05564296716,0.0
5516.05564296716,0.0
5516.05564296716,0.0
5516.05564296716,0.0
5516.05564296716,0.0
5516.05564296716,0.0
5516.05564296716,0.0
5516.05564296716,0.0
5516.05564296716,0.0
7922.594949545608,0.0
8500.164383124435,0.0
0.0,0.0
6598.7415952334895,0.0
8182.439578089527,0.0
8562.527093974975,0.0
8653.748097787484,0.0
8675.641138702485,0.0
4275.166248735067,0.0
4275.166248735067,0.0
7624.7814949299045,0.0
8428.689154016665,0.0
8621.626992197489,0.0
8667.932073360886,0.0
8518.981463205964,0.0
8643.297146402921,0.0
8673.13291037019,0.0
8680.293493722334,0.0
8682.012033726849,0.0
8682.424483327932,0.0
8682.424483327932,0.0
1616.7405850636735,0.0
1616.7405850636735,0.0
0.0,0.0
411.19845204573767,0.0
2142.8219429412657,0.0
0.0,0.0
6598.7415952334895,0.0
8182.439578089527,0.0
8562.527093974975,0.0
8653.748097787484,0.0
8675.641138702485,0.0
8675.641138702485,0.0
1356.2907055156866,0.0
0.0,0.0
0.0,0.0
6598.7415952334895,0.0
3825.431113000513,0.0
0.0,0.0
6598.7415952334895,0.0
8182.439578089527,0.0
8562.527093974975,0.0
8653.748097787484,0.0
8675.641138702485,0.0
8675.641138702485,0.0
8675.641138702485,0.0
0.0,0.0
0.0,0.0
0.0,0.0
0.0,0.0
0.0,0.0
0.0,0.0
6412.647783299675,0.0
8137.7770632254105,0.0
8551.808090407587,0.0
8551.808090407587,0.0
0.0,0.0
0.0,0.0
0.0,0.0
0.0,0.0
0.0,0.0
0.0,0.0
0.0,0.0
0.0,0.0
6598.7415952334895,0.0
8182.439578089527,0.0
8562.527093974975,0.0
0.0,0.0
0.0,0.0
0.0,0.0
0.0,0.0
0.0,0.0
0.0,0.0
283.5934049248244,0.0
0.0,0.0
6598.7415952334895,0.0
6598.7415952334895,0.0
8182.439578089527,0.0
8562.527093974975,0.0
8653.748097787484,0.0
8675.641138702485,0.0
8680.895468522085,0.0
8680.895468522085,0.0
8680.895468522085,0.0
8680.895468522085,0.0
8680.895468522085,0.0
8680.895468522085,0.0
8680.895468522085,0.0
8680.895468522085,0.0
8680.895468522085,0.0
8680.895468522085,0.0
8680.895468522085,0.0
8680.895468522085,0.0
8682.15650767879,0.0
8682.459157076399,0.0
8682.531792931824,0.0
8682.549225537126,0.0
8682.5534093624,0.0
8682.554413480464,0.0
8682.5546544688,0.0
8682.554712306004,0.0
8682.55473057038,0.0
8682.55473057038,0.0
8682.55473057038,0.0
7175.280671691845,0.0
7175.280671691845,0.0
0.0,0.0
0.0,0.0
0.0,0.0
0.0,0.0
0.0,0.0
0.0,0.0
6598.7415952334895,0.0
8182.439578089527,0.0
8562.527093974975,0.0
8653.748097787484,0.0
8653.748097787484,0.0
7034.230950749361,0.0
3613.217426026271,0.0
3613.217426026271,0.0
1700.8083120087322,0.0
1700.8083120087322,0.0
0.0,0.0
0.0,0.0
0.0,0.0
0.0,0.0
1529.3494696089983,0.0
1529.3494696089983,0.0
6965.785467939649,0.0
8270.530107539005,0.0
8583.668821042851,0.0
8658.822112283773,0.0
8676.858902181595,0.0
8681.187731757072,0.0
1140.28754263265,0.0
6872.410605465325,0.0
8248.120140545167,0.0
8578.290428964328,0.0
8657.531298184927,0.0
8676.549106797871,0.0
8287.172612494142,0.0
8587.663022232084,0.0
8659.78072056919,0.0
8677.088968170101,0.0
8681.242947594314,0.0
5597.29979077445,0.0
4404.58792180924,0.0
0.0,0.0
3621.7857186504443,0.0
7467.970167709596,0.0
6762.768525099973,0.0
0.0,0.0
0.0,0.0
0.0,0.0
0.0,0.0
0.0,0.0
0.0,0.0
0.0,0.0
0.0,0.0
0.0,0.0
0.0,0.0
0.0,0.0
0.0,0.0
0.0,0.0
0.0,0.0
0.0,0.0
0.0,0.0
0.0,0.0
0.0,0.0
0.0,0.0
0.0,0.0
218.41886563799562,0.0
6651.162122986608,0.0
8195.020504750275,0.0
8565.546516373555,0.0
8654.472759163142,0.0
8675.815057432643,0.0
8680.937209017324,0.0
8682.166525397646,0.0
8682.46156132892,0.0
8682.53236995243,0.0
0.0,0.0
961.9367953880501,0.0
6829.606426126621,0.0
8237.847137503879,0.0
8575.82490823442,0.0
8656.93957320975,0.0
8676.407092803829,0.0
8676.407092803829,0.0
0.0,0.0
0.0,0.0
6598.7415952334895,0.0
8182.439578089527,0.0
8562.527093974975,0.0
4663.345582168535,0.0
7717.944534953937,0.0
8451.048283622435,0.0
8626.993183302873,0.0
8669.219959226179,0.0
8679.354385447772,0.0
2975.8273044158814,0.0
2975.8273044158814,0.0
0.0,0.0
0.0,0.0
0.0,0.0
0.0,0.0
0.0,0.0
0.0,0.0
6598.7415952334895,0.0
8182.439578089528,0.0
8562.527093974975,0.0
699.7028214216516,0.0
0.0,0.0
3216.862155138624,0.0
7370.788512466759,0.0
8367.73083822551,0.0
8606.996996407612,0.0
8664.420874371315,0.0
8678.202605082604,0.0
8681.510220453314,0.0
8682.304048142285,0.0
8682.494566787638,0.0
8682.540291262521,0.0
8682.551265136493,0.0
3378.936750363915,0.0
434.80557958310965,0.0
6703.094934333435,0.0
8207.484379473513,0.0
8568.537846307132,0.0
8632.371318630256,0.0
0.0,0.0
6598.7415952334895,0.0
8182.439578089527,0.0
8562.527093974975,0.0
8653.748097787484,0.0
2952.9593001611865,0.0
2952.9593001611865,0.0
2952.9593001611865,0.0
377.8921897142063,0.0
377.8921897142063,0.0
377.8921897142063,0.0
377.8921897142063,0.0
0.0,0.0
6598.7415952334895,0.0
8182.439578089527,0.0
8562.527093974975,0.0
8653.748097787484,0.0
8675.641138702485,0.0
7342.901391783118,0.0
8361.037929261438,0.0
8605.390698256233,0.0
8664.035362814984,0.0
8567.61080233554,0.0
8567.61080233554,0.0
107.75100455823667,0.0
107.75100455823667,0.0
107.75100455823667,0.0
107.75100455823667,0.0
107.75100455823667,0.0
107.75100455823667,0.0
107.75100455823667,0.0
107.75100455823667,0.0
107.75100455823667,0.0
107.75100455823667,0.0
107.75100455823667,0.0
107.75100455823667,0.0
0.0,0.0
2689.8165904583075,0.0
7244.297576943482,0.0
8337.373013699926,0.0
8599.71111852147,0.0
7109.096061325461,0.0
0.0,0.0
1504.7500436443006,0.0
1504.7500436443006,0.0
1504.7500436443006,0.0
1504.7500436443006,0.0
6959.881605708121,0.0
6959.881605708121,0.0
6959.881605708121,0.0
6959.881605708121,0.0
8269.11318060344,0.0
8269.11318060344,0.0
8269.11318060344,0.0
8269.11318060344,0.0
8583.328758578315,0.0
8583.328758578315,0.0
8583.328758578315,0.0
8583.328758578315,0.0
8658.740497292285,0.0
8676.839314583638,0.0
8676.839314583638,0.0
8676.839314583638,0.0
8681.183030733562,0.0
8682.225522609544,0.0
8682.475720659779,0.0
8682.535768191836,0.0
8682.55017959953,0.0
8682.553638337376,0.0
8682.554468434459,0.0
8682.55466765776,0.0
8682.554715471346,0.0
8682.55473057038,0.0
8682.55473057038,0.0
8682.55473057038,0.0
8682.55473057038,0.0
8682.55473057038,0.0
8682.55473057038,0.0
3272.9809468513213,0.0
4888.46241583652,0.0
7771.972575034254,0.0
8464.01501324171,0.0
8464.01501324171,0.0
0.0,0.0
0.0,0.0
0.0,0.0
0.0,0.0
0.0,0.0
0.0,0.0
0.0,0.0
0.0,0.0
0.0,0.0
0.0,0.0
5568.268055691716,0.0
5568.268055691716,0.0
5568.268055691716,0.0
5568.268055691716,0.0
5568.268055691716,0.0
5568.268055691716,0.0
5568.268055691716,0.0
5568.268055691716,0.0
5568.268055691716,0.0
5568.268055691716,0.0
5568.268055691716,0.0
5568.268055691716,0.0
5568.268055691716,0.0
5568.268055691716,0.0
7935.125928599501,0.0
7935.125928599501,0.0
7935.125928599501,0.0
7935.125928599501,0.0
8503.17181809737,0.0
8639.502831576858,0.0
8672.222274811935,0.0
8680.074941188353,0.0
8681.959581118694,0.0
8682.411894701976,0.0
8682.520449961963,0.0
8682.546503224361,0.0
8682.552756007335,0.0
8682.55425667525,0.0
8682.554616835549,0.0
8682.55470327402,0.0
8682.55473057038,0.0
8682.55473057038,0.0
8682.55473057038,0.0
8682.55473057038,0.0
8682.55473057038,0.0
8682.55473057038,0.0
5501.3418384039,0.0
5501.3418384039,0.0
5501.3418384039,0.0
0.0,0.0
406.4265532299323,0.0
6696.283968008673,0.0
8205.849747555578,0.0
8568.145534646828,0.0
5231.83547863039,0.0
5231.83547863039,0.0
5231.83547863039,0.0
0.0,0.0
0.0,0.0
0.0,0.0
0.0,0.0
0.0,0.0
0.0,0.0
6598.7415952334895,0.0
8182.439578089527,0.0
8562.527093974975,0.0
712.2393060478134,0.0
712.2393060478134,0.0
712.2393060478134,0.0
0.0,0.0
0.0,0.0
0.0,0.0
0.0,0.0
0.0,0.0
0.0,0.0
5256.294112499163,0.0
7860.252182233288,0.0
8485.202118969479,0.0
1192.6989442327504,0.0
1192.6989442327504,0.0
1192.6989442327504,0.0
1192.6989442327504,0.0
1192.6989442327504,0.0
1192.6989442327504,0.0
1192.6989442327504,0.0
209.90350336767779,0.0
209.90350336767779,0.0
209.90350336767779,0.0
209.90350336767779,0.0
209.90350336767779,0.0
209.90350336767779,0.0
209.90350336767779,0.0
209.90350336767779,0.0
816.6609132587473,0.0
816.6609132587473,0.0
816.6609132587473,0.0
816.6609132587473,0.0
816.6609132587473,0.0
816.6609132587473,0.0
816.6609132587473,0.0
816.6609132587473,0.0
0.0,0.0
0.0,0.0
0.0,0.0
0.0,0.0
3471.5578798794377,0.0
7431.915486404554,0.0
8382.401311970581,0.0
6295.601318859176,0.0
0.0,0.0
0.0,0.0
1821.047643086832,0.0
5353.800560687618,0.0
5923.440402582899,0.0
0.0,0.0
0.0,0.0
0.0,0.0
0.0,0.0
0.0,0.0
0.0,0.0
0.0,0.0
0.0,0.0
0.0,0.0
2766.452857340577,0.0
7262.690280995227,0.0
8341.787262672344,0.0
4312.652295120322,0.0
882.699488594284,0.0
882.699488594284,0.0
3144.307774562887,0.0
0.0,0.0
0.0,0.0
0.0,0.0
0.0,0.0
0.0,0.0
2112.5866738388127,0.0
7105.762396954804,0.0
7105.762396954804,0.0
301.8148527310277,0.0
301.8148527310277,0.0
0.0,0.0
0.0,0.0
0.0,0.0
0.0,0.0
0.0,0.0
0.0,0.0
0.0,0.0
0.0,0.0
1074.650926775357,0.0
210.22742266821274,0.0
210.22742266821274,0.0
210.22742266821274,0.0
210.22742266821274,0.0
0.0,0.0
0.0,0.0
0.0,0.0
0.0,0.0
0.0,0.0
0.0,0.0
0.0,0.0
5671.102886366186,0.0
7959.8062879613735,0.0
1886.7122155389316,0.0
1886.7122155389316,0.0
1886.7122155389316,0.0
1886.7122155389316,0.0
0.0,0.0
1818.1681387794606,0.0
1818.1681387794606,0.0
0.0,0.0
0.0,0.0
5764.8477623185545,0.0
7982.305058189941,0.0
7982.305058189941,0.0
7982.305058189941,0.0
0.0,0.0
0.0,0.0
0.0,0.0
0.0,0.0
0.0,0.0
0.0,0.0
0.0,0.0
0.0,0.0
0.0,0.0
0.0,0.0
0.0,0.0
0.0,0.0
0.0,0.0
0.0,0.0
0.0,0.0
0.0,0.0
0.0,0.0
0.0,0.0
0.0,0.0
0.0,0.0
6598.7415952334895,0.0
8182.439578089527,0.0
8562.527093974975,0.0
8653.748097787484,0.0
8675.641138702485,0.0
8680.895468522085,0.0
8682.15650767879,0.0
8682.459157076399,0.0
6744.69182464184,0.0
0.0,0.0
0.0,0.0
6598.7415952334895,0.0
8182.439578089527,0.0
8562.527093974975,0.0
8653.748097787484,0.0
8675.641138702485,0.0
8680.895468522085,0.0
8682.15650767879,0.0
8682.459157076399,0.0
8682.531792931826,0.0
8682.549225537128,0.0
2835.105313643111,0.0
2835.105313643111,0.0
0.0,0.0
6598.7415952334895,0.0
8182.439578089528,0.0
8562.527093974975,0.0
0.0,0.0
0.0,0.0
0.0,0.0
0.0,0.0
0.0,0.0
0.0,0.0
0.0,0.0
0.0,0.0
0.0,0.0
0.0,0.0
875.4622338496868,0.0
875.4622338496868,0.0
875.4622338496868,0.0
875.4622338496868,0.0
875.4622338496868,0.0
875.4622338496868,0.0
875.4622338496868,0.0
875.4622338496868,0.0
875.4622338496868,0.0
875.4622338496868,0.0
875.4622338496868,0.0
875.4622338496868,0.0
3485.031680512915,0.0
3155.9623474687724,0.0
3155.9623474687724,0.0
3155.9623474687724,0.0
3155.9623474687724,0.0
0.0,0.0
0.0,0.0
0.0,0.0
0.0,0.0
0.0,0.0
0.0,0.0
1623.068007899071,0.0
6988.277917129266,0.0
8275.928295344513,0.0
172.54244696352265,0.0
172.54244696352265,0.0
172.54244696352265,0.0
172.54244696352265,0.0
172.54244696352265,0.0
172.54244696352265,0.0
172.54244696352265,0.0
172.54244696352265,0.0
172.54244696352265,0.0
172.54244696352265,0.0
311.8573128243074,0.0
358.84427702901417,0.0
358.84427702901417,0.0
358.84427702901417,0.0
358.84427702901417,0.0
358.84427702901417,0.0
358.84427702901417,0.0
358.84427702901417,0.0
0.0,0.0
0.0,0.0
5657.843348025271,0.0
7956.6239987595545,0.0
8508.331354935783,0.0
8640.741120418077,0.0
4641.335633270222,0.0
4641.335633270222,0.0
0.0,0.0
0.0,0.0
0.0,0.0
0.0,0.0
0.0,0.0
0.0,0.0
6598.7415952334895,0.0
8182.439578089527,0.0
8562.527093974975,0.0
8653.748097787484,0.0
8675.641138702485,0.0
8675.641138702485,0.0
4526.358060188766,0.0
4526.358060188766,0.0
1709.8038872029283,0.0
1709.8038872029283,0.0
1709.8038872029283,0.0
0.0,0.0
6598.7415952334895,0.0
8182.439578089527,0.0
8562.527093974975,0.0
8653.748097787484,0.0
8675.641138702478,0.0
8680.895468522083,0.0
0.0,0.0
0.0,0.0
2099.0531020962953,0.0
2099.0531020962953,0.0
5016.399241602194,0.0
5016.399241602194,0.0
5016.399241602194,0.0
5016.399241602194,0.0
7802.677413218016,0.0
7802.677413218016,0.0
7802.677413218016,0.0
7802.677413218016,0.0
8471.384174405814,0.0
8471.384174405814,0.0
8471.384174405814,0.0
8471.384174405814,0.0
8631.873797090884,0.0
8631.873797090884,0.0
8631.873797090884,0.0
8631.873797090884,0.0
8670.3913065353,0.0
8670.3913065353,0.0
8670.3913065353,0.0
8670.3913065353,0.0
8679.63550880196,0.0
8679.63550880196,0.0
8681.85411734596,0.0
8681.85411734596,0.0
8682.38658339652,0.0
8682.514375248653,0.0
8682.545045293165,0.0
8682.552406103849,0.0
8682.554172698412,0.0
8682.554596681108,0.0
8682.554698436956,0.0
8682.554722858358,0.0
6995.024240262086,0.0
8277.54741289639,0.0
8585.352974328624,0.0
8659.226309072359,0.0
5838.945973027897,0.0
1955.0985178498813,0.0
7067.965239517461,0.0
8295.05325271768,0.0
8589.554375885733,0.0
8660.234645446064,0.0
8677.197910140545,0.0
8677.197910140545,0.0
5931.160467378591,0.0
2702.5213814551025,0.0
2702.5213814551025,0.0
196.57754583759015,0.0
196.57754583759015,0.0
0.0,0.0
6598.7415952334895,0.0
8182.439578089527,0.0
8562.527093974975,0.0
8653.748097787484,0.0
0.0,0.0
0.0,0.0
0.0,0.0
0.0,0.0
5075.885478919217,0.0
7816.9541101741015,0.0
8474.810581675274,0.0
0.0,0.0
6598.7415952334895,0.0
8182.439578089527,0.0
8562.527093974975,0.0
8653.748097787484,0.0
2305.2534381584337,0.0
2305.2534381584337,0.0
2305.2534381584337,0.0
2305.2534381584337,0.0
2305.2534381584337,0.0
2305.2534381584337,0.0
2305.2534381584337,0.0
0.0,0.0
0.0,0.0
0.0,0.0
3216.3117113815597,0.0
3071.562591656634,0.0
3071.562591656634,0.0
3071.562591656634,0.0
3071.562591656634,0.0
0.0,0.0
0.0,0.0
0.0,0.0
0.0,0.0
0.0,0.0
1449.553583614812,0.0
6946.634455301044,0.0
8265.93386450574,0.0
8582.565722714866,0.0
8658.557368685057,0.0
7022.66443661656,0.0
7022.66443661656,0.0
0.0,0.0
0.0,0.0
0.0,0.0
0.0,0.0
0.0,0.0
0.0,0.0
6598.7415952334895,0.0
8182.439578089527,0.0
8562.527093974975,0.0
7830.228117903091,0.0
0.0,0.0
0.0,0.0
0.0,0.0
0.0,0.0
0.0,0.0
0.0,0.0
0.0,0.0
716.1864769774074,0.0
6770.626349708067,0.0
8223.691919163426,0.0
8572.427655832711,0.0
8656.12423263334,0.0
8656.12423263334,0.0
8656.12423263334,0.0
8676.211411065491,0.0
4671.1066754270905,0.0
2964.4589505509066,0.0
2964.4589505509066,0.0
0.0,0.0
34.67922507713229,0.0
6607.064609252001,0.0
8184.437101453969,0.0
8563.006499582441,0.0
8653.863155133275,0.0
7216.782886121903,0.0
7216.782886121903,0.0
0.0,0.0
0.0,0.0
0.0,0.0
0.0,0.0
0.0,0.0
6598.7415952334895,0.0
8182.439578089527,0.0
8562.527093974975,0.0
8653.74809778748,0.0
8675.641138702484,0.0
8445.180728416093,0.0
0.0,0.0
0.0,0.0
2332.9291812798647,0.0
4134.623028003512,0.0
5697.7718547407585,0.0
5177.678660653382,0.0
7841.384473790301,0.0
8480.673868943162,0.0
8634.103323779847,0.0
8670.926392940652,0.0
8679.763929539246,0.0
8681.884938322908,0.0
8681.884938322908,0.0
8682.393980430987,0.0
4742.793177620566,0.0
4742.793177620566,0.0
4742.793177620566,0.0
472.69895166590686,0.0
0.0,0.0
6598.7415952334895,0.0
8182.439578089528,0.0
8562.527093974975,0.0
5596.365349071944,0.0
1789.02359357169,0.0
1789.02359357169,0.0
0.0,0.0
0.0,0.0
0.0,0.0
0.0,0.0
0.0,0.0
1413.715726817707,0.0
6938.033369669739,0.0
8263.869603954226,0.0
8582.070300182504,0.0
8658.43846727729,0.0
8676.76682738004,0.0
8681.165633804698,0.0
8682.221347346616,0.0
8682.474718596677,0.0
8682.535527696691,0.0
1867.516462653808,0.0
0.0,0.0
6598.7415952334895,0.0
8182.439578089527,0.0
8562.527093974975,0.0
8653.748097787484,0.0
8675.641138702485,0.0
8680.895468522085,0.0
6825.252923971571,0.0
2035.2684585748175,0.0
2035.2684585748175,0.0
2035.2684585748175,0.0
0.0,0.0
0.0,0.0
0.0,0.0
6598.7415952334895,0.0
8182.439578089527,0.0
8562.527093974975,0.0
8562.527093974975,0.0
0.0,0.0
0.0,0.0
0.0,0.0
0.0,0.0
0.0,0.0
0.0,0.0
0.0,0.0
3989.0947853252037,0.0
7556.124343711538,0.0
8412.211437724258,0.0
8617.67234028731,0.0
8666.982956902442,0.0
4947.6446548769,0.0
3297.9615912911786,0.0
3538.880544376881,0.0
897.6073983914989,0.0
897.6073983914989,0.0
897.6073983914989,0.0
0.0,0.0
173.5155064071691,0.0
6640.385316771209,0.0
8192.43407125858,0.0
8564.925772335548,0.0
8654.32378059402,0.0
8654.32378059402,0.0
8654.32378059402,0.0
0.0,0.0
0.0,0.0
0.0,0.0
0.0,0.0
0.0,0.0
0.0,0.0
2435.9168693709144,0.0
7183.361643882508,0.0
8322.748389765291,0.0
8596.201208777158,0.0
4282.698799300483,0.0
3890.5727346899257,0.0
1963.6850605322925,0.0
1963.6850605322925,0.0
0.0,0.0
0.0,0.0
0.0,0.0
418.09973804012407,0.0
6699.085532363119,0.0
8206.522123000637,0.0
8568.306904753643,0.0
8655.135252374363,0.0
8228.281981829252,0.0
2615.2151877478827,0.0
2615.2151877478827,0.0
0.0,0.0
0.0,0.0
562.9750063473901,0.0
562.9750063473901,0.0
562.9750063473901,0.0
562.9750063473901,0.0
6733.855596756863,0.0
6733.855596756863,0.0
6733.855596756863,0.0
8214.866938455136,0.0
8570.30966046272,0.0
8655.615913744543,0.0
8676.08941453218,0.0
8681.003054721212,0.0
8682.18232836658,0.0
8682.465354041467,0.0
8682.53328020344,0.0
8682.549582482316,0.0
8682.553495029244,0.0
8682.554434040507,0.0
8682.554659403211,0.0
8682.554713490259,0.0
8682.554713490259,0.0
8682.55473057038,0.0
4035.7785044719876,0.0
4035.7785044719876,0.0
0.0,0.0
0.0,0.0
4590.828688667509,0.0
7700.540480513691,0.0
8446.871310556775,0.0
8625.990709767115,0.0
7845.087558506681,0.0
1582.4285873338504,0.0
1582.4285873338504,0.0
1582.4285873338504,0.0
1582.4285873338504,0.0
1582.4285873338504,0.0
1582.4285873338504,0.0
0.0,0.0
6598.7415952334895,0.0
8182.439578089527,0.0
8562.527093974975,0.0
8653.748097787484,0.0
8675.641138702485,0.0
2152.7921124279546,0.0
2152.7921124279546,0.0
0.0,0.0
0.0,0.0
0.0,0.0
0.0,0.0
0.0,0.0
1132.5068062107603,0.0
6870.543228724072,0.0
8247.671970127267,0.0
8578.182868064034,0.0
0.0,0.0
0.0,0.0
0.0,0.0
0.0,0.0
0.0,0.0
0.0,0.0
0.0,0.0
0.0,0.0
0.0,0.0
6598.7415952334895,0.0
8182.439578089527,0.0
8562.527093974975,0.0
8653.748097787484,0.0
5115.525532068986,0.0
5115.525532068986,0.0
381.05593374258984,0.0
381.05593374258984,0.0
381.05593374258984,0.0
0.0,0.0
0.0,0.0
6598.7415952334895,0.0
8182.439578089527,0.0
8562.527093974975,0.0
8653.748097787484,0.0
8675.641138702485,0.0
8680.895468522085,0.0
6987.708868896832,0.0
8275.791723768729,0.0
8584.931608937984,0.0
8659.125181378606,0.0
8676.931638764354,0.0
7040.606514841278,0.0
8288.487158795397,0.0
8587.978513344384,0.0
8659.856438436142,0.0
8677.107140458163,0.0
8681.247308943448,0.0
4529.730810566531,0.0
4529.730810566531,0.0
826.2690948259569,0.0
826.2690948259569,0.0
826.2690948259569,0.0
826.2690948259569,0.0
0.0,0.0
6598.7415952334895,0.0
8182.439578089527,0.0
8562.527093974975,0.0
8653.748097787484,0.0
8675.641138702485,0.0
8680.895468522085,0.0
8682.15650767879,0.0
8682.459157076399,0.0
8682.531792931824,0.0
8682.531792931824,0.0
0.0,0.0
0.0,0.0
2899.718076342757,0.0
7294.67393355575,0.0
8349.463339286869,0.0
8602.612796662337,0.0
8663.36866643245,0.0
8305.56645297415,0.0
8305.56645297415,0.0
0.0,0.0
0.0,0.0
0.0,0.0
0.0,0.0
0.0,0.0
0.0,0.0
1189.2011295953466,0.0
2701.4295525014236,0.0
0.0,0.0
0.0,0.0
0.0,0.0
0.0,0.0
0.0,0.0
0.0,0.0
0.0,0.0
0.0,0.0
0.0,0.0
0.0,0.0
0.0,0.0
0.0,0.0
0.0,0.0
0.0,0.0
0.0,0.0
0.0,0.0
0.0,0.0
0.0,0.0
0.0,0.0
5972.004973413714,0.0
5972.004973413714,0.0
5972.004973413714,0.0
5972.004973413714,0.0
8032.022788852781,0.0
8032.022788852781,0.0
8032.022788852781,0.0
8032.022788852781,0.0
8032.022788852781,0.0
8032.022788852781,0.0
8032.022788852781,0.0
8032.022788852781,0.0
8032.022788852781,0.0
7434.849239941017,0.0
7434.849239941017,0.0
7434.849239941017,0.0
8383.105412819334,0.0
8610.686894310129,0.0
8665.30644986792,0.0
8678.41514320179,0.0
8681.561229601919,0.0
8682.316290337949,0.0
8682.497504914596,0.0
8682.540996412992,0.0
8682.551434372606,0.0
8431.333308074922,0.0
8622.26158917147,0.0
8668.084376634642,0.0
8679.081845625804,0.0
8681.721238183687,0.0
8682.354692397574,0.0
8682.354692397574,0.0
2037.1790904514783,0.0
0.0,0.0
0.0,0.0
0.0,0.0
0.0,0.0
0.0,0.0
1719.3032062271104,0.0
7011.374364727995,0.0
8281.471442768205,0.0
8586.294741497859,0.0
5067.911193662576,0.0
0.0,0.0
0.0,0.0
0.0,0.0
5217.650867242605,0.0
7850.977803371714,0.0
7850.977803371714,0.0
0.0,0.0
558.2947236572968,0.0
6732.732328911241,0.0
8214.597354172187,0.0
8570.244960234813,0.0
8655.600385689844,0.0
4048.40102904203,0.0
4048.40102904203,0.0
0.0,0.0
0.0,0.0
1430.4564347328649,0.0
1430.4564347328649,0.0
0.0,0.0
6598.7415952334895,0.0
8182.439578089527,0.0
8562.527093974975,0.0
8653.748097787484,0.0
6057.731616126031,0.0
0.0,0.0
0.0,0.0
0.0,0.0
0.0,0.0
0.0,0.0
0.0,0.0
0.0,0.0
2075.863246614942,0.0
7096.9487744210755,0.0
8302.00930109455,0.0
8591.22382749618,0.0
3638.8339628095837,0.0
1515.6879906448698,0.0
0.0,0.0
0.0,0.0
0.0,0.0
0.0,0.0
6598.7415952334895,0.0
8182.439578089527,0.0
8182.439578089527,0.0
8182.439578089527,0.0
8562.527093974975,0.0
8653.748097787484,0.0
8653.748097787484,0.0
8653.748097787484,0.0
8675.641138702485,0.0
8680.895468522085,0.0
8680.895468522085,0.0
8682.15650767879,0.0
8682.459157076399,0.0
8682.531792931824,0.0
8682.549225537126,0.0
8682.5534093624,0.0
8682.554413480464,0.0
8682.5546544688,0.0
8682.554712306,0.0
8682.55473057038,0.0
8682.55473057038,0.0
8682.55473057038,0.0
4168.450456340572,0.0
0.0,0.0
0.0,0.0
0.0,0.0
0.0,0.0
0.0,0.0
0.0,0.0
0.0,0.0
0.0,0.0
0.0,0.0
0.0,0.0
0.0,0.0
0.0,0.0
0.0,0.0
0.0,0.0
0.0,0.0
0.0,0.0
0.0,0.0
0.0,0.0
0.0,0.0
3561.6211068974044,0.0
3561.6211068974044,0.0
3561.6211068974044,0.0
3561.6211068974044,0.0
3561.6211068974044,0.0
3561.6211068974044,0.0
3561.6211068974044,0.0
3561.6211068974044,0.0
3561.6211068974044,0.0
3561.6211068974044,0.0
3561.6211068974044,0.0
3561.6211068974044,0.0
3561.6211068974044,0.0
3561.6211068974044,0.0
3561.6211068974044,0.0
3561.6211068974044,0.0
3561.6211068974044,0.0
3561.6211068974044,0.0
3561.6211068974044,0.0
1.8189894035458565e-12,0.0
1.8189894035458565e-12,0.0
1.8189894035458565e-12,0.0
1.8189894035458565e-12,0.0
1.8189894035458565e-12,0.0
1.8189894035458565e-12,0.0
1.8189894035458565e-12,0.0
1.8189894035458565e-12,0.0
1.8189894035458565e-12,0.0
1.8189894035458565e-12,0.0
1.8189894035458565e-12,0.0
4713.945506134005,0.0
3975.4275526160636,0.0
3975.4275526160636,0.0
3975.4275526160636,0.0
7552.844207861344,0.0
7552.844207861344,0.0
7552.844207861344,0.0
7552.844207861344,0.0
8411.42420512021,0.0
8617.48340446234,0.0
8666.937612304451,0.0
8678.806622186557,0.0
8681.655184558263,0.0
8682.338839527472,0.0
8682.502916720083,0.0
8682.542295246309,0.0
8682.551746092604,0.0
8682.554014295714,0.0
8682.55455866446,0.0
8682.55468931296,0.0
8682.554720668599,0.0
8682.55473057038,0.0
8682.55473057038,0.0
8682.55473057038,0.0
8682.55473057038,0.0
0.0,0.0
0.0,0.0
0.0,0.0
0.0,0.0
0.0,0.0
0.0,0.0
0.0,0.0
0.0,0.0
0.0,0.0
0.0,0.0
5514.003857099259,0.0
5514.003857099259,0.0
0.0,0.0
6598.7415952334895,0.0
8182.439578089527,0.0
8562.527093974975,0.0
8653.748097787484,0.0
8675.641138702485,0.0
8680.895468522085,0.0
8682.15650767879,0.0
8682.459157076399,0.0
8682.531792931824,0.0
8682.549225537126,0.0
8682.5534093624,0.0
900.2506325881113,0.0
6814.801747054636,0.0
8234.294014526602,0.0
8574.972158719873,0.0
8656.734913326258,0.0
662.6790122348357,0.0
0.0,0.0
6598.7415952334895,0.0
8182.439578089527,0.0
8562.527093974975,0.0
8653.748097787484,0.0
8653.748097787484,0.0
0.0,0.0
0.0,0.0
1031.4248851947639,0.0
1031.4248851947639,0.0
848.142595606311,0.0
848.142595606311,0.0
848.142595606311,0.0
848.142595606311,0.0
719.9919034040747,0.0
719.9919034040747,0.0
719.9919034040747,0.0
719.9919034040747,0.0
719.9919034040747,0.0
719.9919034040747,0.0
719.9919034040747,0.0
719.9919034040747,0.0
719.9919034040747,0.0
719.9919034040747,0.0
719.9919034040747,0.0
719.9919034040747,0.0
719.9919034040747,0.0
719.9919034040747,0.0
719.9919034040747,0.0
719.9919034040747,0.0
0.0,0.0
3260.0093320413616,0.0
7381.143834923416,0.0
8370.216115615109,0.0
8570.002744956062,0.0
0.0,0.0
0.0,0.0
6598.7415952334895,0.0
8182.439578089527,0.0
8562.527093974975,0.0
8653.748097787484,0.0
8675.641138702485,0.0
8680.895468522085,0.0
8682.15650767879,0.0
8682.459157076399,0.0
8682.531792931824,0.0
8682.549225537126,0.0
8682.5534093624,0.0
8682.554413480464,0.0
8682.5546544688,0.0
8682.554712306008,0.0
8682.55473057038,0.0
8682.55473057038,0.0
5087.773453769303,0.0
4508.388179521415,0.0
0.0,0.0
4923.611681039949,0.0
7780.408398683077,0.0
6941.430988660035,0.0
0.0,0.0
0.0,0.0
0.0,0.0
2429.8107673679833,0.0
7181.896179401805,0.0
8322.396678289922,0.0
8596.116798023071,0.0
8661.809626759026,0.0
8677.575905655656,0.0
8681.359812590847,0.0
8682.267950255293,0.0
8682.485903294759,0.0
8682.538212024232,0.0
8682.550766119304,0.0
8682.553779102122,0.0
8682.554502218001,0.0
7783.970908212323,0.0
8466.894613204446,0.0
4137.689593536948,0.0
0.0,0.0
2275.4659512130347,0.0
7144.853423524617,0.0
8313.506416879398,0.0
8593.983135284545,0.0
8661.297547701779,0.0
8661.297547701779,0.0
8661.297547701779,0.0
3020.6157104583235,0.0
3020.6157104583235,0.0
0.0,0.0
0.0,0.0
0.0,0.0
120.33497435210549,0.0
6627.621989077995,0.0
8189.370872612208,0.0
8564.190604660418,0.0
4323.652605647148,0.0
4323.652605647148,0.0
0.0,0.0
0.0,0.0
0.0,0.0
0.0,0.0
0.0,0.0
0.0,0.0
0.0,0.0
6598.7415952334895,0.0
8182.439578089527,0.0
8562.527093974975,0.0
0.0,0.0
0.0,0.0
0.0,0.0
0.0,0.0
0.0,0.0
0.0,0.0
0.0,0.0
0.0,0.0
6598.7415952334895,0.0
8182.439578089527,0.0
8562.527093974975,0.0
8653.748097787484,0.0
8675.641138702485,0.0
8680.895468522085,0.0
8682.15650767879,0.0
8682.459157076395,0.0
8682.531792931824,0.0
8080.039415377683,0.0
0.0,0.0
0.0,0.0
0.0,0.0
0.0,0.0
0.0,0.0
6598.7415952334895,0.0
6598.7415952334895,0.0
3423.866022553485,0.0
7420.469440646326,0.0
7420.469440646326,0.0
7420.469440646326,0.0
7420.469440646326,0.0
8379.654260988607,0.0
8379.654260988607,0.0
8379.654260988607,0.0
8379.654260988607,0.0
8609.858617870756,0.0
8609.858617870756,0.0
8609.858617870756,0.0
8609.858617870756,0.0
8665.10766352247,0.0
8678.367434478881,0.0
8681.549779508421,0.0
8682.31354231551,0.0
8682.496845389212,0.0
8682.5408381269,0.0
8682.551396383946,0.0
8682.553930365637,0.0
8682.554538521243,0.0
8682.554684478588,0.0
8682.55471950835,0.0
8682.55471950835,0.0
8682.55471950835,0.0
8682.55471950835,0.0
8682.55471950835,0.0
8682.55473057038,0.0
2408.192751570343,0.0
0.0,0.0
1864.686362984692,0.0
7046.266322349815,0.0
8289.845512597445,0.0
8588.304518256877,0.0
3187.826261478499,0.0
3187.826261478499,0.0
0.0,0.0
255.0743066997976,0.0
1329.151944896434,0.0
1329.151944896434,0.0
0.0,0.0
0.0,0.0
0.0,0.0
6598.7415952334895,0.0
8182.439578089527,0.0
8562.527093974975,0.0
5536.892152046196,0.0
7039.694633235387,0.0
8288.268307209983,0.0
8587.925988963885,0.0
8587.925988963885,0.0
8587.925988963885,0.0
3117.5435792385124,0.0
3117.5435792385124,0.0
0.0,0.0
4261.6636476128,0.0
7621.540870660561,0.0
8427.911404192024,0.0
0.0,0.0
0.0,0.0
0.0,0.0
0.0,0.0
0.0,0.0
0.0,0.0
0.0,0.0
0.0,0.0
6598.7415952334895,0.0
8182.439578089527,0.0
8562.527093974975,0.0
8653.748097787484,0.0
1207.0143282881418,0.0
1207.0143282881418,0.0
1207.0143282881418,0.0
781.2664004911536,0.0
0.0,0.0
613.8975276059434,0.0
0.0,0.0
0.0,0.0
5904.139675104656,0.0
8015.735117258606,0.0
8522.518023375555,0.0
8644.145920843623,0.0
0.0,0.0
0.0,0.0
0.0,0.0
0.0,0.0
0.0,0.0
697.2716283864228,0.0
697.2716283864228,0.0
0.0,0.0
0.0,0.0
0.0,0.0
0.0,0.0
0.0,0.0
0.0,0.0
0.0,0.0
0.0,0.0
0.0,0.0
0.0,0.0
0.0,0.0
0.0,0.0
0.0,0.0
0.0,0.0
318.3196949468617,0.0
6675.138322020736,0.0
7356.26970785695,0.0
0.0,0.0
0.0,0.0
0.0,0.0
0.0,0.0
0.0,0.0
0.0,0.0
0.0,0.0
0.0,0.0
0.0,0.0
0.0,0.0
0.0,0.0
0.0,0.0
0.0,0.0
0.0,0.0
4766.168961031894,0.0
4766.168961031894,0.0
4766.168961031894,0.0
4766.168961031894,0.0
7742.622145881143,0.0
7742.622145881143,0.0
7742.622145881143,0.0
7742.622145881143,0.0
8456.970910244963,0.0
8456.970910244963,0.0
8456.970910244963,0.0
8456.970910244963,0.0
8628.41461369228,0.0
8669.561102519636,0.0
8669.561102519636,0.0
8669.561102519636,0.0
8679.436259838201,0.0
8679.436259838201,0.0
8679.436259838201,0.0
8679.436259838201,0.0
8681.806297594658,0.0
8682.375106656207,0.0
8682.51162083098,0.0
8682.544384232924,0.0
8682.55224744939,0.0
8682.554134621343,0.0
8682.55458754261,0.0
8682.554696243715,0.0
8682.55472233198,0.0
8682.55473057038,0.0
8682.55473057038,0.0
8682.55473057038,0.0
8682.55473057038,0.0
8682.55473057038,0.0
8682.55473057038,0.0
8682.55473057038,0.0
7088.505255252592,0.0
6323.251153559133,0.0
6323.251153559133,0.0
6323.251153559133,0.0
4457.756374685008,0.0
0.0,0.0
0.0,0.0
5345.42232176417,0.0
7881.64295245689,0.0
8490.335903823143,0.0
2547.9252061296356,0.0
2547.9252061296356,0.0
2547.9252061296356,0.0
2547.9252061296356,0.0
2547.9252061296356,0.0
2547.9252061296356,0.0
2547.9252061296356,0.0
2547.9252061296356,0.0
2547.9252061296356,0.0
2547.9252061296356,0.0
2547.9252061296356,0.0
0.0,0.0
0.0,0.0
0.0,0.0
0.0,0.0
0.0,0.0
0.0,0.0
0.0,0.0
0.0,0.0
0.0,0.0
0.0,0.0
2005.2706556743308,0.0
7080.006552595329,0.0
5996.579702042323,0.0
5996.579702042323,0.0
0.0,0.0
0.0,0.0
0.0,0.0
0.0,0.0
0.0,0.0
0.0,0.0
0.0,0.0
0.0,0.0
0.0,0.0
0.0,0.0
0.0,0.0
0.0,0.0
0.0,0.0
0.0,0.0
0.0,0.0
0.0,0.0
0.0,0.0
0.0,0.0
0.0,0.0
0.0,0.0
0.0,0.0
0.0,0.0
0.0,0.0
0.0,0.0
0.0,0.0
0.0,0.0
0.0,0.0
0.0,0.0
0.0,0.0
0.0,0.0
0.0,0.0
0.0,0.0
0.0,0.0
0.0,0.0
0.0,0.0
0.0,0.0
0.0,0.0
0.0,0.0
0.0,0.0
0.0,0.0
6598.7415952334895,0.0
6598.7415952334895,0.0
6598.7415952334895,0.0
6598.7415952334895,0.0
6598.7415952334895,0.0
6598.7415952334895,0.0
6598.7415952334895,0.0
6598.7415952334895,0.0
6598.7415952334895,0.0
6598.7415952334895,0.0
6598.7415952334895,0.0
6598.7415952334895,0.0
6598.7415952334895,0.0
6598.7415952334895,0.0
6598.7415952334895,0.0
6598.7415952334895,0.0
6598.7415952334895,0.0
6598.7415952334895,0.0
8182.439578089527,0.0
8562.527093974975,0.0
8653.748097787484,0.0
8653.748097787484,0.0
8675.641138702485,0.0
8680.895468522085,0.0
8682.15650767879,0.0
8682.459157076399,0.0
8682.531792931824,0.0
8682.549225537126,0.0
8682.5534093624,0.0
8682.554413480464,0.0
8682.5546544688,0.0
8682.554712305999,0.0
8682.55473057038,0.0
8682.55473057038,0.0
8682.55473057038,0.0
8682.55473057038,0.0
8682.55473057038,0.0
8682.55473057038,0.0
8682.55473057038,0.0
8682.55473057038,0.0
8682.55473057038,0.0
8682.55473057038,0.0
8682.55473057038,0.0
681.9835603036245,0.0
681.9835603036245,0.0
681.9835603036245,0.0
681.9835603036245,0.0
0.0,0.0
0.0,0.0
0.0,0.0
0.0,0.0
0.0,0.0
0.0,0.0
0.0,0.0
0.0,0.0
0.0,0.0
0.0,0.0
0.0,0.0
0.0,0.0
0.0,0.0
0.0,0.0
0.0,0.0
0.0,0.0
5171.708504996768,0.0
5171.708504996768,0.0
5171.708504996768,0.0
5171.708504996768,0.0
5171.708504996768,0.0
5171.708504996768,0.0
5171.708504996768,0.0
5171.708504996768,0.0
5171.708504996768,0.0
5171.708504996768,0.0
6997.410039521568,0.0
6997.410039521568,0.0
7443.164623299216,0.0
7443.164623299216,0.0
7443.164623299216,0.0
7443.164623299216,0.0
0.0,0.0
298.96802703896014,0.0
298.96802703896014,0.0
298.96802703896014,0.0
298.96802703896014,0.0
298.96802703896014,0.0
298.96802703896014,0.0
298.96802703896014,0.0
298.96802703896014,0.0
298.96802703896014,0.0
298.96802703896014,0.0
298.96802703896014,0.0
298.96802703896014,0.0
298.96802703896014,0.0
298.96802703896014,0.0
298.96802703896014,0.0
298.96802703896014,0.0
298.96802703896014,0.0
298.96802703896014,0.0
298.96802703896014,0.0
298.96802703896014,0.0
298.96802703896014,0.0
298.96802703896014,0.0
298.96802703896014,0.0
298.96802703896014,0.0
298.96802703896014,0.0
298.96802703896014,0.0
298.96802703896014,0.0
298.96802703896014,0.0
6357.970168619547,0.0
6357.970168619547,0.0
0.0,0.0
6588.682876207535,0.0
6588.682876207535,0.0
8180.025485523298,0.0
8561.947711759081,0.0
8653.609046055668,0.0
8675.60776628685,0.0
8680.887459142334,0.0
8682.154585427648,0.0
8682.458695736124,0.0
8682.53168221016,0.0
8682.549198963927,0.0
4480.645770448334,0.0
7674.096580141089,0.0
8440.52477446735,0.0
8624.467541105652,0.0
8668.613805098845,0.0
8679.208908457213,0.0
8681.75173326322,0.0
8682.36201121666,0.0
8682.508477925488,0.0
8682.508477925488,0.0
3356.7759871338058,0.0
3356.7759871338058,0.0
0.0,0.0
0.0,0.0
6598.7415952334895,0.0
8182.439578089527,0.0
8562.527093974975,0.0
2754.7913533605624,0.0
2624.594772145869,0.0
2624.594772145869,0.0
2501.771483947414,0.0
2260.89652095151,0.0
2260.89652095151,0.0
2260.89652095151,0.0
0.0,0.0
0.0,0.0
0.0,0.0
3372.5292397306284,0.0
1012.9705567243172,0.0
1012.9705567243172,0.0
1012.9705567243172,0.0
1012.9705567243172,0.0
0.0,0.0
0.0,0.0
6310.00828197119,0.0
4606.704000198672,0.0
4606.704000198672,0.0
7704.35055528117,0.0
8447.78572850097,0.0
8626.210170073722,0.0
8669.032036051183,0.0
8679.309283885774,0.0
8681.775823366075,0.0
8681.775823366075,0.0
8681.775823366075,0.0
8682.367792841347,0.0
8682.509865515412,0.0
8682.543962957188,0.0
8682.552146343214,0.0
8682.55411035586,0.0
8682.554581718896,0.0
8682.554694846023,0.0
8682.554721996537,0.0
8682.55473057038,0.0
8682.55473057038,0.0
8682.55473057038,0.0
4244.604644689849,0.0
4244.604644689849,0.0
0.0,0.0
0.0,0.0
0.0,0.0
0.0,0.0
0.0,0.0
6598.7415952334895,0.0
8182.439578089527,0.0
6009.7048956521885,0.0
8041.070770190015,0.0
8041.070770190015,0.0
8041.070770190015,0.0
8041.070770190015,0.0
8041.070770190015,0.0
8041.070770190015,0.0
8041.070770190015,0.0
8041.070770190015,0.0
8041.070770190015,0.0
8528.598580079093,0.0
8645.605254452472,0.0
8673.686856302082,0.0
8680.426440745989,0.0
8682.043941012525,0.0
8682.432141076495,0.0
8682.432141076495,0.0
8682.432141076495,0.0
8682.525309091849,0.0
8682.547669415533,0.0
8682.553035893217,0.0
8682.55432384786,0.0
8682.554632956975,0.0
8682.554707143163,0.0
8682.55473057038,0.0
8682.55473057038,0.0
8682.55473057038,0.0
397.0413227913705,0.0
397.0413227913705,0.0
397.0413227913705,0.0
397.0413227913705,0.0
397.0413227913705,0.0
397.0413227913705,0.0
397.0413227913705,0.0
397.0413227913705,0.0
397.0413227913705,0.0
397.0413227913705,0.0
397.0413227913705,0.0
397.0413227913705,0.0
397.0413227913705,0.0
397.0413227913705,0.0
397.0413227913705,0.0
397.0413227913705,0.0
397.0413227913705,0.0
397.0413227913705,0.0
397.0413227913705,0.0
397.0413227913705,0.0
397.0413227913705,0.0
397.0413227913705,0.0
397.0413227913705,0.0
397.0413227913705,0.0
0.0,0.0
6370.957082894209,0.0
8127.771295128099,0.0
8549.406706064234,0.0
8650.599204688906,0.0
8674.885404358827,0.0
8680.714092279608,0.0
8682.112977380595,0.0
8682.448709804832,0.0
8682.529285586648,0.0
8682.548623774284,0.0
8682.553264939317,0.0
8682.554378818924,0.0
8682.55464615003,0.0
8682.554710309496,0.0
6892.356100477022,0.0
0.0,0.0
0.0,0.0
0.0,0.0
0.0,0.0
2195.827572004483,0.0
0.0,0.0
6598.7415952334895,0.0
8182.439578089527,0.0
8562.527093974975,0.0
8653.748097787484,0.0
8675.641138702485,0.0
8680.895468522085,0.0
8682.15650767879,0.0
8682.459157076399,0.0
8682.531792931824,0.0
8682.549225537126,0.0
8682.5534093624,0.0
8682.554413480464,0.0
8682.5546544688,0.0
8682.554712305993,0.0
8682.55473057038,0.0
8682.55473057038,0.0
8682.55473057038,0.0
2067.3901583436163,0.0
2067.3901583436163,0.0
0.0,0.0
5301.77949794783,0.0
5301.77949794783,0.0
5301.77949794783,0.0
717.7003453249417,0.0
0.0,0.0
0.0,0.0
6598.7415952334895,0.0
8182.439578089527,0.0
8562.527093974975,0.0
8653.748097787484,0.0
8675.641138702485,0.0
8680.895468522085,0.0
8682.15650767879,0.0
8682.459157076399,0.0
8682.531792931824,0.0
8682.549225537126,0.0
8682.5534093624,0.0
8682.554413480464,0.0
8682.5546544688,0.0
8682.554712306,0.0
8682.55473057038,0.0
8682.55473057038,0.0
0.0,0.0
0.0,0.0
0.0,0.0
6598.7415952334895,0.0
8182.439578089527,0.0
0.0,0.0
0.0,0.0
0.0,0.0
0.0,0.0
0.0,0.0
0.0,0.0
0.0,0.0
0.0,0.0
0.0,0.0
0.0,0.0
0.0,0.0
6598.7415952334895,0.0
6598.7415952334895,0.0
6598.7415952334895,0.0
6598.7415952334895,0.0
8182.439578089527,0.0
8562.527093974975,0.0
8653.748097787484,0.0
8675.641138702485,0.0
8680.895468522085,0.0
8682.15650767879,0.0
8682.15650767879,0.0
8682.15650767879,0.0
8682.459157076399,0.0
8682.459157076399,0.0
8682.459157076399,0.0
8682.531792931824,0.0
8682.549225537126,0.0
8682.5534093624,0.0
8682.554413480464,0.0
8682.5546544688,0.0
8682.554712306,0.0
8682.55473057038,0.0
8682.55473057038,0.0
8682.55473057038,0.0
3619.3986319430805,0.0
3619.3986319430805,0.0
1515.752338405684,0.0
1515.752338405684,0.0
0.0,0.0
4523.030673726596,0.0
7684.268956927872,0.0
8442.966144896178,0.0
8625.053470008572,0.0
6930.607226234479,0.0
8262.087329529764,0.0
8581.642554320633,0.0
8658.335808270442,0.0
8676.742189218396,0.0
8681.159720645905,0.0
4818.429154149828,0.0
2977.333482021859,0.0
0.0,0.0
0.0,0.0
0.0,0.0
0.0,0.0
0.0,0.0
0.0,0.0
1432.7220721492704,0.0
1432.7220721492704,0.0
1432.7220721492704,0.0
1432.7220721492704,0.0
1432.7220721492704,0.0
1432.7220721492704,0.0
1432.7220721492704,0.0
1432.7220721492704,0.0
1432.7220721492704,0.0
1432.7220721492704,0.0
1432.7220721492704,0.0
1432.7220721492704,0.0
1432.7220721492704,0.0
1432.7220721492704,0.0
6942.594892549314,0.0
6942.594892549314,0.0
8264.964369445324,0.0
8264.964369445324,0.0
8264.964369445324,0.0
8264.964369445324,0.0
8264.964369445324,0.0
8264.964369445324,0.0
8264.964369445324,0.0
8264.964369445324,0.0
8264.964369445324,0.0
8264.964369445324,0.0
8264.964369445324,0.0
8264.964369445324,0.0
8264.964369445324,0.0
8264.964369445324,0.0
8264.964369445324,0.0
8264.964369445324,0.0
8582.333043900368,0.0
8658.501525769578,0.0
8676.781961418188,0.0
8681.169265973855,0.0
8682.222219067215,0.0
8682.47492780962,0.0
8682.535577907798,0.0
8682.550133931361,0.0
8682.553627377016,0.0
8682.554465803973,0.0
8682.554667026443,0.0
8682.554715319835,0.0
8682.55473057038,0.0
8682.55473057038,0.0
5603.142522674672,0.0
7943.4958006754105,0.0
8505.180587395587,0.0
244.9397239439204,0.0
244.9397239439204,0.0
244.9397239439204,0.0
244.9397239439204,0.0
244.9397239439204,0.0
244.9397239439204,0.0
244.9397239439204,0.0
0.0,0.0
0.0,0.0
0.0,0.0
3665.042748694918,0.0
5146.429625614977,0.0
1715.2597340653865,0.0
1715.2597340653865,0.0
1715.2597340653865,0.0
1715.2597340653865,0.0
0.0,0.0
0.0,0.0
0.0,0.0
0.0,0.0
0.0,0.0
0.0,0.0
0.0,0.0
0.0,0.0
0.0,0.0
0.0,0.0
0.0,0.0
0.0,0.0
6598.7415952334895,0.0
6598.7415952334895,0.0
6598.7415952334895,0.0
6598.7415952334895,0.0
8182.439578089527,0.0
8562.527093974975,0.0
8653.748097787484,0.0
8675.641138702485,0.0
8680.895468522085,0.0
8680.895468522085,0.0
8680.895468522085,0.0
8682.15650767879,0.0
8682.459157076399,0.0
8682.531792931824,0.0
8682.549225537126,0.0
8682.5534093624,0.0
8682.554413480464,0.0
8682.5546544688,0.0
8682.554712306002,0.0
8682.55473057038,0.0
8682.55473057038,0.0
8682.55473057038,0.0
8682.55473057038,0.0
0.0,0.0
0.0,0.0
0.0,0.0
0.0,0.0
0.0,0.0
0.0,0.0
0.0,0.0
0.0,0.0
0.0,0.0
0.0,0.0
0.0,0.0
0.0,0.0
0.0,0.0
0.0,0.0
0.0,0.0
0.0,0.0
0.0,0.0
0.0,0.0
0.0,0.0
0.0,0.0
0.0,0.0
0.0,0.0
0.0,0.0
0.0,0.0
6598.7415952334895,0.0
8182.439578089527,0.0
8562.527093974975,0.0
8653.748097787484,0.0
8675.641138702485,0.0
8680.895468522085,0.0
8680.895468522085,0.0
8680.895468522085,0.0
8680.895468522085,0.0
8680.895468522085,0.0
8680.895468522085,0.0
8680.895468522085,0.0
8680.895468522085,0.0
8682.15650767879,0.0
8682.459157076399,0.0
8682.531792931824,0.0
8682.549225537126,0.0
8682.5534093624,0.0
8682.554413480464,0.0
8682.5546544688,0.0
8682.554712306,0.0
8682.55473057038,0.0
8682.55473057038,0.0
8682.55473057038,0.0
8682.55473057038,0.0
133.03647986702708,0.0
133.03647986702708,0.0
133.03647986702708,0.0
133.03647986702708,0.0
133.03647986702708,0.0
133.03647986702708,0.0
133.03647986702708,0.0
133.03647986702708,0.0
133.03647986702708,0.0
133.03647986702708,0.0
133.03647986702708,0.0
133.03647986702708,0.0
133.03647986702708,0.0
133.03647986702708,0.0
133.03647986702708,0.0
133.03647986702708,0.0
133.03647986702708,0.0
133.03647986702708,0.0
133.03647986702708,0.0
133.03647986702708,0.0
0.0,0.0
0.0,0.0
0.0,0.0
6598.7415952334895,0.0
8182.439578089527,0.0
8562.527093974975,0.0
8653.748097787484,0.0
8675.641138702485,0.0
8680.895468522085,0.0
8682.15650767879,0.0
8682.459157076399,0.0
8357.127274225328,0.0
0.0,0.0
0.0,0.0
0.0,0.0
0.0,0.0
0.0,0.0
0.0,0.0
0.0,0.0
0.0,0.0
0.0,0.0
0.0,0.0
0.0,0.0
0.0,0.0
0.0,0.0
0.0,0.0
0.0,0.0
0.0,0.0
0.0,0.0
0.0,0.0
0.0,0.0
0.0,0.0
0.0,0.0
0.0,0.0
0.0,0.0
0.0,0.0
0.0,0.0
0.0,0.0
0.0,0.0
0.0,0.0
0.0,0.0
3392.1454328983345,0.0
7412.85649912909,0.0
8377.82715502447,0.0
8609.420112439362,0.0
8665.002422218937,0.0
8678.342176566033,0.0
8681.543717609336,0.0
7479.630370893628,0.0
8393.852884247959,0.0
8613.266287453,0.0
8665.925504222208,0.0
872.0543780358203,0.0
0.0,0.0
4927.8646934071585,0.0
7781.4291216512065,0.0
7906.828201490167,0.0
7370.5148527072115,0.0
1502.0867725070884,0.0
1502.0867725070884,0.0
1502.0867725070884,0.0
1502.0867725070884,0.0
1502.0867725070884,0.0
1502.0867725070884,0.0
1502.0867725070884,0.0
1502.0867725070884,0.0
1502.0867725070884,0.0
1502.0867725070884,0.0
1502.0867725070884,0.0
1502.0867725070884,0.0
1502.0867725070884,0.0
1502.0867725070884,0.0
1502.0867725070884,0.0
1502.0867725070884,0.0
1502.0867725070884,0.0
1502.0867725070884,0.0
1502.0867725070884,0.0
1502.0867725070884,0.0
1502.0867725070884,0.0
1502.0867725070884,0.0
1502.0867725070884,0.0
1502.0867725070884,0.0
1502.0867725070884,0.0
1502.0867725070884,0.0
1502.0867725070884,0.0
1502.0867725070884,0.0
1502.0867725070884,0.0
1502.0867725070884,0.0
1502.0867725070884,0.0
1502.0867725070884,0.0
1502.0867725070884,0.0
1502.0867725070884,0.0
1502.0867725070884,0.0
1502.0867725070884,0.0
1502.0867725070884,0.0
1502.0867725070884,0.0
1502.0867725070884,0.0
1502.0867725070884,0.0
1502.0867725070884,0.0
1502.0867725070884,0.0
1502.0867725070884,0.0
1502.0867725070884,0.0
1502.0867725070884,0.0
1502.0867725070884,0.0
1502.0867725070884,0.0
1502.0867725070884,0.0
1502.0867725070884,0.0
1502.0867725070884,0.0
1502.0867725070884,0.0
1502.0867725070884,0.0
1502.0867725070884,0.0
1502.0867725070884,0.0
1502.0867725070884,0.0
1502.0867725070884,0.0
1502.0867725070884,0.0
1502.0867725070884,0.0
1502.0867725070884,0.0
1502.0867725070884,0.0
1502.0867725070884,0.0
1502.0867725070884,0.0
1502.0867725070884,0.0
1502.0867725070884,0.0
1502.0867725070884,0.0
1502.0867725070884,0.0
1502.0867725070884,0.0
1502.0867725070884,0.0
1502.0867725070884,0.0
1502.0867725070884,0.0
288.1125500577573,0.0
288.1125500577573,0.0
288.1125500577573,0.0
288.1125500577573,0.0
288.1125500577573,0.0
288.1125500577573,0.0
288.1125500577573,0.0
288.1125500577573,0.0
288.1125500577573,0.0
288.1125500577573,0.0
288.1125500577573,0.0
288.1125500577573,0.0
288.1125500577573,0.0
288.1125500577573,0.0
288.1125500577573,0.0
288.1125500577573,0.0
288.1125500577573,0.0
288.1125500577573,0.0
288.1125500577573,0.0
288.1125500577573,0.0
0.0,0.0
0.0,0.0
0.0,0.0
0.0,0.0
0.0,0.0
0.0,0.0
0.0,0.0
0.0,0.0
0.0,0.0
0.0,0.0
0.0,0.0
0.0,0.0
0.0,0.0
0.0,0.0
0.0,0.0
0.0,0.0
0.0,0.0
0.0,0.0
6598.7415952334895,0.0
8182.439578089527,0.0
8562.527093974975,0.0
8653.748097787484,0.0
8675.641138702485,0.0
8680.895468522085,0.0
8682.15650767879,0.0
8682.459157076399,0.0
8682.531792931824,0.0
8682.549225537126,0.0
8682.5534093624,0.0
8682.554413480464,0.0
8682.5546544688,0.0
8682.5546544688,0.0
1392.773311718087,0.0
1392.773311718087,0.0
1392.773311718087,0.0
1392.773311718087,0.0
1392.773311718087,0.0
1392.773311718087,0.0
1392.773311718087,0.0
1392.773311718087,0.0
1392.773311718087,0.0
1392.773311718087,0.0
1392.773311718087,0.0
1392.773311718087,0.0
1392.773311718087,0.0
1392.773311718087,0.0
1392.773311718087,0.0
1392.773311718087,0.0
1392.773311718087,0.0
1392.773311718087,0.0
1392.773311718087,0.0
1392.773311718087,0.0
1392.773311718087,0.0
1392.773311718087,0.0
1392.773311718087,0.0
1392.773311718087,0.0
1392.773311718087,0.0
0.0,0.0
0.0,0.0
0.0,0.0
0.0,0.0
6598.7415952334895,0.0
6598.7415952334895,0.0
8182.439578089527,0.0
8562.527093974975,0.0
8653.748097787484,0.0
8675.641138702485,0.0
8680.895468522085,0.0
8682.15650767879,0.0
8682.459157076399,0.0
8682.531792931824,0.0
8682.549225537126,0.0
8682.5534093624,0.0
8682.554413480464,0.0
8682.5546544688,0.0
8682.554712305995,0.0
8682.55473057038,0.0
8682.55473057038,0.0
8298.348503827565,0.0
8298.348503827565,0.0
0.0,0.0
0.0,0.0
0.0,0.0
0.0,0.0
0.0,0.0
0.0,0.0
0.0,0.0
1944.1985490310406,0.0
4593.985966397526,0.0
4530.081423104504,0.0
4530.081423104504,0.0
4530.081423104504,0.0
2359.6812727990427,0.0
2359.6812727990427,0.0
2359.6812727990427,0.0
2359.6812727990427,0.0
2359.6812727990427,0.0
2359.6812727990427,0.0
2359.6812727990427,0.0
2359.6812727990427,0.0
2359.6812727990427,0.0
2359.6812727990427,0.0
2359.6812727990427,0.0
2359.6812727990427,0.0
0.0,0.0
0.0,0.0
0.0,0.0
0.0,0.0
0.0,0.0
0.0,0.0
0.0,0.0
471.9988334720183,0.0
471.9988334720183,0.0
6712.021315266774,0.0
6712.021315266774,0.0
8209.626710897515,0.0
8209.626710897515,0.0
8209.626710897515,0.0
8569.052005848893,0.0
8655.314076637223,0.0
8676.016973626423,0.0
8680.985668903832,0.0
8682.178155770409,0.0
8682.464352618386,0.0
8682.533039861903,0.0
8682.549524800346,0.0
8682.553481185572,0.0
8682.554430718026,0.0
8682.554658605815,0.0
8682.554713298885,0.0
8682.55473057038,0.0
8682.55473057038,0.0
0.0,0.0
0.0,0.0
0.0,0.0
0.0,0.0
0.0,0.0
0.0,0.0
0.0,0.0
0.0,0.0
0.0,0.0
0.0,0.0
0.0,0.0
0.0,0.0
0.0,0.0
0.0,0.0
3301.9281424797614,0.0
3301.9281424797614,0.0
0.0,0.0
0.0,0.0
0.0,0.0
0.0,0.0
0.0,0.0
0.0,0.0
0.0,0.0
0.0,0.0
0.0,0.0
0.0,0.0
0.0,0.0
0.0,0.0
0.0,0.0
0.0,0.0
0.0,0.0
6598.7415952334895,0.0
8182.439578089527,0.0
8562.527093974975,0.0
8653.74809778748,0.0
8675.641138702484,0.0
6265.340327063681,0.0
5668.553502041779,0.0
5668.553502041779,0.0
5668.553502041779,0.0
3323.6515076474825,0.0
0.0,0.0
6219.046405292433,0.0
8091.312732503673,0.0
6745.450491863943,0.0
1657.571357034084,0.0
1657.571357034084,0.0
1657.571357034084,0.0
0.0,0.0
0.0,0.0
0.0,0.0
0.0,0.0
0.0,0.0
0.0,0.0
2427.8443541937377,0.0
7181.424240239986,0.0
8322.283412891085,0.0
3933.0044860222897,0.0
3190.407757774339,0.0
3190.407757774339,0.0
0.0,0.0
0.0,0.0
0.0,0.0
0.0,0.0
0.0,0.0
0.0,0.0
0.0,0.0
6598.7415952334895,0.0
8182.439578089527,0.0
8562.527093974975,0.0
8653.748097787484,0.0
8675.641138702485,0.0
3174.929432947898,0.0
3174.929432947898,0.0
3174.929432947898,0.0
3174.929432947898,0.0
0.0,0.0
5841.749352054234,0.0
8000.761439726505,0.0
8518.92434076785,0.0
8643.283437017773,0.0
8673.129620117754,0.0
8680.29270406175,0.0
8682.01184420831,0.0
8682.424437843483,0.0
8682.523460315924,0.0
8682.547225709312,0.0
8682.552929403724,0.0
8682.554298290383,0.0
2865.1871814224487,0.0
2865.1871814224487,0.0
4108.081481336823,0.0
2801.740217520448,0.0
2801.740217520448,0.0
2801.740217520448,0.0
2801.740217520448,0.0
0.0,0.0
0.0,0.0
0.0,0.0
0.0,0.0
0.0,0.0
0.0,0.0
0.0,0.0
1163.1219861537102,0.0
6877.890871910379,0.0
8249.43540449198,0.0
8578.606092311564,0.0
8657.607057388268,0.0
2004.2009096027518,0.0
7079.749813538148,0.0
8297.881550482645,0.0
8590.233167349325,0.0
8660.397555397327,0.0
8677.237008528848,0.0
8681.278477280412,0.0
8682.248429780788,0.0
8682.481218380879,0.0
8682.5370876449,0.0
8682.550496268264,0.0
8682.553714337873,0.0
8682.554486674579,0.0
0.0,0.0
0.0,0.0
0.0,0.0
790.8391411107931,0.0
6270.110959636038,0.0
6158.217614829462,0.0
8076.71382279256,0.0
8537.152912703703,0.0
8647.658294282377,0.0
8674.179585861253,0.0
8680.54469584019,0.0
6084.027067965211,0.0
5559.229261859084,0.0
5559.229261859084,0.0
5559.229261859084,0.0
585.7721151211226,0.0
585.7721151211226,0.0
585.7721151211226,0.0
585.7721151211226,0.0
585.7721151211226,0.0
585.7721151211226,0.0
585.7721151211226,0.0
585.7721151211226,0.0
585.7721151211226,0.0
585.7721151211226,0.0
585.7721151211226,0.0
585.7721151211226,0.0
585.7721151211226,0.0
585.7721151211226,0.0
0.0,0.0
0.0,0.0
0.0,0.0
0.0,0.0
0.0,0.0
0.0,0.0
0.0,0.0
0.0,0.0
0.0,0.0
0.0,0.0
0.0,0.0
0.0,0.0
0.0,0.0
0.0,0.0
0.0,0.0
0.0,0.0
0.0,0.0
0.0,0.0
6598.7415952334895,0.0
6598.7415952334895,0.0
6598.7415952334895,0.0
6598.7415952334895,0.0
6598.7415952334895,0.0
6598.7415952334895,0.0
6598.7415952334895,0.0
8182.439578089527,0.0
8562.527093974975,0.0
8653.748097787484,0.0
8675.641138702485,0.0
8680.895468522085,0.0
8682.15650767879,0.0
8682.459157076399,0.0
8682.531792931824,0.0
8682.549225537126,0.0
8682.5534093624,0.0
8682.554413480464,0.0
8682.5546544688,0.0
8682.554712306,0.0
8682.554712306,0.0
8682.554712306,0.0
8682.554712306,0.0
8682.55473057038,0.0
4844.743746173688,0.0
0.0,0.0
0.0,0.0
0.0,0.0
0.0,0.0
0.0,0.0
216.1618273564249,0.0
2626.0163815904502,0.0
991.9535024079883,0.0
991.9535024079883,0.0
991.9535024079883,0.0
991.9535024079883,0.0
0.0,0.0
0.0,0.0
2415.496841522855,0.0
6393.169080272917,0.0
6393.169080272917,0.0
8133.102174498989,0.0
8550.686117113246,0.0
8650.906263340668,0.0
8674.959098435249,0.0
8680.73177885795,0.0
8682.117222159397,0.0
8682.449728551745,0.0
8682.529530085907,0.0
8682.548682454108,0.0
8682.553279022475,0.0
8682.554382198883,0.0
8682.554646961224,0.0
8682.554710504182,0.0
8682.554710504182,0.0
8682.554710504182,0.0
2.375668825585308,0.0
2.375668825585308,0.0
2.375668825585308,0.0
2.375668825585308,0.0
2.375668825585308,0.0
2.375668825585308,0.0
2.375668825585308,0.0
2.375668825585308,0.0
2.375668825585308,0.0
2.375668825585308,0.0
2.375668825585308,0.0
2.375668825585308,0.0
2.375668825585308,0.0
2.375668825585308,0.0
2.375668825585308,0.0
2.375668825585308,0.0
2.375668825585308,0.0
2.375668825585308,0.0
0.0,0.0
0.0,0.0
0.0,0.0
0.0,0.0
0.0,0.0
1944.177049165006,0.0
1944.177049165006,0.0
1944.177049165006,0.0
1944.177049165006,0.0
1944.177049165006,0.0
1944.177049165006,0.0
1944.177049165006,0.0
1944.177049165006,0.0
1944.177049165006,0.0
0.0,0.0
0.0,0.0
0.0,0.0
0.0,0.0
0.0,0.0
0.0,0.0
0.0,0.0
0.0,0.0
0.0,0.0
