Price
-11.329125941190831
-11.32912594119083
-11.329125941190831
-11.329125941190831
45.72258992805762
45.72258992805762
45.72258992805763
45.722589928057616
45.72258992805762
45.72258992805762
45.722589928057616
45.72258992805762
45.72258992805762
45.72258992805762
45.72258992805762
45.722589928057616
45.72258992805762
45.72258992805762
45.72258992805762
45.72258992805762
45.72258992805762
45.72258992805762
-11.32912594119083
-11.329125941190831
45.72258992805762
45.72258992805762
45.72258992805762
45.72258992805762
45.72258992805762
45.72258992805762
45.72258992805762
45.722589928057616
45.72258992805762
45.72258992805762
45.72258992805762
45.72258992805762
45.72258992805762
45.72258992805762
45.72258992805762
45.722589928057616
45.72258992805762
45.72258992805762
45.72258992805762
45.72258992805762
45.72258992805762
45.72258992805762
45.72258992805762
45.72258992805762
45.72258992805762
45.72258992805762
45.72258992805762
45.72258992805762
45.72258992805762
45.72258992805763
45.72258992805762
45.72258992805762
45.72258992805762
45.72258992805762
-11.32912594119083
-11.329125941190831
-11.32912594119083
-11.329125941190831
-11.32912594119083
-11.329125941190831
45.72258992805762
45.72258992805762
45.72258992805762
45.72258992805762
45.72258992805762
45.72258992805762
45.72258992805762
45.72258992805762
45.722589928057616
45.72258992805762
45.72258992805762
45.722589928057616
45.72258992805762
45.72258992805762
45.722589928057616
45.72258992805762
45.72258992805762
45.72258992805762
45.72258992805762
45.722589928057616
45.72258992805762
45.72258992805762
45.72258992805762
45.72258992805762
45.72258992805762
45.722589928057616
45.72258992805762
45.72258992805763
45.72258992805762
45.72258992805762
45.72258992805762
45.72258992805762
45.72258992805762
45.72258992805762
45.72258992805762
45.722589928057616
45.722589928057616
64.69947242206244
64.69947242206244
64.69947242206244
64.69947242206244
64.69947242206244
64.69947242206244
64.69947242206244
64.69947242206244
64.69947242206244
64.69947242206244
64.69947242206244
64.69947242206244
64.69947242206243
64.69947242206244
64.69947242206244
64.69947242206244
64.69947242206244
45.72258992805762
45.72258992805762
45.72258992805762
45.72258992805762
45.72258992805762
45.72258992805762
45.72258992805762
64.69947242206244
64.69947242206244
64.69947242206244
64.69947242206244
64.69947242206244
64.69947242206244
64.69947242206244
64.69947242206244
64.69947242206244
64.69947242206244
64.69947242206244
64.69947242206244
64.69947242206244
45.72258992805762
45.72258992805762
45.722589928057616
45.72258992805762
45.72258992805762
45.72258992805762
45.72258992805762
45.72258992805762
45.72258992805762
45.72258992805762
45.72258992805762
45.72258992805762
64.69947242206244
64.69947242206244
64.69947242206244
64.69947242206244
64.69947242206244
64.69947242206244
45.72258992805762
45.72258992805762
45.72258992805762
45.72258992805762
45.72258992805762
45.72258992805762
45.72258992805762
45.72258992805762
45.72258992805762
45.72258992805762
45.72258992805762
45.72258992805762
