PumpedStor,BatteryStor
0.0,0.0
0.0,0.0
0.0,0.0
0.0,0.0
0.0,0.0
0.0,0.0
3529.5079929999993,0.0
0.0,0.0
0.0,0.0
0.0,0.0
4248.573925320001,0.0
1019.6577420767999,0.0
0.0,0.0
0.0,0.0
244.71785809843186,0.0
0.0,0.0
0.0,0.0
0.0,0.0
58.73228594362354,0.0
0.0,0.0
0.0,0.0
0.0,0.0
14.095748626469685,0.0
0.0,0.0
0.0,0.0
0.0,0.0
3.382979670353052,0.0
0.8119151208848052,0.0
0.0,0.0
0.0,0.0
0.19485962901217135,0.0
0.046766310962993884,0.0
0.011223914631045773,0.0
0.0026937395114146057,0.0
0.0006464974831033032,0.0
0.00015515939594479278,0.0
3.7238254662952386e-5,0.0
8.937181519286241e-6,0.0
2.1449232008308172e-6,0.0
5.147812771610916e-7,0.0
1.2354757927823812e-7,0.0
2.9651346267201006e-8,0.0
7.1158865466713905e-9,0.0
1.7080310499295592e-9,0.0
4.1018211049959064e-10,0.0
9.822542779147625e-11,0.0
0.0,0.0
0.0,0.0
0.0,0.0
2057.8814166590846,0.0
435.09863014499297,0.0
0.0,0.0
0.0,0.0
6931.0,0.0
0.0,0.0
0.0,0.0
0.0,0.0
0.0,0.0
0.0,0.0
0.0,0.0
0.0,0.0
0.0,0.0
0.0,0.0
0.0,0.0
0.0,0.0
0.0,0.0
0.0,0.0
0.0,0.0
0.0,0.0
0.0,0.0
0.0,0.0
0.0,0.0
0.0,0.0
0.0,0.0
0.0,0.0
0.0,0.0
0.0,0.0
0.0,0.0
0.0,0.0
0.0,0.0
0.0,0.0
0.0,0.0
0.0,0.0
0.0,0.0
2261.8942219999954,0.0
0.0,0.0
4319.550475014117,0.0
0.0,0.0
0.0,0.0
0.0,0.0
0.0,0.0
1929.102030269274,0.0
0.0,0.0
0.0,0.0
0.0,0.0
0.0,0.0
0.0,0.0
0.0,0.0
0.0,0.0
0.0,0.0
0.0,0.0
0.0,0.0
0.0,0.0
0.0,0.0
0.0,0.0
0.0,0.0
0.0,0.0
0.0,0.0
0.0,0.0
0.0,0.0
0.0,0.0
0.0,0.0
0.0,0.0
0.0,0.0
0.0,0.0
0.0,0.0
0.0,0.0
0.0,0.0
0.0,0.0
0.0,0.0
0.0,0.0
0.0,0.0
462.9844872646263,0.0
0.0,0.0
0.0,0.0
0.0,0.0
111.11627694351046,0.0
0.0,0.0
0.0,0.0
0.0,0.0
26.66790646644222,0.0
0.0,0.0
0.0,0.0
0.0,0.0
6.400297551946096,0.0
0.0,0.0
0.0,0.0
0.0,0.0
1.5360714124672086,0.0
0.0,0.0
0.0,0.0
0.0,0.0
0.3686571389916935,0.0
0.0,0.0
0.0,0.0
0.0,0.0
0.08847771335786092,0.0
0.0,0.0
0.0,0.0
0.0,0.0
0.02123465120621404,0.0
0.00509631628938223,0.0
0.0012231159098519129,0.0
0.00029354781872825697,0.0
7.045147685857955e-5,0.0
1.690835415502079e-5,0.0
4.058005288243294e-6,0.0
9.73921487457119e-7,0.0
2.3374104785034433e-7,0.0
5.6097633205354214e-8,0.0
1.3463250070344657e-8,0.0
3.231434675399214e-9,0.0
7.757989806123078e-10,0.0
1.864464138634503e-10,0.0
0.0,0.0
0.0,0.0
6931.0,0.0
0.0,0.0
0.0,0.0
0.0,0.0
1663.4399999999996,0.0
399.22559999999976,0.0
95.81414399999994,0.0
22.995394560000022,0.0
5.518894694399933,0.0
1.3245347266556564,0.0
0.31788833439713926,0.0
0.0762932002553498,0.0
0.018310368061065674,0.0
0.004394488334583002,0.0
0.001054677200045262,0.0
0.0002531225281927618,0.0
6.074940665712347e-5,0.0
1.4579857634089421e-5,0.0
3.499166268738918e-6,0.0
0.0,0.0
0.0,0.0
0.0,0.0
0.0,0.0
0.0,0.0
0.0,0.0
0.0,0.0
0.0,0.0
0.0,0.0
0.0,0.0
0.0,0.0
0.0,0.0
0.0,0.0
8.398001227760687e-7,0.0
0.0,0.0
0.0,0.0
0.0,0.0
0.0,0.0
0.0,0.0
0.0,0.0
0.0,0.0
0.0,0.0
0.0,0.0
0.0,0.0
2.0155221136519685e-7,0.0
6.364787527433548e-8,0.0
0.0,0.0
0.0,0.0
0.0,0.0
0.0,0.0
0.0,0.0
0.0,0.0
0.0,0.0
0.0,0.0
0.0,0.0
0.0,0.0
0.0,0.0
0.0,0.0
0.0,0.0
0.0,0.0
0.0,0.0
0.0,0.0
0.0,0.0
0.0,0.0
0.0,0.0
0.0,0.0
0.0,0.0
0.0,0.0
2899.142880952579,0.0
0.0,0.0
0.0,0.0
0.0,0.0
0.0,0.0
0.0,0.0
0.0,0.0
0.0,0.0
0.0,0.0
0.0,0.0
0.0,0.0
0.0,0.0
0.0,0.0
0.0,0.0
0.0,0.0
0.0,0.0
0.0,0.0
0.0,0.0
0.0,0.0
0.0,0.0
0.0,0.0
0.0,0.0
0.0,0.0
0.0,0.0
0.0,0.0
0.0,0.0
0.0,0.0
0.0,0.0
0.0,0.0
0.0,0.0
0.0,0.0
0.0,0.0
0.0,0.0
0.0,0.0
0.0,0.0
0.0,0.0
0.0,0.0
0.0,0.0
0.0,0.0
0.0,0.0
0.0,0.0
0.0,0.0
0.0,0.0
0.0,0.0
0.0,0.0
0.0,0.0
0.0,0.0
0.0,0.0
0.0,0.0
0.0,0.0
0.0,0.0
0.0,0.0
0.0,0.0
0.0,0.0
0.0,0.0
0.0,0.0
0.0,0.0
0.0,0.0
0.0,0.0
0.0,0.0
0.0,0.0
0.0,0.0
0.0,0.0
0.0,0.0
0.0,0.0
0.0,0.0
0.0,0.0
0.0,0.0
0.0,0.0
0.0,0.0
0.0,0.0
0.0,0.0
0.0,0.0
0.0,0.0
0.0,0.0
0.0,0.0
0.0,0.0
0.0,0.0
6931.0,0.0
1663.4399999999996,0.0
399.22559999999976,0.0
95.81414399999994,0.0
0.0,0.0
0.0,0.0
0.0,0.0
0.0,0.0
0.0,0.0
0.0,0.0
0.0,0.0
0.0,0.0
0.0,0.0
0.0,0.0
0.0,0.0
0.0,0.0
0.0,0.0
592.5313595045936,0.0
6480.6761667765095,0.0
1555.362280026362,0.0
373.28694720632666,0.0
89.58886732951851,0.0
21.50132815908455,0.0
5.160318758180438,0.0
1.238476501963305,0.0
0.29723436047152063,0.0
0.07133624651305581,0.0
0.017120699163569952,0.0
0.004108967798856611,0.0
0.000986152272162144,0.0
0.00023667654568271246,0.0
5.68023706364329e-5,0.0
1.363256887998432e-5,0.0
0.0,0.0
0.0,0.0
0.0,0.0
0.0,0.0
0.0,0.0
0.0,0.0
0.0,0.0
0.0,0.0
0.0,0.0
0.0,0.0
0.0,0.0
0.0,0.0
0.0,0.0
0.0,0.0
0.0,0.0
0.0,0.0
0.0,0.0
0.0,0.0
0.0,0.0
0.0,0.0
0.0,0.0
0.0,0.0
0.0,0.0
0.0,0.0
0.0,0.0
0.0,0.0
0.0,0.0
0.0,0.0
0.0,0.0
0.0,0.0
0.0,0.0
0.0,0.0
0.0,0.0
0.0,0.0
0.0,0.0
0.0,0.0
0.0,0.0
0.0,0.0
0.0,0.0
0.0,0.0
0.0,0.0
0.0,0.0
0.0,0.0
0.0,0.0
0.0,0.0
0.0,0.0
0.0,0.0
0.0,0.0
0.0,0.0
0.0,0.0
0.0,0.0
0.0,0.0
0.0,0.0
0.0,0.0
0.0,0.0
0.0,0.0
0.0,0.0
0.0,0.0
0.0,0.0
0.0,0.0
0.0,0.0
0.0,0.0
0.0,0.0
0.0,0.0
0.0,0.0
0.0,0.0
0.0,0.0
0.0,0.0
0.0,0.0
0.0,0.0
0.0,0.0
0.0,0.0
0.0,0.0
0.0,0.0
0.0,0.0
0.0,0.0
0.0,0.0
0.0,0.0
0.0,0.0
0.0,0.0
0.0,0.0
0.0,0.0
0.0,0.0
0.0,0.0
0.0,0.0
0.0,0.0
0.0,0.0
0.0,0.0
0.0,0.0
0.0,0.0
0.0,0.0
0.0,0.0
0.0,0.0
6931.0,0.0
1663.4399999999996,0.0
0.0,0.0
0.0,0.0
0.0,0.0
0.0,0.0
0.0,0.0
0.0,0.0
0.0,0.0
0.0,0.0
0.0,0.0
0.0,0.0
6931.0,0.0
1663.4399999999996,0.0
399.22559999999976,0.0
95.81414399999994,0.0
22.995394560000022,0.0
5.518894694399933,0.0
1.3245347266556564,0.0
0.31788833439713926,0.0
0.0762932002553498,0.0
0.018310368061065674,0.0
0.004394488334583002,0.0
0.001054677200045262,0.0
0.0002531225281927618,0.0
6.074940665712347e-5,0.0
1.4579857634089421e-5,0.0
3.499166268738918e-6,0.0
0.0,0.0
2600.026329794442,0.0
1804.8803626009967,0.0
433.17128702423906,0.0
103.96110888581734,0.0
24.95066613259587,0.0
5.9881598718229725,0.0
1.4371583692372951,0.0
0.34491800861724187,0.0
0.08278032206817443,0.0
0.01986727729672566,0.0
0.0,0.0
0.0,0.0
0.0,0.0
0.0,0.0
0.0,0.0
0.0,0.0
0.0,0.0
0.0,0.0
0.0,0.0
0.0,0.0
0.0,0.0
0.0,0.0
0.0,0.0
0.0,0.0
0.0,0.0
0.0,0.0
0.0,0.0
0.0,0.0
0.0,0.0
0.0,0.0
0.0,0.0
0.0,0.0
0.0,0.0
0.0,0.0
0.0,0.0
0.0,0.0
0.0,0.0
0.0,0.0
0.0,0.0
0.0,0.0
0.0,0.0
0.0,0.0
0.0,0.0
0.0,0.0
0.0,0.0
0.0,0.0
0.0,0.0
0.0,0.0
0.0,0.0
0.0,0.0
0.0,0.0
0.0,0.0
0.0,0.0
0.0,0.0
0.0,0.0
0.0,0.0
4487.071478905302,0.0
0.0,0.0
0.0,0.0
0.0,0.0
0.0,0.0
0.0,0.0
0.0,0.0
0.0,0.0
0.0,0.0
0.0,0.0
0.0,0.0
0.0,0.0
0.0,0.0
0.0,0.0
0.0,0.0
0.0,0.0
0.0,0.0
0.0,0.0
0.0,0.0
0.0,0.0
0.0,0.0
0.0,0.0
5832.267596909436,0.0
2498.476626348828,0.0
599.6343903237184,0.0
143.9122536776922,0.0
34.538940882645875,0.0
0.0,0.0
0.0,0.0
0.0,0.0
0.0,0.0
0.0,0.0
0.0,0.0
0.0,0.0
0.0,0.0
6931.0,0.0
1663.4399999999996,0.0
0.0,0.0
0.0,0.0
0.0,0.0
0.0,0.0
0.0,0.0
0.0,0.0
0.0,0.0
0.0,0.0
0.0,0.0
0.0,0.0
0.0,0.0
0.0,0.0
0.0,0.0
0.0,0.0
0.0,0.0
0.0,0.0
0.0,0.0
0.0,0.0
0.0,0.0
0.0,0.0
0.0,0.0
0.0,0.0
0.0,0.0
6931.0,0.0
0.0,0.0
0.0,0.0
0.0,0.0
0.0,0.0
0.0,0.0
0.0,0.0
0.0,0.0
0.0,0.0
0.0,0.0
6621.593806592275,0.0
1898.5887069898708,0.0
455.6612896775687,0.0
109.35870952261666,0.0
0.0,0.0
0.0,0.0
0.0,0.0
4842.269679243991,0.0
3250.8750437745666,0.0
780.2100105058962,0.0
187.2504025214148,0.0
44.94009660513984,0.0
10.785623185233817,0.0
2.588549564456116,0.0
0.621251895469868,0.0
0.14910045491251367,0.0
0.0,0.0
0.0,0.0
0.0,0.0
0.0,0.0
6931.0,0.0
1663.4399999999996,0.0
399.22559999999976,0.0
0.0,0.0
0.0,0.0
5275.10023572024,0.0
1266.0240565728573,0.0
303.8457735774855,0.0
0.0,0.0
0.0,0.0
0.0,0.0
0.0,0.0
0.0,0.0
0.0,0.0
0.0,0.0
0.0,0.0
0.0,0.0
6931.0,0.0
1663.4399999999996,0.0
399.22559999999976,0.0
0.0,0.0
0.0,0.0
6931.0,0.0
1663.4399999999996,0.0
399.22559999999976,0.0
95.81414399999994,0.0
22.995394560000022,0.0
5.518894694399933,0.0
1.3245347266556564,0.0
0.31788833439713926,0.0
0.0762932002553498,0.0
0.0,0.0
0.0,0.0
0.0,0.0
0.0,0.0
0.0,0.0
4785.203688357638,0.0
3294.2451968481946,0.0
790.618847243566,0.0
189.74852333845593,0.0
45.539645601229495,0.0
10.929514944295079,0.0
2.6230835866308553,0.0
0.6295400607905322,0.0
0.0,0.0
0.0,0.0
0.0,0.0
0.0,0.0
0.0,0.0
0.0,0.0
0.0,0.0
0.0,0.0
0.0,0.0
0.0,0.0
0.0,0.0
0.0,0.0
0.0,0.0
0.0,0.0
0.0,0.0
0.0,0.0
0.0,0.0
0.0,0.0
0.0,0.0
0.0,0.0
0.0,0.0
6931.0,0.0
1663.4399999999996,0.0
399.22559999999976,0.0
0.0,0.0
0.0,0.0
0.0,0.0
0.0,0.0
0.0,0.0
0.0,0.0
0.0,0.0
0.0,0.0
0.0,0.0
0.0,0.0
0.0,0.0
0.0,0.0
0.0,0.0
0.0,0.0
0.0,0.0
0.0,0.0
0.0,0.0
0.0,0.0
0.0,0.0
0.0,0.0
0.0,0.0
6931.0,0.0
1663.4399999999996,0.0
399.22559999999976,0.0
0.0,0.0
0.0,0.0
0.0,0.0
0.0,0.0
0.0,0.0
0.0,0.0
0.0,0.0
0.0,0.0
0.0,0.0
0.0,0.0
6931.0,0.0
0.0,0.0
0.0,0.0
0.0,0.0
0.0,0.0
0.0,0.0
1663.4399999999996,0.0
399.22559999999976,0.0
95.81414399999994,0.0
22.995394560000022,0.0
5.518894694399933,0.0
1.3245347266556564,0.0
0.31788833439713926,0.0
0.0762932002553498,0.0
0.018310368061065674,0.0
0.004394488334583002,0.0
0.001054677200045262,0.0
0.0002531225281927618,0.0
6.074940665712347e-5,0.0
1.4579857634089421e-5,0.0
3.499166268738918e-6,0.0
8.398001227760687e-7,0.0
2.0155221136519685e-7,0.0
4.837238520849496e-8,0.0
1.1609699868131429e-8,0.0
2.786691766232252e-9,0.0
0.0,0.0
0.0,0.0
0.0,0.0
921.3227728025568,0.0
6230.794692670057,0.0
1495.3907262408138,0.0
358.89377429779506,0.0
0.0,0.0
6931.0,0.0
1663.4399999999996,0.0
399.22559999999976,0.0
95.81414399999994,0.0
0.0,0.0
0.0,0.0
0.0,0.0
855.1872707282982,0.0
0.0,0.0
0.0,0.0
0.0,0.0
0.0,0.0
0.0,0.0
6229.778695546395,0.0
2196.3681913847395,0.0
0.0,0.0
0.0,0.0
0.0,0.0
0.0,0.0
0.0,0.0
0.0,0.0
0.0,0.0
0.0,0.0
0.0,0.0
0.0,0.0
6931.0,0.0
692.9183078400395,0.0
0.0,0.0
0.0,0.0
0.0,0.0
0.0,0.0
0.0,0.0
0.0,0.0
0.0,0.0
0.0,0.0
0.0,0.0
6931.0,0.0
0.0,0.0
1663.4399999999996,0.0
399.22559999999976,0.0
95.81414399999994,0.0
22.995394560000022,0.0
5.518894694399933,0.0
1.3245347266556564,0.0
0.31788833439713926,0.0
0.0762932002553498,0.0
0.018310368061065674,0.0
0.004394488334583002,0.0
0.001054677200045262,0.0
0.0002531225281927618,0.0
6.074940665712347e-5,0.0
1.4579857634089421e-5,0.0
0.0,0.0
0.0,0.0
0.0,0.0
0.0,0.0
0.0,0.0
0.0,0.0
0.0,0.0
0.0,0.0
0.0,0.0
0.0,0.0
0.0,0.0
0.0,0.0
0.0,0.0
0.0,0.0
0.0,0.0
0.0,0.0
0.0,0.0
0.0,0.0
0.0,0.0
0.0,0.0
0.0,0.0
0.0,0.0
0.0,0.0
0.0,0.0
0.0,0.0
0.0,0.0
0.0,0.0
0.0,0.0
0.0,0.0
0.0,0.0
0.0,0.0
0.0,0.0
0.0,0.0
6931.0,0.0
1663.4399999999996,0.0
0.0,0.0
0.0,0.0
0.0,0.0
0.0,0.0
0.0,0.0
0.0,0.0
0.0,0.0
0.0,0.0
0.0,0.0
0.0,0.0
0.0,0.0
900.1494689806354,0.0
0.0,0.0
0.0,0.0
0.0,0.0
0.0,0.0
0.0,0.0
0.0,0.0
0.0,0.0
0.0,0.0
0.0,0.0
0.0,0.0
6931.0,0.0
1663.4399999999996,0.0
0.0,0.0
0.0,0.0
0.0,0.0
0.0,0.0
0.0,0.0
0.0,0.0
0.0,0.0
0.0,0.0
0.0,0.0
0.0,0.0
93.14098667225699,0.0
2067.418155180523,0.0
0.0,0.0
0.0,0.0
0.0,0.0
0.0,0.0
0.0,0.0
0.0,0.0
0.0,0.0
0.0,0.0
0.0,0.0
6931.0,0.0
1663.4399999999996,0.0
399.22559999999976,0.0
95.81414399999994,0.0
0.0,0.0
671.2628083154259,0.0
161.1030739957023,0.0
38.66473775896884,0.0
9.279537062152485,0.0
0.0,0.0
0.0,0.0
0.0,0.0
6931.0,0.0
1663.4399999999996,0.0
399.22559999999976,0.0
95.81414399999994,0.0
22.995394560000022,0.0
0.0,0.0
0.0,0.0
0.0,0.0
0.0,0.0
0.0,0.0
0.0,0.0
0.0,0.0
0.0,0.0
6931.0,0.0
1663.4399999999996,0.0
0.0,0.0
0.0,0.0
0.0,0.0
0.0,0.0
0.0,0.0
0.0,0.0
0.0,0.0
0.0,0.0
0.0,0.0
0.0,0.0
6931.0,0.0
1663.4399999999996,0.0
0.0,0.0
0.0,0.0
0.0,0.0
0.0,0.0
0.0,0.0
0.0,0.0
0.0,0.0
0.0,0.0
0.0,0.0
0.0,0.0
0.0,0.0
0.0,0.0
0.0,0.0
0.0,0.0
0.0,0.0
0.0,0.0
0.0,0.0
0.0,0.0
0.0,0.0
0.0,0.0
0.0,0.0
0.0,0.0
0.0,0.0
4928.222028436487,0.0
0.0,0.0
0.0,0.0
0.0,0.0
0.0,0.0
0.0,0.0
0.0,0.0
0.0,0.0
0.0,0.0
0.0,0.0
0.0,0.0
2278.332994714001,0.0
5199.466924017359,0.0
1247.8720617641666,0.0
0.0,0.0
3376.9149037277093,0.0
4364.544673166941,0.0
1047.4907215600651,0.0
251.3977731744153,0.0
60.335465561859564,0.0
0.0,0.0
203.87990145258118,0.0
48.931176348619374,0.0
11.743482323669014,0.0
2.818435757680163,0.0
0.6764245818412746,0.0
0.0,0.0
0.0,0.0
0.0,0.0
0.0,0.0
0.0,0.0
0.0,0.0
0.0,0.0
0.0,0.0
0.0,0.0
2198.9013332110553,0.0
2504.793332222329,0.0
0.0,0.0
0.0,0.0
0.0,0.0
0.0,0.0
0.0,0.0
0.0,0.0
0.0,0.0
0.0,0.0
0.0,0.0
0.0,0.0
0.0,0.0
0.0,0.0
0.0,0.0
0.0,0.0
0.0,0.0
0.0,0.0
0.0,0.0
0.0,0.0
0.0,0.0
0.0,0.0
0.0,0.0
0.0,0.0
5698.036331702767,0.0
0.0,0.0
0.0,0.0
0.0,0.0
0.0,0.0
0.0,0.0
0.0,0.0
0.0,0.0
0.0,0.0
0.0,0.0
0.0,0.0
0.0,0.0
0.0,0.0
0.0,0.0
0.0,0.0
0.0,0.0
0.0,0.0
0.0,0.0
0.0,0.0
0.0,0.0
0.0,0.0
0.0,0.0
0.0,0.0
2447.527586151754,0.0
5070.879034524667,0.0
1217.0109682859202,0.0
292.0826323886213,0.0
0.0,0.0
0.0,0.0
0.0,0.0
0.0,0.0
0.0,0.0
0.0,0.0
0.0,0.0
0.0,0.0
0.0,0.0
0.0,0.0
0.0,0.0
0.0,0.0
0.0,0.0
0.0,0.0
0.0,0.0
0.0,0.0
0.0,0.0
6931.0,0.0
0.0,0.0
0.0,0.0
0.0,0.0
0.0,0.0
0.0,0.0
0.0,0.0
0.0,0.0
0.0,0.0
0.0,0.0
0.0,0.0
0.0,0.0
0.0,0.0
0.0,0.0
0.0,0.0
0.0,0.0
0.0,0.0
0.0,0.0
0.0,0.0
0.0,0.0
0.0,0.0
0.0,0.0
0.0,0.0
0.0,0.0
0.0,0.0
0.0,0.0
0.0,0.0
0.0,0.0
0.0,0.0
0.0,0.0
0.0,0.0
0.0,0.0
0.0,0.0
0.0,0.0
0.0,0.0
0.0,0.0
0.0,0.0
0.0,0.0
0.0,0.0
0.0,0.0
0.0,0.0
1663.4399999999996,0.0
399.22559999999976,0.0
95.81414399999994,0.0
22.995394560000022,0.0
5.518894694399933,0.0
1.3245347266556564,0.0
0.31788833439713926,0.0
0.0762932002553498,0.0
0.018310368061065674,0.0
0.0,0.0
1080.6194340208294,0.0
259.3486641649988,0.0
62.24367939959939,0.0
14.938483055903816,0.0
3.5852359334166977,0.0
0.8604566240201166,0.0
0.20650958976511902,0.0
0.04956230154402874,0.0
0.0,0.0
0.0,0.0
0.0,0.0
0.0,0.0
6931.0,0.0
1663.4399999999996,0.0
399.22559999999976,0.0
95.81414399999994,0.0
0.0,0.0
0.0,0.0
0.0,0.0
0.0,0.0
0.0,0.0
0.0,0.0
0.0,0.0
0.0,0.0
0.0,0.0
0.0,0.0
6931.0,0.0
1663.4399999999996,0.0
0.0,0.0
0.0,0.0
0.0,0.0
0.0,0.0
0.0,0.0
0.0,0.0
0.0,0.0
0.0,0.0
6931.0,0.0
1663.4399999999996,0.0
399.22559999999976,0.0
95.81414399999994,0.0
0.0,0.0
0.0,0.0
0.0,0.0
0.0,0.0
0.0,0.0
0.0,0.0
0.0,0.0
0.0,0.0
6931.0,0.0
1663.4399999999996,0.0
399.22559999999976,0.0
95.81414399999994,0.0
0.0,0.0
0.0,0.0
0.0,0.0
0.0,0.0
0.0,0.0
0.0,0.0
0.0,0.0
0.0,0.0
6931.0,0.0
1663.4399999999996,0.0
399.22559999999976,0.0
95.81414399999994,0.0
0.0,0.0
0.0,0.0
0.0,0.0
0.0,0.0
0.0,0.0
0.0,0.0
0.0,0.0
0.0,0.0
0.0,0.0
0.0,0.0
0.0,0.0
0.0,0.0
0.0,0.0
0.0,0.0
0.0,0.0
0.0,0.0
0.0,0.0
0.0,0.0
0.0,0.0
0.0,0.0
0.0,0.0
5577.538672207866,0.0
2692.070609122022,0.0
0.0,0.0
0.0,0.0
0.0,0.0
0.0,0.0
0.0,0.0
0.0,0.0
0.0,0.0
0.0,0.0
0.0,0.0
0.0,0.0
5180.258246521149,0.0
2994.003732643927,0.0
0.0,0.0
0.0,0.0
0.0,0.0
0.0,0.0
0.0,0.0
248.23206821751774,0.0
3865.065377824566,0.0
0.0,0.0
0.0,0.0
6931.0,0.0
1663.4399999999996,0.0
399.22559999999976,0.0
95.81414399999994,0.0
22.995394560000022,0.0
5.518894694399933,0.0
1.3245347266556564,0.0
0.31788833439713926,0.0
0.0762932002553498,0.0
0.018310368061065674,0.0
0.0,0.0
0.0,0.0
6931.0,0.0
0.0,0.0
1663.4399999999996,0.0
399.22559999999976,0.0
95.81414399999994,0.0
22.995394560000022,0.0
5.518894694399933,0.0
1.3245347266556564,0.0
0.31788833439713926,0.0
0.0762932002553498,0.0
0.018310368061065674,0.0
0.004394488334583002,0.0
0.001054677200045262,0.0
0.0002531225281927618,0.0
6.074940665712347e-5,0.0
1.4579857634089421e-5,0.0
3.499166268738918e-6,0.0
0.0,0.0
0.0,0.0
0.0,0.0
0.0,0.0
0.0,0.0
0.0,0.0
0.0,0.0
6931.0,0.0
1663.4399999999996,0.0
399.22559999999976,0.0
95.81414399999994,0.0
22.995394560000022,0.0
0.0,0.0
0.0,0.0
0.0,0.0
0.0,0.0
0.0,0.0
0.0,0.0
0.0,0.0
6931.0,0.0
1663.4399999999996,0.0
399.22559999999976,0.0
95.81414399999994,0.0
22.995394560000022,0.0
5.518894694399933,0.0
0.0,0.0
0.0,0.0
0.0,0.0
0.0,0.0
0.0,0.0
0.0,0.0
1096.8576248476625,0.0
6097.388205115776,0.0
1463.373169227786,0.0
351.2095606146686,0.0
0.0,0.0
0.0,0.0
0.0,0.0
0.0,0.0
0.0,0.0
0.0,0.0
0.0,0.0
0.0,0.0
0.0,0.0
6931.0,0.0
1663.4399999999996,0.0
399.22559999999976,0.0
0.0,0.0
0.0,0.0
0.0,0.0
0.0,0.0
0.0,0.0
0.0,0.0
0.0,0.0
0.0,0.0
6931.0,0.0
1663.4399999999996,0.0
399.22559999999976,0.0
95.81414399999994,0.0
0.0,0.0
0.0,0.0
0.0,0.0
0.0,0.0
0.0,0.0
0.0,0.0
0.0,0.0
0.0,0.0
6931.0,0.0
1663.4399999999996,0.0
399.22559999999976,0.0
95.81414399999994,0.0
0.0,0.0
0.0,0.0
0.0,0.0
0.0,0.0
0.0,0.0
0.0,0.0
0.0,0.0
0.0,0.0
4271.217629833324,0.0
3684.8746013266764,0.0
884.3699043184024,0.0
212.24877703641687,0.0
0.0,0.0
0.0,0.0
0.0,0.0
0.0,0.0
0.0,0.0
0.0,0.0
0.0,0.0
0.0,0.0
6931.0,0.0
1663.4399999999996,0.0
399.22559999999976,0.0
95.81414399999994,0.0
22.995394560000022,0.0
0.0,0.0
0.0,0.0
0.0,0.0
0.0,0.0
0.0,0.0
0.0,0.0
0.0,0.0
1977.069300016803,0.0
5428.42733198723,0.0
1302.8225596769353,0.0
0.0,0.0
0.0,0.0
0.0,0.0
0.0,0.0
0.0,0.0
0.0,0.0
0.0,0.0
0.0,0.0
0.0,0.0
0.0,0.0
6931.0,0.0
1663.4399999999996,0.0
0.0,0.0
0.0,0.0
0.0,0.0
0.0,0.0
0.0,0.0
0.0,0.0
0.0,0.0
0.0,0.0
0.0,0.0
0.0,0.0
6931.0,0.0
1663.4399999999996,0.0
399.22559999999976,0.0
0.0,0.0
0.0,0.0
0.0,0.0
0.0,0.0
0.0,0.0
0.0,0.0
0.0,0.0
0.0,0.0
0.0,0.0
5742.69688857377,0.0
2566.550364683935,0.0
615.9720875241446,0.0
0.0,0.0
0.0,0.0
0.0,0.0
0.0,0.0
0.0,0.0
0.0,0.0
0.0,0.0
0.0,0.0
719.026435612968,0.0
6384.539908934142,0.0
1532.2895781441903,0.0
0.0,0.0
0.0,0.0
0.0,0.0
0.0,0.0
0.0,0.0
0.0,0.0
0.0,0.0
0.0,0.0
0.0,0.0
0.0,0.0
824.0883767546902,0.0
617.6503114357756,0.0
0.0,0.0
0.0,0.0
0.0,0.0
0.0,0.0
0.0,0.0
0.0,0.0
0.0,0.0
0.0,0.0
0.0,0.0
0.0,0.0
6931.0,0.0
1663.4399999999996,0.0
399.22559999999976,0.0
0.0,0.0
0.0,0.0
0.0,0.0
0.0,0.0
0.0,0.0
0.0,0.0
0.0,0.0
0.0,0.0
6931.0,0.0
1663.4399999999996,0.0
399.22559999999976,0.0
95.81414399999994,0.0
0.0,0.0
0.0,0.0
0.0,0.0
0.0,0.0
0.0,0.0
0.0,0.0
0.0,0.0
0.0,0.0
3395.509090643359,0.0
4350.413091111048,0.0
1044.0991418666517,0.0
0.0,0.0
0.0,0.0
0.0,0.0
0.0,0.0
0.0,0.0
0.0,0.0
0.0,0.0
0.0,0.0
0.0,0.0
0.0,0.0
6931.0,0.0
1663.4399999999996,0.0
0.0,0.0
0.0,0.0
0.0,0.0
0.0,0.0
0.0,0.0
0.0,0.0
0.0,0.0
0.0,0.0
0.0,0.0
4613.928024638604,0.0
3424.4147012746635,0.0
821.8595283059185,0.0
0.0,0.0
0.0,0.0
0.0,0.0
0.0,0.0
0.0,0.0
0.0,0.0
0.0,0.0
0.0,0.0
0.0,0.0
6931.0,0.0
1663.4399999999996,0.0
399.22559999999976,0.0
95.81414399999994,0.0
22.995394560000022,0.0
5.518894694399933,0.0
1.3245347266556564,0.0
0.31788833439713926,0.0
0.0762932002553498,0.0
0.018310368061065674,0.0
0.0,0.0
0.0,0.0
6931.0,0.0
1663.4399999999996,0.0
399.22559999999976,0.0
95.81414399999994,0.0
0.0,0.0
0.0,0.0
0.0,0.0
6931.0,0.0
1663.4399999999996,0.0
399.22559999999976,0.0
95.81414399999994,0.0
22.995394560000022,0.0
5.518894694399933,0.0
1.3245347266556564,0.0
0.31788833439713926,0.0
0.0762932002553498,0.0
0.018310368061065674,0.0
0.004394488334583002,0.0
0.001054677200045262,0.0
0.0002531225281927618,0.0
0.0,0.0
0.0,0.0
0.0,0.0
0.0,0.0
6931.0,0.0
0.0,0.0
1663.4399999999996,0.0
399.22559999999976,0.0
95.81414399999994,0.0
22.995394560000022,0.0
5.518894694399933,0.0
1.3245347266556564,0.0
0.31788833439713926,0.0
0.0762932002553498,0.0
0.018310368061065674,0.0
0.004394488334583002,0.0
0.001054677200045262,0.0
0.0002531225281927618,0.0
6.074940665712347e-5,0.0
1.4579857634089421e-5,0.0
0.0,0.0
0.0,0.0
0.0,0.0
0.0,0.0
0.0,0.0
0.0,0.0
0.0,0.0
0.0,0.0
0.0,0.0
2650.689791714735,0.0
2630.8679346099393,0.0
0.0,0.0
0.0,0.0
0.0,0.0
0.0,0.0
0.0,0.0
0.0,0.0
0.0,0.0
0.0,0.0
0.0,0.0
6931.0,0.0
0.0,0.0
0.0,0.0
1663.4399999999996,0.0
399.22559999999976,0.0
95.81414399999994,0.0
22.995394560000022,0.0
5.518894694399933,0.0
1.3245347266556564,0.0
0.31788833439713926,0.0
0.0762932002553498,0.0
0.018310368061065674,0.0
0.004394488334583002,0.0
0.001054677200045262,0.0
0.0002531225281927618,0.0
6.074940665712347e-5,0.0
0.0,0.0
0.0,0.0
0.0,0.0
0.0,0.0
0.0,0.0
0.0,0.0
0.0,0.0
0.0,0.0
1254.0510064803457,0.0
5977.921235074938,0.0
1434.7010964179854,0.0
344.32826314031627,0.0
0.0,0.0
0.0,0.0
0.0,0.0
0.0,0.0
0.0,0.0
0.0,0.0
0.0,0.0
0.0,0.0
0.0,0.0
6931.0,0.0
1663.4399999999996,0.0
399.22559999999976,0.0
95.81414399999994,0.0
22.995394560000022,0.0
5.518894694399933,0.0
0.0,0.0
0.0,0.0
0.0,0.0
0.0,0.0
6931.0,0.0
1663.4399999999996,0.0
399.22559999999976,0.0
95.81414399999994,0.0
22.995394560000022,0.0
0.0,0.0
0.0,0.0
0.0,0.0
0.0,0.0
0.0,0.0
0.0,0.0
0.0,0.0
751.7549791585907,0.0
6359.666215839471,0.0
1526.3198918014732,0.0
366.31677403235335,0.0
87.91602576776495,0.0
0.0,0.0
0.0,0.0
0.0,0.0
0.0,0.0
0.0,0.0
0.0,0.0
0.0,0.0
0.0,0.0
0.0,0.0
6931.0,0.0
1663.4399999999996,0.0
399.22559999999976,0.0
0.0,0.0
0.0,0.0
0.0,0.0
0.0,0.0
0.0,0.0
0.0,0.0
0.0,0.0
0.0,0.0
6931.0,0.0
1663.4399999999996,0.0
0.0,0.0
399.22559999999976,0.0
95.81414399999994,0.0
22.995394560000022,0.0
5.518894694399933,0.0
1.3245347266556564,0.0
0.31788833439713926,0.0
0.0762932002553498,0.0
0.0,0.0
2263.84444325006,0.0
543.3226663800142,0.0
130.39743993120373,0.0
31.295385583488496,0.0
7.5108925400372755,0.0
1.8026142096086915,0.0
0.0,0.0
0.0,0.0
0.0,0.0
0.0,0.0
0.0,0.0
0.0,0.0
0.0,0.0
6931.0,0.0
1663.4399999999996,0.0
399.22559999999976,0.0
95.81414399999994,0.0
0.0,0.0
0.0,0.0
0.0,0.0
3070.3654181505963,0.0
0.0,0.0
0.0,0.0
0.0,0.0
3177.1284541760833,0.0
4516.382374826177,0.0
1083.9317699582825,0.0
260.14362478998737,0.0
62.43446994959686,0.0
14.984272787903137,0.0
0.0,0.0
0.0,0.0
0.0,0.0
0.0,0.0
0.0,0.0
0.0,0.0
0.0,0.0
0.0,0.0
0.0,0.0
0.0,0.0
0.0,0.0
0.0,0.0
0.0,0.0
0.0,0.0
0.0,0.0
0.0,0.0
0.0,0.0
0.0,0.0
0.0,0.0
0.0,0.0
6931.0,0.0
1663.4399999999996,0.0
0.0,0.0
0.0,0.0
0.0,0.0
0.0,0.0
0.0,0.0
0.0,0.0
0.0,0.0
0.0,0.0
0.0,0.0
2455.1188924486996,0.0
5065.109641738988,0.0
1215.626314017357,0.0
0.0,0.0
0.0,0.0
0.0,0.0
0.0,0.0
0.0,0.0
0.0,0.0
0.0,0.0
0.0,0.0
0.0,0.0
6349.430726022598,0.0
2105.4326482228253,0.0
505.30383557347795,0.0
121.27292053763358,0.0
0.0,0.0
0.0,0.0
0.0,0.0
0.0,0.0
0.0,0.0
0.0,0.0
0.0,0.0
0.0,0.0
6931.0,0.0
1663.4399999999996,0.0
399.22559999999976,0.0
95.81414399999994,0.0
0.0,0.0
0.0,0.0
0.0,0.0
0.0,0.0
0.0,0.0
0.0,0.0
0.0,0.0
0.0,0.0
4336.1904399557025,0.0
3635.495265633666,0.0
872.5188637520796,0.0
209.40452730049947,0.0
0.0,0.0
0.0,0.0
0.0,0.0
0.0,0.0
0.0,0.0
0.0,0.0
0.0,0.0
0.0,0.0
6931.0,0.0
1663.4399999999996,0.0
399.22559999999976,0.0
95.81414399999994,0.0
0.0,0.0
0.0,0.0
0.0,0.0
0.0,0.0
0.0,0.0
0.0,0.0
0.0,0.0
0.0,0.0
6931.0,0.0
1663.4399999999996,0.0
399.22559999999976,0.0
95.81414399999994,0.0
0.0,0.0
0.0,0.0
0.0,0.0
0.0,0.0
0.0,0.0
2526.8234895652076,0.0
0.0,0.0
6931.0,0.0
1663.4399999999996,0.0
399.22559999999976,0.0
95.81414399999994,0.0
22.995394560000022,0.0
0.0,0.0
0.0,0.0
0.0,0.0
0.0,0.0
0.0,0.0
0.0,0.0
0.0,0.0
0.0,0.0
0.0,0.0
6931.0,0.0
1663.4399999999996,0.0
399.22559999999976,0.0
0.0,0.0
0.0,0.0
861.9739627943145,0.0
6275.899788276321,0.0
1506.2159491863167,0.0
361.4918278047162,0.0
86.75803867313152,0.0
20.821929281552002,0.0
4.997263027572444,0.0
1.1993431266173502,0.0
0.28784235038801853,0.0
0.06908216409283341,0.0
0.01657971938220726,0.0
0.0,0.0
0.0,0.0
0.0,0.0
0.0,0.0
102.06207593812178,0.0
0.0,0.0
6931.0,0.0
1663.4399999999996,0.0
399.22559999999976,0.0
95.81414399999994,0.0
22.995394560000022,0.0
5.518894694399933,0.0
1.3245347266556564,0.0
0.31788833439713926,0.0
0.0762932002553498,0.0
0.018310368061065674,0.0
0.004394488334583002,0.0
0.0,0.0
0.0,0.0
0.0,0.0
0.0,0.0
0.0,0.0
0.0,0.0
0.0,0.0
0.0,0.0
0.0,0.0
0.0,0.0
0.0,0.0
0.0,0.0
0.0,0.0
0.0,0.0
0.0,0.0
0.0,0.0
6931.0,0.0
0.0,0.0
1663.4399999999996,0.0
399.22559999999976,0.0
95.81414399999994,0.0
22.995394560000022,0.0
5.518894694399933,0.0
1.3245347266556564,0.0
0.31788833439713926,0.0
0.0762932002553498,0.0
0.018310368061065674,0.0
0.004394488334583002,0.0
0.001054677200045262,0.0
0.0002531225281927618,0.0
6.074940665712347e-5,0.0
0.0,0.0
0.0,0.0
0.0,0.0
0.0,0.0
0.0,0.0
0.0,0.0
0.0,0.0
5991.74307701068,0.0
2377.2752614718847,0.0
570.546062753252,0.0
136.93105506078064,0.0
0.0,0.0
0.0,0.0
0.0,0.0
0.0,0.0
0.0,0.0
0.0,0.0
0.0,0.0
0.0,0.0
6931.0,0.0
1663.4399999999996,0.0
399.22559999999976,0.0
95.81414399999994,0.0
0.0,0.0
0.0,0.0
0.0,0.0
6931.0,0.0
1663.4399999999996,0.0
122.51045932477564,0.0
0.0,0.0
0.0,0.0
6931.0,0.0
1663.4399999999996,0.0
399.22559999999976,0.0
95.81414399999994,0.0
22.995394560000022,0.0
0.0,0.0
0.0,0.0
0.0,0.0
0.0,0.0
0.0,0.0
0.0,0.0
0.0,0.0
6931.0,0.0
1663.4399999999996,0.0
399.22559999999976,0.0
95.81414399999994,0.0
0.0,0.0
0.0,0.0
0.0,0.0
0.0,0.0
0.0,0.0
0.0,0.0
0.0,0.0
0.0,0.0
0.0,0.0
6931.0,0.0
1663.4399999999996,0.0
399.22559999999976,0.0
0.0,0.0
0.0,0.0
0.0,0.0
0.0,0.0
0.0,0.0
0.0,0.0
0.0,0.0
0.0,0.0
5526.193925889453,0.0
2731.0926163240183,0.0
655.4622279177638,0.0
0.0,0.0
0.0,0.0
0.0,0.0
0.0,0.0
0.0,0.0
0.0,0.0
0.0,0.0
0.0,0.0
0.0,0.0
555.436571554179,0.0
6508.868205618823,0.0
1562.1283693485175,0.0
0.0,0.0
0.0,0.0
0.0,0.0
0.0,0.0
0.0,0.0
0.0,0.0
0.0,0.0
0.0,0.0
0.0,0.0
0.0,0.0
6931.0,0.0
1663.4399999999996,0.0
0.0,0.0
0.0,0.0
0.0,0.0
0.0,0.0
0.0,0.0
0.0,0.0
0.0,0.0
0.0,0.0
0.0,0.0
0.0,0.0
3012.7688361974283,0.0
1569.4994671755444,0.0
0.0,0.0
0.0,0.0
0.0,0.0
0.0,0.0
0.0,0.0
0.0,0.0
0.0,0.0
0.0,0.0
0.0,0.0
0.0,0.0
6931.0,0.0
1663.4399999999996,0.0
399.22559999999976,0.0
0.0,0.0
0.0,0.0
0.0,0.0
0.0,0.0
0.0,0.0
0.0,0.0
0.0,0.0
3147.6517827540065,0.0
4538.7846451069545,0.0
1089.3083148256692,0.0
261.43399555816086,0.0
62.744158933958715,0.0
0.0,0.0
0.0,0.0
0.0,0.0
0.0,0.0
0.0,0.0
0.0,0.0
0.0,0.0
0.0,0.0
0.0,0.0
4178.716273225204,0.0
3755.1756323488453,0.0
0.0,0.0
0.0,0.0
0.0,0.0
0.0,0.0
0.0,0.0
0.0,0.0
0.0,0.0
0.0,0.0
0.0,0.0
0.0,0.0
2371.0175665804563,0.0
5129.026649398853,0.0
1230.9663958557248,0.0
0.0,0.0
0.0,0.0
0.0,0.0
0.0,0.0
0.0,0.0
0.0,0.0
0.0,0.0
0.0,0.0
6931.0,0.0
1663.4399999999996,0.0
399.22559999999976,0.0
95.81414399999994,0.0
0.0,0.0
0.0,0.0
0.0,0.0
0.0,0.0
0.0,0.0
0.0,0.0
0.0,0.0
0.0,0.0
4847.367980532723,0.0
3247.000334795129,0.0
779.2800803508308,0.0
187.02721928419942,0.0
44.88653262820753,0.0
0.0,0.0
0.0,0.0
0.0,0.0
0.0,0.0
0.0,0.0
0.0,0.0
1915.6160451780252,0.0
5475.1318056647,0.0
1314.0316333595283,0.0
315.36759200628694,0.0
75.68822208150868,0.0
18.16517329956241,0.0
0.0,0.0
0.0,0.0
0.0,0.0
0.0,0.0
0.0,0.0
0.0,0.0
0.0,0.0
6931.0,0.0
1663.4399999999996,0.0
399.22559999999976,0.0
95.81414399999994,0.0
0.0,0.0
0.0,0.0
0.0,0.0
0.0,0.0
0.0,0.0
0.0,0.0
0.0,0.0
0.0,0.0
3567.361286849962,0.0
4219.805421994027,0.0
1012.7533012785661,0.0
243.06079230685555,0.0
0.0,0.0
0.0,0.0
0.0,0.0
0.0,0.0
0.0,0.0
0.0,0.0
0.0,0.0
0.0,0.0
0.0,0.0
0.0,0.0
0.0,0.0
0.0,0.0
0.0,0.0
0.0,0.0
0.0,0.0
0.0,0.0
0.0,0.0
0.0,0.0
0.0,0.0
0.0,0.0
6931.0,0.0
1663.4399999999996,0.0
399.22559999999976,0.0
95.81414399999994,0.0
0.0,0.0
0.0,0.0
0.0,0.0
0.0,0.0
0.0,0.0
0.0,0.0
0.0,0.0
3592.3460764739193,0.0
4200.816981879822,0.0
1008.1960756511571,0.0
241.96705815627774,0.0
58.072093957506695,0.0
0.0,0.0
0.0,0.0
0.0,0.0
0.0,0.0
0.0,0.0
0.0,0.0
0.0,0.0
0.0,0.0
0.0,0.0
0.0,0.0
0.0,0.0
0.0,0.0
0.0,0.0
0.0,0.0
0.0,0.0
0.0,0.0
0.0,0.0
0.0,0.0
0.0,0.0
0.0,0.0
0.0,0.0
0.0,0.0
0.0,0.0
0.0,0.0
0.0,0.0
0.0,0.0
0.0,0.0
0.0,0.0
0.0,0.0
0.0,0.0
0.0,0.0
0.0,0.0
0.0,0.0
6931.0,0.0
1663.4399999999996,0.0
399.22559999999976,0.0
95.81414399999994,0.0
0.0,0.0
0.0,0.0
0.0,0.0
0.0,0.0
0.0,0.0
0.0,0.0
0.0,0.0
6931.0,0.0
1663.4399999999996,0.0
399.22559999999976,0.0
95.81414399999994,0.0
0.0,0.0
0.0,0.0
0.0,0.0
0.0,0.0
0.0,0.0
0.0,0.0
0.0,0.0
0.0,0.0
0.0,0.0
1845.4446327018445,0.0
2980.7387479182826,0.0
0.0,0.0
0.0,0.0
0.0,0.0
0.0,0.0
0.0,0.0
0.0,0.0
0.0,0.0
0.0,0.0
0.0,0.0
0.0,0.0
6931.0,0.0
1663.4399999999996,0.0
0.0,0.0
0.0,0.0
0.0,0.0
0.0,0.0
0.0,0.0
0.0,0.0
0.0,0.0
0.0,0.0
0.0,0.0
3399.1603588832622,0.0
4347.638127248716,0.0
1043.4331505396913,0.0
250.42395612952532,0.0
0.0,0.0
0.0,0.0
4040.460811785714,0.0
3860.249783042857,0.0
926.4599479302851,0.0
0.0,0.0
0.0,0.0
0.0,0.0
6931.0,0.0
1663.4399999999996,0.0
399.22559999999976,0.0
95.81414399999994,0.0
0.0,0.0
0.0,0.0
0.0,0.0
0.0,0.0
0.0,0.0
0.0,0.0
0.0,0.0
0.0,0.0
0.0,0.0
0.0,0.0
0.0,0.0
0.0,0.0
0.0,0.0
0.0,0.0
0.0,0.0
0.0,0.0
0.0,0.0
0.0,0.0
0.0,0.0
0.0,0.0
6931.0,0.0
1663.4399999999996,0.0
399.22559999999976,0.0
95.81414399999994,0.0
0.0,0.0
0.0,0.0
0.0,0.0
0.0,0.0
0.0,0.0
0.0,0.0
0.0,0.0
0.0,0.0
100.74755575255074,0.0
6854.431857628062,0.0
1645.0636458307345,0.0
394.8152749993751,0.0
0.0,0.0
0.0,0.0
0.0,0.0
0.0,0.0
1110.7632404245314,0.0
6086.819937277356,0.0
0.0,0.0
6148.962989874202,0.0
1475.7511175698082,0.0
354.1802682167545,0.0
85.00326437202148,0.0
20.400783449284972,0.0
0.0,0.0
0.0,0.0
0.0,0.0
0.0,0.0
0.0,0.0
0.0,0.0
0.0,0.0
0.0,0.0
0.0,0.0
5548.463771936561,0.0
2714.1675333282137,0.0
0.0,0.0
0.0,0.0
0.0,0.0
0.0,0.0
0.0,0.0
0.0,0.0
39.69397741099281,0.0
0.0,0.0
6931.0,0.0
0.0,0.0
0.0,0.0
1663.4399999999996,0.0
0.0,0.0
0.0,0.0
0.0,0.0
399.22559999999976,0.0
0.0,0.0
0.0,0.0
0.0,0.0
95.81414399999994,0.0
0.0,0.0
22.995394560000022,0.0
0.0,0.0
5.518894694399933,0.0
1.3245347266556564,0.0
0.31788833439713926,0.0
0.0762932002553498,0.0
0.018310368061065674,0.0
0.004394488334583002,0.0
0.001054677200045262,0.0
0.0002531225281927618,0.0
6.074940665712347e-5,0.0
1.4579857634089421e-5,0.0
3.499166268738918e-6,0.0
8.398001227760687e-7,0.0
2.0155221136519685e-7,0.0
4.837238520849496e-8,0.0
1.1609699868131429e-8,0.0
0.0,0.0
0.0,0.0
0.0,0.0
0.0,0.0
0.0,0.0
0.0,0.0
0.0,0.0
648.0311084839298,0.0
6438.496357552212,0.0
1545.2391258125308,0.0
370.8573901950076,0.0
0.0,0.0
0.0,0.0
0.0,0.0
0.0,0.0
0.0,0.0
0.0,0.0
0.0,0.0
0.0,0.0
6931.0,0.0
1663.4399999999996,0.0
399.22559999999976,0.0
95.81414399999994,0.0
0.0,0.0
0.0,0.0
0.0,0.0
0.0,0.0
0.0,0.0
0.0,0.0
0.0,0.0
0.0,0.0
0.0,0.0
170.424295740577,0.0
1164.3453081670843,0.0
0.0,0.0
0.0,0.0
0.0,0.0
0.0,0.0
0.0,0.0
0.0,0.0
0.0,0.0
0.0,0.0
0.0,0.0
0.0,0.0
6931.0,0.0
1663.4399999999996,0.0
399.22559999999976,0.0
0.0,0.0
0.0,0.0
0.0,0.0
0.0,0.0
0.0,0.0
0.0,0.0
0.0,0.0
0.0,0.0
0.0,0.0
6931.0,0.0
1663.4399999999996,0.0
0.0,0.0
0.0,0.0
0.0,0.0
0.0,0.0
0.0,0.0
0.0,0.0
0.0,0.0
0.0,0.0
0.0,0.0
0.0,0.0
3205.6115633904974,0.0
2249.648034507545,0.0
0.0,0.0
0.0,0.0
0.0,0.0
0.0,0.0
0.0,0.0
0.0,0.0
0.0,0.0
0.0,0.0
0.0,0.0
6931.0,0.0
1663.4399999999996,0.0
399.22559999999976,0.0
95.81414399999994,0.0
22.995394560000022,0.0
0.0,0.0
0.0,0.0
0.0,0.0
0.0,0.0
0.0,0.0
0.0,0.0
0.0,0.0
6931.0,0.0
1663.4399999999996,0.0
399.22559999999976,0.0
95.81414399999994,0.0
0.0,0.0
0.0,0.0
0.0,0.0
0.0,0.0
0.0,0.0
0.0,0.0
0.0,0.0
0.0,0.0
6931.0,0.0
1663.4399999999996,0.0
399.22559999999976,0.0
95.81414399999994,0.0
22.995394560000022,0.0
0.0,0.0
0.0,0.0
0.0,0.0
0.0,0.0
0.0,0.0
0.0,0.0
0.0,0.0
6931.0,0.0
1663.4399999999996,0.0
399.22559999999976,0.0
0.0,0.0
0.0,0.0
0.0,0.0
0.0,0.0
0.0,0.0
0.0,0.0
0.0,0.0
0.0,0.0
0.0,0.0
6931.0,0.0
1663.4399999999996,0.0
399.22559999999976,0.0
95.81414399999994,0.0
0.0,0.0
0.0,0.0
0.0,0.0
0.0,0.0
0.0,0.0
0.0,0.0
0.0,0.0
0.0,0.0
0.0,0.0
3568.5260002005043,0.0
4218.920239847617,0.0
0.0,0.0
0.0,0.0
0.0,0.0
0.0,0.0
0.0,0.0
0.0,0.0
0.0,0.0
0.0,0.0
0.0,0.0
0.0,0.0
6931.0,0.0
1663.4399999999996,0.0
0.0,0.0
0.0,0.0
0.0,0.0
0.0,0.0
0.0,0.0
0.0,0.0
0.0,0.0
0.0,0.0
0.0,0.0
0.0,0.0
0.0,0.0
0.0,0.0
0.0,0.0
0.0,0.0
0.0,0.0
0.0,0.0
0.0,0.0
0.0,0.0
0.0,0.0
4753.2933004876295,0.0
0.0,0.0
0.0,0.0
0.0,0.0
3318.4970916294014,0.0
796.4393019910567,0.0
191.14543247785332,0.0
45.87490379468454,0.0
11.009976910724617,0.0
2.6423944585740173,0.0
0.6341746700582007,0.0
0.15220192081415007,0.0
0.03652846099521412,0.0
0.00876683063870587,0.0
0.00210403935307113,0.0
0.000504969444591552,0.0
0.00012119266648369376,0.0
2.9086239919706713e-5,0.0
0.0,0.0
0.0,0.0
0.0,0.0
0.0,0.0
0.0,0.0
0.0,0.0
0.0,0.0
0.0,0.0
0.0,0.0
0.0,0.0
0.0,0.0
0.0,0.0
0.0,0.0
0.0,0.0
3680.108415614297,0.0
0.0,0.0
0.0,0.0
0.0,0.0
4134.117604133131,0.0
0.0,0.0
0.0,0.0
0.0,0.0
992.1882249919508,0.0
0.0,0.0
238.12517399806802,0.0
57.15004175953618,0.0
13.716010022289083,0.0
3.2918424053495983,0.0
0.7900421772837944,0.0
0.1896101225484017,0.0
0.0,0.0
0.0,0.0
0.0,0.0
0.0,0.0
6931.0,0.0
0.0,0.0
1663.4399999999996,0.0
399.22559999999976,0.0
95.81414399999994,0.0
22.995394560000022,0.0
5.518894694399933,0.0
1.3245347266556564,0.0
0.31788833439713926,0.0
0.0762932002553498,0.0
0.018310368061065674,0.0
0.004394488334583002,0.0
0.001054677200045262,0.0
0.0002531225281927618,0.0
6.074940665712347e-5,0.0
0.0,0.0
0.0,0.0
0.0,0.0
0.0,0.0
0.0,0.0
0.0,0.0
0.0,0.0
6931.0,0.0
1663.4399999999996,0.0
399.22559999999976,0.0
95.81414399999994,0.0
0.0,0.0
0.0,0.0
0.0,0.0
0.0,0.0
0.0,0.0
0.0,0.0
0.0,0.0
0.0,0.0
0.0,0.0
6931.0,0.0
1663.4399999999996,0.0
0.0,0.0
0.0,0.0
0.0,0.0
0.0,0.0
0.0,0.0
0.0,0.0
0.0,0.0
0.0,0.0
0.0,0.0
6931.0,0.0
1663.4399999999996,0.0
399.22559999999976,0.0
95.81414399999994,0.0
0.0,0.0
0.0,0.0
0.0,0.0
0.0,0.0
0.0,0.0
0.0,0.0
0.0,0.0
0.0,0.0
6931.0,0.0
1663.4399999999996,0.0
399.22559999999976,0.0
95.81414399999994,0.0
0.0,0.0
0.0,0.0
0.0,0.0
0.0,0.0
0.0,0.0
0.0,0.0
0.0,0.0
0.0,0.0
0.0,0.0
2878.061520565352,0.0
4743.673244370332,0.0
0.0,0.0
0.0,0.0
0.0,0.0
0.0,0.0
0.0,0.0
0.0,0.0
0.0,0.0
0.0,0.0
0.0,0.0
3066.7469992686824,0.0
4600.2722805558,0.0
1104.065347333395,0.0
0.0,0.0
0.0,0.0
0.0,0.0
0.0,0.0
0.0,0.0
0.0,0.0
0.0,0.0
0.0,0.0
0.0,0.0
0.0,0.0
6931.0,0.0
1663.4399999999996,0.0
0.0,0.0
0.0,0.0
0.0,0.0
0.0,0.0
0.0,0.0
0.0,0.0
0.0,0.0
0.0,0.0
0.0,0.0
0.0,0.0
0.0,0.0
0.0,0.0
0.0,0.0
0.0,0.0
0.0,0.0
0.0,0.0
0.0,0.0
0.0,0.0
0.0,0.0
0.0,0.0
0.0,0.0
1188.3754932394338,0.0
6027.83462513803,0.0
1446.6803100331272,0.0
347.2032744079552,0.0
0.0,0.0
0.0,0.0
0.0,0.0
0.0,0.0
0.0,0.0
0.0,0.0
0.0,0.0
0.0,0.0
6609.021366366543,0.0
1908.1437615614268,0.0
457.95450277474265,0.0
0.0,0.0
0.0,0.0
0.0,0.0
0.0,0.0
0.0,0.0
0.0,0.0
0.0,0.0
0.0,0.0
0.0,0.0
0.0,0.0
0.0,0.0
0.0,0.0
0.0,0.0
0.0,0.0
0.0,0.0
0.0,0.0
0.0,0.0
0.0,0.0
0.0,0.0
0.0,0.0
0.0,0.0
0.0,0.0
0.0,0.0
110.40725771917187,0.0
0.0,0.0
0.0,0.0
0.0,0.0
0.0,0.0
0.0,0.0
0.0,0.0
0.0,0.0
0.0,0.0
0.0,0.0
0.0,0.0
1985.4189414845398,0.0
0.0,0.0
0.0,0.0
0.0,0.0
0.0,0.0
0.0,0.0
0.0,0.0
0.0,0.0
0.0,0.0
0.0,0.0
0.0,0.0
4325.555505502816,0.0
3643.57781581786,0.0
874.4586757962861,0.0
209.87008219110885,0.0
0.0,0.0
0.0,0.0
0.0,0.0
0.0,0.0
2828.8741075144308,0.0
0.0,0.0
0.0,0.0
0.0,0.0
6931.0,0.0
1663.4399999999996,0.0
399.22559999999976,0.0
0.0,0.0
0.0,0.0
0.0,0.0
0.0,0.0
0.0,0.0
0.0,0.0
0.0,0.0
0.0,0.0
0.0,0.0
0.0,0.0
1888.640572079371,0.0
0.0,0.0
0.0,0.0
0.0,0.0
0.0,0.0
0.0,0.0
0.0,0.0
0.0,0.0
0.0,0.0
0.0,0.0
0.0,0.0
0.0,0.0
0.0,0.0
0.0,0.0
0.0,0.0
0.0,0.0
0.0,0.0
0.0,0.0
0.0,0.0
0.0,0.0
0.0,0.0
0.0,0.0
0.0,0.0
0.0,0.0
0.0,0.0
0.0,0.0
0.0,0.0
0.0,0.0
0.0,0.0
0.0,0.0
0.0,0.0
0.0,0.0
0.0,0.0
0.0,0.0
0.0,0.0
0.0,0.0
0.0,0.0
0.0,0.0
0.0,0.0
0.0,0.0
0.0,0.0
0.0,0.0
0.0,0.0
0.0,0.0
0.0,0.0
0.0,0.0
0.0,0.0
0.0,0.0
0.0,0.0
0.0,0.0
0.0,0.0
0.0,0.0
0.0,0.0
0.0,0.0
0.0,0.0
0.0,0.0
0.0,0.0
0.0,0.0
0.0,0.0
0.0,0.0
0.0,0.0
0.0,0.0
0.0,0.0
0.0,0.0
0.0,0.0
0.0,0.0
0.0,0.0
0.0,0.0
0.0,0.0
0.0,0.0
0.0,0.0
0.0,0.0
6931.0,0.0
1663.4399999999996,0.0
0.0,0.0
0.0,0.0
0.0,0.0
0.0,0.0
0.0,0.0
0.0,0.0
0.0,0.0
0.0,0.0
0.0,0.0
6931.0,0.0
1663.4399999999996,0.0
399.22559999999976,0.0
95.81414399999994,0.0
0.0,0.0
0.0,0.0
1953.9131199070066,0.0
5446.026028870675,0.0
1307.0462469289623,0.0
313.69109926295096,0.0
75.28586382310823,0.0
18.068607317545684,0.0
4.3364657562106,0.0
1.040751781490144,0.0
0.24978042755719798,0.0
0.05994730261409131,0.0
0.014387352627636574,0.0
0.003452964630923816,0.0
0.0008287115115308552,0.0
0.00019889076247636694,0.0
4.7733781684655696e-5,0.0
0.0,0.0
0.0,0.0
0.0,0.0
6931.0,0.0
1663.4399999999996,0.0
399.22559999999976,0.0
95.81414399999994,0.0
0.0,0.0
0.0,0.0
6931.0,0.0
1663.4399999999996,0.0
399.22559999999976,0.0
95.81414399999994,0.0
22.995394560000022,0.0
5.518894694399933,0.0
1.3245347266556564,0.0
0.31788833439713926,0.0
0.0762932002553498,0.0
0.018310368061065674,0.0
0.004394488334583002,0.0
0.0,0.0
0.0,0.0
6931.0,0.0
1663.4399999999996,0.0
399.22559999999976,0.0
0.0,0.0
0.0,0.0
6931.0,0.0
1663.4399999999996,0.0
399.22559999999976,0.0
95.81414399999994,0.0
0.0,0.0
0.0,0.0
6931.0,0.0
1663.4399999999996,0.0
399.22559999999976,0.0
95.81414399999994,0.0
0.0,0.0
0.0,0.0
0.0,0.0
6931.0,0.0
1663.4399999999996,0.0
0.0,0.0
0.0,0.0
0.0,0.0
0.0,0.0
0.0,0.0
0.0,0.0
0.0,0.0
0.0,0.0
0.0,0.0
0.0,0.0
2661.1329270191964,0.0
4908.538975465411,0.0
0.0,0.0
0.0,0.0
0.0,0.0
0.0,0.0
0.0,0.0
0.0,0.0
0.0,0.0
0.0,0.0
0.0,0.0
5341.922365069956,0.0
2871.1390025468327,0.0
689.0733606112408,0.0
0.0,0.0
0.0,0.0
0.0,0.0
0.0,0.0
0.0,0.0
0.0,0.0
0.0,0.0
0.0,0.0
0.0,0.0
1579.547296336701,0.0
5730.544054784104,0.0
1375.3305731481887,0.0
0.0,0.0
0.0,0.0
0.0,0.0
0.0,0.0
0.0,0.0
0.0,0.0
0.0,0.0
0.0,0.0
0.0,0.0
0.0,0.0
6176.684208043617,0.0
2236.7200018868507,0.0
0.0,0.0
0.0,0.0
0.0,0.0
0.0,0.0
0.0,0.0
0.0,0.0
0.0,0.0
0.0,0.0
0.0,0.0
0.0,0.0
6931.0,0.0
1663.4399999999996,0.0
0.0,0.0
0.0,0.0
0.0,0.0
0.0,0.0
0.0,0.0
0.0,0.0
0.0,0.0
0.0,0.0
0.0,0.0
6931.0,0.0
1663.4399999999996,0.0
399.22559999999976,0.0
95.81414399999994,0.0
0.0,0.0
0.0,0.0
0.0,0.0
0.0,0.0
0.0,0.0
0.0,0.0
0.0,0.0
0.0,0.0
0.0,0.0
0.0,0.0
0.0,0.0
0.0,0.0
0.0,0.0
0.0,0.0
0.0,0.0
0.0,0.0
0.0,0.0
0.0,0.0
0.0,0.0
0.0,0.0
6931.0,0.0
1663.4399999999996,0.0
399.22559999999976,0.0
95.81414399999994,0.0
0.0,0.0
0.0,0.0
0.0,0.0
0.0,0.0
0.0,0.0
0.0,0.0
6931.0,0.0
0.0,0.0
0.0,0.0
0.0,0.0
1663.4399999999996,0.0
0.0,0.0
399.22559999999976,0.0
0.0,0.0
95.81414399999994,0.0
22.995394560000022,0.0
5.518894694399933,0.0
1.3245347266556564,0.0
0.31788833439713926,0.0
0.0762932002553498,0.0
0.018310368061065674,0.0
0.004394488334583002,0.0
0.001054677200045262,0.0
0.0002531225281927618,0.0
6.074940665712347e-5,0.0
1.4579857634089421e-5,0.0
3.499166268738918e-6,0.0
8.398001227760687e-7,0.0
0.0,0.0
0.0,0.0
0.0,0.0
0.0,0.0
0.0,0.0
6931.0,0.0
1663.4399999999996,0.0
399.22559999999976,0.0
0.0,0.0
0.0,0.0
0.0,0.0
0.0,0.0
0.0,0.0
0.0,0.0
0.0,0.0
0.0,0.0
0.0,0.0
6636.675472443428,0.0
1887.1266409429945,0.0
0.0,0.0
0.0,0.0
0.0,0.0
0.0,0.0
0.0,0.0
0.0,0.0
0.0,0.0
0.0,0.0
0.0,0.0
0.0,0.0
6931.0,0.0
1663.4399999999996,0.0
0.0,0.0
0.0,0.0
0.0,0.0
0.0,0.0
0.0,0.0
0.0,0.0
0.0,0.0
0.0,0.0
0.0,0.0
0.0,0.0
6931.0,0.0
1663.4399999999996,0.0
399.22559999999976,0.0
0.0,0.0
0.0,0.0
0.0,0.0
0.0,0.0
0.0,0.0
0.0,0.0
0.0,0.0
0.0,0.0
1529.2293316869827,0.0
5768.785707917891,0.0
1384.5085699002939,0.0
0.0,0.0
0.0,0.0
0.0,0.0
0.0,0.0
0.0,0.0
0.0,0.0
0.0,0.0
0.0,0.0
0.0,0.0
0.0,0.0
6931.0,0.0
1663.4399999999996,0.0
399.22559999999976,0.0
0.0,0.0
0.0,0.0
0.0,0.0
0.0,0.0
0.0,0.0
0.0,0.0
0.0,0.0
0.0,0.0
0.0,0.0
0.0,0.0
0.0,0.0
0.0,0.0
0.0,0.0
0.0,0.0
0.0,0.0
3487.457022698429,0.0
4143.618638302676,0.0
0.0,0.0
0.0,0.0
0.0,0.0
0.0,0.0
0.0,0.0
3483.858121830331,0.0
0.0,0.0
0.0,0.0
0.0,0.0
6931.0,0.0
1663.4399999999996,0.0
399.22559999999976,0.0
95.81414399999994,0.0
22.995394560000022,0.0
0.0,0.0
4535.416843430175,0.0
1088.5000424232421,0.0
261.2400101815783,0.0
62.697602443578944,0.0
15.047424586458874,0.0
3.6113819007514394,0.0
0.0,0.0
0.0,0.0
0.0,0.0
0.0,0.0
0.0,0.0
0.0,0.0
0.0,0.0
0.0,0.0
1653.558634210525,0.0
0.0,0.0
0.0,0.0
0.0,0.0
5674.295438000001,0.0
1361.8309051200004,0.0
326.8394172287999,0.0
78.44146013491172,0.0
18.825950432378704,0.0
4.518228103770525,0.0
1.0843747449052898,0.0
0.26024993877763336,0.0
0.06245998530630459,0.0
0.014990396473876899,0.0
0.0035976951539851143,0.0
0.0008634468367745285,0.0
0.0002072272409350262,0.0
4.973453815182438e-5,0.0
1.1936289411096368e-5,0.0
2.8647091312450357e-6,0.0
0.0,0.0
0.0,0.0
6931.0,0.0
1663.4399999999996,0.0
399.22559999999976,0.0
0.0,0.0
0.0,0.0
0.0,0.0
0.0,0.0
0.0,0.0
0.0,0.0
0.0,0.0
0.0,0.0
0.0,0.0
0.0,0.0
6931.0,0.0
1663.4399999999996,0.0
0.0,0.0
0.0,0.0
0.0,0.0
0.0,0.0
0.0,0.0
0.0,0.0
0.0,0.0
0.0,0.0
0.0,0.0
6931.0,0.0
1663.4399999999996,0.0
399.22559999999976,0.0
95.81414399999994,0.0
0.0,0.0
0.0,0.0
0.0,0.0
0.0,0.0
0.0,0.0
0.0,0.0
0.0,0.0
0.0,0.0
0.0,0.0
6931.0,0.0
1663.4399999999996,0.0
0.0,0.0
0.0,0.0
0.0,0.0
0.0,0.0
0.0,0.0
0.0,0.0
0.0,0.0
0.0,0.0
0.0,0.0
0.0,0.0
0.0,0.0
0.0,0.0
0.0,0.0
0.0,0.0
0.0,0.0
0.0,0.0
0.0,0.0
0.0,0.0
0.0,0.0
0.0,0.0
0.0,0.0
0.0,0.0
0.0,0.0
0.0,0.0
0.0,0.0
0.0,0.0
0.0,0.0
0.0,0.0
0.0,0.0
0.0,0.0
0.0,0.0
0.0,0.0
0.0,0.0
6931.0,0.0
1663.4399999999996,0.0
399.22559999999976,0.0
95.81414399999994,0.0
0.0,0.0
0.0,0.0
0.0,0.0
0.0,0.0
0.0,0.0
0.0,0.0
0.0,0.0
0.0,0.0
0.0,0.0
0.0,0.0
0.0,0.0
0.0,0.0
0.0,0.0
0.0,0.0
0.0,0.0
0.0,0.0
0.0,0.0
0.0,0.0
0.0,0.0
0.0,0.0
0.0,0.0
6931.0,0.0
1663.4399999999996,0.0
0.0,0.0
0.0,0.0
0.0,0.0
0.0,0.0
0.0,0.0
0.0,0.0
0.0,0.0
0.0,0.0
0.0,0.0
6931.0,0.0
1663.4399999999996,0.0
399.22559999999976,0.0
95.81414399999994,0.0
0.0,0.0
0.0,0.0
0.0,0.0
0.0,0.0
0.0,0.0
0.0,0.0
0.0,0.0
0.0,0.0
0.0,0.0
6670.0356483462765,0.0
1861.77290725683,0.0
0.0,0.0
0.0,0.0
0.0,0.0
0.0,0.0
0.0,0.0
0.0,0.0
0.0,0.0
0.0,0.0
0.0,0.0
0.0,0.0
6931.0,0.0
1663.4399999999996,0.0
399.22559999999976,0.0
0.0,0.0
0.0,0.0
0.0,0.0
0.0,0.0
0.0,0.0
0.0,0.0
0.0,0.0
0.0,0.0
0.0,0.0
6931.0,0.0
1663.4399999999996,0.0
399.22559999999976,0.0
0.0,0.0
0.0,0.0
0.0,0.0
0.0,0.0
0.0,0.0
0.0,0.0
0.0,0.0
0.0,0.0
0.0,0.0
6931.0,0.0
1663.4399999999996,0.0
399.22559999999976,0.0
0.0,0.0
0.0,0.0
0.0,0.0
0.0,0.0
0.0,0.0
0.0,0.0
0.0,0.0
0.0,0.0
0.0,0.0
6931.0,0.0
1663.4399999999996,0.0
0.0,0.0
0.0,0.0
0.0,0.0
0.0,0.0
0.0,0.0
0.0,0.0
0.0,0.0
0.0,0.0
0.0,0.0
0.0,0.0
6931.0,0.0
1663.4399999999996,0.0
0.0,0.0
0.0,0.0
0.0,0.0
0.0,0.0
0.0,0.0
0.0,0.0
0.0,0.0
0.0,0.0
0.0,0.0
0.0,0.0
0.0,0.0
0.0,0.0
0.0,0.0
0.0,0.0
0.0,0.0
0.0,0.0
0.0,0.0
0.0,0.0
0.0,0.0
0.0,0.0
0.0,0.0
0.0,0.0
2219.7267918865846,0.0
57.71324828600382,0.0
0.0,0.0
0.0,0.0
0.0,0.0
0.0,0.0
0.0,0.0
0.0,0.0
0.0,0.0
0.0,0.0
0.0,0.0
0.0,0.0
6931.0,0.0
1663.4399999999996,0.0
0.0,0.0
0.0,0.0
0.0,0.0
0.0,0.0
0.0,0.0
0.0,0.0
0.0,0.0
0.0,0.0
0.0,0.0
0.0,0.0
0.0,0.0
0.0,0.0
0.0,0.0
0.0,0.0
0.0,0.0
0.0,0.0
0.0,0.0
0.0,0.0
0.0,0.0
0.0,0.0
0.0,0.0
0.0,0.0
0.0,0.0
0.0,0.0
0.0,0.0
0.0,0.0
0.0,0.0
0.0,0.0
0.0,0.0
0.0,0.0
0.0,0.0
0.0,0.0
0.0,0.0
0.0,0.0
0.0,0.0
0.0,0.0
0.0,0.0
0.0,0.0
0.0,0.0
0.0,0.0
0.0,0.0
0.0,0.0
0.0,0.0
0.0,0.0
0.0,0.0
0.0,0.0
6931.0,0.0
1663.4399999999996,0.0
399.22559999999976,0.0
0.0,0.0
0.0,0.0
0.0,0.0
27.10028285089811,0.0
0.0,0.0
0.0,0.0
0.0,0.0
0.0,0.0
6931.0,0.0
1663.4399999999996,0.0
399.22559999999976,0.0
95.81414399999994,0.0
22.995394560000022,0.0
5.518894694399933,0.0
1.3245347266556564,0.0
0.0,0.0
0.0,0.0
0.0,0.0
0.0,0.0
0.0,0.0
0.0,0.0
6931.0,0.0
1663.4399999999996,0.0
0.0,0.0
0.0,0.0
0.0,0.0
0.0,0.0
0.0,0.0
0.0,0.0
0.0,0.0
0.0,0.0
0.0,0.0
0.0,0.0
0.0,0.0
0.0,0.0
0.0,0.0
0.0,0.0
0.0,0.0
0.0,0.0
0.0,0.0
0.0,0.0
0.0,0.0
0.0,0.0
0.0,0.0
0.0,0.0
0.0,0.0
0.0,0.0
0.0,0.0
0.0,0.0
0.0,0.0
0.0,0.0
0.0,0.0
0.0,0.0
0.0,0.0
0.0,0.0
0.0,0.0
0.0,0.0
0.0,0.0
0.0,0.0
0.0,0.0
0.0,0.0
0.0,0.0
0.0,0.0
0.0,0.0
0.0,0.0
0.0,0.0
0.0,0.0
0.0,0.0
0.0,0.0
0.0,0.0
0.0,0.0
0.0,0.0
0.0,0.0
0.0,0.0
0.0,0.0
0.0,0.0
0.0,0.0
0.0,0.0
0.0,0.0
0.0,0.0
0.0,0.0
0.0,0.0
0.0,0.0
0.0,0.0
0.0,0.0
0.0,0.0
0.0,0.0
0.0,0.0
0.0,0.0
0.0,0.0
0.0,0.0
0.0,0.0
0.0,0.0
0.0,0.0
0.0,0.0
0.0,0.0
0.0,0.0
0.0,0.0
0.0,0.0
0.0,0.0
0.0,0.0
0.0,0.0
0.0,0.0
0.0,0.0
0.0,0.0
0.0,0.0
0.0,0.0
0.0,0.0
0.0,0.0
0.0,0.0
0.0,0.0
0.0,0.0
0.0,0.0
0.0,0.0
0.0,0.0
0.0,0.0
0.0,0.0
0.0,0.0
0.0,0.0
0.0,0.0
0.0,0.0
0.0,0.0
0.0,0.0
0.0,0.0
0.0,0.0
0.0,0.0
0.0,0.0
0.0,0.0
0.0,0.0
0.0,0.0
0.0,0.0
0.0,0.0
0.0,0.0
0.0,0.0
0.0,0.0
0.0,0.0
0.0,0.0
0.0,0.0
0.0,0.0
0.0,0.0
0.0,0.0
0.0,0.0
0.0,0.0
0.0,0.0
0.0,0.0
0.0,0.0
0.0,0.0
0.0,0.0
0.0,0.0
0.0,0.0
0.0,0.0
0.0,0.0
0.0,0.0
6931.0,0.0
1663.4399999999996,0.0
0.0,0.0
0.0,0.0
0.0,0.0
0.0,0.0
0.0,0.0
0.0,0.0
0.0,0.0
0.0,0.0
0.0,0.0
0.0,0.0
0.0,0.0
2494.965822628228,0.0
0.0,0.0
0.0,0.0
0.0,0.0
0.0,0.0
0.0,0.0
0.0,0.0
0.0,0.0
0.0,0.0
0.0,0.0
0.0,0.0
3741.3715887454923,0.0
0.0,0.0
0.0,0.0
0.0,0.0
0.0,0.0
0.0,0.0
0.0,0.0
0.0,0.0
0.0,0.0
0.0,0.0
0.0,0.0
0.0,0.0
0.0,0.0
735.9296790587498,0.0
0.0,0.0
0.0,0.0
0.0,0.0
0.0,0.0
0.0,0.0
0.0,0.0
0.0,0.0
0.0,0.0
0.0,0.0
0.0,0.0
0.0,0.0
0.0,0.0
0.0,0.0
0.0,0.0
0.0,0.0
0.0,0.0
0.0,0.0
0.0,0.0
0.0,0.0
0.0,0.0
0.0,0.0
0.0,0.0
0.0,0.0
0.0,0.0
0.0,0.0
0.0,0.0
0.0,0.0
0.0,0.0
0.0,0.0
0.0,0.0
0.0,0.0
0.0,0.0
0.0,0.0
0.0,0.0
0.0,0.0
0.0,0.0
0.0,0.0
0.0,0.0
0.0,0.0
0.0,0.0
0.0,0.0
0.0,0.0
0.0,0.0
0.0,0.0
0.0,0.0
0.0,0.0
0.0,0.0
0.0,0.0
0.0,0.0
0.0,0.0
0.0,0.0
0.0,0.0
0.0,0.0
0.0,0.0
0.0,0.0
0.0,0.0
0.0,0.0
0.0,0.0
6931.0,0.0
1663.4399999999996,0.0
0.0,0.0
0.0,0.0
0.0,0.0
0.0,0.0
0.0,0.0
0.0,0.0
0.0,0.0
0.0,0.0
0.0,0.0
0.0,0.0
0.0,0.0
0.0,0.0
0.0,0.0
0.0,0.0
0.0,0.0
0.0,0.0
0.0,0.0
0.0,0.0
0.0,0.0
0.0,0.0
0.0,0.0
0.0,0.0
0.0,0.0
0.0,0.0
0.0,0.0
0.0,0.0
0.0,0.0
0.0,0.0
0.0,0.0
0.0,0.0
0.0,0.0
0.0,0.0
0.0,0.0
0.0,0.0
0.0,0.0
0.0,0.0
0.0,0.0
0.0,0.0
0.0,0.0
0.0,0.0
0.0,0.0
0.0,0.0
0.0,0.0
0.0,0.0
0.0,0.0
0.0,0.0
0.0,0.0
0.0,0.0
0.0,0.0
0.0,0.0
0.0,0.0
0.0,0.0
0.0,0.0
0.0,0.0
0.0,0.0
0.0,0.0
0.0,0.0
0.0,0.0
0.0,0.0
0.0,0.0
0.0,0.0
0.0,0.0
0.0,0.0
0.0,0.0
0.0,0.0
0.0,0.0
0.0,0.0
0.0,0.0
0.0,0.0
0.0,0.0
0.0,0.0
0.0,0.0
0.0,0.0
0.0,0.0
0.0,0.0
0.0,0.0
6931.0,0.0
1663.4399999999996,0.0
399.22559999999976,0.0
95.81414399999994,0.0
0.0,0.0
0.0,0.0
0.0,0.0
1547.9439039550107,0.0
855.6224562480256,0.0
5104.289566245691,0.0
1225.0294958989653,0.0
294.0070790157515,0.0
70.56169896378015,0.0
16.934807751306835,0.0
4.064353860313531,0.0
0.9754449264755749,0.0
0.23410678235450177,0.0
0.056185627765444224,0.0
0.013484550663633854,0.0
0.003236292159272125,0.0
0.0,0.0
0.0,0.0
0.0,0.0
3580.869316823342,0.0
4209.53931921426,0.0
0.0,0.0
0.0,0.0
1010.2894366114224,0.0
0.0,0.0
0.0,0.0
0.0,0.0
242.4694647867418,0.0
0.0,0.0
0.0,0.0
0.0,0.0
58.192671548818,0.0
0.0,0.0
0.0,0.0
0.0,0.0
13.96624117171632,0.0
3.3518978812116984,0.0
0.8044554914904438,0.0
0.19306931795745186,0.0
0.046336636310115864,0.0
0.011120792714791605,0.0
0.0026689902515499853,0.0
0.0006405576605175156,0.0
0.00015373383848782396,0.0
3.6896120946039446e-5,0.0
8.855068699631374e-6,0.0
2.1252162696328014e-6,0.0
5.100519047118723e-7,0.0
0.0,0.0
0.0,0.0
6931.0,0.0
1663.4399999999996,0.0
0.0,0.0
0.0,0.0
0.0,0.0
0.0,0.0
6931.0,0.0
1663.4399999999996,0.0
399.22559999999976,0.0
95.81414399999994,0.0
0.0,0.0
0.0,0.0
6931.0,0.0
1663.4399999999996,0.0
0.0,0.0
0.0,0.0
0.0,0.0
0.0,0.0
0.0,0.0
0.0,0.0
0.0,0.0
0.0,0.0
0.0,0.0
0.0,0.0
0.0,0.0
0.0,0.0
0.0,0.0
0.0,0.0
0.0,0.0
0.0,0.0
0.0,0.0
6931.0,0.0
0.0,0.0
0.0,0.0
0.0,0.0
0.0,0.0
0.0,0.0
0.0,0.0
0.0,0.0
0.0,0.0
0.0,0.0
1663.4399999999996,0.0
0.0,0.0
0.0,0.0
0.0,0.0
0.0,0.0
399.22559999999976,0.0
0.0,0.0
0.0,0.0
0.0,0.0
0.0,0.0
0.0,0.0
0.0,0.0
0.0,0.0
0.0,0.0
0.0,0.0
0.0,0.0
0.0,0.0
0.0,0.0
0.0,0.0
0.0,0.0
0.0,0.0
0.0,0.0
0.0,0.0
0.0,0.0
0.0,0.0
0.0,0.0
0.0,0.0
0.0,0.0
95.81414399999994,0.0
0.0,0.0
0.0,0.0
0.0,0.0
0.0,0.0
0.0,0.0
0.0,0.0
0.0,0.0
0.0,0.0
0.0,0.0
0.0,0.0
0.0,0.0
4660.452658934306,0.0
1118.5086381442334,0.0
268.4420731546161,0.0
64.42609755710782,0.0
15.462263413705841,0.0
3.71094321928922,0.0
0.8906263726294128,0.0
0.21375032943069527,0.0
0.051300079063366866,0.0
0.012312018975535466,0.0
0.002954884554128512,0.0
0.0007091722927725641,0.0
0.0001702013505564537,0.0
4.084832380613079e-5,0.0
9.803598004509695e-6,0.0
2.352863702981267e-6,0.0
5.646870704367757e-7,0.0
1.355247150058858e-7,0.0
3.252625901950523e-8,0.0
7.806193025317043e-9,0.0
1.873559085652232e-9,0.0
4.4929038267582655e-10,0.0
1.0822986951097846e-10,0.0
2.637534635141492e-11,0.0
7.275957614183426e-12,0.0
0.0,0.0
0.0,0.0
0.0,0.0
0.0,0.0
0.0,0.0
0.0,0.0
0.0,0.0
0.0,0.0
0.0,0.0
0.0,0.0
0.0,0.0
0.0,0.0
0.0,0.0
0.0,0.0
0.0,0.0
0.0,0.0
0.0,0.0
0.0,0.0
0.0,0.0
0.0,0.0
0.0,0.0
0.0,0.0
0.0,0.0
0.0,0.0
0.0,0.0
0.0,0.0
6931.0,0.0
1663.4399999999996,0.0
399.22559999999976,0.0
0.0,0.0
0.0,0.0
0.0,0.0
0.0,0.0
0.0,0.0
0.0,0.0
0.0,0.0
0.0,0.0
0.0,0.0
0.0,0.0
0.0,0.0
0.0,0.0
0.0,0.0
0.0,0.0
0.0,0.0
0.0,0.0
0.0,0.0
249.7818211884951,0.0
0.0,0.0
0.0,0.0
5926.592013852696,0.0
2426.790069471951,0.0
582.4296166732684,0.0
139.78310800158397,0.0
33.54794592037979,0.0
8.051507020891222,0.0
0.0,0.0
0.0,0.0
0.0,0.0
0.0,0.0
0.0,0.0
0.0,0.0
0.0,0.0
0.0,0.0
0.0,0.0
0.0,0.0
0.0,0.0
0.0,0.0
0.0,0.0
0.0,0.0
0.0,0.0
0.0,0.0
0.0,0.0
0.0,0.0
0.0,0.0
0.0,0.0
0.0,0.0
0.0,0.0
0.0,0.0
0.0,0.0
0.0,0.0
0.0,0.0
0.0,0.0
0.0,0.0
0.0,0.0
0.0,0.0
0.0,0.0
0.0,0.0
1978.1150934965262,0.0
0.0,0.0
0.0,0.0
0.0,0.0
0.0,0.0
0.0,0.0
0.0,0.0
0.0,0.0
0.0,0.0
0.0,0.0
0.0,0.0
0.0,0.0
0.0,0.0
0.0,0.0
0.0,0.0
0.0,0.0
0.0,0.0
0.0,0.0
0.0,0.0
0.0,0.0
0.0,0.0
0.0,0.0
0.0,0.0
0.0,0.0
0.0,0.0
6931.0,0.0
0.0,0.0
0.0,0.0
0.0,0.0
0.0,0.0
1663.4399999999996,0.0
399.22559999999976,0.0
95.81414399999994,0.0
22.995394560000022,0.0
5.518894694399933,0.0
1.3245347266556564,0.0
0.31788833439713926,0.0
0.0762932002553498,0.0
0.018310368061065674,0.0
0.004394488334583002,0.0
0.001054677200045262,0.0
0.0002531225281927618,0.0
6.074940665712347e-5,0.0
1.4579857634089421e-5,0.0
3.499166268738918e-6,0.0
8.398001227760687e-7,0.0
0.0,0.0
0.0,0.0
0.0,0.0
0.0,0.0
0.0,0.0
0.0,0.0
0.0,0.0
0.0,0.0
6931.0,0.0
1663.4399999999996,0.0
399.22559999999976,0.0
95.81414399999994,0.0
0.0,0.0
2179.8528435843004,0.0
0.0,0.0
0.0,0.0
0.0,0.0
0.0,0.0
0.0,0.0
2568.3005955130357,0.0
4979.091547410093,0.0
1194.9819713784218,0.0
0.0,0.0
0.0,0.0
0.0,0.0
0.0,0.0
0.0,0.0
0.0,0.0
0.0,0.0
0.0,0.0
0.0,0.0
0.0,0.0
0.0,0.0
0.0,0.0
0.0,0.0
0.0,0.0
0.0,0.0
0.0,0.0
0.0,0.0
255.0551610017228,0.0
0.0,0.0
0.0,0.0
0.0,0.0
6737.158077638691,0.0
0.0,0.0
0.0,0.0
1616.9179386332853,0.0
388.0603052719889,0.0
93.13447326527694,0.0
22.35227358366683,0.0
5.364545660079784,0.0
1.2874909584188572,0.0
0.3089978300204166,0.0
0.07415947920526378,0.0
0.017798275009226927,0.0
0.004271586001777905,0.0
0.0010251806406813557,0.0
0.0002460433533997275,0.0
5.9050405070593115e-5,0.0
1.4172097507980652e-5,0.0
3.401303729333449e-6,0.0
8.163133315974846e-7,0.0
1.9591516320360824e-7,0.0
4.701996658695862e-8,0.0
1.1285010259598494e-8,0.0
2.7084752218797803e-9,0.0
6.502887117676437e-10,0.0
1.5643308870494366e-10,0.0
3.728928277269006e-11,0.0
0.0,0.0
0.0,0.0
0.0,0.0
0.0,0.0
0.0,0.0
0.0,0.0
0.0,0.0
0.0,0.0
0.0,0.0
0.0,0.0
0.0,0.0
0.0,0.0
0.0,0.0
0.0,0.0
0.0,0.0
0.0,0.0
0.0,0.0
0.0,0.0
0.0,0.0
0.0,0.0
0.0,0.0
0.0,0.0
0.0,0.0
0.0,0.0
0.0,0.0
0.0,0.0
0.0,0.0
0.0,0.0
0.0,0.0
0.0,0.0
0.0,0.0
0.0,0.0
0.0,0.0
0.0,0.0
0.0,0.0
0.0,0.0
4037.2889552748056,0.0
2527.683873542059,0.0
0.0,0.0
229.77646919630206,0.0
6756.369883410809,0.0
0.0,0.0
0.0,0.0
0.0,0.0
0.0,0.0
0.0,0.0
0.0,0.0
0.0,0.0
0.0,0.0
1621.5287720185943,0.0
389.1669052844627,0.0
93.40005726827076,0.0
22.416013744385054,0.0
5.379843298652304,0.0
1.2911623916761528,0.0
0.30987897400245856,0.0
0.07437095376099023,0.0
0.017849028902674036,0.0
0.004283766937078326,0.0
0.0010281040649715578,0.0
0.0002467449758114526,0.0
5.9218794376647566e-5,0.0
1.4212510905053932e-5,0.0
3.4110025808331557e-6,0.0
8.186407285393216e-7,0.0
1.9647359295049682e-7,0.0
0.0,0.0
0.0,0.0
0.0,0.0
831.6447438284267,0.0
6298.949994690396,0.0
1511.7479987256938,0.0
362.81951969416696,0.0
87.07668472660043,0.0
20.898404334384395,0.0
5.015617040252437,0.0
1.2037480896606212,0.0
0.0,0.0
0.0,0.0
0.0,0.0
0.0,0.0
0.0,0.0
0.0,0.0
0.0,0.0
0.0,0.0
0.0,0.0
0.0,0.0
0.0,0.0
0.0,0.0
0.0,0.0
0.0,0.0
0.0,0.0
0.0,0.0
0.0,0.0
0.0,0.0
0.0,0.0
0.0,0.0
0.0,0.0
0.0,0.0
0.0,0.0
0.0,0.0
0.0,0.0
0.0,0.0
0.0,0.0
0.0,0.0
0.0,0.0
0.0,0.0
0.0,0.0
0.0,0.0
0.0,0.0
0.0,0.0
0.0,0.0
0.0,0.0
0.0,0.0
0.0,0.0
0.0,0.0
0.0,0.0
0.0,0.0
3484.34208519345,0.0
4282.900015252978,0.0
1027.896003660715,0.0
246.6950408785715,0.0
0.0,0.0
0.0,0.0
0.0,0.0
0.0,0.0
0.0,0.0
0.0,0.0
0.0,0.0
6931.0,0.0
1663.4399999999996,0.0
399.22559999999976,0.0
95.81414399999994,0.0
22.995394560000022,0.0
0.0,0.0
0.0,0.0
0.0,0.0
0.0,0.0
0.0,0.0
0.0,0.0
0.0,0.0
0.0,0.0
2051.4713289286374,0.0
0.0,0.0
293.27976354829116,0.0
0.0,0.0
488.5236408738883,0.0
0.0,0.0
0.0,0.0
0.0,0.0
0.0,0.0
3741.225967493743,0.0
0.0,0.0
0.0,0.0
0.0,0.0
0.0,0.0
0.0,0.0
0.0,0.0
976.3174279999948,0.0
0.0,0.0
0.0,0.0
1402.7008120641003,0.0
0.0,0.0
0.0,0.0
0.0,0.0
336.6481948953842,0.0
0.0,0.0
0.0,0.0
0.0,0.0
80.795566774892,0.0
0.0,0.0
0.0,0.0
0.0,0.0
19.390936025974042,0.0
0.0,0.0
0.0,0.0
0.0,0.0
4.65382464623417,0.0
0.0,0.0
0.0,0.0
0.0,0.0
1.1169179150965647,0.0
0.0,0.0
0.0,0.0
0.0,0.0
0.2680602996233574,0.0
0.0,0.0
0.0,0.0
0.0643344719092056,0.0
0.015440273257809167,0.0
0.0037056655819469597,0.0
0.0008893597396308905,0.0
0.00021344633751141373,0.0
5.1227120820840355e-5,0.0
1.2294509360799566e-5,0.0
2.950681846414227e-6,0.0
7.081634976202622e-7,0.0
1.6995909390971065e-7,0.0
4.078992787981406e-8,0.0
9.7898009698838e-9,0.0
2.3492248146794736e-9,0.0
0.0,0.0
0.0,0.0
0.0,0.0
0.0,0.0
0.0,0.0
0.0,0.0
0.0,0.0
0.0,0.0
0.0,0.0
0.0,0.0
0.0,0.0
0.0,0.0
0.0,0.0
0.0,0.0
0.0,0.0
0.0,0.0
0.0,0.0
0.0,0.0
0.0,0.0
0.0,0.0
0.0,0.0
0.0,0.0
0.0,0.0
0.0,0.0
0.0,0.0
0.0,0.0
6931.0,0.0
0.0,0.0
0.0,0.0
0.0,0.0
0.0,0.0
0.0,0.0
0.0,0.0
0.0,0.0
0.0,0.0
0.0,0.0
1663.4399999999996,0.0
399.22559999999976,0.0
95.81414399999994,0.0
22.995394560000022,0.0
5.518894694399933,0.0
1.3245347266556564,0.0
0.31788833439713926,0.0
0.0762932002553498,0.0
0.018310368061065674,0.0
0.004394488334583002,0.0
0.001054677200045262,0.0
0.0002531225281927618,0.0
6.074940665712347e-5,0.0
0.0,0.0
0.0,0.0
0.0,0.0
0.0,0.0
0.0,0.0
0.0,0.0
0.0,0.0
0.0,0.0
0.0,0.0
0.0,0.0
0.0,0.0
6931.0,0.0
1663.4399999999996,0.0
399.22559999999976,0.0
95.81414399999994,0.0
22.995394560000022,0.0
5.518894694399933,0.0
1.3245347266556564,0.0
0.31788833439713926,0.0
0.0762932002553498,0.0
0.0,0.0
0.0,0.0
0.0,0.0
0.0,0.0
0.0,0.0
0.0,0.0
0.0,0.0
0.0,0.0
0.0,0.0
4190.268966469845,0.0
0.0,0.0
3746.3955854829182,0.0
899.1349405158999,0.0
215.79238572381564,0.0
51.79017257371561,0.0
12.429641417691528,0.0
2.9831139402458575,0.0
0.7159473456586056,0.0
0.1718273629576288,0.0
0.04123856710975815,0.0
0.009897256106341956,0.0
0.002375341465267411,0.0
0.0005700819519915967,0.0
0.00013681966811418533,0.0
3.283672049292363e-5,0.0
0.0,0.0
0.0,0.0
0.0,0.0
0.0,0.0
