PumpedStor,BatteryStor
0.0,0.0
0.0,0.0
0.0,0.0
0.0,0.0
5267.5599999999995,0.0
1264.2143999999994,0.0
4306.7570559999995,0.0
1994.4246374400002,0.0
3751.7972755456003,0.0
2416.1940705853435,0.0
3431.2525063551384,0.0
2659.8080951700945,0.0
3246.1058476707285,0.0
2800.5195557702464,0.0
3139.1651376146124,0.0
2881.794495412894,0.0
3077.3961834862002,0.0
2928.7389005504883,0.0
3041.71843558163,0.0
2955.8539889579624,0.0
3021.1109683919494,0.0
2971.515664022118,0.0
3009.2080953431905,0.0
2980.5618475391752,0.0
3002.332995870227,0.0
2985.7869231386276,0.0
2998.3619384146436,0.0
2988.8049268048717,0.0
2996.0682556282977,0.0
2990.5481257224938,0.0
2994.743424450905,0.0
2991.5549974173123,0.0
2993.978201962843,0.0
2992.136566508239,0.0
2993.5362094537386,0.0
2992.472480815159,0.0
2993.2809145804804,0.0
2992.6665049188355,0.0
2993.1334562616853,0.0
2992.7785732411194,0.0
2993.0482843367495,0.0
2992.843303904071,0.0
5985.8423929369765,0.0
6704.162174304875,0.0
6876.558921833171,0.0
6876.558921833171,0.0
5512.17840152631,0.0
2751.1200071533517,0.0
2751.1200071533517,0.0
2751.1200071533517,0.0
2751.1200071533517,0.0
0.0,0.0
0.0,0.0
5267.56,0.0
5267.56,0.0
5267.56,0.0
5267.56,0.0
5267.56,0.0
5267.56,0.0
5267.56,0.0
5267.56,0.0
5267.56,0.0
5267.56,0.0
5267.56,0.0
5267.56,0.0
5267.56,0.0
5267.56,0.0
5267.56,0.0
5267.56,0.0
5267.56,0.0
-5.630835953441543e-14,0.0
-5.630835953441543e-14,0.0
-5.630835953441543e-14,0.0
-5.630835953441543e-14,0.0
-5.630835953441543e-14,0.0
-5.630835953441543e-14,0.0
-5.630835953441543e-14,0.0
-5.630835953441543e-14,0.0
-5.630835953441543e-14,0.0
-5.630835953441543e-14,0.0
-5.630835953441543e-14,0.0
0.0,0.0
0.0,0.0
2668.7716210636327,0.0
3239.293567991639,0.0
2805.6968883263544,0.0
3135.2303648719717,0.0
2884.7849226973017,0.0
3075.1234587500508,0.0
5522.153599036813,0.0
6592.876863768835,0.0
4513.338809316034,0.0
0.0,0.0
4681.287527058275,0.0
1709.7814794357116,0.0
3968.1260756288602,0.0
2251.7841825220667,0.0
3556.20402128323,0.0
2564.844943824745,0.0
3318.277842693194,0.0
2745.6688395531723,0.0
3180.851681939589,0.0
2850.1127217259113,0.0
3101.474331488308,0.0
2910.4395080688864,0.0
3055.6259738676463,0.0
2945.2842598605894,0.0
3029.143962505952,0.0
2965.4105884954765,0.0
3013.8479527434383,0.0
2977.035555914988,0.0
3005.0129775046094,0.0
2983.7501370964974,0.0
2999.9098958066625,0.0
2987.628479186937,0.0
2996.9623558179283,0.0
2989.868609578375,0.0
2995.259856720436,0.0
2991.1625088924698,0.0
2994.276493241723,0.0
2991.909865136291,0.0
2993.708502496419,0.0
2992.341538102722,0.0
2993.380431041932,0.0
2992.590872408132,0.0
2993.190936969819,0.0
2992.7348879029378,0.0
2993.0814851937675,0.0
2992.818071252737,0.0
2993.0182658479207,0.0
2992.86611795558,0.0
2992.9817503537593,0.0
2992.8938697311432,0.0
2992.9606590043313,0.0
2992.909899156708,0.0
2992.9484766409023,0.0
2992.9191577529136,0.0
2992.941440107786,0.0
2992.924505518083,0.0
2992.9373758062575,0.0
2992.9275943872444,0.0
2992.935028265694,0.0
2992.9293785180726,0.0
2992.933672326265,0.0
2992.930409032039,0.0
2992.9328891356513,0.0
2992.931004256905,0.0
2992.9324367647523,0.0
2992.9313480587884,0.0
2992.932175475321,0.0
2992.9315466387566,0.0
2992.9320245545455,0.0
2992.931661338546,0.0
2992.9319373827057,0.0
2992.9317275891444,0.0
2992.931887032251,0.0
2992.93176585549,0.0
2992.931857949827,0.0
2992.9317879581313,0.0
2992.9318411518207,0.0
2992.9318007246166,0.0
5985.863632173909,0.0
6704.167271721738,0.0
6876.560145213218,0.0
207.9267089202926,0.0
0.0,0.0
1677.901868331367,0.0
3992.3545800681622,0.0
2233.3705191481963,0.0
3570.1984054473714,0.0
2554.209211859998,0.0
3326.360998986401,0.0
2739.5256407703346,0.0
3185.520513014546,0.0
2846.5644101089456,0.0
3104.171048317202,0.0
2908.3900032789256,0.0
3057.1835975080166,0.0
2944.100465893907,0.0
3030.0436459206308,0.0
2964.7268291003215,0.0
5979.094438984077,0.0
6702.542665356179,0.0
6876.1702396854835,0.0
6917.840857524516,0.0
6917.840857524516,0.0
6917.840857524516,0.0
6917.840857524516,0.0
6917.840857524516,0.0
6917.840857524516,0.0
6917.840857524516,0.0
6917.840857524516,0.0
6917.840857524516,0.0
6917.840857524516,0.0
6917.840857524516,0.0
6917.840857524516,0.0
6917.840857524516,0.0
6917.840857524516,0.0
6927.841805805884,0.0
6927.841805805884,0.0
6927.841805805884,0.0
6927.841805805884,0.0
6927.841805805884,0.0
6927.841805805884,0.0
6927.841805805884,0.0
6927.841805805884,0.0
6927.841805805884,0.0
6927.841805805884,0.0
6927.841805805884,0.0
6930.242033393412,0.0
6930.81808801442,0.0
6930.95634112346,0.0
6930.98952186963,0.0
6930.99748524871,0.0
6930.99939645969,0.0
6930.999855150325,0.0
6930.999965236078,0.0
6930.9999916566585,0.0
6930.999997997599,0.0
6930.999999519424,0.0
6930.9999998846615,0.0
6930.999999972318,0.0
6930.999999993356,0.0
6930.999999998405,0.0
2472.5194420836688,0.0
-7.194173764099516e-28,0.0
0.0,0.0
0.0,0.0
0.0,0.0
0.0,0.0
0.0,0.0
0.0,0.0
2083.342941350733,0.0
2083.342941350733,0.0
2083.342941350733,0.0
2083.342941350733,0.0
-2.815417976720116e-14,0.0
-2.815417976720116e-14,0.0
0.0,0.0
0.0,0.0
0.0,0.0
0.0,0.0
0.0,0.0
0.0,0.0
0.0,0.0
0.0,0.0
0.0,0.0
0.0,0.0
0.0,0.0
0.0,0.0
0.0,0.0
0.0,0.0
0.0,0.0
0.0,0.0
0.0,0.0
0.0,0.0
0.0,0.0
0.0,0.0
0.0,0.0
0.0,0.0
0.0,0.0
0.0,0.0
0.0,0.0
0.0,0.0
0.0,0.0
0.0,0.0
0.0,0.0
0.0,0.0
0.0,0.0
0.0,0.0
0.0,0.0
0.0,0.0
0.0,0.0
0.0,0.0
0.0,0.0
0.0,0.0
0.0,0.0
0.0,0.0
0.0,0.0
0.0,0.0
0.0,0.0
0.0,0.0
0.0,0.0
0.0,0.0
0.0,0.0
0.0,0.0
0.0,0.0
0.0,0.0
0.0,0.0
0.0,0.0
0.0,0.0
0.0,0.0
0.0,0.0
0.0,0.0
0.0,0.0
0.0,0.0
0.0,0.0
0.0,0.0
0.0,0.0
0.0,0.0
0.0,0.0
0.0,0.0
0.0,0.0
0.0,0.0
0.0,0.0
0.0,0.0
0.0,0.0
0.0,0.0
0.0,0.0
0.0,0.0
0.0,0.0
285.0841257862376,0.0
5335.980190188696,0.0
6548.195245645287,0.0
6839.12685895487,0.0
6839.12685895487,0.0
6839.12685895487,0.0
6839.12685895487,0.0
6839.12685895487,0.0
6839.12685895487,0.0
6839.12685895487,0.0
6839.12685895487,0.0
6839.12685895487,0.0
6839.12685895487,0.0
6839.12685895487,0.0
6839.12685895487,0.0
6839.12685895487,0.0
0.0,0.0
337.65078156063765,0.0
5010.945406013914,0.0
1459.241491429425,0.0
4158.536466513637,0.0
2107.0722854496366,0.0
3666.1850630582767,0.0
2481.259352075709,0.0
3381.8028924224623,0.0
2697.389801758929,0.0
3217.5437506632143,0.0
2822.2267494959574,0.0
3122.667670383073,0.0
2894.332570508865,0.0
5962.199816922129,0.0
6698.487956061313,0.0
6875.197109454714,0.0
6875.197109454714,0.0
0.0,0.0
0.0,0.0
0.0,0.0
0.0,0.0
0.0,0.0
0.0,0.0
0.0,0.0
0.0,0.0
0.0,0.0
0.0,0.0
0.0,0.0
0.0,0.0
0.0,0.0
0.0,0.0
0.0,0.0
0.0,0.0
0.0,0.0
0.0,0.0
0.0,0.0
0.0,0.0
0.0,0.0
0.0,0.0
0.0,0.0
0.0,0.0
0.0,0.0
0.0,0.0
0.0,0.0
0.0,0.0
0.0,0.0
0.0,0.0
0.0,0.0
0.0,0.0
0.0,0.0
0.0,0.0
0.0,0.0
0.0,0.0
0.0,0.0
0.0,0.0
0.0,0.0
0.0,0.0
0.0,0.0
0.0,0.0
0.0,0.0
0.0,0.0
0.0,0.0
0.0,0.0
0.0,0.0
0.0,0.0
0.0,0.0
0.0,0.0
0.0,0.0
0.0,0.0
0.0,0.0
0.0,0.0
0.0,0.0
0.0,0.0
0.0,0.0
0.0,0.0
0.0,0.0
0.0,0.0
0.0,0.0
0.0,0.0
0.0,0.0
0.0,0.0
0.0,0.0
0.0,0.0
0.0,0.0
0.0,0.0
0.0,0.0
0.0,0.0
0.0,0.0
0.0,0.0
0.0,0.0
0.0,0.0
0.0,0.0
0.0,0.0
0.0,0.0
0.0,0.0
0.0,0.0
0.0,0.0
0.0,0.0
0.0,0.0
0.0,0.0
0.0,0.0
0.0,0.0
0.0,0.0
0.0,0.0
0.0,0.0
0.0,0.0
0.0,0.0
0.0,0.0
0.0,0.0
5267.5599999999995,0.0
6531.774400000001,0.0
6531.774400000001,0.0
0.0,0.0
0.0,0.0
0.0,0.0
0.0,0.0
0.0,0.0
0.0,0.0
0.0,0.0
0.0,0.0
0.0,0.0
5267.56,0.0
1264.2143999999998,0.0
4306.757056000001,0.0
1994.4246374399997,0.0
3751.7972755456003,0.0
2416.194070585344,0.0
3431.2525063551393,0.0
2659.808095170094,0.0
3246.105847670729,0.0
2800.519555770247,0.0
3139.1651376146137,0.0
2881.7944954128934,0.0
3077.396183486201,0.0
6006.135084036689,0.0
6709.032420168806,0.0
6877.727780840512,0.0
0.0,0.0
0.0,0.0
1196.6598604570347,0.0
4358.098506052655,0.0
1955.4051353999835,0.0
3781.452097096012,0.0
2393.6564062070315,0.0
5842.037537489688,0.0
6669.649008997526,0.0
6868.2757621594055,0.0
6868.2757621594055,0.0
6868.2757621594055,0.0
6868.2757621594055,0.0
6868.2757621594055,0.0
6868.2757621594055,0.0
6868.2757621594055,0.0
6868.2757621594055,0.0
6868.2757621594055,0.0
6868.2757621594055,0.0
6868.2757621594055,0.0
6868.2757621594055,0.0
6868.2757621594055,0.0
6868.2757621594055,0.0
6868.2757621594055,0.0
6868.2757621594055,0.0
6868.2757621594055,0.0
6868.2757621594055,0.0
6868.2757621594055,0.0
6868.2757621594055,0.0
6868.2757621594055,0.0
0.0,0.0
0.0,0.0
0.0,0.0
0.0,0.0
0.0,0.0
0.0,0.0
0.0,0.0
0.0,0.0
0.0,0.0
0.0,0.0
0.0,0.0
0.0,0.0
0.0,0.0
0.0,0.0
0.0,0.0
0.0,0.0
0.0,0.0
0.0,0.0
0.0,0.0
0.0,0.0
0.0,0.0
0.0,0.0
0.0,0.0
0.0,0.0
0.0,0.0
0.0,0.0
0.0,0.0
1530.0265851399158,0.0
1530.0265851399158,0.0
1530.0265851399158,0.0
0.0,0.0
0.0,0.0
0.0,0.0
0.0,0.0
0.0,0.0
0.0,0.0
0.0,0.0
0.0,0.0
0.0,0.0
0.0,0.0
0.0,0.0
0.0,0.0
0.0,0.0
0.0,0.0
0.0,0.0
0.0,0.0
0.0,0.0
0.0,0.0
0.0,0.0
0.0,0.0
5267.56,0.0
6531.774400000001,0.0
6835.185856,0.0
6835.185856,0.0
6835.185856,0.0
3400.8982350408937,0.0
0.0,0.0
0.0,0.0
0.0,0.0
0.0,0.0
0.0,0.0
0.0,0.0
5267.56,0.0
6531.774400000001,0.0
6531.774400000001,0.0
0.0,0.0
0.0,0.0
0.0,0.0
0.0,0.0
0.0,0.0
0.0,0.0
0.0,0.0
0.0,0.0
0.0,0.0
0.0,0.0
0.0,0.0
0.0,0.0
0.0,0.0
0.0,0.0
0.0,0.0
0.0,0.0
0.0,0.0
0.0,0.0
0.0,0.0
0.0,0.0
0.0,0.0
0.0,0.0
5267.5599999999995,0.0
5267.5599999999995,0.0
5267.5599999999995,0.0
0.0,0.0
0.0,0.0
0.0,0.0
0.0,0.0
0.0,0.0
0.0,0.0
0.0,0.0
0.0,0.0
5267.56,0.0
6531.774400000001,0.0
6835.185856,0.0
3926.11503962192,0.0
2392.8665116713423,0.0
2392.8665116713423,0.0
0.0,0.0
0.0,0.0
0.0,0.0
419.41112464591015,0.0
0.0,0.0
5267.56,0.0
6531.774400000001,0.0
6835.185856,0.0
6908.00460544,0.0
5852.097341717526,0.0
-5.630835953441223e-14,0.0
0.0,0.0
0.0,0.0
5097.922524988057,0.0
5875.707521764185,0.0
6677.7298052234055,0.0
5874.169788009155,0.0
0.0,0.0
5267.5599999999995,0.0
6531.774400000001,0.0
6835.185856,0.0
6835.185856,0.0
0.0,0.0
0.0,0.0
0.0,0.0
0.0,0.0
0.0,0.0
0.0,0.0
0.0,0.0
0.0,0.0
5267.56,0.0
6531.774400000001,0.0
6531.774400000001,0.0
3.1974105618220072e-28,0.0
0.0,0.0
1941.6588295598292,0.0
3791.89928953453,0.0
2385.716539953757,0.0
3454.415429635145,0.0
2642.20427347729,0.0
5901.6890256345505,0.0
6683.9653661522925,0.0
6871.71168787655,0.0
6871.71168787655,0.0
6871.71168787655,0.0
6871.71168787655,0.0
0.0,0.0
0.0,0.0
0.0,0.0
0.0,0.0
1682.1511042809673,0.0
2516.7482358137745,0.0
0.0,0.0
5267.56,0.0
6531.774400000001,0.0
6835.185856,0.0
6835.185856,0.0
6835.185856,0.0
4384.111013813032,0.0
0.0,0.0
0.0,0.0
0.0,0.0
0.0,0.0
0.0,0.0
0.0,0.0
0.0,0.0
0.0,0.0
0.0,0.0
0.0,0.0
0.0,0.0
0.0,0.0
0.0,0.0
0.0,0.0
0.0,0.0
0.0,0.0
0.0,0.0
0.0,0.0
0.0,0.0
5267.56,0.0
6531.774400000001,0.0
6835.185856,0.0
3683.975934180682,0.0
3683.975934180682,0.0
3683.975934180682,0.0
3683.975934180682,0.0
3683.975934180682,0.0
0.0,0.0
0.0,0.0
0.0,0.0
0.0,0.0
0.0,0.0
0.0,0.0
0.0,0.0
0.0,0.0
0.0,0.0
0.0,0.0
0.0,0.0
0.0,0.0
0.0,0.0
0.0,0.0
0.0,0.0
0.0,0.0
5267.56,0.0
6531.774400000001,0.0
6835.185856,0.0
1538.4118739487935,0.0
0.0,0.0
5267.5599999999995,0.0
1264.2144000000008,0.0
4306.757056,0.0
1994.4246374400004,0.0
3751.7972755456003,0.0
2416.194070585343,0.0
3431.2525063551393,0.0
2659.8080951700945,0.0
3246.105847670729,0.0
2800.5195557702464,0.0
3139.1651376146133,0.0
2881.794495412894,0.0
3077.396183486201,0.0
2928.738900550487,0.0
3041.71843558163,0.0
2955.8539889579615,0.0
3021.1109683919494,0.0
2971.5156640221194,0.0
3009.2080953431896,0.0
2980.561847539176,0.0
3002.3329958702266,0.0
2985.786923138629,0.0
2998.361938414642,0.0
2988.804926804873,0.0
2996.0682556282973,0.0
2990.5481257224947,0.0
2994.7434244509045,0.0
2991.5549974173127,0.0
2993.978201962843,0.0
2992.136566508239,0.0
2993.5362094537386,0.0
5986.008690268897,0.0
6704.202085664537,0.0
6876.56850055949,0.0
4394.014262016948,0.0
0.0,0.0
0.0,0.0
0.0,0.0
5267.56,0.0
6531.774400000001,0.0
3431.989828644651,0.0
0.0,0.0
5267.56,0.0
6531.774400000001,0.0
6835.185856,0.0
6908.00460544,0.0
6908.00460544,0.0
6908.00460544,0.0
6908.00460544,0.0
6908.00460544,0.0
6908.00460544,0.0
6908.00460544,0.0
6908.00460544,0.0
6908.00460544,0.0
0.0,0.0
2866.328336071684,0.0
5955.478800657204,0.0
7.36570739408356e-13,0.0
7.36570739408356e-13,0.0
7.36570739408356e-13,0.0
7.36570739408356e-13,0.0
7.36570739408356e-13,0.0
7.36570739408356e-13,0.0
7.36570739408356e-13,0.0
7.36570739408356e-13,0.0
7.36570739408356e-13,0.0
7.36570739408356e-13,0.0
2347.9680282350564,0.0
2347.9680282350564,0.0
2347.9680282350564,0.0
2347.9680282350564,0.0
2347.9680282350564,0.0
2347.9680282350564,0.0
0.0,0.0
0.0,0.0
0.0,0.0
0.0,0.0
0.0,0.0
5267.56,0.0
1264.2144000000003,0.0
4306.757056000001,0.0
1994.4246374399997,0.0
3751.797275545601,0.0
2416.194070585343,0.0
3431.2525063551398,0.0
2659.808095170093,0.0
3246.105847670729,0.0
2800.519555770246,0.0
3139.1651376146133,0.0
2881.794495412894,0.0
3077.396183486201,0.0
6006.135084036688,0.0
6709.032420168806,0.0
6877.727780840512,0.0
6877.727780840512,0.0
2736.37815023955,0.0
0.0,0.0
0.0,0.0
0.0,0.0
0.0,0.0
0.0,0.0
0.0,0.0
0.0,0.0
0.0,0.0
0.0,0.0
0.0,0.0
0.0,0.0
0.0,0.0
0.0,0.0
0.0,0.0
0.0,0.0
0.0,0.0
0.0,0.0
0.0,0.0
0.0,0.0
0.0,0.0
0.0,0.0
0.0,0.0
0.0,0.0
0.0,0.0
0.0,0.0
0.0,0.0
0.0,0.0
0.0,0.0
0.0,0.0
0.0,0.0
0.0,0.0
5267.56,0.0
6531.774400000001,0.0
6531.774400000001,0.0
6531.774400000001,0.0
6531.774400000001,0.0
6531.774400000001,0.0
6531.774400000001,0.0
6531.774400000001,0.0
6531.774400000001,0.0
6531.774400000001,0.0
6531.774400000001,0.0
6531.774400000001,0.0
6531.774400000001,0.0
6590.135193702899,0.0
6590.135193702899,0.0
6590.135193702899,0.0
0.0,0.0
0.0,0.0
0.0,0.0
0.0,0.0
0.0,0.0
0.0,0.0
0.0,0.0
0.0,0.0
5267.56,0.0
6531.774400000001,0.0
6531.774400000001,0.0
6531.774400000001,0.0
6531.774400000001,0.0
6531.774400000001,0.0
6531.774400000001,0.0
6531.774400000001,0.0
6531.774400000001,0.0
6531.774400000001,0.0
6531.774400000001,0.0
6531.774400000001,0.0
6531.774400000001,0.0
6531.774400000001,0.0
6531.774400000001,0.0
6531.774400000001,0.0
6531.774400000001,0.0
6531.774400000001,0.0
6531.774400000001,0.0
6531.774400000001,0.0
6531.774400000001,0.0
0.0,0.0
0.0,0.0
5267.56,0.0
1264.2144000000005,0.0
5190.073655862673,0.0
6513.177677407041,0.0
459.96335659427245,0.0
2022.4833235222989,0.0
5094.112780089262,0.0
6490.147067221425,0.0
6825.195296133141,0.0
6825.195296133141,0.0
123.21216887578213,0.0
0.0,0.0
5267.56,0.0
6531.774400000001,0.0
6835.185856,0.0
6908.00460544,0.0
6908.00460544,0.0
6908.00460544,0.0
6908.00460544,0.0
6908.00460544,0.0
4461.169417682175,0.0
4461.169417682175,0.0
4461.169417682175,0.0
0.0,0.0
0.0,0.0
5267.56,0.0
6531.774400000001,0.0
6531.774400000001,0.0
6531.774400000001,0.0
6531.774400000001,0.0
0.0,0.0
0.0,0.0
0.0,0.0
0.0,0.0
0.0,0.0
0.0,0.0
0.0,0.0
5267.5599999999995,0.0
6531.774400000001,0.0
6531.774400000001,0.0
6531.774400000001,0.0
6531.774400000001,0.0
6531.774400000001,0.0
6531.774400000001,0.0
3277.6600899765726,0.0
3277.6600899765726,0.0
3277.6600899765726,0.0
3277.6600899765726,0.0
3277.6600899765726,0.0
3277.6600899765726,0.0
3277.6600899765726,0.0
3277.6600899765726,0.0
3277.6600899765726,0.0
3277.6600899765726,0.0
3277.6600899765726,0.0
3277.6600899765726,0.0
3277.6600899765726,0.0
3277.6600899765726,0.0
3277.6600899765726,0.0
3277.6600899765726,0.0
3277.6600899765726,0.0
3277.6600899765726,0.0
6054.198421594378,0.0
6054.198421594378,0.0
6054.198421594378,0.0
6054.198421594378,0.0
6054.198421594378,0.0
6054.198421594378,0.0
984.9118730499024,0.0
984.9118730499024,0.0
984.9118730499024,0.0
984.9118730499024,0.0
984.9118730499024,0.0
984.9118730499024,0.0
4733.429504040951,0.0
4733.429504040951,0.0
0.0,0.0
0.0,0.0
5267.56,0.0
6531.774400000001,0.0
6835.185856,0.0
6908.00460544,0.0
4098.384196996584,0.0
3.1974105618220072e-28,0.0
5267.56,0.0
6531.774400000001,0.0
6835.185856,0.0
6835.185856,0.0
6835.185856,0.0
6835.185856,0.0
6835.185856,0.0
6835.185856,0.0
6835.185856,0.0
6835.185856,0.0
6835.185856,0.0
6835.185856,0.0
6835.185856,0.0
6835.185856,0.0
6835.185856,0.0
6835.185856,0.0
6835.185856,0.0
6835.185856,0.0
6835.185856,0.0
6835.185856,0.0
6835.185856,0.0
6835.185856,0.0
6835.185856,0.0
6835.185856,0.0
6835.185856,0.0
6835.185856,0.0
6835.185856,0.0
6835.185856,0.0
6835.185856,0.0
6835.185856,0.0
6835.185856,0.0
6835.185856,0.0
6835.185856,0.0
6835.185856,0.0
6835.185856,0.0
6835.185856,0.0
3613.019334032393,0.0
6134.684640167775,0.0
6134.684640167775,0.0
6134.684640167775,0.0
6134.684640167775,0.0
0.0,0.0
0.0,0.0
0.0,0.0
0.0,0.0
0.0,0.0
0.0,0.0
0.0,0.0
0.0,0.0
0.0,0.0
0.0,0.0
0.0,0.0
0.0,0.0
0.0,0.0
0.0,0.0
0.0,0.0
0.0,0.0
0.0,0.0
0.0,0.0
0.0,0.0
0.0,0.0
5267.56,0.0
6531.774400000001,0.0
6835.185856,0.0
6835.185856,0.0
6835.185856,0.0
0.0,0.0
0.0,0.0
0.0,0.0
0.0,0.0
0.0,0.0
0.0,0.0
0.0,0.0
5267.5599999999995,0.0
1264.2144000000008,0.0
4894.285167995087,0.0
1547.9032723237335,0.0
4091.153513033963,0.0
2158.2833300941884,0.0
3627.264669128417,0.0
2510.8388514624025,0.0
3359.3224728885743,0.0
2714.474920604683,0.0
3204.5590603404403,0.0
2832.095114141265,0.0
3115.167713252639,0.0
2900.032537927995,0.0
3063.535271174724,0.0
2939.27319390721,0.0
3033.7123726305203,0.0
2961.9385968008046,0.0
3016.486666431389,0.0
2975.030133512144,0.0
3006.537098530771,0.0
2982.5918051166145,0.0
3000.7902281113734,0.0
2986.9594266353565,0.0
2997.4708357571294,0.0
2989.482164824582,0.0
2995.5535547333184,0.0
2990.939298402678,0.0
2994.4461332139645,0.0
2991.780938757387,0.0
2993.806486544386,0.0
2992.267070226267,0.0
2993.437026628037,0.0
2992.547859762692,0.0
2993.223626580354,0.0
2992.710043798931,0.0
2993.100366712813,0.0
2992.803721298263,0.0
2993.0291718133208,0.0
2992.857829421877,0.0
2992.9880496393744,0.0
2992.8890822740755,0.0
2992.964297471703,0.0
2992.9071339215056,0.0
2992.9505782196557,0.0
2992.917560553062,0.0
2992.942653979673,0.0
2992.9235829754484,0.0
2992.9380769386603,0.0
2992.9270615266187,0.0
2992.93543323977,0.0
2992.9290707377754,0.0
2992.933906239291,0.0
2992.930231258139,0.0
2992.933024243815,0.0
5985.863925818515,0.0
6704.167342196444,0.0
6876.560162127147,0.0
0.0,0.0
5267.56,0.0
1264.2143999999998,0.0
4306.757056000001,0.0
1994.4246374399993,0.0
4675.452397950427,0.0
6389.668575508103,0.0
6801.0804581219445,0.0
6899.819309949266,0.0
6899.819309949266,0.0
4501.864709750054,0.0
0.0,0.0
0.0,0.0
5267.56,0.0
6531.774400000001,0.0
6835.185856,0.0
6908.00460544,0.0
6908.00460544,0.0
6908.00460544,0.0
6908.00460544,0.0
6908.00460544,0.0
0.0,0.0
0.0,0.0
0.0,0.0
0.0,0.0
0.0,0.0
0.0,0.0
5267.5599999999995,0.0
6531.774400000001,0.0
6531.774400000001,0.0
0.0,0.0
0.0,0.0
0.0,0.0
0.0,0.0
0.0,0.0
0.0,0.0
0.0,0.0
5267.56,0.0
6531.774400000001,0.0
6835.185856,0.0
6908.00460544,0.0
6908.00460544,0.0
6908.00460544,0.0
6908.00460544,0.0
6908.00460544,0.0
6908.00460544,0.0
6908.00460544,0.0
6908.00460544,0.0
0.0,0.0
5267.56,0.0
6531.774400000001,0.0
6835.185856,0.0
6908.00460544,0.0
6908.00460544,0.0
6908.00460544,0.0
6908.00460544,0.0
6908.00460544,0.0
6908.00460544,0.0
6908.00460544,0.0
6908.00460544,0.0
0.0,0.0
5267.56,0.0
6531.774400000001,0.0
6835.185856,0.0
6908.00460544,0.0
6908.00460544,0.0
0.0,0.0
0.0,0.0
0.0,0.0
0.0,0.0
0.0,0.0
0.0,0.0
0.0,0.0
0.0,0.0
0.0,0.0
0.0,0.0
0.0,0.0
0.0,0.0
0.0,0.0
0.0,0.0
0.0,0.0
0.0,0.0
0.0,0.0
0.0,0.0
0.0,0.0
0.0,0.0
3632.9085908034735,0.0
6139.458061792833,0.0
6139.458061792833,0.0
6139.458061792833,0.0
6139.458061792833,0.0
0.0,0.0
0.0,0.0
0.0,0.0
0.0,0.0
0.0,0.0
0.0,0.0
0.0,0.0
3561.8838294547304,0.0
6122.412119069136,0.0
6122.412119069136,0.0
0.0,0.0
0.0,0.0
0.0,0.0
0.0,0.0
0.0,0.0
0.0,0.0
0.0,0.0
0.0,0.0
5267.56,0.0
1264.2143999999998,0.0
4306.757056000001,0.0
1994.4246374399993,0.0
3751.797275545601,0.0
2416.1940705853426,0.0
5847.446576940482,0.0
6670.947178465715,0.0
6868.587322831771,0.0
6868.587322831771,0.0
4228.2573115568985,0.0
0.0,0.0
5267.56,0.0
1264.214400000001,0.0
4306.757055999999,0.0
1994.4246374400004,0.0
3751.7972755456003,0.0
2416.1940705853435,0.0
3431.2525063551398,0.0
2659.8080951700945,0.0
3246.105847670729,0.0
2800.519555770247,0.0
3139.1651376146137,0.0
2881.794495412894,0.0
3077.3961834862007,0.0
2928.738900550487,0.0
5970.457336132117,0.0
6700.469760671709,0.0
6875.67274256121,0.0
0.0,0.0
0.0,0.0
0.0,0.0
0.0,0.0
0.0,0.0
0.0,0.0
0.0,0.0
5267.5599999999995,0.0
1264.2144000000008,0.0
5570.971456000001,0.0
6604.593149440001,0.0
6852.662355865601,0.0
6852.662355865601,0.0
5263.612559306607,0.0
2682.648241491145,0.0
2682.648241491145,0.0
2682.648241491145,0.0
2682.648241491145,0.0
0.0,0.0
5267.5599999999995,0.0
1264.2144000000003,0.0
5570.971456000001,0.0
6604.593149440001,0.0
6852.662355865601,0.0
6852.662355865601,0.0
6852.662355865601,0.0
6852.662355865601,0.0
6852.662355865601,0.0
0.0,0.0
0.0,0.0
0.0,0.0
0.0,0.0
5267.56,0.0
6531.774400000001,0.0
6835.185856,0.0
6835.185856,0.0
0.0,0.0
0.0,0.0
0.0,0.0
0.0,0.0
0.0,0.0
0.0,0.0
0.0,0.0
0.0,0.0
5267.5599999999995,0.0
6531.774400000001,0.0
6835.185856,0.0
6835.185856,0.0
5.630835953441556e-14,0.0
0.0,0.0
0.0,0.0
0.0,0.0
0.0,0.0
0.0,0.0
0.0,0.0
5267.56,0.0
6531.774400000001,0.0
6835.185856,0.0
6908.00460544,0.0
6908.00460544,0.0
6908.00460544,0.0
0.0,0.0
0.0,0.0
0.0,0.0
0.0,0.0
0.0,0.0
0.0,0.0
5267.5599999999995,0.0
6531.774400000001,0.0
6835.185856,0.0
6908.00460544,0.0
6908.00460544,0.0
6908.00460544,0.0
6908.00460544,0.0
0.0,0.0
0.0,0.0
0.0,0.0
0.0,0.0
0.0,0.0
1941.140750222472,0.0
5733.433780053394,0.0
6643.584107212815,0.0
6862.020185731076,0.0
6862.020185731076,0.0
6862.020185731076,0.0
0.0,0.0
0.0,0.0
0.0,0.0
0.0,0.0
0.0,0.0
0.0,0.0
5267.56,0.0
1264.2144000000003,0.0
5570.971456,0.0
6604.593149440001,0.0
6852.662355865601,0.0
6852.662355865601,0.0
5590.635065538394,0.0
5590.635065538394,0.0
5590.635065538394,0.0
7.365707394083533e-13,0.0
7.365707394083533e-13,0.0
0.0,0.0
0.0,0.0
5267.56,0.0
6531.774400000001,0.0
6531.774400000001,0.0
6531.774400000001,0.0
6531.774400000001,0.0
6531.774400000001,0.0
6531.774400000001,0.0
0.0,0.0
0.0,0.0
0.0,0.0
0.0,0.0
0.0,0.0
5267.56,0.0
6531.774400000001,0.0
6531.774400000001,0.0
6531.774400000001,0.0
6531.774400000001,0.0
0.0,0.0
0.0,0.0
0.0,0.0
0.0,0.0
0.0,0.0
0.0,0.0
0.0,0.0
5267.5599999999995,0.0
6531.774400000001,0.0
6835.185856,0.0
6835.185856,0.0
6835.185856,0.0
6835.185856,0.0
0.0,0.0
0.0,0.0
0.0,0.0
0.0,0.0
0.0,0.0
0.0,0.0
0.0,0.0
5267.56,0.0
6531.774400000001,0.0
630.303058023566,0.0
630.303058023566,0.0
630.303058023566,0.0
0.0,0.0
0.0,0.0
0.0,0.0
0.0,0.0
0.0,0.0
0.0,0.0
5267.56,0.0
6531.774400000001,0.0
6531.774400000001,0.0
6531.774400000001,0.0
6531.774400000001,0.0
6531.774400000001,0.0
6531.774400000001,0.0
6531.774400000001,0.0
6531.774400000001,0.0
6531.774400000001,0.0
6531.774400000001,0.0
6531.774400000001,0.0
6531.774400000001,0.0
6531.774400000001,0.0
6531.774400000001,0.0
6531.774400000001,0.0
6531.774400000001,0.0
0.0,0.0
0.0,0.0
0.0,0.0
0.0,0.0
0.0,0.0
0.0,0.0
0.0,0.0
5267.56,0.0
6531.774400000001,0.0
6835.185856,0.0
6835.185856,0.0
6835.185856,0.0
0.0,0.0
0.0,0.0
0.0,0.0
0.0,0.0
0.0,0.0
0.0,0.0
5267.56,0.0
6531.774400000001,0.0
6835.185856,0.0
6908.00460544,0.0
3.1974105618220072e-28,0.0
0.0,0.0
0.0,0.0
0.0,0.0
0.0,0.0
0.0,0.0
0.0,0.0
0.0,0.0
0.0,0.0
5267.56,0.0
6531.774400000001,0.0
6531.774400000001,0.0
0.0,0.0
0.0,0.0
0.0,0.0
0.0,0.0
0.0,0.0
0.0,0.0
0.0,0.0
0.0,0.0
0.0,0.0
5267.56,0.0
6531.774400000001,0.0
6531.774400000001,0.0
6531.774400000001,0.0
6531.774400000001,0.0
6531.774400000001,0.0
0.0,0.0
0.0,0.0
0.0,0.0
0.0,0.0
0.0,0.0
2631.815774173236,0.0
5899.195785801578,0.0
6683.366988592378,0.0
6683.366988592378,0.0
6683.366988592378,0.0
6683.366988592378,0.0
6683.366988592378,0.0
6683.366988592378,0.0
1090.1474970626812,0.0
0.0,0.0
0.0,0.0
0.0,0.0
5267.56,0.0
1264.2143999999998,0.0
4306.757056,0.0
1994.4246374399997,0.0
3751.7972755456003,0.0
2416.1940705853435,0.0
3431.2525063551384,0.0
6091.060601525233,0.0
6729.414544366057,0.0
6882.619490647853,0.0
4161.5514085948225,0.0
0.0,0.0
5267.56,0.0
6531.774400000001,0.0
6835.185856,0.0
6908.00460544,0.0
6908.00460544,0.0
-9.054958180116019e-13,0.0
0.0,0.0
4278.587436370199,0.0
2015.83354835865,0.0
3735.5265032474267,0.0
2428.5598575319564,0.0
3421.854508275713,0.0
2666.9505737104582,0.0
3240.6775639800517,0.0
2804.6450513751606,0.0
3136.029760954878,0.0
6020.207142629171,0.0
6712.409714231003,0.0
6878.538331415441,0.0
6878.538331415441,0.0
6878.538331415441,0.0
6878.538331415441,0.0
0.0,0.0
0.0,0.0
5267.56,0.0
1264.2144000000003,0.0
4306.757056000001,0.0
1994.4246374400004,0.0
3751.797275545601,0.0
2416.1940705853426,0.0
3431.2525063551398,0.0
2659.808095170094,0.0
3246.105847670729,0.0
2800.5195557702455,0.0
3139.1651376146133,0.0
2881.794495412894,0.0
3077.3961834862007,0.0
6006.135084036689,0.0
6709.032420168806,0.0
6877.727780840512,0.0
3682.597643335744,0.0
3682.597643335744,0.0
3682.597643335744,0.0
3682.597643335744,0.0
3682.597643335744,0.0
3682.597643335744,0.0
3682.597643335744,0.0
3682.597643335744,0.0
3682.597643335744,0.0
5103.376935173588,0.0
6492.370464441662,0.0
6492.370464441662,0.0
6492.370464441662,0.0
6492.370464441662,0.0
0.0,0.0
0.0,0.0
0.0,0.0
0.0,0.0
0.0,0.0
0.0,0.0
5267.56,0.0
1264.2144000000003,0.0
4306.757056000001,0.0
1994.4246374400004,0.0
3751.797275545601,0.0
2416.1940705853426,0.0
3431.2525063551393,0.0
2659.808095170094,0.0
3246.1058476707285,0.0
2800.5195557702464,0.0
3139.165137614613,0.0
2881.7944954128943,0.0
3077.396183486201,0.0
6006.135084036689,0.0
6709.032420168806,0.0
6877.727780840512,0.0
6877.727780840512,0.0
6877.727780840512,0.0
6877.727780840512,0.0
0.0,0.0
0.0,0.0
0.0,0.0
0.0,0.0
0.0,0.0
0.0,0.0
5267.56,0.0
6531.774400000001,0.0
6835.185856,0.0
6835.185856,0.0
6835.185856,0.0
6835.185856,0.0
6835.185856,0.0
6835.185856,0.0
0.0,0.0
0.0,0.0
0.0,0.0
0.0,0.0
5267.56,0.0
1264.2144000000003,0.0
4306.757056,0.0
6301.181693440001,0.0
6779.843606425601,0.0
6894.722465542145,0.0
6894.722465542145,0.0
6894.722465542145,0.0
6894.722465542145,0.0
0.0,0.0
5267.56,0.0
1264.2144,0.0
5570.971456000001,0.0
6604.593149440001,0.0
6852.662355865601,0.0
6852.662355865601,0.0
0.0,0.0
0.0,0.0
0.0,0.0
0.0,0.0
0.0,0.0
0.0,0.0
0.0,0.0
5267.5599999999995,0.0
6531.774400000001,0.0
6835.185856,0.0
6908.00460544,0.0
6908.00460544,0.0
6908.00460544,0.0
6908.00460544,0.0
6908.00460544,0.0
6908.00460544,0.0
0.0,0.0
0.0,0.0
0.0,0.0
0.0,0.0
5267.56,0.0
6531.774399999999,0.0
6835.185856,0.0
-5.630835953441511e-14,0.0
-5.630835953441511e-14,0.0
0.0,0.0
0.0,0.0
0.0,0.0
0.0,0.0
0.0,0.0
0.0,0.0
5267.56,0.0
1264.2143999999994,0.0
4306.757056000002,0.0
1994.4246374399997,0.0
3751.7972755456017,0.0
2416.1940705853426,0.0
4269.403659949097,0.0
6292.216878387782,0.0
6777.692050813068,0.0
6777.692050813068,0.0
0.0,0.0
5267.56,0.0
1264.2143999999996,0.0
4306.757056000002,0.0
6301.181693440001,0.0
6779.843606425601,0.0
6894.722465542145,0.0
6894.722465542145,0.0
0.0,0.0
0.0,0.0
0.0,0.0
0.0,0.0
0.0,0.0
0.0,0.0
0.0,0.0
5267.56,0.0
6531.774400000001,0.0
6835.185856,0.0
6587.083925370168,0.0
0.0,0.0
0.0,0.0
0.0,0.0
0.0,0.0
0.0,0.0
0.0,0.0
0.0,0.0
5267.5599999999995,0.0
1264.2144000000008,0.0
5570.971456000001,0.0
6604.593149440001,0.0
6852.662355865601,0.0
6852.662355865601,0.0
6852.662355865601,0.0
6852.662355865601,0.0
6852.662355865601,0.0
6852.662355865601,0.0
6852.662355865601,0.0
6852.662355865601,0.0
6852.662355865601,0.0
6852.662355865601,0.0
6852.662355865601,0.0
6852.662355865601,0.0
6852.662355865601,0.0
6852.662355865601,0.0
6852.662355865601,0.0
0.0,0.0
0.0,0.0
0.0,0.0
0.0,0.0
0.0,0.0
0.0,0.0
5267.56,0.0
6531.774400000001,0.0
6531.774400000001,0.0
6531.774400000001,0.0
6531.774400000001,0.0
6531.774400000001,0.0
6531.774400000001,0.0
6531.774400000001,0.0
6531.774400000001,0.0
6531.774400000001,0.0
0.0,0.0
396.7060494870605,0.0
5362.769451876896,0.0
6554.624668450455,0.0
6554.624668450455,0.0
6554.624668450455,0.0
0.0,0.0
0.0,0.0
0.0,0.0
0.0,0.0
0.0,0.0
0.0,0.0
0.0,0.0
2321.6437863245264,0.0
5824.754508717887,0.0
6665.5010820922935,0.0
6867.28025970215,0.0
6867.28025970215,0.0
6867.28025970215,0.0
0.0,0.0
0.0,0.0
0.0,0.0
0.0,0.0
0.0,0.0
0.0,0.0
5267.56,0.0
6531.774400000001,0.0
6835.185856,0.0
6908.00460544,0.0
6908.00460544,0.0
6908.00460544,0.0
6908.00460544,0.0
6908.00460544,0.0
6908.00460544,0.0
0.0,0.0
0.0,0.0
0.0,0.0
2707.088707362725,0.0
5917.261289767053,0.0
6687.7027095440935,0.0
6687.7027095440935,0.0
6687.7027095440935,0.0
6687.7027095440935,0.0
6687.7027095440935,0.0
6687.7027095440935,0.0
6687.7027095440935,0.0
6687.7027095440935,0.0
0.0,0.0
0.0,0.0
5267.5599999999995,0.0
6531.774400000001,0.0
6835.185856,0.0
6908.00460544,0.0
6908.00460544,0.0
6908.00460544,0.0
6908.00460544,0.0
0.0,0.0
0.0,0.0
0.0,0.0
0.0,0.0
0.0,0.0
5267.5599999999995,0.0
6531.774400000001,0.0
6835.185856,0.0
6908.00460544,0.0
6908.00460544,0.0
0.0,0.0
0.0,0.0
0.0,0.0
0.0,0.0
0.0,0.0
0.0,0.0
1655.631991182472,0.0
4009.279686701321,0.0
6229.7871248083175,0.0
6762.708909953996,0.0
6890.610138388959,0.0
6890.610138388959,0.0
6890.610138388959,0.0
0.0,0.0
0.0,0.0
0.0,0.0
0.0,0.0
0.0,0.0
0.0,0.0
0.0,0.0
5267.56,0.0
6531.774400000001,0.0
6835.185856,0.0
6835.185856,0.0
0.0,0.0
0.0,0.0
5156.256336962476,0.0
3452.432439089556,0.0
2643.711346291937,0.0
-1.4388347528199032e-27,0.0
5267.56,0.0
1264.2144,0.0
4306.757056000002,0.0
6301.181693440001,0.0
6779.843606425601,0.0
6894.722465542145,0.0
6894.722465542145,0.0
1233.1417066016797,0.0
0.0,0.0
0.0,0.0
0.0,0.0
0.0,0.0
5267.56,0.0
1264.2143999999998,0.0
4306.757056,0.0
1994.4246374399997,0.0
3751.797275545601,0.0
2416.194070585343,0.0
3431.2525063551393,0.0
6091.060601525233,0.0
6729.414544366057,0.0
6882.619490647853,0.0
6882.619490647853,0.0
6882.619490647853,0.0
0.0,0.0
0.0,0.0
0.0,0.0
0.0,0.0
0.0,0.0
0.0,0.0
0.0,0.0
0.0,0.0
0.0,0.0
775.2810883276857,0.0
4678.346372870959,0.0
1712.016756618072,0.0
3966.427264970266,0.0
2253.0752786225985,0.0
3555.2227882468264,0.0
2565.590680932412,0.0
3317.711082491367,0.0
2746.0995773065615,0.0
3180.5243212470136,0.0
2850.36151585227,0.0
3101.2852479522753,0.0
2910.583211556271,0.0
3055.5167592172343,0.0
2945.3672629949033,0.0
3029.080880123874,0.0
2965.4585311058568,0.0
3013.8115163595494,0.0
5990.874763926293,0.0
6705.369943342312,0.0
6876.8487864021545,0.0
6876.8487864021545,0.0
6876.8487864021545,0.0
6876.8487864021545,0.0
6876.8487864021545,0.0
6876.8487864021545,0.0
6876.8487864021545,0.0
7.365707394083568e-13,0.0
3833.3322519660833,0.0
6187.55974047186,0.0
6752.574337713246,0.0
6888.17784105118,0.0
6888.17784105118,0.0
6888.17784105118,0.0
-9.054958180116016e-13,0.0
-9.054958180116016e-13,0.0
-9.054958180116016e-13,0.0
-9.054958180116016e-13,0.0
-9.054958180116016e-13,0.0
0.0,0.0
5267.56,0.0
6531.774400000001,0.0
6835.185856,0.0
6908.00460544,0.0
6908.00460544,0.0
0.0,0.0
0.0,0.0
5267.56,0.0
6531.774400000001,0.0
6531.774400000001,0.0
5566.868941433693,0.0
0.0,0.0
5267.56,0.0
1264.2144000000005,0.0
5570.971456,0.0
6604.593149440001,0.0
6852.662355865601,0.0
190.74241607835506,0.0
0.0,0.0
0.0,0.0
0.0,0.0
0.0,0.0
0.0,0.0
0.0,0.0
5267.56,0.0
6531.774400000001,0.0
6835.185856,0.0
6908.00460544,0.0
6908.00460544,0.0
-9.054958180116024e-13,0.0
-9.054958180116024e-13,0.0
-9.054958180116024e-13,0.0
-9.054958180116024e-13,0.0
-9.054958180116024e-13,0.0
0.0,0.0
0.0,0.0
0.0,0.0
5267.56,0.0
6531.774400000001,0.0
6835.185856,0.0
6835.185856,0.0
6835.185856,0.0
4609.044432929171,0.0
3100.9261114098367,0.0
0.0,0.0
0.0,0.0
0.0,0.0
0.0,0.0
899.2813390847867,0.0
5483.3875213803485,0.0
6583.573005131284,0.0
6583.573005131284,0.0
6583.573005131284,0.0
6583.573005131284,0.0
6583.573005131284,0.0
6583.573005131284,0.0
6583.573005131284,0.0
6583.573005131284,0.0
0.0,0.0
0.0,0.0
0.0,0.0
5267.56,0.0
6531.774400000001,0.0
6531.774400000001,0.0
6531.774400000001,0.0
18.408869040614007,0.0
18.408869040614007,0.0
18.408869040614007,0.0
18.408869040614007,0.0
18.408869040614007,0.0
18.408869040614007,0.0
18.408869040614007,0.0
18.408869040614007,0.0
5271.978128569746,0.0
6532.834750856739,0.0
6532.834750856739,0.0
6532.834750856739,0.0
6532.834750856739,0.0
6532.834750856739,0.0
6532.834750856739,0.0
4502.206369544137,0.0
4502.206369544137,0.0
4502.206369544137,0.0
4502.206369544137,0.0
4502.206369544137,0.0
6204.246543610541,0.0
6756.579170466531,0.0
6756.579170466531,0.0
6756.579170466531,0.0
6756.579170466531,0.0
6756.579170466531,0.0
6756.579170466531,0.0
0.0,0.0
0.0,0.0
0.0,0.0
0.0,0.0
0.0,0.0
5267.56,0.0
6531.774400000001,0.0
6835.185856,0.0
6835.185856,0.0
6835.185856,0.0
6835.185856,0.0
6835.185856,0.0
6835.185856,0.0
5901.702757265034,0.0
0.0,0.0
1190.6252268403132,0.0
5553.310054441676,0.0
6600.354413066003,0.0
6851.64505913584,0.0
6911.9548141926025,0.0
6911.9548141926025,0.0
6911.9548141926025,0.0
999.0914528166069,0.0
999.0914528166069,0.0
999.0914528166069,0.0
999.0914528166069,0.0
999.0914528166069,0.0
999.0914528166069,0.0
999.0914528166069,0.0
2916.965926628852,0.0
5967.631822390926,0.0
5967.631822390926,0.0
5967.631822390926,0.0
5967.631822390926,0.0
0.0,0.0
0.0,0.0
0.0,0.0
0.0,0.0
0.0,0.0
0.0,0.0
0.0,0.0
328.2633246605631,0.0
5037.012364000542,0.0
6476.44296736013,0.0
6476.44296736013,0.0
6476.44296736013,0.0
0.0,0.0
0.0,0.0
0.0,0.0
0.0,0.0
0.0,0.0
0.0,0.0
4666.908531583726,0.0
6387.618047580095,0.0
6800.588331419222,0.0
6899.701199540614,0.0
6899.701199540614,0.0
6899.701199540614,0.0
6899.701199540614,0.0
6899.701199540614,0.0
6899.701199540614,0.0
6899.701199540614,0.0
6899.701199540614,0.0
0.0,0.0
1470.136212437008,0.0
4150.256478547874,0.0
6263.62155485149,0.0
6770.829173164358,0.0
6892.559001559445,0.0
4879.769362287535,0.0
4879.769362287535,0.0
4879.769362287535,0.0
4879.769362287535,0.0
4879.769362287535,0.0
0.0,0.0
0.0,0.0
5267.56,0.0
6531.774400000001,0.0
6835.185856,0.0
6908.00460544,0.0
6908.00460544,0.0
6908.00460544,0.0
6908.00460544,0.0
6908.00460544,0.0
6908.00460544,0.0
6908.00460544,0.0
933.6096858922165,0.0
0.0,0.0
5267.56,0.0
6531.774400000001,0.0
6835.185856,0.0
6908.00460544,0.0
0.0,0.0
0.0,0.0
0.0,0.0
0.0,0.0
0.0,0.0
0.0,0.0
0.0,0.0
0.0,0.0
1702.7303563614223,0.0
5676.215285526742,0.0
6629.851668526418,0.0
6858.724400446341,0.0
6858.724400446341,0.0
6858.724400446341,0.0
6858.724400446341,0.0
6858.724400446341,0.0
6858.724400446341,0.0
6858.724400446341,0.0
6858.724400446341,0.0
6858.724400446341,0.0
6858.724400446341,0.0
6858.724400446341,0.0
6858.724400446341,0.0
6858.724400446341,0.0
6858.724400446341,0.0
6858.724400446341,0.0
6858.724400446341,0.0
6858.724400446341,0.0
0.0,0.0
0.0,0.0
0.0,0.0
0.0,0.0
5267.56,0.0
6531.774400000001,0.0
6835.185856,0.0
6908.00460544,0.0
6908.00460544,0.0
6908.00460544,0.0
0.0,0.0
0.0,0.0
0.0,0.0
0.0,0.0
0.0,0.0
0.0,0.0
5267.56,0.0
6531.774400000001,0.0
6835.185856,0.0
6908.00460544,0.0
6908.00460544,0.0
6908.00460544,0.0
6908.00460544,0.0
0.0,0.0
0.0,0.0
0.0,0.0
0.0,0.0
0.0,0.0
0.0,0.0
0.0,0.0
0.0,0.0
0.0,0.0
0.0,0.0
0.0,0.0
0.0,0.0
0.0,0.0
0.0,0.0
0.0,0.0
0.0,0.0
0.0,0.0
0.0,0.0
0.0,0.0
0.0,0.0
0.0,0.0
0.0,0.0
0.0,0.0
0.0,0.0
0.0,0.0
0.0,0.0
0.0,0.0
0.0,0.0
0.0,0.0
0.0,0.0
5267.56,0.0
6531.774400000001,0.0
6835.185856,0.0
6908.00460544,0.0
6908.00460544,0.0
5421.48718881121,0.0
0.0,0.0
0.0,0.0
0.0,0.0
0.0,0.0
0.0,0.0
5267.56,0.0
6531.774400000001,0.0
6835.185856,0.0
6908.00460544,0.0
6908.00460544,0.0
6908.00460544,0.0
6908.00460544,0.0
6908.00460544,0.0
6908.00460544,0.0
0.0,0.0
0.0,0.0
0.0,0.0
0.0,0.0
1468.9717428303716,0.0
5458.70086468757,0.0
4990.92743862871,0.0
0.0,0.0
0.0,0.0
0.0,0.0
0.0,0.0
0.0,0.0
0.0,0.0
0.0,0.0
0.0,0.0
0.0,0.0
5267.56,0.0
6531.774400000001,0.0
6531.774400000001,0.0
6531.774400000001,0.0
6531.774400000001,0.0
6531.774400000001,0.0
4920.588860659315,0.0
1.4388347528199032e-27,0.0
0.0,0.0
0.0,0.0
0.0,0.0
412.96374958371456,0.0
5366.671299900091,0.0
6555.561111976022,0.0
6840.894666874245,0.0
5388.598335923585,0.0
5388.598335923585,0.0
5388.598335923585,0.0
5908.4256397264,0.0
5908.4256397264,0.0
5908.4256397264,0.0
5908.4256397264,0.0
0.0,0.0
5267.56,0.0
6531.774400000001,0.0
6835.185856,0.0
6908.00460544,0.0
6908.00460544,0.0
6908.00460544,0.0
6908.00460544,0.0
6908.00460544,0.0
6908.00460544,0.0
6908.00460544,0.0
6908.00460544,0.0
6908.00460544,0.0
6908.00460544,0.0
6908.00460544,0.0
6908.00460544,0.0
6908.00460544,0.0
6908.00460544,0.0
6908.00460544,0.0
6908.00460544,0.0
6908.00460544,0.0
6908.00460544,0.0
6908.00460544,0.0
0.0,0.0
0.0,0.0
3854.7394434510197,0.0
6192.697466428244,0.0
6753.807391942779,0.0
6753.807391942779,0.0
6753.807391942779,0.0
6753.807391942779,0.0
0.0,0.0
0.0,0.0
0.0,0.0
0.0,0.0
0.0,0.0
0.0,0.0
0.0,0.0
5267.56,0.0
6531.774400000001,0.0
6835.185856,0.0
6835.185856,0.0
5620.083404064945,0.0
0.0,0.0
0.0,0.0
0.0,0.0
2232.858509032647,0.0
0.0,0.0
4305.210279147119,0.0
1995.6001878481904,0.0
5746.504045083566,0.0
6646.720970820057,0.0
6862.773032996813,0.0
0.0,0.0
0.0,0.0
0.0,0.0
0.0,0.0
0.0,0.0
0.0,0.0
0.0,0.0
0.0,0.0
0.0,0.0
2520.067085889436,0.0
5872.3761006134655,0.0
5872.3761006134655,0.0
5872.3761006134655,0.0
5872.3761006134655,0.0
0.0,0.0
0.0,0.0
0.0,0.0
2884.7432111530366,0.0
0.0,0.0
5267.56,0.0
1264.2144,0.0
4306.757056,0.0
1994.4246374400004,0.0
3751.7972755455994,0.0
2416.194070585344,0.0
3569.3199047462804,0.0
2554.8768723928274,0.0
3325.8535769814507,0.0
2739.911281494097,0.0
5863.849367791098,0.0
811.034480478766,0.0
4651.173794836138,0.0
1732.667915924535,0.0
3950.732383897354,0.0
2265.003388238011,0.0
3546.157424939111,0.0
2572.480357046275,0.0
3312.474928644831,0.0
2750.0790542299283,0.0
3177.4999187852554,0.0
2852.6600617232066,0.0
5595.591898247021,0.0
9.657335642382096,0.0
5260.220424911789,0.0
1269.7924770670402,0.0
5572.31019449609,0.0
6604.914446679062,0.0
6852.739467202975,0.0
6852.739467202975,0.0
6852.739467202975,0.0
6852.739467202975,0.0
6852.739467202975,0.0
6852.739467202975,0.0
6852.739467202975,0.0
6852.739467202975,0.0
0.0,0.0
0.0,0.0
5267.5599999999995,0.0
6531.774400000001,0.0
6835.185856,0.0
6835.185856,0.0
6835.185856,0.0
6835.185856,0.0
6835.185856,0.0
6835.185856,0.0
0.0,0.0
0.0,0.0
0.0,0.0
5267.5599999999995,0.0
6531.774400000001,0.0
6835.185856,0.0
6908.00460544,0.0
6908.00460544,0.0
6908.00460544,0.0
0.0,0.0
0.0,0.0
0.0,0.0
0.0,0.0
0.0,0.0
0.0,0.0
0.0,0.0
0.0,0.0
0.0,0.0
0.0,0.0
0.0,0.0
0.0,0.0
0.0,0.0
0.0,0.0
0.0,0.0
0.0,0.0
0.0,0.0
0.0,0.0
0.0,0.0
5267.56,0.0
6531.774400000001,0.0
6835.185856,0.0
6835.185856,0.0
6835.185856,0.0
6835.185856,0.0
6835.185856,0.0
0.0,0.0
0.0,0.0
0.0,0.0
0.0,0.0
0.0,0.0
5267.5599999999995,0.0
6531.774400000001,0.0
6531.774400000001,0.0
6531.774400000001,0.0
6531.774400000001,0.0
6531.774400000001,0.0
6531.774400000001,0.0
6531.774400000001,0.0
3794.9546579849207,0.0
3794.9546579849207,0.0
3794.9546579849207,0.0
3794.9546579849207,0.0
5586.214602569788,0.0
6608.251504616751,0.0
6608.251504616751,0.0
6608.251504616751,0.0
6608.251504616751,0.0
6608.251504616751,0.0
6608.251504616751,0.0
0.0,0.0
0.0,0.0
0.0,0.0
0.0,0.0
5267.56,0.0
1264.2143999999998,0.0
5570.971456,0.0
6604.593149440001,0.0
6852.662355865601,0.0
6852.662355865601,0.0
6852.662355865601,0.0
6852.662355865601,0.0
6852.662355865601,0.0
6852.662355865601,0.0
0.0,0.0
0.0,0.0
5267.56,0.0
6531.774400000001,0.0
6835.185856,0.0
6908.00460544,0.0
6908.00460544,0.0
0.0,0.0
0.0,0.0
0.0,0.0
0.0,0.0
0.0,0.0
0.0,0.0
0.0,0.0
4775.381483334189,0.0
1638.270072666017,0.0
5660.744817439844,0.0
6626.138756185563,0.0
6857.833301484536,0.0
6857.833301484536,0.0
6857.833301484536,0.0
6857.833301484536,0.0
6857.833301484536,0.0
6857.833301484536,0.0
0.0,0.0
0.0,0.0
5267.56,0.0
6531.774400000001,0.0
6835.185856,0.0
6835.185856,0.0
6835.185856,0.0
6835.185856,0.0
6835.185856,0.0
0.0,0.0
0.0,0.0
0.0,0.0
0.0,0.0
0.0,0.0
5267.56,0.0
6531.774400000001,0.0
6835.185856,0.0
6908.00460544,0.0
6908.00460544,0.0
6908.00460544,0.0
6908.00460544,0.0
6908.00460544,0.0
6908.00460544,0.0
6908.00460544,0.0
4843.971005689047,0.0
4843.971005689047,0.0
0.0,0.0
1517.8697089581376,0.0
5631.848730149954,0.0
5631.848730149954,0.0
0.0,0.0
0.0,0.0
0.0,0.0
0.0,0.0
0.0,0.0
0.0,0.0
0.0,0.0
0.0,0.0
0.0,0.0
5267.56,0.0
6531.774400000001,0.0
6531.774400000001,0.0
6531.774400000001,0.0
6531.774400000001,0.0
6531.774400000001,0.0
6531.774400000001,0.0
6531.774400000001,0.0
6531.774400000001,0.0
6531.774400000001,0.0
6531.774400000001,0.0
6531.774400000001,0.0
6531.774400000001,0.0
6531.774400000001,0.0
6531.774400000001,0.0
0.0,0.0
0.0,0.0
0.0,0.0
0.0,0.0
0.0,0.0
1357.5556670702138,0.0
2772.359879075521,0.0
3160.566491902604,0.0
2865.5294661540215,0.0
3089.7576057229444,0.0
2919.3442196505634,0.0
3048.8583930655727,0.0
2950.4276212701657,0.0
3025.235007834674,0.0
2968.3813940456475,0.0
3011.5901405253076,0.0
2978.751493200767,0.0
3003.708865167417,0.0
2984.741262472763,0.0
2999.1566405207,0.0
2988.200953204268,0.0
5984.728228769024,0.0
6703.8947749045665,0.0
6876.494745977096,0.0
6876.494745977096,0.0
6876.494745977096,0.0
0.0,0.0
0.0,0.0
0.0,0.0
0.0,0.0
0.0,0.0
1655.7867126861308,0.0
4009.162098358541,0.0
2220.59680524751,0.0
3579.9064280118923,0.0
2546.831114710961,0.0
3331.9683528196706,0.0
2735.2640518570506,0.0
3188.7593205886415,0.0
2844.1029163526323,0.0
3106.041783572,0.0
2906.96824448528,0.0
3058.264134191187,0.0
2943.279258014698,0.0
3030.66776390883,0.0
2964.25249942929,0.0
3014.72810043374,0.0
5991.094744104097,0.0
6705.422738584984,0.0
6876.861457260397,0.0
967.9022157769057,0.0
0.0,0.0
1366.5569855202666,0.0
1700.1857799815969,0.0
0.0,0.0
5267.56,0.0
1264.2144000000003,0.0
4306.757056000001,0.0
1994.4246374400004,0.0
3751.7972755455994,0.0
2416.194070585346,0.0
3431.2525063551375,0.0
2659.8080951700954,0.0
3246.1058476707285,0.0
2800.519555770247,0.0
3139.1651376146133,0.0
2881.7944954128934,0.0
3077.396183486201,0.0
2928.738900550487,0.0
3041.71843558163,0.0
5997.572424539591,0.0
6706.977381889503,0.0
6877.23457165348,0.0
6877.23457165348,0.0
6877.23457165348,0.0
6877.23457165348,0.0
6877.23457165348,0.0
3008.2621467354516,0.0
2.8154179767527936e-14,0.0
0.0,0.0
5267.56,0.0
6531.774400000001,0.0
6835.185856,0.0
6908.00460544,0.0
6908.00460544,0.0
6908.00460544,0.0
6908.00460544,0.0
6908.00460544,0.0
6908.00460544,0.0
0.0,0.0
0.0,0.0
0.0,0.0
0.0,0.0
5267.56,0.0
6531.774400000001,0.0
6531.774400000001,0.0
6531.774400000001,0.0
6531.774400000001,0.0
6531.774400000001,0.0
6531.774400000001,0.0
6531.774400000001,0.0
0.0,0.0
0.0,0.0
0.0,0.0
3075.6521833206125,0.0
6005.716523996947,0.0
6708.931965759268,0.0
6877.703671782225,0.0
6877.703671782225,0.0
6877.703671782225,0.0
1698.1443618981589,0.0
1698.1443618981589,0.0
0.0,0.0
0.0,0.0
0.0,0.0
0.0,0.0
4638.727020747167,0.0
6380.854484979321,0.0
6798.965076395038,0.0
6798.965076395038,0.0
6798.965076395038,0.0
6798.965076395038,0.0
5088.8752419623315,0.0
5088.8752419623315,0.0
5088.8752419623315,0.0
5088.8752419623315,0.0
5088.8752419623315,0.0
5088.8752419623315,0.0
5088.8752419623315,0.0
6488.89005807096,0.0
6824.893613937032,0.0
6824.893613937032,0.0
6824.893613937032,0.0
6824.893613937032,0.0
0.0,0.0
0.0,0.0
0.0,0.0
0.0,0.0
0.0,0.0
0.0,0.0
686.3471201092937,0.0
5432.2833088262305,0.0
6571.307994118297,0.0
6571.307994118297,0.0
6571.307994118297,0.0
6571.307994118297,0.0
6571.307994118297,0.0
6571.307994118297,0.0
6571.307994118297,0.0
6.3948211236440145e-28,0.0
0.0,0.0
0.0,0.0
0.0,0.0
4425.347315772025,0.0
6329.643355785286,0.0
6329.643355785286,0.0
6329.643355785286,0.0
6329.643355785286,0.0
6329.643355785286,0.0
6329.643355785286,0.0
6329.643355785286,0.0
6329.643355785286,0.0
6329.643355785286,0.0
6329.643355785286,0.0
6329.643355785286,0.0
6329.643355785286,0.0
6329.643355785286,0.0
6329.643355785286,0.0
6329.643355785286,0.0
6329.643355785286,0.0
6329.643355785286,0.0
6329.643355785286,0.0
6329.643355785286,0.0
0.0,0.0
0.0,0.0
0.0,0.0
0.0,0.0
5267.56,0.0
6531.774400000001,0.0
6835.185856,0.0
6835.185856,0.0
6835.185856,0.0
0.0,0.0
0.0,0.0
0.0,0.0
0.0,0.0
0.0,0.0
0.0,0.0
4498.055281188073,0.0
6347.093267485138,0.0
6790.862384196434,0.0
6790.862384196434,0.0
6790.862384196434,0.0
6790.862384196434,0.0
6790.862384196434,0.0
6790.862384196434,0.0
6790.862384196434,0.0
6790.862384196434,0.0
6790.862384196434,0.0
6790.862384196434,0.0
6790.862384196434,0.0
6790.862384196434,0.0
6790.862384196434,0.0
6790.862384196434,0.0
6790.862384196434,0.0
6790.862384196434,0.0
6790.862384196434,0.0
6790.862384196434,0.0
0.0,0.0
0.0,0.0
0.0,0.0
0.0,0.0
0.0,0.0
0.0,0.0
0.0,0.0
0.0,0.0
0.0,0.0
0.0,0.0
0.0,0.0
0.0,0.0
0.0,0.0
0.0,0.0
0.0,0.0
0.0,0.0
0.0,0.0
739.8014297885039,0.0
739.8014297885039,0.0
0.0,0.0
0.0,0.0
0.0,0.0
0.0,0.0
0.0,0.0
0.0,0.0
0.0,0.0
0.0,0.0
0.0,0.0
1474.7764387076531,0.0
5621.506345289838,0.0
6616.721522869561,0.0
6616.721522869561,0.0
2480.0840828211076,0.0
2480.0840828211076,0.0
2480.0840828211076,0.0
2480.0840828211076,0.0
2480.0840828211076,0.0
2480.0840828211076,0.0
2480.0840828211076,0.0
0.0,0.0
5267.56,0.0
6531.774400000001,0.0
6835.185856,0.0
6835.185856,0.0
6091.183333451863,0.0
6091.183333451863,0.0
6091.183333451863,0.0
6091.183333451863,0.0
6091.183333451863,0.0
6091.183333451863,0.0
6091.183333451863,0.0
6091.183333451863,0.0
6091.183333451863,0.0
6729.4440000284485,0.0
6729.4440000284485,0.0
6729.4440000284485,0.0
6729.4440000284485,0.0
6729.4440000284485,0.0
6729.4440000284485,0.0
6729.4440000284485,0.0
6729.4440000284485,0.0
6729.4440000284485,0.0
6729.4440000284485,0.0
6729.4440000284485,0.0
6729.4440000284485,0.0
6729.4440000284485,0.0
6729.4440000284485,0.0
6729.4440000284485,0.0
6729.4440000284485,0.0
6729.4440000284485,0.0
6729.4440000284485,0.0
6729.4440000284485,0.0
6729.4440000284485,0.0
6729.4440000284485,0.0
6729.4440000284485,0.0
6729.4440000284485,0.0
6729.4440000284485,0.0
6729.4440000284485,0.0
6729.4440000284485,0.0
6729.4440000284485,0.0
6729.4440000284485,0.0
6729.4440000284485,0.0
6729.4440000284485,0.0
6729.4440000284485,0.0
6729.4440000284485,0.0
6729.4440000284485,0.0
6729.4440000284485,0.0
0.0,0.0
0.0,0.0
0.0,0.0
0.0,0.0
0.0,0.0
0.0,0.0
0.0,0.0
0.0,0.0
0.0,0.0
0.0,0.0
0.0,0.0
0.0,0.0
0.0,0.0
0.0,0.0
0.0,0.0
0.0,0.0
0.0,0.0
0.0,0.0
0.0,0.0
0.0,0.0
0.0,0.0
0.0,0.0
0.0,0.0
0.0,0.0
0.0,0.0
0.0,0.0
0.0,0.0
0.0,0.0
0.0,0.0
0.0,0.0
0.0,0.0
0.0,0.0
0.0,0.0
0.0,0.0
0.0,0.0
0.0,0.0
0.0,0.0
0.0,0.0
5267.56,0.0
6531.774400000001,0.0
6531.774400000001,0.0
6531.774400000001,0.0
6531.774400000001,0.0
6531.774400000001,0.0
0.0,0.0
0.0,0.0
0.0,0.0
0.0,0.0
0.0,0.0
3616.018435775711,0.0
6135.404424586171,0.0
6740.057061900682,0.0
6885.173694856164,0.0
-1.1261671906883086e-13,0.0
0.0,0.0
0.0,0.0
4100.793503205991,0.0
2150.9569375634474,0.0
3632.832727451779,0.0
2506.6071271366477,0.0
3362.5385833761475,0.0
2712.0306766341273,0.0
3206.4166857580626,0.0
2830.6833188238725,0.0
3116.240677693857,0.0
2899.2170849526688,0.0
5963.372100388641,0.0
6698.7693040932745,0.0
6875.264632982387,0.0
6875.264632982387,0.0
3327.43416109647,0.0
3327.43416109647,0.0
0.0,0.0
2954.6421911009766,0.0
5976.674125864235,0.0
6701.961790207417,0.0
6876.030829649781,0.0
0.0,0.0
0.0,0.0
1236.8115279280623,0.0
4327.583238774672,0.0
1978.596738531249,0.0
3763.8264787162516,0.0
2407.0518761756484,0.0
3438.200574106508,0.0
2654.527563679054,0.0
3250.119051603919,0.0
6047.58857238494,0.0
6718.981257372387,0.0
6880.115501769373,0.0
0.0,0.0
0.0,0.0
1045.616619329177,0.0
5518.507988639004,0.0
6592.001917273361,0.0
425.8312116295871,0.0
0.0,0.0
5267.56,0.0
6531.774400000001,0.0
6835.185856,0.0
6908.00460544,0.0
4429.115095183882,0.0
0.0,0.0
2031.452262261445,0.0
5755.108542942747,0.0
6648.78605030626,0.0
6863.268652073502,0.0
6863.268652073502,0.0
0.0,0.0
0.0,0.0
5267.56,0.0
6531.774400000001,0.0
6531.774400000001,0.0
6531.774400000001,0.0
6531.774400000001,0.0
6531.774400000001,0.0
0.0,0.0
0.0,0.0
0.0,0.0
0.0,0.0
0.0,0.0
0.0,0.0
0.0,0.0
5267.56,0.0
5267.56,0.0
5267.56,0.0
5267.56,0.0
5267.56,0.0
5267.56,0.0
5267.56,0.0
5267.56,0.0
0.0,0.0
0.0,0.0
2272.998516717623,0.0
5813.07964401223,0.0
6662.6991145629345,0.0
6662.6991145629345,0.0
6662.6991145629345,0.0
6662.6991145629345,0.0
6662.6991145629345,0.0
6662.6991145629345,0.0
6662.6991145629345,0.0
0.0,0.0
0.0,0.0
0.0,0.0
913.225272444496,0.0
5486.73406538668,0.0
6584.376175692804,0.0
6584.376175692804,0.0
6584.376175692804,0.0
6584.376175692804,0.0
0.0,0.0
0.0,0.0
0.0,0.0
0.0,0.0
0.0,0.0
0.0,0.0
0.0,0.0
3272.6412400533018,0.0
6052.993897612793,0.0
6052.993897612793,0.0
6052.993897612793,0.0
6052.993897612793,0.0
6052.993897612793,0.0
1527.1597658741584,0.0
1527.1597658741584,0.0
1527.1597658741584,0.0
1527.1597658741584,0.0
1527.1597658741584,0.0
1527.1597658741584,0.0
4083.0056945961205,0.0
6247.4813667030685,0.0
6247.4813667030685,0.0
6247.4813667030685,0.0
0.0,0.0
0.0,0.0
0.0,0.0
0.0,0.0
0.0,0.0
0.0,0.0
0.0,0.0
5267.56,0.0
6531.774400000001,0.0
6835.185856,0.0
6908.00460544,0.0
6908.00460544,0.0
6908.00460544,0.0
6908.00460544,0.0
6908.00460544,0.0
6908.00460544,0.0
6908.00460544,0.0
6908.00460544,0.0
6908.00460544,0.0
6908.00460544,0.0
6908.00460544,0.0
6908.00460544,0.0
6908.00460544,0.0
6908.00460544,0.0
6908.00460544,0.0
6908.00460544,0.0
6908.00460544,0.0
6908.00460544,0.0
6908.00460544,0.0
6908.00460544,0.0
0.0,0.0
5267.56,0.0
6531.774400000001,0.0
6835.185856,0.0
6908.00460544,0.0
6908.00460544,0.0
3.1974105618220072e-28,0.0
0.0,0.0
0.0,0.0
2750.873336444314,0.0
3176.8962643023215,0.0
2853.1188391302358,0.0
3099.189682261021,0.0
2912.1758414816236,0.0
3054.3063604739664,0.0
2946.2871660397855,0.0
3028.381753809763,0.0
2965.9898671045803,0.0
3013.4077010005194,0.0
2977.370147239605,0.0
3004.7586880978993,0.0
2983.9433970455966,0.0
2999.763018245347,0.0
2987.7401061335368,0.0
2996.8775193385122,0.0
2989.933085302731,0.0
2995.210855169925,0.0
2991.1997500708576,0.0
2994.248189946148,0.0
5986.179565587076,0.0
6704.243095740899,0.0
6876.578342977817,0.0
6876.578342977817,0.0
6876.578342977817,0.0
6876.578342977817,0.0
0.0,0.0
0.0,0.0
0.0,0.0
5267.56,0.0
6531.774400000001,0.0
6835.185856,0.0
6835.185856,0.0
6835.185856,0.0
6835.185856,0.0
6835.185856,0.0
6835.185856,0.0
6835.185856,0.0
0.0,0.0
0.0,0.0
0.0,0.0
4014.7537072806786,0.0
6231.100889747362,0.0
6231.100889747362,0.0
6231.100889747362,0.0
6231.100889747362,0.0
6231.100889747362,0.0
0.0,0.0
0.0,0.0
0.0,0.0
0.0,0.0
0.0,0.0
0.0,0.0
5267.56,0.0
6531.774400000001,0.0
6531.774400000001,0.0
0.0,0.0
0.0,0.0
0.0,0.0
0.0,0.0
0.0,0.0
0.0,0.0
0.0,0.0
0.0,0.0
0.0,0.0
5267.56,0.0
6531.774400000001,0.0
6531.774400000001,0.0
6531.774400000001,0.0
6531.774400000001,0.0
6531.774400000001,0.0
6531.774400000001,0.0
6531.774400000001,0.0
6531.774400000001,0.0
6531.774400000001,0.0
0.0,0.0
0.0,0.0
5267.56,0.0
6531.774400000001,0.0
6531.774400000001,0.0
6531.774400000001,0.0
6531.774400000001,0.0
6531.774400000001,0.0
6531.774400000001,0.0
1940.2427745276245,0.0
0.0,0.0
0.0,0.0
0.0,0.0
0.0,0.0
5267.5599999999995,0.0
6531.774400000001,0.0
6835.185856,0.0
6835.185856,0.0
6835.185856,0.0
6835.185856,0.0
6835.185856,0.0
6835.185856,0.0
6835.185856,0.0
6835.185856,0.0
6835.185856,0.0
6835.185856,0.0
6835.185856,0.0
6835.185856,0.0
6835.185856,0.0
6835.185856,0.0
6835.185856,0.0
6835.185856,0.0
6835.185856,0.0
6835.185856,0.0
6835.185856,0.0
0.0,0.0
0.0,0.0
0.0,0.0
0.0,0.0
0.0,0.0
0.0,0.0
0.0,0.0
0.0,0.0
4110.486112437389,0.0
6254.076666984974,0.0
6768.538400076393,0.0
6892.009216018334,0.0
6892.009216018334,0.0
0.0,0.0
5267.56,0.0
1264.2144,0.0
4306.757056,0.0
6301.181693440001,0.0
6779.843606425601,0.0
6894.722465542145,0.0
6894.722465542145,0.0
6894.722465542145,0.0
6894.722465542145,0.0
6894.722465542145,0.0
0.0,0.0
0.0,0.0
0.0,0.0
5267.56,0.0
1264.2143999999998,0.0
5102.00704392903,0.0
1390.0346466139372,0.0
4211.133668573408,0.0
2067.0984118842107,0.0
3696.565206968,0.0
2458.1704427043196,0.0
3399.3504635447175,0.0
2684.053647706015,0.0
3227.679227743429,0.0
2814.5237869149937,0.0
3128.521921944605,0.0
2889.8833393221,0.0
3088.56776940371,0.0
5319.512357591813,0.0
1224.730608230222,0.0
4336.764737745032,0.0
6308.3835370588085,0.0
6781.572048894114,0.0
6781.572048894114,0.0
0.0,0.0
0.0,0.0
3921.4180951643334,0.0
6208.70034283944,0.0
6757.648082281465,0.0
6757.648082281465,0.0
6757.648082281465,0.0
0.0,0.0
0.0,0.0
0.0,0.0
0.0,0.0
0.0,0.0
0.0,0.0
0.0,0.0
0.0,0.0
5267.56,0.0
6531.774400000001,0.0
6531.774400000001,0.0
6531.774400000001,0.0
6531.774400000001,0.0
6531.774400000001,0.0
6531.774400000001,0.0
6531.774400000001,0.0
767.7865771028075,0.0
0.0,0.0
0.0,0.0
5267.56,0.0
6531.774400000001,0.0
6835.185856,0.0
6908.00460544,0.0
6908.00460544,0.0
2344.9359569776702,0.0
2344.9359569776702,0.0
2344.9359569776702,0.0
2344.9359569776702,0.0
2344.9359569776702,0.0
2344.9359569776702,0.0
2344.9359569776702,0.0
2344.9359569776702,0.0
5695.7799240587665,0.0
6634.547181774105,0.0
6634.547181774105,0.0
6634.547181774105,0.0
6634.547181774105,0.0
6634.547181774105,0.0
6634.547181774105,0.0
6634.547181774105,0.0
6634.547181774105,0.0
0.0,0.0
0.0,0.0
0.0,0.0
0.0,0.0
0.0,0.0
0.0,0.0
0.0,0.0
0.0,0.0
0.0,0.0
0.0,0.0
0.0,0.0
0.0,0.0
0.0,0.0
0.0,0.0
0.0,0.0
0.0,0.0
0.0,0.0
0.0,0.0
0.0,0.0
0.0,0.0
0.0,0.0
0.0,0.0
0.0,0.0
0.0,0.0
0.0,0.0
0.0,0.0
1975.406952522083,0.0
5741.6576686052995,0.0
6645.557840465271,0.0
6862.4938817116645,0.0
6862.4938817116645,0.0
0.0,0.0
0.0,0.0
0.0,0.0
0.0,0.0
0.0,0.0
0.0,0.0
0.0,0.0
0.0,0.0
0.0,0.0
0.0,0.0
0.0,0.0
0.0,0.0
0.0,0.0
0.0,0.0
0.0,0.0
0.0,0.0
0.0,0.0
0.0,0.0
0.0,0.0
0.0,0.0
5267.56,0.0
6531.774400000001,0.0
6531.774400000001,0.0
6531.774400000001,0.0
6531.774400000001,0.0
0.0,0.0
0.0,0.0
0.0,0.0
0.0,0.0
0.0,0.0
0.0,0.0
5267.56,0.0
6531.774400000001,0.0
6835.185856,0.0
6908.00460544,0.0
6908.00460544,0.0
0.0,0.0
0.0,0.0
0.0,0.0
0.0,0.0
0.0,0.0
0.0,0.0
0.0,0.0
0.0,0.0
4655.18362604422,0.0
6384.804070250614,0.0
6384.804070250614,0.0
6384.804070250614,0.0
0.0,0.0
0.0,0.0
0.0,0.0
0.0,0.0
0.0,0.0
0.0,0.0
0.0,0.0
0.0,0.0
5267.5599999999995,0.0
6531.774400000001,0.0
6835.185856,0.0
6835.185856,0.0
6835.185856,0.0
4222.748024190633,0.0
4222.748024190633,0.0
0.0,0.0
0.0,0.0
0.0,0.0
0.0,0.0
0.0,0.0
5267.56,0.0
6531.774400000001,0.0
6835.185856,0.0
6835.185856,0.0
6835.185856,0.0
6835.185856,0.0
6835.185856,0.0
6835.185856,0.0
6835.185856,0.0
6835.185856,0.0
0.0,0.0
0.0,0.0
5267.5599999999995,0.0
6531.774400000001,0.0
6531.774400000001,0.0
6531.774400000001,0.0
6531.774400000001,0.0
6531.774400000001,0.0
6531.774400000001,0.0
6531.774400000001,0.0
0.0,0.0
0.0,0.0
0.0,0.0
0.0,0.0
5267.56,0.0
6531.774400000001,0.0
6531.774400000001,0.0
0.0,0.0
0.0,0.0
0.0,0.0
0.0,0.0
0.0,0.0
0.0,0.0
0.0,0.0
0.0,0.0
0.0,0.0
5148.205863938263,0.0
6503.129407345184,0.0
6503.129407345184,0.0
6503.129407345184,0.0
6503.129407345184,0.0
6503.129407345184,0.0
6503.129407345184,0.0
6503.129407345184,0.0
6503.129407345184,0.0
6503.129407345184,0.0
6503.129407345184,0.0
6503.129407345184,0.0
6503.129407345184,0.0
6503.129407345184,0.0
6503.129407345184,0.0
6503.129407345184,0.0
6503.129407345184,0.0
6503.129407345184,0.0
6503.129407345184,0.0
6503.129407345184,0.0
6503.129407345184,0.0
6360.950798743543,0.0
6360.950798743543,0.0
6360.950798743543,0.0
6794.188191698451,0.0
6794.188191698451,0.0
6794.188191698451,0.0
6794.188191698451,0.0
6794.188191698451,0.0
6078.252568225026,0.0
6078.252568225026,0.0
6078.252568225026,0.0
6078.252568225026,0.0
0.0,0.0
0.0,0.0
0.0,0.0
5267.56,0.0
6531.774400000001,0.0
6531.774400000001,0.0
6531.774400000001,0.0
6531.774400000001,0.0
6531.774400000001,0.0
6531.774400000001,0.0
6531.774400000001,0.0
6531.774400000001,0.0
6531.774400000001,0.0
6531.774400000001,0.0
6531.774400000001,0.0
6531.774400000001,0.0
6531.774400000001,0.0
6531.774400000001,0.0
0.0,0.0
0.0,0.0
0.0,0.0
0.0,0.0
0.0,0.0
0.0,0.0
0.0,0.0
0.0,0.0
0.0,0.0
0.0,0.0
0.0,0.0
0.0,0.0
0.0,0.0
0.0,0.0
0.0,0.0
0.0,0.0
0.0,0.0
0.0,0.0
0.0,0.0
0.0,0.0
0.0,0.0
0.0,0.0
0.0,0.0
0.0,0.0
0.0,0.0
0.0,0.0
0.0,0.0
0.0,0.0
0.0,0.0
0.0,0.0
0.0,0.0
0.0,0.0
0.0,0.0
5267.56,0.0
6531.774400000001,0.0
6835.185856,0.0
0.0,0.0
0.0,0.0
0.0,0.0
0.0,0.0
0.0,0.0
0.0,0.0
0.0,0.0
0.0,0.0
5267.56,0.0
6531.774400000001,0.0
6835.185856,0.0
6908.00460544,0.0
6908.00460544,0.0
6908.00460544,0.0
6908.00460544,0.0
6908.00460544,0.0
6908.00460544,0.0
0.0,0.0
0.0,0.0
0.0,0.0
0.0,0.0
5267.56,0.0
6531.774400000001,0.0
6531.774400000001,0.0
6531.774400000001,0.0
6531.774400000001,0.0
6531.774400000001,0.0
6531.774400000001,0.0
6531.774400000001,0.0
6531.774400000001,0.0
6531.774400000001,0.0
6531.774400000001,0.0
6531.774400000001,0.0
6531.774400000001,0.0
6531.774400000001,0.0
6531.774400000001,0.0
6531.774400000001,0.0
6531.774400000001,0.0
6531.774400000001,0.0
6531.774400000001,0.0
6531.774400000001,0.0
6531.774400000001,0.0
6531.774400000001,0.0
6531.774400000001,0.0
6531.774400000001,0.0
6531.774400000001,0.0
6531.774400000001,0.0
6531.774400000001,0.0
6531.774400000001,0.0
6531.774400000001,0.0
6531.774400000001,0.0
6531.774400000001,0.0
6531.774400000001,0.0
6531.774400000001,0.0
6531.774400000001,0.0
6531.774400000001,0.0
6531.774400000001,0.0
6531.774400000001,0.0
6531.774400000001,0.0
6531.774400000001,0.0
6531.774400000001,0.0
6531.774400000001,0.0
6531.774400000001,0.0
6531.774400000001,0.0
6531.774400000001,0.0
6531.774400000001,0.0
6531.774400000001,0.0
6531.774400000001,0.0
6531.774400000001,0.0
6531.774400000001,0.0
6531.774400000001,0.0
6531.774400000001,0.0
6531.774400000001,0.0
6531.774400000001,0.0
6531.774400000001,0.0
6531.774400000001,0.0
6531.774400000001,0.0
6531.774400000001,0.0
6531.774400000001,0.0
6531.774400000001,0.0
6531.774400000001,0.0
6531.774400000001,0.0
6531.774400000001,0.0
6531.774400000001,0.0
6531.774400000001,0.0
6531.774400000001,0.0
6531.774400000001,0.0
6531.774400000001,0.0
6531.774400000001,0.0
6531.774400000001,0.0
6531.774400000001,0.0
6531.774400000001,0.0
6531.774400000001,0.0
6531.774400000001,0.0
6531.774400000001,0.0
6531.774400000001,0.0
6531.774400000001,0.0
6531.774400000001,0.0
6531.774400000001,0.0
6531.774400000001,0.0
6531.774400000001,0.0
6531.774400000001,0.0
6531.774400000001,0.0
6531.774400000001,0.0
6531.774400000001,0.0
6531.774400000001,0.0
6531.774400000001,0.0
6531.774400000001,0.0
6531.774400000001,0.0
6531.774400000001,0.0
6531.774400000001,0.0
6531.774400000001,0.0
6531.774400000001,0.0
6531.774400000001,0.0
6531.774400000001,0.0
6531.774400000001,0.0
6531.774400000001,0.0
6531.774400000001,0.0
6531.774400000001,0.0
6531.774400000001,0.0
6531.774400000001,0.0
6531.774400000001,0.0
6531.774400000001,0.0
6531.774400000001,0.0
6531.774400000001,0.0
6531.774400000001,0.0
6531.774400000001,0.0
6531.774400000001,0.0
6531.774400000001,0.0
6531.774400000001,0.0
6531.774400000001,0.0
6531.774400000001,0.0
6531.774400000001,0.0
6531.774400000001,0.0
6531.774400000001,0.0
6531.774400000001,0.0
6531.774400000001,0.0
6531.774400000001,0.0
6531.774400000001,0.0
6531.774400000001,0.0
6531.774400000001,0.0
6531.774400000001,0.0
6531.774400000001,0.0
6531.774400000001,0.0
0.0,0.0
0.0,0.0
0.0,0.0
0.0,0.0
0.0,0.0
0.0,0.0
0.0,0.0
0.0,0.0
0.0,0.0
5267.56,0.0
6531.774400000001,0.0
1100.9133383020007,0.0
1100.9133383020007,0.0
1100.9133383020007,0.0
1100.9133383020007,0.0
1100.9133383020007,0.0
1100.9133383020007,0.0
1100.9133383020007,0.0
1100.9133383020007,0.0
1100.9133383020007,0.0
1100.9133383020007,0.0
1100.9133383020007,0.0
1100.9133383020007,0.0
1100.9133383020007,0.0
1100.9133383020007,0.0
1100.9133383020007,0.0
1100.9133383020007,0.0
1100.9133383020007,0.0
1100.9133383020007,0.0
1100.9133383020007,0.0
1100.9133383020007,0.0
1100.9133383020007,0.0
1100.9133383020007,0.0
1605.5858180918872,0.0
1605.5858180918872,0.0
1605.5858180918872,0.0
1605.5858180918872,0.0
1605.5858180918872,0.0
1605.5858180918872,0.0
1605.5858180918872,0.0
1605.5858180918872,0.0
1605.5858180918872,0.0
1605.5858180918872,0.0
1605.5858180918872,0.0
1605.5858180918872,0.0
1605.5858180918872,0.0
1605.5858180918872,0.0
1605.5858180918872,0.0
1605.5858180918872,0.0
0.0,0.0
0.0,0.0
0.0,0.0
0.0,0.0
0.0,0.0
0.0,0.0
0.0,0.0
0.0,0.0
0.0,0.0
0.0,0.0
0.0,0.0
0.0,0.0
0.0,0.0
0.0,0.0
0.0,0.0
0.0,0.0
0.0,0.0
0.0,0.0
0.0,0.0
0.0,0.0
0.0,0.0
0.0,0.0
0.0,0.0
0.0,0.0
0.0,0.0
0.0,0.0
0.0,0.0
0.0,0.0
0.0,0.0
0.0,0.0
0.0,0.0
0.0,0.0
0.0,0.0
0.0,0.0
0.0,0.0
0.0,0.0
0.0,0.0
0.0,0.0
0.0,0.0
0.0,0.0
0.0,0.0
0.0,0.0
0.0,0.0
0.0,0.0
0.0,0.0
0.0,0.0
0.0,0.0
0.0,0.0
0.0,0.0
0.0,0.0
0.0,0.0
0.0,0.0
0.0,0.0
0.0,0.0
0.0,0.0
0.0,0.0
5267.56,0.0
6531.774400000001,0.0
6531.774400000001,0.0
6531.774400000001,0.0
6531.774400000001,0.0
6531.774400000001,0.0
6531.774400000001,0.0
6531.774400000001,0.0
6531.774400000001,0.0
6531.774400000001,0.0
6531.774400000001,0.0
6531.774400000001,0.0
6531.774400000001,0.0
6531.774400000001,0.0
6531.774400000001,0.0
6531.774400000001,0.0
6531.774400000001,0.0
6531.774400000001,0.0
6531.774400000001,0.0
6531.774400000001,0.0
6531.774400000001,0.0
6531.774400000001,0.0
6531.774400000001,0.0
6531.774400000001,0.0
6531.774400000001,0.0
6531.774400000001,0.0
6531.774400000001,0.0
6531.774400000001,0.0
6531.774400000001,0.0
6531.774400000001,0.0
6531.774400000001,0.0
6531.774400000001,0.0
6531.774400000001,0.0
6531.774400000001,0.0
6531.774400000001,0.0
6531.774400000001,0.0
6531.774400000001,0.0
6531.774400000001,0.0
6531.774400000001,0.0
6531.774400000001,0.0
6531.774400000001,0.0
6531.774400000001,0.0
6531.774400000001,0.0
6531.774400000001,0.0
6531.774400000001,0.0
6531.774400000001,0.0
6531.774400000001,0.0
6531.774400000001,0.0
6531.774400000001,0.0
6531.774400000001,0.0
6531.774400000001,0.0
6531.774400000001,0.0
6531.774400000001,0.0
6531.774400000001,0.0
6531.774400000001,0.0
6531.774400000001,0.0
6531.774400000001,0.0
6531.774400000001,0.0
6531.774400000001,0.0
6531.774400000001,0.0
6531.774400000001,0.0
6531.774400000001,0.0
6531.774400000001,0.0
6531.774400000001,0.0
6531.774400000001,0.0
6531.774400000001,0.0
6531.774400000001,0.0
6531.774400000001,0.0
6531.774400000001,0.0
6531.774400000001,0.0
6531.774400000001,0.0
6531.774400000001,0.0
6531.774400000001,0.0
6531.774400000001,0.0
6531.774400000001,0.0
6531.774400000001,0.0
0.0,0.0
0.0,0.0
5267.56,0.0
6531.774400000001,0.0
6835.185856,0.0
6908.00460544,0.0
6908.00460544,0.0
3489.4616202982847,0.0
3489.4616202982847,0.0
3489.4616202982847,0.0
0.0,0.0
5267.56,0.0
1264.2144000000003,0.0
4306.757056000001,0.0
1994.4246374400002,0.0
3751.797275545601,0.0
2416.1940705853435,0.0
3431.2525063551393,0.0
2659.808095170094,0.0
5905.9139428408225,0.0
6684.979346281798,0.0
6871.955043107632,0.0
6871.955043107632,0.0
0.0,0.0
0.0,0.0
5267.5599999999995,0.0
1264.2144000000003,0.0
4306.757056000001,0.0
1994.4246374400002,0.0
3751.797275545601,0.0
2416.194070585343,0.0
3431.2525063551393,0.0
2659.808095170094,0.0
3246.105847670729,0.0
2800.519555770246,0.0
3139.1651376146133,0.0
2881.794495412894,0.0
3077.3961834862007,0.0
2928.7389005504874,0.0
3041.71843558163,0.0
2955.853988957961,0.0
3021.11096839195,0.0
2971.5156640221185,0.0
3009.2080953431905,0.0
2980.5618475391757,0.0
3002.332995870226,0.0
2985.786923138628,0.0
2998.3619384146427,0.0
2988.804926804872,0.0
2996.0682556282973,0.0
2990.548125722494,0.0
5985.2915501734,0.0
6704.029972041616,0.0
6876.527193289988,0.0
6266.651968243886,0.0
0.0,0.0
5267.56,0.0
6531.774400000001,0.0
6531.774400000001,0.0
0.0,0.0
0.0,0.0
0.0,0.0
0.0,0.0
5267.56,0.0
6531.774400000001,0.0
6531.774400000001,0.0
225.88607577523712,0.0
0.0,0.0
5267.56,0.0
6531.774400000001,0.0
6531.774400000001,0.0
6531.774400000001,0.0
6531.774400000001,0.0
0.0,0.0
0.0,0.0
0.0,0.0
0.0,0.0
692.9697564633525,0.0
0.0,0.0
2953.5632394643944,0.0
3022.851938007061,0.0
2970.1925271146333,0.0
3010.213679392879,0.0
2979.7976036614123,0.0
3002.9138212173266,0.0
2985.345495874831,0.0
2998.6974231351287,0.0
2988.5499584173026,0.0
2996.262031602851,0.0
2990.400855981833,0.0
2994.8553494538073,0.0
2991.4699344151063,0.0
2994.04284984452,0.0
2992.087434118165,0.0
2993.573550070195,0.0
2992.444101946652,0.0
2993.3024825205453,0.0
2992.650113284386,0.0
2993.1459139038666,0.0
2992.7691054330617,0.0
2993.055479870873,0.0
2992.837835298136,0.0
2993.003245173417,0.0
2992.8775336682033,0.0
2992.9730744121657,0.0
2992.9004634467537,0.0
2992.9556477804667,0.0
2992.9137076868465,0.0
2992.945582157997,0.0
2992.9213575599238,0.0
2992.9397682544577,0.0
2992.925776126612,0.0
2992.9364101437754,0.0
2992.9283282907304,0.0
2992.934470499046,0.0
2992.9298024207255,0.0
5985.863152580974,0.0
6704.1671566194345,0.0
6876.560117588664,0.0
2152.7493718734486,0.0
0.0,0.0
0.0,0.0
2708.201827557702,0.0
5917.528438613849,0.0
6687.766825267325,0.0
6872.624038064158,0.0
1.1261671906883104e-13,0.0
0.0,0.0
2861.4482808937887,0.0
3092.8593065207215,0.0
2916.9869270442523,0.0
3050.649935446368,0.0
2949.0660490607606,0.0
3026.269802713822,0.0
2967.594949937495,0.0
3012.187838047504,0.0
2978.2972430838972,0.0
3004.0540952562383,0.0
2984.4788876052594,0.0
2999.3560454200037,0.0
2988.0494054807973,0.0
2996.642451834595,0.0
2990.1117366057088,0.0
2995.0750801796617,0.0
2991.3029390634574,0.0
2994.1697663117734,0.0
2991.990977603053,0.0
2993.6468570216794,0.0
2992.3883886635235,0.0
2993.3448246157227,0.0
2992.6179332920506,0.0
2993.1703706980425,0.0
2992.750518269488,0.0
2993.06960611519,0.0
2992.8270993524566,0.0
2993.0114044921334,0.0
2992.8713325859785,0.0
2992.9777872346563,0.0
2992.896881701662,0.0
5985.855251608398,0.0
6704.165260386017,0.0
6876.559662492643,0.0
6876.559662492643,0.0
4152.897990717184,0.0
0.0,0.0
0.0,0.0
0.0,0.0
0.0,0.0
0.0,0.0
0.0,0.0
0.0,0.0
0.0,0.0
0.0,0.0
0.0,0.0
0.0,0.0
0.0,0.0
0.0,0.0
0.0,0.0
0.0,0.0
0.0,0.0
0.0,0.0
0.0,0.0
0.0,0.0
0.0,0.0
0.0,0.0
0.0,0.0
0.0,0.0
0.0,0.0
5267.56,0.0
6531.774400000001,0.0
6531.774400000001,0.0
6531.774400000001,0.0
6531.774400000001,0.0
6531.774400000001,0.0
6531.774400000001,0.0
6531.774400000001,0.0
6531.774400000001,0.0
6531.774400000001,0.0
6531.774400000001,0.0
0.0,0.0
0.0,0.0
0.0,0.0
0.0,0.0
0.0,0.0
0.0,0.0
0.0,0.0
0.0,0.0
0.0,0.0
0.0,0.0
0.0,0.0
0.0,0.0
0.0,0.0
5267.56,0.0
6531.774400000001,0.0
6835.185856,0.0
6908.00460544,0.0
6908.00460544,0.0
6908.00460544,0.0
6908.00460544,0.0
6908.00460544,0.0
6908.00460544,0.0
6908.00460544,0.0
6908.00460544,0.0
6908.00460544,0.0
6908.00460544,0.0
6908.00460544,0.0
6908.00460544,0.0
6908.00460544,0.0
6908.00460544,0.0
6908.00460544,0.0
6908.00460544,0.0
6908.00460544,0.0
6908.00460544,0.0
6908.00460544,0.0
6908.00460544,0.0
6908.00460544,0.0
6908.00460544,0.0
6908.00460544,0.0
6908.00460544,0.0
6908.00460544,0.0
6908.00460544,0.0
6908.00460544,0.0
6908.00460544,0.0
6908.00460544,0.0
6908.00460544,0.0
6908.00460544,0.0
6908.00460544,0.0
6908.00460544,0.0
6908.00460544,0.0
6908.00460544,0.0
6908.00460544,0.0
2472.8407314467718,0.0
0.0,0.0
0.0,0.0
5267.56,0.0
1264.2144000000003,0.0
4306.757056000001,0.0
1994.4246374400002,0.0
3751.797275545601,0.0
2416.194070585343,0.0
3431.2525063551393,0.0
2659.808095170094,0.0
3246.10584767073,0.0
2800.5195557702455,0.0
3139.1651376146133,0.0
2881.7944954128934,0.0
3077.396183486201,0.0
2928.738900550487,0.0
3041.7184355816303,0.0
2955.8539889579606,0.0
3021.1109683919494,0.0
2971.5156640221176,0.0
3009.208095343191,0.0
2980.561847539175,0.0
3002.3329958702275,0.0
2985.786923138627,0.0
2998.3619384146436,0.0
2988.8049268048712,0.0
2996.068255628298,0.0
2990.5481257224938,0.0
2994.743424450905,0.0
2991.5549974173123,0.0
2993.9782019628433,0.0
2992.1365665082394,0.0
2993.536209453738,0.0
2992.4724808151595,0.0
2993.2809145804786,0.0
2992.6665049188364,0.0
2993.133456261685,0.0
2992.77857324112,0.0
2993.0482843367486,0.0
5985.891588240819,0.0
6704.173981177799,0.0
6876.561755482671,0.0
6876.561755482671,0.0
6876.561755482671,0.0
6876.561755482671,0.0
6876.561755482671,0.0
0.0,0.0
0.0,0.0
0.0,0.0
0.0,0.0
0.0,0.0
5267.56,0.0
6531.774400000001,0.0
6835.185856,0.0
6835.185856,0.0
6835.185856,0.0
6835.185856,0.0
6835.185856,0.0
6835.185856,0.0
6835.185856,0.0
5252.485712179565,0.0
5252.485712179565,0.0
5252.485712179565,0.0
6528.156570923095,0.0
6528.156570923095,0.0
6528.156570923095,0.0
6528.156570923095,0.0
6528.156570923095,0.0
6528.156570923095,0.0
6528.156570923095,0.0
6528.156570923095,0.0
4042.5701287947386,0.0
4042.5701287947386,0.0
0.0,0.0
0.0,0.0
4157.231341452236,0.0
2108.0641804963016,0.0
3665.4312228228114,0.0
2481.8322706546637,0.0
3381.3674743024562,0.0
2697.720719530134,0.0
3217.2922531570985,0.0
4730.0706304748455,0.0
1672.7063208391164,0.0
2166.882509509149,0.0
3620.7292927730477,0.0
2515.8057374924833,0.0
3355.5476395057126,0.0
2717.343793975658,0.0
3202.3787165785,0.0
2833.7521754003396,0.0
3113.9083466957422,0.0
2900.989656511236,0.0
3062.80786105146,0.0
2939.8260256008907,0.0
3033.2922205433238,0.0
2962.2579123870737,0.0
3016.2439865858246,0.0
2975.214570194774,0.0
3006.3969266519725,0.0
2982.6983357445015,0.0
3000.7092648341795,0.0
2987.0209587260238,0.0
2997.4240713682225,0.0
2989.517705760151,0.0
2995.5265436222853,0.0
2990.959826847063,0.0
2994.4305315962324,0.0
2991.7927959868643,0.0
5985.590271036848,0.0
6704.101665048845,0.0
6876.544399611724,0.0
6876.544399611724,0.0
6876.544399611724,0.0
6876.544399611724,0.0
6876.544399611724,0.0
6876.544399611724,0.0
6876.544399611724,0.0
6876.544399611724,0.0
6876.544399611724,0.0
6876.544399611724,0.0
6876.544399611724,0.0
6876.544399611724,0.0
6876.544399611724,0.0
6876.544399611724,0.0
6876.544399611724,0.0
6876.544399611724,0.0
6876.544399611724,0.0
6876.544399611724,0.0
6876.544399611724,0.0
6876.544399611724,0.0
6876.544399611724,0.0
6876.544399611724,0.0
6876.544399611724,0.0
6876.544399611724,0.0
6876.544399611724,0.0
6876.544399611724,0.0
6876.544399611724,0.0
6876.544399611724,0.0
6876.544399611724,0.0
6876.544399611724,0.0
6876.544399611724,0.0
6876.544399611724,0.0
6876.544399611724,0.0
6876.544399611724,0.0
6876.544399611724,0.0
6876.544399611724,0.0
6876.544399611724,0.0
6876.544399611724,0.0
6876.544399611724,0.0
0.0,0.0
0.0,0.0
5267.5599999999995,0.0
1264.2144000000008,0.0
4306.757056000001,0.0
1994.4246374400002,0.0
662.1643629837089,0.0
4764.315084132382,0.0
1646.6805360593917,0.0
4016.0827925948633,0.0
2215.337077627904,0.0
4686.941947456049,0.0
1705.484119933402,0.0
1657.050235930731,0.0
4008.201820692644,0.0
2221.3266162735913,0.0
3579.3517716320716,0.0
2547.2526535596257,0.0
3331.647983294685,0.0
2735.50753269604,0.0
3188.57427515101,0.0
2844.2435508852327,0.0
3105.9349013272235,0.0
6012.984376318533,0.0
6710.676250316448,0.0
3741.71295749772,0.0
5510.967748575561,0.0
6590.192259658135,0.0
6590.192259658135,0.0
6590.192259658135,0.0
0.0,0.0
0.0,0.0
5267.56,0.0
1264.2143999999998,0.0
4306.757056000002,0.0
1994.4246374399997,0.0
5746.221912985601,0.0
6646.653259116545,0.0
6862.75678218797,0.0
6862.75678218797,0.0
6862.75678218797,0.0
6862.75678218797,0.0
6862.75678218797,0.0
6862.75678218797,0.0
6862.75678218797,0.0
6862.75678218797,0.0
6862.75678218797,0.0
6862.75678218797,0.0
6862.75678218797,0.0
6862.75678218797,0.0
6862.75678218797,0.0
6862.75678218797,0.0
6862.75678218797,0.0
6862.75678218797,0.0
6862.75678218797,0.0
6862.75678218797,0.0
6862.75678218797,0.0
6862.75678218797,0.0
6862.75678218797,0.0
6862.75678218797,0.0
6862.75678218797,0.0
6862.75678218797,0.0
6862.75678218797,0.0
6862.75678218797,0.0
6862.75678218797,0.0
6862.75678218797,0.0
6862.75678218797,0.0
6862.75678218797,0.0
6862.75678218797,0.0
6862.75678218797,0.0
6862.75678218797,0.0
6862.75678218797,0.0
6862.75678218797,0.0
6862.75678218797,0.0
6862.75678218797,0.0
6862.75678218797,0.0
6862.75678218797,0.0
6862.75678218797,0.0
0.0,0.0
0.0,0.0
0.0,0.0
4687.246913713467,0.0
6392.499259291233,0.0
6801.759822229896,0.0
1517.7954116870872,0.0
1517.7954116870872,0.0
0.0,0.0
0.0,0.0
0.0,0.0
0.0,0.0
0.0,0.0
0.0,0.0
4656.19792925853,0.0
6385.047503022048,0.0
6799.97140072529,0.0
6799.97140072529,0.0
5984.460349024163,0.0
5984.460349024163,0.0
5984.460349024163,0.0
5984.460349024163,0.0
0.0,0.0
0.0,0.0
0.0,0.0
0.0,0.0
0.0,0.0
2179.003744429383,0.0
5790.520898663051,0.0
6212.46361239108,0.0
851.6689260220387,0.0
-7.038544941805926e-15,0.0
2.2447935656259133,0.0
2741.7662678532874,0.0
1140.2899492156457,0.0
0.0,0.0
0.0,0.0
1242.2556713884856,0.0
2794.399767843024,0.0
3143.816176439302,0.0
2878.2597059061304,0.0
3080.082623511342,0.0
2926.69720613138,0.0
3043.270123340151,0.0
2954.6747062614854,0.0
3022.0072232412713,0.0
2970.8345103366337,0.0
3009.7257721441592,0.0
2980.1684131704396,0.0
3002.6320059904656,0.0
2985.5596754472463,0.0
2998.534646660093,0.0
2988.6736685383294,0.0
2996.1680119108696,0.0
2990.472310947739,0.0
2994.8010436797185,0.0
2991.511206803414,0.0
2994.011482829406,0.0
2992.1112730496516,0.0
2993.5554324822647,0.0
2992.457871313479,0.0
2993.292017801756,0.0
2992.6580664706657,0.0
2993.1398694822947,0.0
2992.7736991934567,0.0
2993.051988612974,0.0
2992.8404886541402,0.0
2993.0012286228543,0.0
2992.879066246631,0.0
2992.9719096525605,0.0
2992.9013486640542,0.0
2992.9549750153187,0.0
2992.9142189883582,0.0
2992.9451935688485,0.0
2992.9216528876755,0.0
2992.939543805367,0.0
2992.925946707921,0.0
2992.9362805019805,0.0
2992.9284268184956,0.0
2992.9343956179437,0.0
2992.9298593303633,0.0
5985.863166239288,0.0
6704.167159897431,0.0
6876.560118375383,0.0
6876.560118375383,0.0
6374.928324605687,0.0
5827.861090476399,0.0
495.14947078832375,0.0
0.0,0.0
0.0,0.0
0.0,0.0
0.0,0.0
5267.56,0.0
1264.2143999999998,0.0
4306.757056000002,0.0
1994.4246374399993,0.0
3751.797275545601,0.0
2416.1940705853426,0.0
3431.2525063551393,0.0
2659.8080951700936,0.0
3246.105847670729,0.0
2800.5195557702464,0.0
3139.165137614613,0.0
2881.7944954128934,0.0
3077.396183486201,0.0
2928.738900550487,0.0
3041.7184355816307,0.0
2955.8539889579606,0.0
3021.110968391951,0.0
2971.5156640221176,0.0
3009.208095343191,0.0
2980.5618475391752,0.0
3002.3329958702266,0.0
2985.786923138628,0.0
2998.3619384146427,0.0
2988.8049268048712,0.0
2996.0682556282977,0.0
2990.548125722494,0.0
2994.743424450905,0.0
2991.554997417313,0.0
2993.9782019628424,0.0
2992.13656650824,0.0
2993.536209453738,0.0
2992.472480815159,0.0
2993.2809145804795,0.0
2992.6665049188364,0.0
2993.133456261685,0.0
2992.77857324112,0.0
2993.0482843367495,0.0
2992.84330390407,0.0
2992.9990890329072,0.0
5985.879781367899,0.0
6704.171147528296,0.0
6876.561075406791,0.0
6876.561075406791,0.0
6876.561075406791,0.0
6876.561075406791,0.0
6876.561075406791,0.0
6876.561075406791,0.0
4592.850779314335,0.0
0.0,0.0
0.0,0.0
0.0,0.0
0.0,0.0
0.0,0.0
0.0,0.0
3428.972491747284,0.0
2661.5409062720637,0.0
3244.7889112332323,0.0
4899.920844748488,0.0
2631.834847679621,0.0
3267.3655157634885,0.0
6051.727723783237,0.0
6719.974653707978,0.0
6719.974653707978,0.0
0.0,0.0
0.0,0.0
0.0,0.0
0.0,0.0
0.0,0.0
0.0,0.0
0.0,0.0
0.0,0.0
0.0,0.0
5267.56,0.0
1264.2144000000003,0.0
4306.757056,0.0
1994.4246374400004,0.0
3751.797275545601,0.0
2416.1940705853435,0.0
3431.2525063551393,0.0
2659.8080951700945,0.0
3246.1058476707285,0.0
2800.519555770247,0.0
3139.1651376146124,0.0
6020.959633027506,0.0
6712.590311926601,0.0
6878.581674862384,0.0
6878.581674862384,0.0
6878.581674862384,0.0
6878.581674862384,0.0
6878.581674862384,0.0
0.0,0.0
