PumpedStor,BatteryStor
0.0,0.0
291.85239120848405,0.0
361.8969650985202,0.0
378.70766283212885,0.0
382.74223028819495,0.0
382.74223028819495,0.0
382.74223028819495,0.0
382.74223028819495,0.0
382.74223028819495,0.0
382.74223028819495,0.0
383.7105264776508,0.0
383.9429175631202,0.0
383.9986914236328,0.0
384.01207715015585,0.0
384.0152897245214,0.0
384.0160607423691,0.0
384.0160607423691,0.0
384.0160607423691,0.0
384.0160607423691,0.0
384.0160607423691,0.0
384.0160607423691,0.0
384.0160607423691,0.0
384.0160607423691,0.0
384.0160607423691,0.0
384.0160607423691,0.0
384.0160607423691,0.0
384.0160607423691,0.0
384.0160607423691,0.0
384.0160607423691,0.0
384.0160607423691,0.0
384.0160607423691,0.0
384.0160607423691,0.0
384.0160607423691,0.0
384.0160607423691,0.0
384.0160607423691,0.0
384.0162457866525,0.0
384.01629019728057,0.0
384.01630085583133,0.0
384.01630341388346,0.0
384.01630341388346,0.0
384.01630341388346,0.0
384.01630341388346,0.0
0.0,0.0
0.0,0.0
0.0,0.0
0.0,0.0
0.0,0.0
0.0,0.0
0.0,0.0
0.0,0.0
0.0,0.0
0.0,0.0
0.0,0.0
0.0,0.0
0.0,0.0
0.0,0.0
0.0,0.0
0.0,0.0
0.0,0.0
0.0,0.0
0.0,0.0
0.0,0.0
0.0,0.0
0.0,0.0
0.0,0.0
0.0,0.0
0.0,0.0
0.0,0.0
0.0,0.0
0.0,0.0
0.0,0.0
0.0,0.0
0.0,0.0
0.0,0.0
0.0,0.0
0.0,0.0
0.0,0.0
0.0,0.0
0.0,0.0
0.0,0.0
0.0,0.0
0.0,0.0
0.0,0.0
0.0,0.0
0.0,0.0
0.0,0.0
0.0,0.0
0.0,0.0
0.0,0.0
0.0,0.0
0.0,0.0
0.0,0.0
0.0,0.0
0.0,0.0
0.0,0.0
0.0,0.0
0.0,0.0
0.0,0.0
0.0,0.0
0.0,0.0
0.0,0.0
0.0,0.0
0.0,0.0
0.0,0.0
0.0,0.0
0.0,0.0
0.0,0.0
0.0,0.0
0.0,0.0
0.0,0.0
0.0,0.0
0.0,0.0
0.0,0.0
0.0,0.0
0.0,0.0
0.0,0.0
0.0,0.0
0.0,0.0
0.0,0.0
0.0,0.0
0.0,0.0
0.0,0.0
0.0,0.0
0.0,0.0
0.0,0.0
0.0,0.0
0.0,0.0
0.0,0.0
0.0,0.0
0.0,0.0
0.0,0.0
0.0,0.0
0.0,0.0
0.0,0.0
0.0,0.0
0.0,0.0
0.0,0.0
0.0,0.0
0.0,0.0
0.0,0.0
0.0,0.0
0.0,0.0
0.0,0.0
0.0,0.0
0.0,0.0
0.0,0.0
0.0,0.0
0.0,0.0
0.0,0.0
0.0,0.0
0.0,0.0
0.0,0.0
0.0,0.0
0.0,0.0
0.0,0.0
0.0,0.0
0.0,0.0
0.0,0.0
0.0,0.0
0.0,0.0
0.0,0.0
0.0,0.0
0.0,0.0
0.0,0.0
0.0,0.0
0.0,0.0
0.0,0.0
0.0,0.0
