Price
-293.2643640779473
-293.2643640779473
-293.2643640779472
-293.2643640779473
-293.2643640779473
-293.2643640779473
-293.2643640779473
-293.2643640779473
-293.2643640779473
-293.2643640779473
-293.2643640779473
-293.2643640779473
-293.2643640779473
-293.2643640779473
-293.2643640779473
-293.2643640779473
-293.2643640779473
-293.2643640779473
-293.2643640779473
-293.2643640779473
-293.2643640779473
-293.2643640779473
-293.2643640779473
-293.2643640779473
-293.2643640779473
-293.2643640779473
-293.26436407794733
-293.2643640779473
74.12
74.12
74.12
74.12
74.12
74.12
74.12
74.12
74.12
74.12
74.12
74.12
74.12
74.12
74.12000000000002
74.12
74.12
74.12
74.12000000000002
74.12
-223.76190869923988
-223.76190869923994
-293.2643640779473
74.12
74.12
74.12
74.12
74.12
74.12
74.12
74.12
-288.46048669719727
-293.2643640779473
-293.2643640779473
-293.2643640779473
-293.2643640779473
-215.47356407794732
-223.76190869923994
-293.2643640779473
74.12
74.12
74.12000000000002
74.12
74.12
-293.2643640779473
-293.2643640779473
-293.2643640779472
-293.2643640779473
-293.2643640779473
-293.2643640779473
-293.2643640779473
-293.2643640779472
-293.2643640779473
-293.2643640779473
-293.2643640779473
-293.2643640779473
-293.2643640779473
-293.2643640779472
-293.2643640779473
-293.2643640779473
-293.2643640779473
-293.2643640779473
-293.2643640779473
-293.2643640779472
-293.2643640779472
-290.3150892544615
-293.2643640779473
-293.2643640779473
-293.2643640779473
-293.2643640779473
-293.2643640779473
-293.2643640779473
-293.2643640779473
-293.2643640779472
-293.2643640779472
-293.2643640779473
-293.2643640779472
-293.2643640779473
-293.2643640779473
-293.2643640779473
-293.2643640779473
-293.2643640779473
-293.2643640779473
-293.2643640779473
-293.2643640779473
-293.2643640779472
-293.2643640779473
-293.2643640779473
-293.2643640779473
-293.2643640779473
-293.2643640779473
-293.2643640779473
-293.2643640779473
-293.2643640779473
-293.2643640779473
-293.2643640779473
-293.2643640779473
-293.2643640779472
-293.2643640779473
-293.2643640779473
-293.2643640779473
-293.2643640779473
-293.2643640779473
-293.2643640779473
-293.2643640779473
-293.2643640779473
-293.2643640779473
-293.2643640779473
-293.2643640779473
-293.2643640779473
-293.2643640779473
-293.2643640779473
-293.2643640779473
-293.2643640779473
-293.2643640779473
-293.2643640779473
-293.2643640779473
-293.2643640779473
-293.2643640779473
-293.2643640779473
-293.2643640779473
-293.2643640779473
-293.2643640779473
-293.2643640779472
-293.26436407794733
-293.2643640779473
-293.26436407794733
-293.2643640779473
-293.26436407794733
-293.2643640779473
-293.2643640779473
-293.2643640779473
-293.2643640779472
-293.2643640779473
-293.2643640779473
-293.2643640779472
-293.2643640779473
-293.2643640779473
-293.2643640779473
-293.2643640779473
-293.2643640779473
-293.2643640779473
-293.2643640779473
-293.2643640779473
-293.2643640779472
-293.2643640779473
-293.2643640779473
-293.2643640779473
-293.2643640779473
-293.2643640779473
-293.2643640779473
-293.2643640779473
-293.2643640779473
-293.2643640779473
-293.2643640779473
-293.2643640779473
-293.26436407794733
-293.2643640779473
-293.2643640779473
-293.26436407794733
-293.2643640779473
-290.8624253875722
-293.2643640779472
-293.2643640779473
-293.26436407794733
-293.2643640779473
-293.2643640779473
74.12
74.12
74.12
74.12
74.12
74.12
74.12
74.12
74.12
74.12
74.12
-280.9893406973637
-290.7728167070575
-293.2643640779473
-286.2871092978382
-293.2643640779473
-293.2643640779473
74.12
74.12
74.12000000000002
74.12
74.12000000000002
74.12
74.12
74.12
74.12
74.12
74.12
74.12
43507.985875000006
43507.985875
74.11999999999999
74.12
74.12
74.12
74.12
74.12
74.12
74.12
74.12
74.12
74.12
74.12
74.12
74.12
74.12
74.12
74.12
74.12
74.12
74.12
74.12
74.12
74.12
74.12
74.12
74.12
74.12
74.12
74.12
74.12
74.12
74.12
74.12
74.12
74.12
74.12
74.12
74.12
74.12
-287.3892931504474
-293.2643640779473
-293.2643640779473
-293.2643640779473
-293.2643640779473
-293.2643640779473
-293.2643640779472
-293.2643640779473
-293.2643640779473
-293.26436407794733
-293.2643640779473
-293.2643640779473
-293.2643640779473
-293.2643640779473
-293.2643640779473
-293.26436407794733
-293.2643640779473
-293.2643640779473
-293.2643640779473
-293.2643640779472
74.12
74.12
74.12
-287.3892931504473
-293.2643640779473
-293.2643640779473
-293.2643640779473
-293.2643640779473
-293.2643640779473
-293.2643640779473
-293.2643640779473
-293.26436407794733
-293.2643640779473
-293.2643640779472
-293.2643640779473
-293.2643640779472
-293.2643640779472
-293.2643640779473
-293.2643640779473
-293.2643640779473
-293.2643640779473
-293.2643640779473
-293.2643640779473
74.11999999999999
74.12
74.12
74.12
74.12
-3.6707999999999976
-3.6707999999999976
74.12
74.12
74.12
74.12
74.12
74.12
74.12
-293.2643640779473
-293.2643640779473
-293.2643640779473
-293.2643640779472
-293.2643640779472
-293.2643640779473
-293.2643640779473
-293.2643640779473
-293.2643640779473
-293.2643640779473
-293.2643640779472
-293.2643640779473
-293.2643640779473
-293.26436407794733
-293.26436407794733
-293.26436407794733
-293.2643640779473
-293.26436407794733
-293.2643640779473
-293.2643640779473
-293.2643640779473
52.38
74.12
74.12
74.12
74.12
-287.9980971319362
-293.26436407794733
-293.2643640779472
-293.2643640779473
-293.2643640779472
-293.2643640779473
-293.2643640779473
-293.2643640779473
74.12
74.12
-287.37937573933357
-293.2643640779473
-293.2643640779473
-293.2643640779473
-293.26436407794733
-293.2643640779473
-293.2643640779473
-293.2643640779473
-293.2643640779473
-293.2643640779472
-293.2643640779473
-293.2643640779473
-293.2643640779473
-293.2643640779473
-293.2643640779473
-293.2643640779473
-293.2643640779473
-293.2643640779473
-293.2643640779472
-293.2643640779473
-293.2643640779473
-293.2643640779472
52.38000000000001
74.12
74.12
52.38
74.12
74.12
74.12
74.12
74.12
74.12
74.12
74.12
74.12
74.12
74.12
74.12
74.12
74.12
74.12
74.12
74.12
74.12
74.12
74.12
74.12
74.12
74.12
74.12
74.11999999999999
74.12
74.11999999999999
74.12000000000002
74.12
74.12
74.12
74.12
74.12
74.12
74.12
74.12
74.12
74.12
74.12
74.12
74.12
74.12
74.12
74.12
74.12
74.12
74.12
74.12
74.12
74.12
74.12
74.12
74.12
74.12
74.12
74.12
74.12
74.12
74.12
74.12
74.12
74.12
74.12
74.12
74.12
74.12
74.12
74.12
74.12
74.12
74.12
74.12
74.12
74.12
74.12
74.12
74.12
74.12
-3.6708000000000003
-3.6708000000000003
74.12
74.12
52.379999999999995
-289.2610226481338
-293.2643640779473
-293.2643640779472
-293.2643640779473
74.12
74.12
74.12
74.12
74.12
74.12
74.12
74.12
74.12
74.12
74.12
74.12
74.12
74.12
74.12
74.12
74.12
74.12
74.12000000000002
74.12
74.12
74.12
74.12
74.12
74.12
74.12
74.12
74.12
74.12
74.12
74.12
74.12
74.12
74.12
74.12
74.12
74.12
74.12
74.12
74.12
74.12
74.12
74.12
74.11999999999999
74.12
-289.3336989456316
-293.2643640779473
-293.2643640779473
-293.2643640779473
-291.2626933630405
-293.2643640779473
-293.2643640779473
-293.2643640779473
74.12
74.12
74.12
74.12
74.12
74.12
74.12
74.11999999999999
74.12
74.12
74.12
74.12
74.12
74.12
74.12
74.12
74.12
74.12
74.12
74.12
74.12
-286.88527957820827
-293.2643640779473
-293.2643640779473
-293.2643640779473
-293.2643640779473
-293.2643640779473
-293.2643640779473
-293.2643640779473
-293.2643640779472
74.11999999999999
74.12
74.12
74.12
74.12
74.12
74.12
74.12
74.11999999999999
74.12
-286.86685231855427
-293.2643640779473
-293.2643640779473
-293.2643640779472
-293.26436407794733
-293.2643640779473
-293.2643640779473
-293.2643640779473
-293.2643640779473
-290.31900576031074
-293.2643640779473
-293.2643640779473
-293.26436407794733
-293.26436407794733
-293.2643640779473
-293.2643640779473
-293.2643640779473
-293.2643640779473
-293.2643640779473
-293.2643640779473
-293.26436407794733
-293.26436407794733
-293.26436407794733
-293.2643640779473
-293.2643640779473
-293.2643640779473
-293.2643640779473
-293.2643640779472
-293.2643640779473
-293.26436407794733
-293.2643640779473
-293.2643640779473
-293.2643640779473
74.12
74.12
-3.6707999999999976
74.12
-3.6707999999999976
-3.670799999999997
74.12
74.12
74.12
-3.6707999999999985
74.12
74.12
74.12
74.12
74.12000000000002
74.12
-3.6708000000000025
-3.6708000000000025
74.12
74.12
-293.2643640779473
-293.2643640779473
-293.2643640779473
74.12
74.12
74.12
74.12
74.12
74.12
74.12
74.12
74.12
-293.2643640779473
-293.2643640779473
-293.26436407794733
-293.2643640779473
-293.2643640779473
-293.2643640779473
-293.2643640779473
-293.2643640779473
-293.2643640779473
-293.2643640779472
-293.2643640779472
-293.2643640779472
-293.2643640779473
-293.26436407794733
-293.2643640779473
-293.2643640779473
-293.2643640779473
-293.2643640779473
-293.2643640779473
-293.2643640779473
-293.2643640779473
-293.2643640779473
-293.2643640779473
-293.2643640779473
-293.2643640779473
-293.2643640779473
-293.2643640779472
-293.2643640779473
-293.2643640779473
-293.2643640779473
-293.2643640779473
52.379999999999995
74.12
74.12
74.12
74.12
74.12
74.12
74.12
74.12
74.12
-293.26436407794733
-293.26436407794733
-293.2643640779473
-293.2643640779472
-293.2643640779473
-293.2643640779473
-293.2643640779473
-293.2643640779472
-293.2643640779473
-293.2643640779473
-293.2643640779473
-293.2643640779473
-293.2643640779472
-293.2643640779473
-293.2643640779472
-293.2643640779472
-293.2643640779472
-293.2643640779473
-293.2643640779473
-293.2643640779473
-293.2643640779473
-293.2643640779473
-290.3150894549849
-293.26436407794733
-293.2643640779473
-293.2643640779473
-293.2643640779472
-293.2643640779473
-293.2643640779472
-293.2643640779473
-293.26436407794733
-293.2643640779473
-293.2643640779473
-293.2643640779473
-293.26436407794733
-293.2643640779473
-293.2643640779473
-293.2643640779473
-293.2643640779473
-293.2643640779473
-293.2643640779473
-293.2643640779473
-293.2643640779473
-293.2643640779473
-293.2643640779473
-293.2643640779473
-293.2643640779473
-293.2643640779473
-293.2643640779472
-293.2643640779472
-293.2643640779473
-293.2643640779473
-293.2643640779473
-293.2643640779473
-293.2643640779473
-293.2643640779473
-293.2643640779473
-293.2643640779473
-293.2643640779473
-293.2643640779473
-293.2643640779473
-293.2643640779473
-293.2643640779473
-293.2643640779473
-293.2643640779473
-293.2643640779473
-293.2643640779473
-293.2643640779473
-293.2643640779473
-293.2643640779473
-293.2643640779473
-293.26436407794733
-293.26436407794733
-293.26436407794733
-293.2643640779473
-293.2643640779473
-293.2643640779473
-293.2643640779473
-293.2643640779473
-293.2643640779473
-293.2643640779473
-293.2643640779473
74.12
74.12
74.12
-287.36583313036033
-293.2643640779473
-293.2643640779473
-293.2643640779472
-293.2643640779473
-293.2643640779472
-293.2643640779473
-293.26436407794733
-293.2643640779473
-293.2643640779472
-293.2643640779473
-293.2643640779473
-293.2643640779473
-293.2643640779473
-293.2643640779473
-293.26436407794733
-293.2643640779473
-293.26436407794733
-293.2643640779473
-293.2643640779472
-293.2643640779473
-293.2643640779473
-293.2643640779473
-293.2643640779473
-293.2643640779473
-293.2643640779473
-293.2643640779473
-293.2643640779473
-293.2643640779473
-293.2643640779472
-293.2643640779473
-293.2643640779473
-293.2643640779473
-293.2643640779473
-293.2643640779473
-293.2643640779473
-293.2643640779473
-293.2643640779473
-293.2643640779473
-293.2643640779473
-293.2643640779473
-293.2643640779472
-293.2643640779473
-293.2643640779473
-293.26436407794733
-293.2643640779473
74.12
74.12
74.12
74.12
74.12
74.12
74.12
-293.2643640779473
-293.2643640779473
-293.2643640779473
-293.2643640779473
-293.2643640779473
-293.2643640779473
-293.2643640779473
-293.2643640779473
-293.2643640779473
-293.2643640779472
-293.2643640779473
-293.2643640779473
-293.2643640779473
-293.2643640779473
-293.2643640779473
74.12
74.12
74.12
74.12
74.12
74.12000000000002
-287.9980971319363
-293.2643640779472
-293.2643640779473
-293.2643640779473
-293.2643640779473
-293.2643640779473
-293.2643640779473
-293.2643640779472
74.12
74.12
74.12
74.12
74.12
-293.2643640779472
-293.26436407794733
-293.2643640779473
-293.2643640779473
-293.2643640779473
-293.2643640779473
-293.2643640779473
74.12
74.12
74.12
74.12
74.12
74.12
74.12
74.12
74.12
74.12
74.12
74.12
74.12
74.12
74.12
74.12
74.12
74.12
74.12
74.12
-3.6707999999999976
-3.6707999999999976
-3.6707999999999976
74.12
74.12
74.12
74.12
74.12
74.12
74.12
74.12
74.12
52.379999999999995
52.38
74.12
74.12
74.12
74.12
74.12
74.12
74.12
74.12
74.12
74.12
74.12
74.12
74.12
74.12
74.12
74.12000000000002
74.12
74.12
74.12
74.12
74.12
74.12
74.12
74.12
74.12
74.12
74.12
74.12
74.12
74.12
74.12
74.12
74.12
74.12
74.12
74.12
74.12
74.12
74.12
74.12
74.12
74.12
74.12
74.12
74.12
74.12
74.12
74.12
74.12
74.12
74.12
74.12
74.12
74.12
74.12
74.12
74.12
74.12
-276.5837747870575
-293.2643640779473
-293.2643640779473
74.12
74.12
74.12
74.12
74.12
74.12
74.12
74.12
52.38
-293.2643640779473
-293.2643640779472
74.12000000000002
74.12
74.12
74.12
74.12
74.12
74.12
52.379999999999995
52.38
-289.3336989456316
-293.2643640779473
-293.2643640779473
-293.2643640779472
-293.2643640779473
-250.0083333333333
-285.87022219979985
-293.2643640779473
-293.2643640779472
-293.26436407794733
-293.2643640779473
-284.89222909511875
-284.8922290951187
-287.51595150819077
-293.2643640779472
-293.2643640779473
74.12
74.12
74.12
74.12
74.12
74.12
74.12
74.12
74.12
74.12
74.12
74.12
74.12
74.12
74.12
74.12
74.12
74.12
74.12
74.12
74.12
74.12
74.12
74.12
74.12
74.12
74.12
-287.27321539915204
-293.2643640779473
-293.2643640779473
-293.2643640779473
-293.2643640779472
-293.2643640779473
-293.2643640779472
-293.2643640779472
-293.2643640779472
-293.2643640779473
-293.2643640779473
-293.2643640779473
-293.2643640779473
-293.2643640779473
-293.2643640779473
74.12
74.12
74.12
-276.5837747870575
-293.2643640779472
-293.2643640779473
74.12
74.12
74.12
74.12
74.11999999999999
-293.2643640779473
-293.2643640779473
-293.26436407794733
-293.2643640779473
-293.2643640779473
-293.2643640779473
-293.2643640779473
-293.2643640779473
-293.2643640779473
-293.2643640779473
-293.2643640779473
-293.26436407794733
-293.2643640779473
-293.2643640779473
-293.2643640779473
-293.2643640779473
-293.2643640779473
-293.2643640779473
-293.2643640779473
-293.26436407794733
-293.2643640779472
-293.2643640779473
-293.2643640779473
-293.26436407794733
-293.2643640779472
-293.2643640779473
-293.2643640779473
-293.2643640779472
-293.2643640779472
-293.2643640779473
-293.2643640779473
-293.2643640779473
-293.2643640779472
-293.2643640779473
-293.2643640779473
-293.2643640779473
-293.2643640779473
-293.2643640779473
-293.2643640779473
-293.2643640779473
-293.2643640779473
-293.2643640779473
-293.2643640779473
-293.2643640779473
-293.26436407794733
-293.2643640779473
-293.2643640779473
-293.26436407794733
-293.26436407794733
-293.2643640779473
-293.2643640779473
-293.2643640779473
-293.2643640779472
-293.2643640779473
-293.2643640779473
-293.2643640779473
-293.26436407794733
-293.26436407794733
-293.2643640779472
-293.2643640779473
-293.2643640779473
-293.2643640779472
74.12
74.12
74.12
74.12
74.12
74.12
74.12
74.12
74.12
74.12
74.12
74.12
74.12
74.12
74.12
74.12
74.12
74.12
74.12
74.11999999999999
74.12
74.12
74.12
74.12
74.12
74.11999999999999
74.12
74.12
74.12
74.12
74.12
74.12
74.12
74.12
74.12
74.12
74.12
74.12
74.12
74.12
74.12
74.12
74.12
74.12
74.12
74.12
74.12
74.12
74.12
74.12
74.12
-293.2643640779473
-293.2643640779473
74.12
74.12
74.12
74.12
74.12
74.12
74.12
74.12
74.12
-293.2643640779472
-293.2643640779473
-293.2643640779472
74.12
74.12
74.12
74.12
74.12
74.12
74.12
74.12
74.12
74.12
-3.6707999999999976
74.12
74.12
74.12
74.12
74.12
74.12
74.12
74.12
74.12
74.12
-276.5837747870575
-293.2643640779473
-293.2643640779473
74.12
74.12
74.12
74.12
74.12
74.12
74.12
74.12
74.12
-293.2643640779473
-293.2643640779473
-293.2643640779472
-293.2643640779473
-293.2643640779472
-293.2643640779472
-293.2643640779473
-293.2643640779473
-293.2643640779473
-293.2643640779473
-293.2643640779473
-293.2643640779472
-293.2643640779473
-293.2643640779473
-293.2643640779473
-293.2643640779473
-293.2643640779473
-293.2643640779473
-293.2643640779473
-293.2643640779473
-293.2643640779473
-293.2643640779473
-293.2643640779472
-293.2643640779473
-293.2643640779473
-293.2643640779473
-293.2643640779472
-293.2643640779472
-293.2643640779473
74.12
74.12
74.12
74.12
74.12
74.12
74.12
-293.2643640779473
-293.2643640779473
-293.2643640779473
-293.2643640779473
-293.2643640779473
-293.2643640779473
-293.2643640779472
-293.2643640779472
-293.2643640779473
-293.2643640779473
-293.2643640779473
-293.2643640779473
-293.2643640779472
-293.2643640779473
-293.2643640779473
-293.2643640779473
-290.88341430228957
-293.2643640779473
-293.2643640779473
-293.2643640779473
-293.2643640779472
-293.2643640779473
-289.5949101319228
-293.2643640779473
-293.2643640779472
-293.2643640779473
-293.2643640779472
74.12
74.12
74.12
74.12
74.12
74.12
74.12
74.12
74.12
74.12
74.12
74.12
74.12
74.12
74.12
74.12
74.12
74.12
74.12
74.12
74.12
-3.670799999999997
-3.6707999999999985
-3.6707999999999963
74.12
74.12
74.12
74.12
74.12
74.12
74.12
74.12
52.38
-293.2643640779473
-293.2643640779473
-293.2643640779473
74.12
74.12
74.12
74.12
74.12
74.12
74.12
74.12
-289.2610226481337
-293.2643640779473
-293.2643640779473
-293.2643640779473
74.12
74.12
74.12
74.12
74.12
74.12
74.12
74.12
74.12
74.12
52.38000000000001
74.12
74.12
74.12
74.12
74.12
74.12
74.12
74.12
74.12
74.12
-3.6707999999999976
-3.670799999999995
52.38000000000001
74.12
74.12
74.12
74.12
74.12
74.12
74.12
74.12
74.12
74.12
-3.6708000000000034
74.12
74.12
74.12000000000002
74.12
74.12
74.12
74.12
74.12
74.12
74.12
74.12
-3.670800000000004
74.12
74.12
74.12
74.12
74.12
74.12
74.12
74.12
74.12
74.12
74.12
-3.670799999999997
-3.6707999999999923
74.12
74.12
74.12
74.12
52.38
52.38
74.12000000000002
74.12
-293.2643640779473
-293.2643640779472
-293.26436407794733
-293.2643640779473
-293.2643640779473
74.12
74.12
74.12
74.12
74.12000000000002
74.12
74.12
74.12
-284.77649270111607
-293.2643640779472
-293.2643640779473
-293.2643640779473
-250.00833333333333
-250.00833333333333
-250.0083333333333
-258.2966779546259
-293.2643640779473
74.12
74.12
-285.87022219979985
-293.2643640779473
-293.2643640779473
-293.2643640779473
-293.2643640779473
-290.4205608882104
-293.2643640779472
-293.26436407794733
-293.2643640779473
-293.2643640779473
-293.2643640779472
-293.26436407794733
-293.2643640779473
-293.2643640779473
-293.2643640779473
-293.2643640779473
-293.2643640779473
74.12
74.12
-289.33369894563157
-293.2643640779473
-293.2643640779473
-293.2643640779473
-290.8624253875722
-293.2643640779473
-293.2643640779473
-293.2643640779472
-293.2643640779472
-293.2643640779473
74.12
74.12
74.12
52.38000000000001
-283.8566299095905
-285.9254561858982
-285.9254561858982
-293.2643640779472
-293.2643640779473
-293.2643640779473
-293.2643640779473
74.12
74.12
74.12
74.12
74.12
74.12
74.12
74.12
74.12
74.12
74.12
74.12
74.12
74.12
74.12
74.12
74.12
74.12
74.12
74.12
-293.26436407794733
-293.2643640779473
-293.2643640779473
-293.2643640779473
-293.2643640779473
-293.2643640779473
-293.2643640779473
-293.26436407794733
-293.2643640779473
-293.2643640779473
-293.2643640779472
-293.2643640779473
-293.2643640779473
-293.2643640779473
-293.2643640779473
-293.26436407794733
-293.2643640779473
-293.2643640779473
-290.4976924984944
-293.2643640779473
-293.2643640779473
-293.26436407794733
-293.2643640779473
-293.2643640779473
-293.2643640779473
-293.2643640779473
-293.2643640779473
-293.2643640779473
74.12
74.12
74.12
-287.36852790594423
-293.2643640779472
-293.2643640779473
-293.26436407794733
-293.2643640779473
-293.2643640779472
-293.2643640779472
-293.2643640779473
-293.2643640779473
-293.2643640779472
-293.2643640779473
-293.2643640779473
-293.2643640779473
-293.2643640779472
-293.2643640779473
-293.2643640779473
-293.2643640779473
-293.2643640779473
-293.2643640779473
-293.26436407794733
-293.26436407794733
-293.2643640779473
-293.2643640779473
-293.2643640779472
-293.26436407794733
-293.2643640779473
-293.2643640779472
-293.2643640779472
-289.59491013192275
-293.2643640779473
-293.2643640779472
-293.2643640779472
-293.2643640779473
74.12
74.12
74.12
74.12
74.12
74.12
74.12
74.12
74.12
74.12
74.12
74.12
74.12
74.12
-287.7310209190416
-293.2643640779473
-293.2643640779473
-293.2643640779473
-293.2643640779473
-293.2643640779473
-293.2643640779473
-293.2643640779473
-293.2643640779473
-293.2643640779473
74.12
74.12
74.12
74.12
74.12
74.11999999999999
-278.39972810224526
-287.36543171348063
-293.2643640779473
-293.2643640779473
-293.2643640779473
-293.26436407794733
-293.2643640779473
-293.2643640779473
-293.2643640779473
-293.2643640779473
-293.2643640779473
-293.2643640779473
-293.2643640779473
-293.2643640779473
-293.2643640779473
-293.2643640779473
-293.2643640779473
-293.2643640779472
-293.2643640779473
-293.2643640779473
-293.2643640779473
-293.2643640779473
-293.26436407794733
-293.2643640779472
-293.2643640779473
-293.2643640779473
-293.2643640779473
-293.2643640779473
-293.2643640779473
-293.2643640779472
-293.2643640779473
-293.2643640779473
-293.2643640779473
-293.2643640779473
-293.2643640779473
-293.2643640779473
74.12
74.12
74.12
74.12
74.12
74.12
74.12
74.12
74.12
74.12
74.12000000000002
74.12
74.12
-285.9254561858982
-293.2643640779473
-293.26436407794733
-293.2643640779473
-293.2643640779473
74.12
74.12
74.12
74.12
74.12
74.12
74.12
74.12
74.12
-293.2643640779473
-293.26436407794733
-293.2643640779473
-293.2643640779473
-293.2643640779473
-293.2643640779473
-293.2643640779473
-293.2643640779473
-293.26436407794733
-293.2643640779472
-293.2643640779473
-293.26436407794733
-293.2643640779473
-293.2643640779472
-293.2643640779473
-293.2643640779473
-293.26436407794733
-293.2643640779473
-293.26436407794733
-293.2643640779473
-293.26436407794733
-293.2643640779473
-293.2643640779472
-293.2643640779473
-293.2643640779473
-293.2643640779473
-293.26436407794733
-293.2643640779473
74.12
74.11999999999999
-223.76190869923994
-223.7619086992399
-293.2643640779473
74.12
74.12
74.12
-289.2610226481337
-293.2643640779473
-293.2643640779473
-293.2643640779473
74.12
74.12
74.12
-287.34797060413985
-293.2643640779473
-293.2643640779473
-293.2643640779473
-293.2643640779473
-293.2643640779473
-293.2643640779473
-293.2643640779472
-293.2643640779473
-293.2643640779473
-293.2643640779473
-293.2643640779473
-293.2643640779473
-293.2643640779473
-293.2643640779472
-293.2643640779473
-293.2643640779473
-293.26436407794733
-293.2643640779473
-293.2643640779473
-293.2643640779472
74.12
74.12
74.12
-3.670800000000003
-3.670800000000003
74.12
74.12
-285.9254561858982
-293.2643640779473
-293.2643640779473
-293.2643640779473
-293.2643640779473
-284.8922290951188
-284.8922290951188
-292.6209475617098
-293.2643640779473
-293.2643640779473
-293.2643640779473
-290.8624253875722
-293.2643640779473
-293.2643640779473
-293.2643640779473
-293.2643640779473
-293.2643640779473
74.12
74.12
74.12
74.12
74.12
74.12
74.12
74.12
74.12
-3.6708000000000016
-3.6708
74.11999999999999
74.12
-287.58484682320744
-293.2643640779473
-293.2643640779472
-293.2643640779473
-293.2643640779473
-293.2643640779473
-293.2643640779472
-293.2643640779473
-293.26436407794733
-293.2643640779473
-293.2643640779473
-293.2643640779473
-285.9709699882095
-287.73102091904155
-293.2643640779473
-293.2643640779473
-293.2643640779472
-293.2643640779473
-293.2643640779472
-293.2643640779473
-293.2643640779473
-293.2643640779473
-293.2643640779473
74.12
74.12
74.12
74.12
74.12
74.12
74.12
-293.2643640779473
-293.2643640779473
-293.2643640779472
-293.2643640779473
-293.2643640779473
-293.2643640779473
74.12
74.12
74.12
74.12
74.12
74.12
-288.5069251890812
-293.2643640779473
-293.2643640779472
-293.2643640779473
-278.5635513933365
-278.56355139333647
-287.58098867544277
-293.2643640779473
-293.2643640779473
-293.2643640779473
-293.2643640779472
-293.2643640779473
-293.2643640779473
-293.2643640779473
-293.2643640779473
-293.2643640779473
-293.2643640779473
-293.2643640779473
-284.9760194566546
-293.26436407794733
-293.2643640779473
74.12
74.12
74.12
74.12
-293.2643640779473
-293.2643640779473
-293.2643640779473
-293.2643640779472
-293.2643640779473
-293.2643640779473
-293.26436407794733
-293.2643640779473
-293.2643640779473
-293.2643640779473
-293.2643640779472
-293.2643640779473
-293.2643640779473
-293.2643640779473
-293.2643640779472
74.12
74.12
74.12
74.12
-293.2643640779473
-293.2643640779473
-293.2643640779473
-293.2643640779473
-293.2643640779473
-293.2643640779473
-293.2643640779472
-293.2643640779473
-293.2643640779473
-293.26436407794733
-293.2643640779473
-293.26436407794733
-293.26436407794733
-293.26436407794733
-293.2643640779473
-293.2643640779472
-293.2643640779472
-293.2643640779472
-293.2643640779473
-293.2643640779472
-293.2643640779473
-293.2643640779473
-293.2643640779472
-293.2643640779473
-293.26436407794733
-293.2643640779472
-293.2643640779473
-293.2643640779473
-293.2643640779472
-293.26436407794733
-293.2643640779472
-293.2643640779473
-293.2643640779472
-293.2643640779473
-293.2643640779473
-293.2643640779473
-293.2643640779473
-293.2643640779473
-293.2643640779473
-293.2643640779473
-293.2643640779472
-293.2643640779473
-293.2643640779473
-293.2643640779473
-293.2643640779473
74.12
74.12
74.12
74.12
74.12
74.12
74.12
74.12
-3.670799999999994
-3.6707999999999976
74.12
74.12
74.12
74.12
74.12
-3.6707999999999976
-3.670799999999997
74.12
74.12
-287.3673238517534
-293.2643640779473
-293.2643640779472
-293.2643640779473
-293.2643640779473
-293.2643640779473
-293.2643640779473
-293.2643640779472
-293.2643640779473
-293.2643640779473
-293.2643640779473
-293.2643640779472
-293.2643640779473
-293.2643640779472
-293.2643640779473
-293.2643640779473
-293.26436407794733
-293.2643640779473
-293.26436407794733
-293.2643640779472
-293.2643640779473
-293.2643640779473
-293.2643640779473
-293.2643640779473
-293.2643640779473
-293.2643640779473
-293.2643640779473
-293.2643640779473
-293.2643640779473
-293.2643640779473
74.12
74.12
52.38
74.12
74.12
74.12
74.12
-223.76190869923997
-223.76190869923997
-293.2643640779473
74.12
74.12
74.12
74.12
74.12
74.12
74.12
74.12
74.12
-276.58377478705745
-293.2643640779473
-293.2643640779472
74.12
74.12
74.12
74.12
74.12
74.12
74.12
74.12
74.11999999999999
-276.5837747870575
-293.2643640779473
-293.2643640779472
74.12
74.12
74.11999999999999
74.12
74.12
74.12
74.12
74.12
74.12
-223.76190869923997
-293.2643640779473
52.38000000000001
74.12
74.12
74.12
74.12
74.12
74.12
74.12
74.12
74.12
74.12
74.12
74.12
74.12
74.12
74.12
74.12
74.12
74.12
74.12
74.12
74.12
74.12
74.12
74.12
74.12
74.12
74.12
74.12
74.12
74.12
74.12
74.12
74.12
-3.6708000000000025
-3.670800000000003
-3.670800000000004
74.12
74.12
74.12
74.12
74.12
74.12
74.12
74.12
74.12
74.12
74.12
74.12
74.12
74.12
74.11999999999999
74.12
74.12
74.12
74.12
74.12
74.12
74.12
-3.670799999999989
-3.6707999999999896
74.12000000000002
74.12000000000002
-287.3736474426742
-293.2643640779472
-293.2643640779473
-293.26436407794733
-293.2643640779473
-293.2643640779473
-293.2643640779473
-293.2643640779473
-293.2643640779472
-293.26436407794733
-293.2643640779473
-293.2643640779473
-293.2643640779472
-293.26436407794733
-293.2643640779473
-293.26436407794733
-293.2643640779473
-293.2643640779473
-293.2643640779473
-293.2643640779472
-293.2643640779473
-293.2643640779473
-293.2643640779473
-293.2643640779473
74.12
74.12
-265.7750882546609
-270.75406349297486
-277.3053467012827
-285.92545618589827
-293.2643640779473
-293.2643640779473
-293.2643640779473
-293.2643640779472
52.38
74.12
74.12
74.12
74.12
74.12
74.12
74.12
74.12
74.12
74.12
74.12
74.12
74.12
74.11999999999999
74.12
74.12
74.11999999999999
74.12
-293.2643640779472
-293.2643640779473
-293.2643640779472
-293.2643640779472
-293.26436407794733
-293.2643640779472
-293.2643640779472
74.12
74.12
74.12
74.12
74.12
74.12
-288.4604866971972
-293.2643640779473
-293.2643640779473
-293.2643640779473
-293.2643640779473
-293.2643640779473
74.12
74.12
74.12
74.12
74.12
74.12
74.12
74.12
74.12
74.12
74.12
74.12
74.12
74.12
74.12
74.12
74.12
74.12
74.12
74.12
74.12
74.12
74.12
74.12
74.12
74.12
74.12
74.12
74.12
74.12
74.12
74.12
74.12
74.12
74.12
74.12
74.12
74.12
74.12
74.12
74.12
74.12
74.12
-293.26436407794733
-293.2643640779473
-293.2643640779473
74.12
74.12
74.12
74.12
74.12
74.12
74.12
74.12
-285.9254561858982
-293.2643640779473
-293.2643640779473
-293.2643640779473
-293.2643640779473
74.12
74.12
74.12
-287.7310209190415
-293.2643640779472
-293.2643640779473
-293.2643640779473
-293.2643640779473
-293.2643640779473
-293.2643640779473
-293.2643640779473
-293.2643640779473
-293.2643640779473
74.12
74.12
74.12
74.12
74.12
74.12
74.12
-276.58377478705756
-293.2643640779473
-293.2643640779473
74.12
74.12
74.12
74.12
-3.6707999999999936
-223.76190869923997
-293.2643640779473
74.12
-293.2643640779473
-293.2643640779473
-293.2643640779473
-293.2643640779472
-293.2643640779473
74.12
74.12
-289.26102264813375
-293.2643640779473
-293.2643640779473
-293.2643640779473
74.12
-289.2610226481338
-293.2643640779473
-293.2643640779473
-293.2643640779473
74.12
74.12
74.12
74.12
74.12
74.12
74.12
74.12
74.12
74.11999999999999
74.12
74.12
74.12
74.12
74.12
74.12
74.12
74.12
74.12
74.12
74.12
-3.670800000000002
-3.6708000000000025
-3.670800000000002
74.12
74.12
-287.0882575000082
-293.2643640779473
-293.2643640779472
-293.2643640779473
-293.2643640779473
-293.2643640779473
-293.2643640779473
-293.2643640779473
-293.2643640779473
-293.2643640779473
-293.2643640779473
74.12
74.12
74.12
74.12
74.12
74.12
74.12
74.12
-3.670799999999996
-3.670799999999996
-3.6707999999999945
74.12
74.12
74.12
74.12
74.12
74.12
74.12
74.12
74.12
-289.3336989456315
-293.2643640779473
-293.26436407794733
-293.2643640779473
-285.26386647489755
-285.87022219979985
-293.2643640779472
-293.2643640779473
-293.2643640779473
-293.26436407794733
-290.2996427284687
-293.2643640779472
-293.2643640779473
-293.2643640779472
-293.2643640779473
-293.2643640779472
-293.26436407794733
-293.2643640779473
-293.2643640779473
-293.2643640779473
-293.2643640779473
-293.2643640779472
-293.2643640779473
-293.2643640779473
-293.2643640779472
-293.2643640779473
-293.2643640779473
-293.2643640779473
-293.2643640779473
74.12
74.12
-3.6707999999999896
52.38
74.12
74.12
74.12
-276.58377478705745
-293.2643640779473
-293.2643640779473
74.12
74.12
74.12
74.12
74.12
74.12
74.12
74.12
-293.2643640779473
-293.2643640779473
-293.2643640779473
-293.2643640779473
-293.2643640779473
74.12
74.12
-276.79778434989333
-285.2576109867017
-293.2643640779473
-293.2643640779473
-290.8834143022896
-293.2643640779473
-293.2643640779473
-293.2643640779473
-293.2643640779473
-293.2643640779473
-293.2643640779472
-293.2643640779473
-293.2643640779473
-293.2643640779473
-293.2643640779473
-293.2643640779473
-293.2643640779473
-293.2643640779473
-293.2643640779472
-293.2643640779473
-293.2643640779473
-293.2643640779473
74.12
74.12
74.12
74.12
74.12
74.12
74.12
74.12
74.12
74.12
74.12
74.12
74.12
74.12
74.12
74.12
74.12
74.12
74.12
74.12
74.12
74.12
74.12
74.12
74.12
74.12
74.12
74.12
74.12
74.12
74.12
74.12
-3.67079999999999
-3.670799999999991
52.38
74.12
74.12
74.12
74.12
74.12
74.12
74.12
74.12
74.12
-284.7764927011161
-293.2643640779472
-293.2643640779473
-290.3173514282355
-293.2643640779472
-293.2643640779473
-293.2643640779473
-293.2643640779473
-293.2643640779472
-293.2643640779473
-293.2643640779473
-293.2643640779472
-293.2643640779473
-293.26436407794733
-293.2643640779472
-293.2643640779473
-293.2643640779473
-293.2643640779473
-293.2643640779473
-293.2643640779473
-293.2643640779473
-293.2643640779473
-293.2643640779473
-293.26436407794733
-293.2643640779472
-293.2643640779473
-293.26436407794733
-293.2643640779472
-293.2643640779473
74.12
74.12
-3.670799999999996
74.12
74.11999999999999
-288.46048669719727
-293.2643640779473
-293.2643640779472
-293.2643640779473
-293.2643640779472
-293.2643640779473
74.12
74.12
74.12
74.12
74.12
74.12
74.12
74.12
-293.2643640779472
-293.2643640779473
-293.2643640779473
-293.2643640779473
-293.2643640779473
-293.2643640779473
-293.2643640779473
-293.2643640779472
-293.2643640779472
-293.2643640779472
-293.2643640779472
-293.2643640779473
-293.2643640779473
-293.2643640779473
-293.2643640779472
-293.2643640779473
74.12
74.12
74.12000000000002
74.12
74.12
74.12
74.12
74.12
-289.2610226481337
-293.2643640779473
-293.2643640779473
-293.2643640779473
74.12
74.12
74.12
-286.88527957820827
-293.2643640779473
-293.2643640779473
-293.2643640779472
-293.2643640779473
-293.2643640779473
-293.2643640779473
-293.2643640779473
-293.2643640779473
74.12
74.12
74.12
74.12
74.12
74.12
74.12
74.12
74.12
74.12
74.12
74.12
74.12
74.12
74.12
52.38000000000001
-286.53386350860995
-293.2643640779472
-293.2643640779473
-293.2643640779473
-293.2643640779473
-293.2643640779473
-293.2643640779473
74.12
74.12
74.12
74.12
74.12
74.12
74.12
74.12000000000002
-293.2643640779473
-293.2643640779473
-293.2643640779473
-293.2643640779473
-293.2643640779473
-293.2643640779473
-293.2643640779473
-293.2643640779472
-293.2643640779473
-293.2643640779473
-293.2643640779473
-293.2643640779473
-293.2643640779473
-293.2643640779473
-293.2643640779473
-293.2643640779473
-293.2643640779473
74.12
74.12
74.12
-3.6707999999999976
-3.670799999999997
-3.6707999999999976
74.12
74.12
74.12
-223.76190869923997
-293.2643640779473
74.12
74.12
74.12
74.12
74.12
52.38000000000001
74.12
74.12
-293.2643640779473
-293.2643640779473
-293.2643640779473
-293.2643640779473
-293.2643640779473
74.12
74.12
74.12
52.38
74.12
74.11999999999999
74.12
52.38000000000001
-276.58377478705756
-293.2643640779473
-293.2643640779473
74.12
74.12
74.12
74.12
74.12
74.12000000000002
74.12
74.12
-223.7619086992399
-293.2643640779472
-293.2643640779473
-293.2643640779473
-293.2643640779473
74.12
74.12
74.12
74.12
74.12
74.12
74.12
-293.2643640779473
-293.2643640779473
-293.2643640779473
-293.2643640779473
-293.2643640779472
74.12
74.12
74.12
74.12
74.12
74.12
74.12
74.12
-287.3663373173911
-293.2643640779473
-293.2643640779473
-293.2643640779473
-293.2643640779473
-293.2643640779473
-293.2643640779473
-293.2643640779472
-293.2643640779473
-293.2643640779473
-293.2643640779473
-293.2643640779472
-293.2643640779473
-293.2643640779473
-293.2643640779473
-293.2643640779473
-293.26436407794733
-293.2643640779473
-293.2643640779473
-293.2643640779473
-293.2643640779473
-293.26436407794733
-293.2643640779473
-293.26436407794733
-293.2643640779473
-293.2643640779473
-293.2643640779472
-293.2643640779473
-293.2643640779473
-293.2643640779472
-293.2643640779473
-293.2643640779473
-293.2643640779473
-293.2643640779473
-289.8991137932787
-293.2643640779473
-293.2643640779473
-293.2643640779473
-293.2643640779473
-293.26436407794733
-215.47356407794726
-215.4735640779473
-223.76190869923994
-293.2643640779472
-3.67079999999999
74.12
74.12
74.12
-276.58377478705756
-293.2643640779473
-293.2643640779473
74.12
74.12
74.12
74.12
74.12
74.12
74.12
74.12
74.12
74.12
-3.670799999999998
74.12
74.12
74.12
74.12
74.12
74.12000000000002
74.12
74.12
74.12
74.11999999999999
-293.2643640779472
-293.2643640779473
-293.2643640779473
-293.2643640779473
-293.2643640779473
-293.2643640779472
-293.2643640779472
-293.2643640779472
-293.26436407794733
-293.2643640779473
-293.2643640779472
-293.2643640779473
-293.2643640779473
-293.2643640779473
-293.2643640779473
-293.2643640779472
74.12
74.12
74.12
74.12
74.12
74.12
74.12
74.12
-293.26436407794733
-293.2643640779473
-293.2643640779473
-293.2643640779472
-293.2643640779472
-284.89222909511875
-293.18057371641146
-293.2643640779473
74.12
74.12
74.12
74.12
74.12
74.12
74.12
74.12
74.12
74.12
74.12
74.12
74.12
74.12
74.12
74.12
74.12
52.379999999999995
74.12
74.12
74.12
74.12
74.12
74.12
74.12
74.12
74.12
74.12
74.12
-3.670799999999997
74.12
74.12
74.12
74.12
74.12
74.12
74.12
74.12
74.12
74.12
74.12
74.12
74.12
74.12
74.12
74.12
74.12
74.12
74.12
74.12
74.12
-289.26102264813363
-293.2643640779473
-293.2643640779473
-293.2643640779473
74.12
74.12
74.12
74.12
74.12
74.12
74.12
74.12
74.12
52.38
52.38000000000001
74.12
74.12
74.12
74.12
74.12
74.12
74.12
74.12
74.12
74.12
74.12
74.12
74.12
74.12
74.12
74.12
74.12
74.12
74.12
74.12
74.12
74.12
52.38
-3.6707999999999976
74.12
74.12
74.12
74.12
74.12
74.12
74.12
74.12
74.12
74.12
-289.26102264813375
-293.2643640779473
-293.26436407794733
-293.2643640779473
74.12
74.12
74.12
74.12
74.12
74.12
74.12
74.12
-293.2643640779473
-293.2643640779473
-293.2643640779473
-293.2643640779473
-293.2643640779473
-293.2643640779472
-293.2643640779473
-293.2643640779472
-293.2643640779473
-293.26436407794733
-293.2643640779473
-293.2643640779473
-293.2643640779473
-293.2643640779473
-293.2643640779472
-293.2643640779473
74.12
74.12
74.12
74.12
74.12
74.12
74.12
74.12
74.12
-3.670799999999995
52.379999999999995
74.12
74.12
74.12
-287.4361896951244
-293.2643640779473
-293.2643640779472
-293.2643640779473
-293.2643640779473
-293.26436407794733
-293.2643640779472
-293.2643640779473
-293.2643640779473
-293.2643640779472
-293.26436407794733
-293.2643640779473
-293.2643640779473
-293.2643640779473
-293.2643640779473
-293.2643640779473
74.12
74.12
74.12
74.12
74.12
74.12
74.12
74.12
-284.7764927011161
-293.2643640779473
-293.2643640779473
-285.28485538961496
-285.9254561858982
-293.2643640779473
-293.2643640779473
-293.2643640779473
-293.2643640779473
74.12
74.12
74.12
74.12
-286.8668523185543
-293.2643640779473
-293.2643640779473
-293.2643640779473
-293.2643640779472
-293.26436407794733
-293.2643640779473
-293.26436407794733
-293.2643640779473
-290.42056088821045
-293.2643640779473
-293.2643640779472
-293.2643640779472
-293.2643640779473
-293.2643640779473
-293.2643640779473
-293.2643640779473
-293.2643640779472
-293.2643640779473
-293.2643640779473
-293.2643640779472
74.12
74.12
-280.98934069736373
-290.77281670705753
-293.2643640779473
-293.2643640779473
-250.00833333333327
-293.2643640779473
-293.2643640779473
-293.2643640779473
-293.2643640779473
-293.2643640779473
-293.2643640779473
-293.26436407794733
-293.2643640779472
-293.2643640779472
-293.2643640779473
-293.2643640779473
-293.2643640779472
-293.2643640779473
-293.2643640779473
-293.2643640779472
-293.2643640779472
-293.2643640779473
74.12
74.12
74.12
74.12
52.38000000000001
74.12
74.12
74.12
-3.6707999999999976
-3.6707999999999976
74.12
74.12
74.12
74.12
74.12
74.12
74.12
74.12
74.12
74.12
74.12
74.12
74.12
74.12
74.12
74.12
74.12
74.12
52.38000000000001
74.12
74.12
74.12
-276.58377478705745
-293.2643640779473
-293.2643640779472
74.12
74.12
74.12
74.12
74.12
74.12
74.12
74.12
74.12
-223.7619086992399
-293.2643640779472
74.12
74.12
74.12
74.12
-287.73102091904155
-293.2643640779473
-293.2643640779473
-293.2643640779473
-293.2643640779473
-293.2643640779473
-293.2643640779473
-293.2643640779473
-293.2643640779473
-293.2643640779473
74.12
74.12000000000002
-276.5837747870575
-293.2643640779473
-293.2643640779473
52.38000000000001
74.12
74.12000000000002
-277.5354650270575
-293.26436407794733
-293.2643640779472
52.379999999999995
52.38
52.38
-287.73102091904155
-293.2643640779473
-293.2643640779473
-293.2643640779473
-293.2643640779473
-293.26436407794733
-293.26436407794733
-293.2643640779473
-293.2643640779473
-293.2643640779473
74.12
74.11999999999999
74.12
-266.88790580838884
-272.21829711630113
-279.2319698898699
-288.4604866971972
-293.2643640779473
-293.2643640779473
-293.2643640779473
-293.2643640779473
-293.2643640779473
74.12
74.12
74.12
74.12
74.12
74.12
74.12
74.12
74.12
74.12
74.12
74.12
74.12
74.12
74.12
74.12
74.12
74.12
74.12
74.12
74.12
74.12
74.12
74.12
74.12
74.12
74.12
74.12
74.12
74.12
74.12
74.12
52.379999999999995
-293.2643640779473
-293.2643640779473
74.12
74.12
74.12
-276.5837747870575
-293.2643640779473
-293.2643640779473
-293.2643640779472
74.12
-293.2643640779473
-293.2643640779472
-293.2643640779472
-293.2643640779472
-293.2643640779473
-290.31960763402685
-293.26436407794733
-293.26436407794733
-293.2643640779472
-293.2643640779473
-293.2643640779472
-293.26436407794733
-293.2643640779472
-293.2643640779473
-293.2643640779473
-293.2643640779473
-293.2643640779472
-293.2643640779473
-293.2643640779473
-293.2643640779473
-293.2643640779473
-293.2643640779473
-293.2643640779473
-293.2643640779473
-293.2643640779473
-293.2643640779473
-293.2643640779473
-293.2643640779473
-293.2643640779473
46.398532897716464
46.39853289771647
46.39853289771648
-24.739114997735484
-31.392267102283526
74.12
74.12
74.12
-293.2643640779472
-293.2643640779473
74.12
74.12
74.12
74.12
74.12
74.12
74.12
74.12
74.12
74.12
-276.5837747870575
-293.2643640779473
-293.2643640779472
74.12
74.12
74.12
-270.20566883816366
-276.5837747870575
-293.2643640779473
-293.2643640779473
74.12
74.12
74.12000000000002
-3.6707999999999874
74.12
74.12
74.12000000000002
74.12
74.12
74.12
74.12
74.12
74.12
74.12
74.12
74.12
74.12
74.12
74.12
74.12
74.12
74.12
74.12
74.12
74.12
74.12
74.12
74.12
74.12
74.12
74.12
74.12
74.12
74.12
74.12
74.12
74.12
74.12
74.12
74.12
74.12
74.12
74.12
74.12
74.12
74.12
74.12
74.12
74.12
74.12
74.12
52.379999999999995
74.12
74.12
74.12
74.12
74.12
74.12
74.12
74.12
74.12
74.12
-276.58377478705745
-293.2643640779473
-293.2643640779473
74.12
74.12
74.12
74.12
74.12
74.12
74.12
74.12
74.12
74.12
74.12
74.12
74.12
74.12
74.12
74.12
74.12
52.38000000000001
74.11999999999999
74.12
74.12
-293.2643640779473
-293.2643640779472
-293.2643640779473
74.12
74.12
74.12
74.12
74.12
74.12
74.12
74.12
74.12
-293.26436407794733
-293.2643640779473
-293.2643640779473
74.12
74.12
74.12
74.12
-293.2643640779473
-293.2643640779473
-293.2643640779472
-290.4246054505773
-293.2643640779473
-293.2643640779473
-293.2643640779473
-293.2643640779473
-293.2643640779473
-293.2643640779472
-293.2643640779473
-293.2643640779473
-293.2643640779473
-293.26436407794733
-293.2643640779472
-286.5523706452645
-289.2610226481337
-293.2643640779473
-293.2643640779473
-293.2643640779472
74.12
74.12
74.12
74.12
74.12
74.12
74.12
74.12
74.12
74.12
52.38
74.12
74.12
74.12
74.12
74.12
74.12
74.12
74.12
74.12
74.12
-241.75328690671446
-293.2643640779473
-102.30774192694368
74.12
74.12
74.12
74.12
74.12
74.12
74.12
74.12
74.12
-276.5837747870575
-293.2643640779473
-293.2643640779473
74.12
74.12
74.12
-293.2643640779473
-293.2643640779473
-293.2643640779473
-293.2643640779473
74.12
74.11999999999999
-223.76190869923994
-293.2643640779473
74.12
74.12
74.12
74.12
74.12
74.12
74.12
74.12
74.12
74.12
-223.76190869923997
-293.2643640779473
74.12
74.12
74.12
74.12
74.12
74.12
74.11999999999999
74.12
74.12
74.12
74.12
-3.670800000000005
74.12
74.12
74.12
74.12
74.12
74.12
74.12
74.12
74.12
74.12
74.12
-3.6707999999999976
74.12
74.12
74.12
74.12
74.12
74.12
74.12
74.12
74.12000000000002
74.12
74.12
74.12
74.12
74.12
74.12
74.12
74.12
74.12
74.12
74.12
74.12
74.12
74.12
52.379999999999995
74.12
74.12
74.12
74.12
-293.26436407794733
-293.2643640779473
-293.2643640779473
-293.2643640779472
-293.2643640779473
-293.2643640779472
-293.2643640779473
-293.26436407794733
-293.2643640779473
-293.2643640779473
-293.2643640779473
-293.26436407794733
-293.2643640779473
-293.2643640779472
-293.2643640779473
-293.2643640779473
74.12
74.12
74.12
74.12
74.12
74.12
74.12
74.12
74.12
74.12
74.12
52.38000000000001
74.12
74.12
-276.5837747870575
-293.2643640779473
-293.2643640779473
74.12
74.12
74.12
74.12
74.12
74.12
74.12
74.12
74.12
74.12
74.12
74.12
74.12
74.12
74.12
74.12
74.12
74.12
74.12
74.12
74.12
74.12
74.12
74.12
74.12
74.12
74.12
74.12
74.12
74.12
74.12
74.12
74.12
74.12
74.12
74.12
74.12
74.12
74.11999999999999
74.12
74.12
74.12
74.12
74.12
74.12
74.12
74.12
74.12
74.12
74.12
74.12
74.12
74.12
74.12
74.12
74.12
74.12
-3.670799999999997
-3.6707999999999967
74.12
74.12
74.12
74.12
74.12
74.12
74.12
74.12
74.12
74.12
74.12
74.12
74.12
74.12
74.12
74.12
74.12
74.12
74.12
74.12
74.12
74.12
74.12
74.12
74.12
74.12
74.12
74.12
74.12
74.12
74.12
74.12
74.12
74.12
74.12
74.12
74.12
74.12
74.12
74.12
74.12
74.12
74.12
74.12
74.12
74.12
74.12
74.12
74.12
74.12
74.12
74.12
74.12
74.12
74.12
74.12
74.12
74.12
74.12
74.12
74.12
74.12
74.12
74.12
74.12
74.12
74.12
74.12
74.12
74.12
74.12
74.12
74.12
74.12
74.12
74.12
74.12
74.12
74.12
74.12
74.12
74.12
74.12
74.12
74.12
74.12
74.12
74.12
74.12
74.12
74.11999999999999
74.12
74.12
74.12
74.12
74.12
74.12
74.12
74.12
74.12
-293.2643640779473
-293.2643640779473
-293.2643640779472
-293.2643640779472
-293.2643640779472
-293.2643640779473
-293.2643640779473
-293.2643640779473
-284.8922290951188
-284.89222909511875
-293.2643640779473
-293.2643640779472
-293.2643640779473
-293.26436407794733
-293.2643640779473
-293.2643640779472
-293.2643640779472
-293.2643640779473
-293.2643640779473
-293.2643640779473
-293.2643640779472
-293.2643640779473
74.12
74.12
74.12
74.12
-3.670799999999994
-3.670799999999994
74.12
74.12
-293.2643640779473
-293.2643640779473
-293.2643640779473
-293.2643640779472
-293.2643640779473
-293.2643640779473
-293.2643640779473
-293.2643640779473
-293.2643640779473
-293.26436407794733
-293.2643640779472
-250.0083333333334
-250.00833333333338
-293.2643640779472
-293.26436407794733
-293.2643640779473
-293.2643640779473
-293.2643640779472
-293.2643640779473
-293.2643640779473
-293.2643640779473
-293.2643640779473
74.12
74.12
74.12
-223.76190869924
-293.2643640779473
74.12
74.12
74.12
-293.2643640779473
-293.2643640779473
-293.2643640779472
-293.2643640779473
-293.2643640779472
-291.2626933630405
-293.2643640779473
-293.2643640779472
-293.2643640779473
74.12
74.11999999999999
74.12
-3.6707999999999967
-3.670799999999997
-3.6707999999999967
-3.6708
74.11999999999999
74.12
74.12
-3.67079999999999
74.12
74.12
74.12000000000002
74.12
74.11999999999999
74.12
74.12
74.12
74.11999999999999
74.12
74.12
74.12
74.12
74.12
74.12
74.12
74.11999999999999
-293.2643640779473
-293.2643640779473
-293.2643640779473
-293.2643640779472
-293.2643640779473
-293.2643640779472
-293.2643640779473
74.12
74.12
74.12
74.12
74.12
74.12
74.12
74.12
74.12
74.12
74.12
74.12
74.12
74.12
74.12
-287.7310209190415
-293.2643640779473
-293.2643640779473
-293.2643640779473
-293.26436407794733
-293.2643640779473
-293.2643640779472
-293.2643640779472
-293.2643640779473
-293.2643640779473
74.12
74.12
74.12
74.12
74.12
74.12
74.12
74.12
74.12
74.12
-293.2643640779473
-293.2643640779473
74.12
74.12
74.12
74.12
74.12
74.12
74.12
74.12
74.12
74.12
74.12
74.12
74.12
74.12
74.12
74.12
74.12
74.12000000000002
74.12
74.12
74.12
74.12
74.12
74.12
74.12
74.12
74.12
74.12
74.12
74.12
74.12
74.12
74.12
74.12
74.12
74.12
74.12
74.12
74.12
74.12
74.12
74.12
74.12
74.12
74.12
74.12
74.12
74.12
74.11999999999999
74.12
74.12
74.12
74.12
74.12
-282.13852141940595
-285.8476380487184
-287.4064631835389
-293.2643640779473
-293.2643640779473
-293.2643640779472
-293.2643640779473
-285.7518678861222
-285.87022219979985
-293.2643640779473
-293.2643640779473
-293.2643640779473
-293.2643640779473
-293.2643640779472
-250.00833333333327
-250.00833333333327
-250.00833333333327
-293.2643640779473
-293.2643640779473
-285.8322298116044
-287.3659151911335
-293.2643640779473
-293.2643640779473
-293.2643640779473
-293.2643640779473
-293.2643640779472
-293.2643640779473
-293.2643640779473
-293.26436407794733
-293.2643640779473
-293.2643640779473
-293.2643640779473
-293.2643640779472
-293.2643640779473
-293.2643640779473
-293.2643640779473
-293.2643640779473
-293.2643640779473
-293.2643640779473
-293.2643640779473
-293.2643640779473
-293.2643640779473
-293.2643640779473
-293.2643640779473
-293.2643640779473
-293.2643640779473
-293.2643640779473
-293.2643640779473
-293.26436407794733
-293.2643640779473
-293.2643640779473
-293.2643640779473
-293.2643640779473
-293.2643640779473
-293.2643640779473
-293.2643640779473
-293.2643640779473
-293.2643640779473
-293.2643640779473
-293.2643640779473
-293.2643640779473
-250.0083333333333
-250.0083333333333
-250.0083333333333
-293.2643640779473
-293.2643640779473
-290.6433538020825
-293.2643640779473
-293.2643640779473
-293.2643640779473
-293.2643640779473
-293.2643640779473
-293.2643640779473
-293.2643640779472
-290.3133700023745
-293.2643640779472
-293.2643640779473
-293.2643640779473
-293.2643640779472
-293.2643640779473
-293.2643640779473
-293.2643640779473
-293.2643640779473
-293.2643640779473
-293.2643640779473
-293.2643640779473
-293.2643640779473
-293.2643640779473
-293.2643640779472
-293.2643640779472
-293.2643640779472
-293.2643640779473
-293.2643640779473
-293.2643640779473
-293.2643640779473
-293.26436407794733
-293.2643640779472
-293.2643640779473
-293.2643640779473
-293.2643640779473
-293.2643640779473
74.12
74.12
74.12
-287.36375218996227
-293.2643640779472
-293.2643640779473
-293.2643640779473
-293.2643640779473
-293.2643640779473
-293.2643640779473
-293.2643640779473
-293.2643640779473
-293.2643640779472
-293.2643640779473
-293.2643640779473
-293.2643640779473
-293.2643640779473
-293.2643640779473
-293.2643640779473
-293.2643640779473
-293.2643640779473
-293.2643640779473
-293.2643640779473
-293.2643640779473
-293.2643640779473
-293.2643640779473
-293.2643640779473
-293.2643640779473
-293.2643640779473
-293.2643640779473
-293.2643640779473
-293.26436407794733
-293.2643640779473
-293.2643640779473
-69.7748718974415
-69.7748718974415
-113.03090264205554
-69.77487189744151
-287.36738173410856
-293.2643640779473
-293.2643640779473
-293.2643640779473
-293.2643640779473
-293.2643640779473
-293.26436407794733
-293.2643640779473
-293.2643640779473
-293.2643640779473
-293.2643640779473
-293.2643640779472
-293.2643640779473
-293.2643640779473
-293.2643640779473
-293.2643640779473
-293.2643640779473
-293.2643640779472
-293.26436407794733
-293.2643640779473
-293.2643640779473
-293.2643640779473
-293.2643640779473
-293.2643640779473
-293.2643640779472
-293.2643640779473
-293.2643640779473
-293.2643640779473
-293.2643640779473
-293.2643640779473
-284.8922290951188
-281.69242354722337
-287.4876552622735
-293.2643640779473
-293.2643640779472
-293.2643640779473
-293.2643640779472
-293.2643640779473
-293.2643640779472
-293.26436407794733
-293.26436407794733
-293.2643640779472
-293.2643640779473
-293.2643640779473
-293.2643640779473
-293.2643640779473
74.12
74.12
74.12
74.12
74.12
74.12
74.12
74.12
74.12
74.12
74.12
74.12
74.12
74.12
74.12
74.12
74.12
74.12
74.12
74.12
74.12
74.12
74.12
74.12
-250.00833333333324
-250.00833333333324
-250.00833333333324
-250.00833333333324
-293.2643640779472
-293.26436407794733
-293.2643640779473
-293.2643640779472
-293.2643640779472
-284.7764927011161
-284.77649270111607
-293.2643640779473
-293.2643640779473
-284.89222909511875
-280.92873495597854
-285.4779484432083
-293.2643640779473
-293.2643640779473
-293.2643640779473
-293.2643640779473
-293.2643640779473
-215.4735640779473
-215.4735640779473
-293.2643640779473
74.12
74.11999999999999
74.12
74.12000000000002
74.12
-3.6707999999999905
52.38
74.12
74.12
74.12
74.12
74.12
74.12
74.12
74.11999999999999
74.11999999999999
-293.2643640779473
-293.2643640779472
-293.2643640779473
-293.2643640779473
-293.2643640779473
-293.2643640779473
-293.2643640779473
-293.2643640779472
-293.2643640779473
-293.2643640779473
-293.2643640779473
-293.26436407794733
-293.2643640779473
-293.2643640779473
-293.2643640779473
-293.2643640779473
-293.2643640779473
-293.2643640779473
-293.2643640779472
-293.2643640779473
-293.2643640779473
-293.2643640779473
-293.2643640779473
-293.26436407794733
-293.2643640779473
-293.26436407794733
-293.26436407794733
-293.2643640779473
-293.2643640779473
-293.2643640779473
-293.2643640779473
-293.2643640779473
-293.2643640779473
-293.2643640779473
-293.2643640779473
-293.2643640779473
-293.2643640779473
-293.2643640779472
-293.2643640779473
-293.2643640779473
-293.2643640779473
74.12
74.12
-3.6707999999999976
-3.6708000000000003
-3.6707999999999927
74.12
74.12
74.12
74.12
74.12
74.12
74.12
74.12
-293.26436407794733
-293.2643640779473
-293.2643640779472
-293.2643640779473
-293.2643640779473
-293.2643640779473
-293.2643640779473
-293.2643640779473
-293.2643640779473
-293.2643640779473
-293.2643640779473
-293.2643640779473
-293.2643640779473
-293.2643640779473
52.38
74.12
74.12
74.12000000000002
74.12
74.12
74.12
74.12
74.12
74.12
74.12
74.12
74.12
74.12
52.38
-287.36543171348063
-293.2643640779473
-293.2643640779472
-293.2643640779473
-293.2643640779472
-293.2643640779473
-293.2643640779473
-293.2643640779473
-293.2643640779473
-293.2643640779473
-293.2643640779473
-293.2643640779473
-293.2643640779473
-293.2643640779473
-293.2643640779473
-293.2643640779473
-293.2643640779473
-293.2643640779473
-293.2643640779472
-293.26436407794733
-293.2643640779473
-293.2643640779473
-293.2643640779473
-293.2643640779473
-293.2643640779473
-293.26436407794733
-293.2643640779472
-293.2643640779473
-293.2643640779473
-293.2643640779473
-293.2643640779473
-293.2643640779473
-293.2643640779473
-293.2643640779473
-293.2643640779472
74.12
74.12
74.12
74.12
74.12
-287.3657701996541
-293.2643640779473
-293.2643640779473
-293.2643640779472
-293.2643640779473
-293.2643640779473
-293.2643640779472
-293.2643640779473
-293.2643640779473
-293.2643640779473
-293.2643640779473
-293.2643640779473
-293.2643640779473
-293.2643640779472
-293.2643640779473
-293.2643640779473
-293.2643640779473
-293.2643640779473
-293.2643640779473
-293.2643640779472
-293.2643640779473
-293.2643640779473
-293.2643640779473
-293.2643640779473
-293.2643640779472
-293.2643640779473
-293.2643640779473
-293.2643640779473
-293.2643640779472
-293.2643640779473
-293.2643640779473
-293.2643640779473
-293.2643640779473
-293.2643640779473
-293.2643640779473
-293.2643640779473
-293.2643640779473
-293.26436407794733
-293.2643640779473
-293.2643640779473
-293.2643640779473
-293.26436407794733
-293.2643640779472
-285.7970038906514
-287.273215399152
-293.2643640779473
-293.2643640779473
-293.2643640779473
-293.2643640779472
-293.2643640779472
-293.2643640779472
-293.2643640779473
-293.2643640779473
-293.2643640779473
-293.2643640779473
-293.2643640779473
-293.2643640779473
-293.2643640779473
-293.2643640779473
74.12
74.12
74.12
74.12
74.12
74.12
52.379999999999995
74.12000000000002
74.12
74.12
74.12
74.12
74.12
74.12
74.12
74.12
74.12
74.12
74.12
74.12
74.12
74.12
74.12
74.12
74.12
74.12
74.12
74.12
74.12
74.12
74.12
74.12
74.12
74.12
74.12
74.12
74.12
74.12
74.12
74.12
74.12
74.12
74.12
-284.89222909511875
-292.2053303522099
-293.2643640779473
-293.2643640779473
-293.2643640779473
-293.2643640779473
-293.2643640779473
-293.2643640779473
74.12
-3.6707999999999923
-3.6707999999999896
74.12
74.12
74.11999999999999
52.38
-293.2643640779473
-293.2643640779473
-293.26436407794733
-293.2643640779473
-293.2643640779473
-293.2643640779472
-293.2643640779473
-293.2643640779473
-293.2643640779473
-293.2643640779473
-293.2643640779473
-293.2643640779472
-293.2643640779472
-293.2643640779473
-293.2643640779473
-293.2643640779473
-293.2643640779473
-293.2643640779473
-293.2643640779473
-293.2643640779472
-293.2643640779473
-293.2643640779472
-293.2643640779473
-293.2643640779472
-293.2643640779472
-293.2643640779472
-293.2643640779473
-293.2643640779473
-293.2643640779473
-293.2643640779473
-293.2643640779473
-293.2643640779472
-293.2643640779473
-293.2643640779473
-293.2643640779473
-293.2643640779473
-293.2643640779473
-293.26436407794733
-293.2643640779473
-293.2643640779473
-293.2643640779473
-293.2643640779472
-293.2643640779473
-293.2643640779473
-293.26436407794733
-293.2643640779473
-293.2643640779473
-293.2643640779472
-293.2643640779473
-293.2643640779473
-293.2643640779473
-293.2643640779473
-293.2643640779473
-293.2643640779473
-293.2643640779473
-293.2643640779473
-293.2643640779473
-293.2643640779473
-293.2643640779473
-293.2643640779473
-293.2643640779473
-293.2643640779472
-293.2643640779473
-293.2643640779473
-293.2643640779473
-293.2643640779473
-293.2643640779473
-293.2643640779473
-293.2643640779473
-293.2643640779473
-293.2643640779472
-293.2643640779472
-293.2643640779473
-293.2643640779472
-293.2643640779472
-293.2643640779473
-293.2643640779473
-293.2643640779473
-293.2643640779473
-293.2643640779473
-293.2643640779473
-293.2643640779473
-293.2643640779473
-293.2643640779473
-293.2643640779473
-293.2643640779473
-293.2643640779473
-293.2643640779473
-293.2643640779473
-293.2643640779473
-293.2643640779473
-293.2643640779473
-293.26436407794733
-293.2643640779472
-293.26436407794733
-293.2643640779473
-293.2643640779473
-293.26436407794733
-293.2643640779472
-293.2643640779473
-293.2643640779472
-293.2643640779473
74.12
74.12
74.12
-287.38929315044726
-293.2643640779473
-293.2643640779473
-293.2643640779473
-293.2643640779472
-293.2643640779473
-293.2643640779473
-293.2643640779473
-293.2643640779473
-293.2643640779473
-293.2643640779473
-293.2643640779473
-293.2643640779473
-293.2643640779473
-293.2643640779472
-293.2643640779473
-293.2643640779473
-293.2643640779472
-293.2643640779473
-293.2643640779473
74.12
74.12
74.12
74.12
74.12
-287.3655933733416
-293.2643640779473
-293.2643640779473
-293.2643640779472
-293.2643640779473
-293.2643640779473
-293.2643640779472
-293.2643640779473
-293.2643640779472
-293.2643640779472
-293.2643640779473
-293.2643640779473
-293.2643640779472
-293.2643640779473
-293.2643640779473
-293.2643640779473
-293.2643640779472
-293.2643640779473
-293.2643640779473
-293.26436407794733
-293.2643640779473
-293.2643640779473
-293.2643640779473
-293.26436407794733
-293.2643640779473
-293.2643640779473
-293.2643640779473
-293.2643640779473
-293.2643640779473
-293.2643640779473
-293.2643640779473
-293.26436407794733
-293.2643640779473
-293.2643640779473
-293.2643640779473
-293.2643640779473
-293.2643640779473
74.12
74.12
74.12
-287.74502563637856
-293.2643640779473
-293.2643640779473
-293.2643640779473
-293.2643640779473
-293.26436407794733
-293.2643640779472
-293.2643640779473
-293.2643640779473
-293.2643640779473
-293.2643640779473
