Lignite,Coal,Gas,WindOnshore,WindOffshore,PVGround,PVRoof
1850.3948743204446,0.0,0.0,32987.14040114614,0.0,0.0,0.0
2497.285714285709,0.0,0.0,32173.71428571429,0.0,0.0,0.0
1553.284416189925,0.0,0.0,32960.026197298415,0.0,0.0,0.0
1009.0724519033853,0.0,0.0,33458.92754809661,0.0,0.0,0.0
107.8563241915597,0.0,0.0,33795.14367580844,0.0,0.0,0.0
0.0,0.0,0.0,34516.38149815801,0.0,0.0,0.0
6237.103950797803,0.0,0.0,34619.41547277938,0.0,0.0,0.0
12227.707736389668,0.0,0.0,35682.292263610325,0.0,0.0,0.0
12758.00695865738,0.0,0.0,36370.99304134262,0.0,0.0,0.0
13190.466972230079,0.0,0.0,36652.98076135898,0.0,0.0,0.0
11371.83708555055,0.0,0.0,36886.16291444946,0.0,0.0,0.0
9331.969709373718,0.0,0.0,37282.03029062629,0.0,0.0,0.0
8907.901760130977,0.0,0.0,37488.098239869025,0.0,0.0,0.0
8950.460499385992,0.0,0.0,37070.53950061401,0.0,0.0,0.0
10536.331150225124,0.0,0.0,35866.66884977488,0.0,0.0,0.0
12273.51043798608,0.0,0.0,34684.48956201392,0.0,0.0,0.0
16139.908718788374,0.0,0.0,34115.09128121163,0.0,0.0,0.0
18721.660300120893,0.0,0.0,33903.600491199344,0.0,0.0,0.0
19366.648585467636,0.0,0.0,33594.49856733526,0.0,0.0,0.0
18708.958248055656,0.0,0.0,33486.04175194434,0.0,0.0,0.0
14761.689725747035,0.0,0.0,33502.310274252966,0.0,0.0,0.0
11696.254604993852,0.0,0.0,33225.745395006146,0.0,0.0,0.0
6289.8935734752195,0.0,0.0,32884.10642652478,0.0,0.0,0.0
3128.4244781006864,0.0,0.0,32710.57552189931,0.0,0.0,0.0
3677.1715104379796,0.0,0.0,32200.828489562024,0.0,0.0,0.0
2294.671715104375,0.0,0.0,31322.328284895626,0.0,0.0,0.0
4068.2275890298706,0.0,0.0,29955.772410970123,0.0,0.0,0.0
5672.943921408111,0.0,0.0,28741.056078591897,0.0,0.0,0.0
6308.197298403593,0.0,0.0,27493.802701596403,0.0,0.0,0.0
8217.191140268238,0.0,0.0,26371.274662300457,0.0,0.0,0.0
14678.518624641829,0.0,0.0,26040.48137535817,0.0,0.0,0.0
21417.913630781815,0.0,0.0,26279.08636921818,0.0,0.0,0.0
22722.978305362263,0.0,0.0,26881.021694637744,0.0,0.0,0.0
22189.85141219812,0.0,0.0,28383.148587801887,0.0,0.0,0.0
20540.19975440033,0.0,0.0,30199.800245599676,0.0,0.0,0.0
18232.600491199337,0.0,0.0,32336.39950880066,0.0,0.0,0.0
16841.279164961095,0.0,0.0,33789.7208350389,0.0,0.0,0.0
15780.806794924263,0.0,0.0,34424.19320507574,0.0,0.0,0.0
16180.118706508392,0.0,0.0,33637.881293491606,0.0,0.0,0.0
16584.266884977485,0.0,0.0,33507.73311502252,0.0,0.0,0.0
18134.35939418746,0.0,0.0,33865.640605812536,0.0,0.0,0.0
20737.66803110928,0.0,0.0,33887.331968890714,0.0,0.0,0.0
20618.124846500177,0.0,0.0,33778.87515349981,0.0,0.0,0.0
20401.584936553416,0.0,0.0,32862.415063446584,0.0,0.0,0.0
18445.65616045845,0.0,0.0,31848.34383954156,0.0,0.0,0.0
13809.891117478508,0.0,0.0,30178.108882521497,0.0,0.0,0.0
12239.765042979934,0.0,0.0,28166.234957020064,0.0,0.0,0.0
9924.873516168642,0.0,0.0,26241.12648383136,0.0,0.0,0.0
12708.071633237814,0.0,0.0,23724.928366762182,0.0,0.0,0.0
11375.25706099058,0.0,0.0,22683.74293900942,0.0,0.0,0.0
12849.325010233313,0.0,0.0,22477.674989766685,0.0,0.0,0.0
11417.158411788774,0.0,0.0,22184.841588211224,0.0,0.0,0.0
11714.08145722473,0.0,0.0,21300.918542775282,0.0,0.0,0.0
15529.973802701592,0.0,0.0,19712.026197298404,0.0,0.0,0.0
22492.69013507981,0.0,0.0,18497.309864920186,0.0,0.0,0.0
25139.467867376177,0.0,3506.4707776789755,18020.09987720017,0.0,0.0,0.0
25139.467867376177,0.0,4861.69538964067,19028.74826033565,0.0,0.0,0.0
25139.467867376177,0.0,1216.3839286780833,21116.54195661073,0.0,0.0,0.0
24582.988129349164,0.0,0.0,24457.011870650844,0.0,0.0,0.0
18826.894392140803,0.0,0.0,29370.105607859194,0.0,0.0,0.0
12958.778960294721,0.0,0.0,34668.221039705284,0.0,0.0,0.0
7290.947605403184,0.0,0.0,39424.05239459681,0.0,0.0,0.0
4394.0519852640155,0.0,0.0,41820.94801473599,0.0,0.0,0.0
2720.02374130167,0.0,0.0,43821.97625869833,0.0,0.0,0.0
3778.930822758897,0.0,0.0,45221.0691772411,0.0,0.0,0.0
7143.00777732295,0.0,0.0,46104.99222267705,0.0,0.0,0.0
7251.597216537047,0.0,0.0,46392.40278346295,0.0,0.0,0.0
0.0,0.0,0.0,46435.78550961934,0.0,0.0,0.0
0.0,0.0,0.0,46755.73311502252,0.0,0.0,0.0
0.0,0.0,0.0,44365.0,0.0,0.0,0.0
0.0,0.0,0.0,40727.0,0.0,0.0,0.0
0.0,0.0,0.0,37143.0,0.0,0.0,0.0
0.0,0.0,0.0,36413.0,0.0,0.0,0.0
0.0,0.0,0.0,35830.0,0.0,0.0,0.0
0.0,0.0,0.0,34711.99999999999,0.0,0.0,0.0
0.0,0.0,0.0,33966.0,0.0,0.0,0.0
0.0,0.0,0.0,32038.14326647565,0.0,0.0,0.0
2713.3454768726824,0.0,0.0,27363.654523127316,0.0,0.0,0.0
9087.729021694639,0.0,0.0,23806.27097830536,0.0,0.0,0.0
14310.318870241501,0.0,0.0,22336.681129758497,0.0,0.0,0.0
18633.679901760137,0.0,0.0,22678.32009823987,0.0,0.0,0.0
15495.595579205894,0.0,0.0,26924.40442079411,0.0,0.0,0.0
7334.390503479322,0.0,0.0,32813.60949652067,0.0,0.0,0.0
4059.4232501023266,0.0,0.0,37981.57674989767,0.0,0.0,0.0
459.7900122799883,0.0,0.0,40221.209987720016,0.0,0.0,0.0
0.0,0.0,0.0,39953.0,0.0,0.0,0.0
0.0,0.0,0.0,39539.00000000001,0.0,0.0,0.0
0.0,0.0,0.0,39598.0,0.0,0.0,0.0
0.0,0.0,0.0,41035.11323755716,0.0,0.0,0.0
0.0,0.0,0.0,45025.0,0.0,0.0,0.0
0.0,0.0,0.0,45357.703527073114,0.0,0.0,0.0
0.0,0.0,0.0,41287.21728060925,0.0,0.0,0.0
0.0,0.0,0.0,40753.99999999999,0.0,0.0,0.0
0.0,0.0,0.0,38287.32943491546,0.0,0.0,0.0
0.0,0.0,0.0,37257.333218752894,0.0,0.0,0.0
0.0,0.0,0.0,32879.0629698511,0.0,0.0,0.0
0.0,0.0,0.0,31873.332088213698,0.0,0.0,0.0
0.0,0.0,0.0,29266.92980632101,0.0,0.0,0.0
0.0,0.0,0.0,28948.38183604358,0.0,0.0,0.0
0.0,0.0,0.0,29456.871060171918,0.0,0.0,0.0
357.4109701187041,0.0,0.0,24451.5890298813,0.0,0.0,0.0
8961.35652885796,0.0,0.0,19668.64347114204,0.0,0.0,0.0
8302.1841997544,0.0,0.0,17477.815800245604,0.0,0.0,0.0
11816.036021285307,0.0,0.0,17607.963978714695,0.0,0.0,0.0
13037.866148178467,0.0,0.0,18123.13385182153,0.0,0.0,0.0
12288.072042570604,0.0,0.0,21967.927957429398,0.0,0.0,0.0
4709.776504297993,0.0,0.0,31962.223495702012,0.0,0.0,0.0
0.0,0.0,0.0,40617.07736389686,0.0,0.0,0.0
0.0,0.0,0.0,38154.0,0.0,0.0,0.0
0.0,0.0,0.0,36532.99999999999,0.0,0.0,0.0
0.0,0.0,0.0,36733.29841909686,0.0,0.0,0.0
0.0,0.0,0.0,36838.99999999999,0.0,0.0,0.0
0.0,0.0,0.0,41285.99999999999,0.0,0.0,0.0
0.0,0.0,0.0,45014.0,0.0,0.0,0.0
0.0,0.0,0.0,44730.69284152901,0.0,0.0,0.0
0.0,0.0,0.0,42988.99999999999,0.0,0.0,0.0
0.0,0.0,0.0,42179.0,0.0,0.0,0.0
0.0,0.0,0.0,35280.04021479784,0.0,0.0,0.0
0.0,0.0,0.0,33248.0,0.0,0.0,0.0
0.0,0.0,0.0,27675.0,0.0,0.0,0.0
0.0,0.0,0.0,27174.000000000004,0.0,0.0,0.0
0.0,0.0,0.0,27153.0,0.0,0.0,0.0
0.0,0.0,0.0,26408.000000000004,0.0,0.0,0.0
0.0,0.0,0.0,25640.0,0.0,0.0,0.0
0.0,0.0,0.0,25046.0,0.0,0.0,0.0
0.0,0.0,0.0,32561.0,0.0,0.0,0.0
0.0,0.0,0.0,38687.0,0.0,0.0,0.0
1883.599263200975,0.0,0.0,37607.40073679903,0.0,0.0,0.0
6989.600081866547,0.0,0.0,34093.39991813345,0.0,0.0,0.0
13300.390503479319,0.0,0.0,32813.60949652067,0.0,0.0,0.0
11052.624641833803,0.0,0.0,34657.3753581662,0.0,0.0,0.0
3487.290626279143,0.0,0.0,37585.70937372085,0.0,0.0,0.0
277.86410151451355,0.0,0.0,40156.13589848548,0.0,0.0,0.0
0.0,0.0,0.0,41181.052803929604,0.0,0.0,0.0
647.4781006958626,0.0,0.0,41007.521899304134,0.0,0.0,0.0
413.10988851455545,0.0,0.0,41099.71019238642,0.0,0.0,0.0
6774.13835448219,0.0,0.0,42037.861645517805,0.0,0.0,0.0
9801.301678264424,0.0,0.0,43138.698321735574,0.0,0.0,0.0
9343.350798198931,0.0,0.0,44266.649201801076,0.0,0.0,0.0
6386.474007367986,0.0,0.0,45329.52599263201,0.0,0.0,0.0
2117.334834220208,0.0,0.0,46549.66516577979,0.0,0.0,0.0
0.0,0.0,0.0,44458.99999999999,0.0,0.0,0.0
0.0,0.0,0.0,40021.99999999999,0.0,0.0,0.0
0.0,0.0,0.0,35746.0,0.0,0.0,0.0
0.0,0.0,0.0,35121.0,0.0,0.0,0.0
0.0,0.0,0.0,34978.0,0.0,0.0,0.0
0.0,0.0,0.0,34179.0,0.0,0.0,0.0
0.0,0.0,0.0,33383.0,0.0,0.0,0.0
0.0,0.0,0.0,32727.0,0.0,0.0,0.0
0.0,0.0,0.0,34209.0,0.0,0.0,0.0
0.0,0.0,0.0,40095.99999999999,0.0,0.0,0.0
0.0,0.0,0.0,46662.0,0.0,0.0,0.0
32.260335652867745,0.0,0.0,48371.73966434713,0.0,0.0,0.0
1344.2541956610614,0.0,0.0,48230.74580433894,0.0,0.0,0.0
0.0,0.0,0.0,48458.50511665985,0.0,0.0,0.0
0.0,0.0,0.0,48084.329103561206,0.0,0.0,0.0
0.0,0.0,0.0,47666.7703643062,0.0,0.0,0.0
0.0,0.0,0.0,46370.37277592587,0.0,0.0,0.0
98.19320507572029,0.0,0.0,45063.80679492428,0.0,0.0,0.0
2762.0888252148948,0.0,0.0,42666.911174785106,0.0,0.0,0.0
7687.07789118623,0.0,0.0,40004.2963569382,0.0,0.0,0.0
16043.404830126889,0.0,0.0,37558.59516987311,0.0,0.0,0.0
18043.627507163328,0.0,0.0,35606.37249283668,0.0,0.0,0.0
17849.763916152693,0.0,0.0,34223.54809660254,0.0,0.0,0.0
12689.109291854274,0.0,0.0,34304.89070814573,0.0,0.0,0.0
8206.497953148675,0.0,0.0,35438.26442898077,0.0,0.0,0.0
2820.543816366233,0.0,0.0,36273.381907490795,0.0,0.0,0.0
0.0,0.0,0.0,35974.0,0.0,0.0,0.0
