Lignite,Coal,Gas,WindOnshore,WindOffshore,PVGround,PVRoof
0.0,0.0,0.0,30493.09396083983,4558.906039160167,0.0,0.0
0.0,0.0,0.0,30045.531880858485,4252.468119141517,0.0,0.0
0.0,0.0,0.0,18116.106195066353,3958.013804933649,0.0,0.0
0.0,0.0,0.0,24884.437397369613,3819.346366265991,0.0,0.0
0.0,0.0,0.0,16735.80890864872,3660.1356033512725,0.0,0.0
0.0,0.0,0.0,25692.57580197945,3437.5829240081175,0.0,0.0
0.0,0.0,0.0,27413.819106237886,3173.9435961708414,0.0,0.0
0.0,0.0,0.0,39074.79823338535,2953.1028605149413,0.0,0.0
0.0,0.0,0.0,39095.800715125544,2787.044322851203,295.3901306590401,0.0
0.0,0.0,0.0,39316.56465903198,2538.812488199222,2001.164124605609,0.0
0.0,0.0,0.0,37813.560018000004,2215.25513130802,2127.6534840960016,0.0
0.0,0.0,0.0,34865.781204,1898.5455491658379,5628.837085447095,0.0
0.0,0.0,0.0,34162.9995,1643.4659397648368,5653.970042889332,0.0
0.0,0.0,0.0,35646.649764,1455.1521341667828,4614.787135016044,0.0
0.0,0.0,0.0,38125.907442,1436.3207536069774,2321.0441391740683,0.0
0.0,0.0,0.0,40488.034836,1612.6509533942467,1302.212829525064,0.0
0.0,0.0,0.0,42752.553660000005,1919.088873412898,0.0,0.0
0.0,0.0,0.0,42225.46738200001,2235.79845555508,0.0,0.0
0.0,0.0,0.0,41190.81654,2434.383923276665,0.0,0.0
0.0,0.0,0.0,40117.12227,2482.3183465198063,0.0,0.0
0.0,0.0,0.0,38672.515434,2451.5033601492155,0.0,0.0
0.0,0.0,0.0,36603.21375,2453.2153038364704,0.0,0.0
0.0,0.0,0.0,33706.664022507146,2463.4869659600004,0.0,0.0
0.0,0.0,0.0,31279.72605755399,2456.6391912109802,0.0,0.0
0.0,0.0,0.0,29023.27460028744,2437.8078106511753,0.0,0.0
0.0,0.0,0.0,26608.096182,2398.433105844309,0.0,0.0
0.0,0.0,0.0,24421.664214,2420.6883737786247,0.0,0.0
0.0,0.0,0.0,22859.927094,2588.4588551296188,0.0,0.0
0.0,0.0,0.0,21922.884821999996,2894.89677514827,0.0,0.0
452.6468545260149,0.0,133.3725860600021,21669.10254,3221.8780194139827,0.0,0.0
452.6468545260149,0.0,5352.037955720766,22020.493392,3471.821797753219,0.0,0.0
452.6468545260149,0.0,9506.289993620752,22586.623098,3646.440053853232,0.0,0.0
452.6468545260149,0.0,11643.779187245773,23308.926516000003,3810.7866478297165,203.8607943984924,0.0
452.64685452601486,0.0,7054.022575380778,22938.01395,3740.5969566522595,2741.7196634409497,0.0
452.6468545260149,0.0,4454.7410722431,21181.059690000002,3377.664894954192,6739.887488276689,0.0
452.64685452601486,0.0,2922.7299495507955,19189.844862,2977.070072136512,10080.708261786678,0.0
452.6468545260149,0.0,3513.747815204457,17686.672884,2694.5993637394313,11108.333082530098,0.0
452.6468545260149,0.0,5718.5815476964335,17101.021464,2537.100544511967,9897.649589265582,0.0
452.64685452601486,0.0,11103.745005401515,17803.803168000002,2725.414350110021,6182.390621962445,0.0
452.6468545260149,0.0,14731.893445978252,20283.060846,3319.45880958752,1372.9400439082144,0.0
452.64685452601486,0.0,16158.245158621694,23172.274518,4089.8334688522873,0.0,0.0
452.64685452601486,0.0,14465.785125333408,25358.706486,4695.861534140571,0.0,0.0
452.6468545260149,0.0,9854.132915824563,27369.443027999998,5070.777201649425,0.0,0.0
452.64685452601486,0.0,2782.9914552431214,29341.136141999996,5211.156584004337,0.0,0.0
452.6468545260149,0.0,0.0,30824.786406000003,5128.983287016095,0.0,0.0
0.0,0.0,0.0,31195.698972,4937.245594043531,0.0,0.0
0.0,0.0,0.0,32288.914955999997,4730.100407885672,0.0,0.0
0.0,0.0,0.0,28391.281562693486,0.0,0.0,0.0
0.0,0.0,0.0,31781.350392,0.0,0.0,0.0
0.0,0.0,0.0,27745.29863061176,0.0,0.0,0.0
0.0,0.0,0.0,28423.615584000003,0.0,0.0,0.0
0.0,0.0,0.0,25944.357905999997,0.0,0.0,0.0
0.0,0.0,0.0,23894.577936,3351.9857396453654,0.0,0.0
0.0,0.0,0.0,23172.274518,3379.3768386414467,0.0,0.0
452.646854526015,0.0,1203.3883537286035,23699.360796,3526.6039957453795,0.0,0.0
452.6468545260149,0.0,8176.772039134466,24968.272206000005,3742.3089003395144,0.0,0.0
452.6468545260149,0.0,116.97839579060552,26842.356750000003,4035.051270860126,237.14418940232798,0.0
452.6468545260149,0.0,1773.2815352217567,28052.703018,4059.0184824816965,3432.350109770536,0.0
240.81188622420999,0.0,0.0,27018.052175999997,3653.2878286022524,9098.84810917353,0.0
0.0,0.0,0.0,24694.968210000003,3312.6110348384996,12722.57774021612,0.0
452.646854526015,0.0,335.6280677390159,22996.579092000004,3108.8897360551505,13492.256249679815,0.0
452.6468545260149,0.0,1277.7583752364285,22879.448808,2977.070072136512,11724.075890101054,0.0
452.6468545260149,0.0,5339.273043632824,24460.707641999998,3062.6672564992646,7305.705203341892,0.0
452.6468545260149,0.0,7966.166446946046,28286.963585999998,3488.941234625769,1564.3195651802685,0.0
452.6468545260149,0.0,9365.50787945983,32210.828100000002,3954.5899175591394,0.0,0.0
452.6468545260149,0.0,6784.807065350074,33928.738932,4223.365076458179,0.0,0.0
452.6468545260149,0.0,6979.478117155015,33909.21721799999,4322.657810318971,0.0,0.0
452.6468545260149,0.0,5975.084908637373,33147.870372000005,4199.39786483661,0.0,0.0
452.6468545260149,0.0,4569.125565107971,32152.262958000003,3993.9646223660047,0.0,0.0
452.6468545260149,0.0,1025.187955323683,31351.872683999994,3754.2925061502997,0.0,0.0
0.0,0.0,0.0,30531.960696000002,3511.1965025600844,0.0,0.0
0.0,0.0,0.0,29575.396709999997,3293.7796542786937,0.0,0.0
0.0,0.0,0.0,28345.528727999997,3048.971707001224,0.0,0.0
0.0,0.0,0.0,26803.313322,2841.826520843364,0.0,0.0
0.0,0.0,0.0,25534.401912,2752.805449106102,0.0,0.0
0.0,0.0,0.0,23718.88251,2763.077111229632,0.0,0.0
452.646854526015,0.0,0.0,22098.580248000002,2826.419027658069,0.0,0.0
452.6468545260149,0.0,721.2122052061068,21200.581404,2932.559536267881,0.0,0.0
452.646854526015,0.0,6091.643115775158,20810.147124,3052.3955943757337,0.0,0.0
452.646854526015,0.0,14428.002762734532,20732.060268,3081.4986370590686,0.0,0.0
452.64685452601486,0.0,17135.90870302987,20595.40827,3088.34641180809,95.68976063602706,0.0
452.6468545260149,0.0,16208.496401616654,20224.495704,3064.3792001865195,2566.9818396708124,0.0
452.6468545260149,0.0,5382.102723178574,19404.583716,2872.641507213955,6798.1334295334,0.0
452.6468545260149,0.0,6570.200276382048,18233.280876,2624.409672561974,10022.462320529965,0.0
452.6468545260149,0.0,7136.934183920643,16710.587184,2465.1989096472553,11632.546553840508,0.0
452.6468545260149,0.0,10281.39682623238,15363.588918000003,2555.9319250717726,10151.435476169829,0.0
452.6468545260149,0.0,13423.438459492663,14816.980925999998,2918.8639867698407,6174.069773211486,0.0
452.6468545260149,0.0,16810.837109997472,15910.196909999999,3333.15435908556,1223.1647663909546,0.0
452.6468545260149,0.0,22969.836275473714,17218.151748,3492.3651220002785,0.0,0.0
452.6468545260149,0.0,24171.49299051195,17510.977458,3322.8826969620304,0.0,0.0
452.6468545260149,0.0,20785.845339056086,17550.020886,3194.4869204179017,0.0,0.0
452.6468545260149,0.0,17818.16208419921,17999.020308,3321.1707532747755,0.0,0.0
452.6468545260149,0.0,16019.051380929573,18916.540866,3620.7608985444067,0.0,0.0
452.646854526015,0.0,11278.843720548173,19970.713422,4012.7960029258106,0.0,0.0
452.6468545260149,0.0,6206.092528413835,21102.972833999997,4384.287783060154,0.0,0.0
452.646854526015,0.0,0.0,21942.406536000002,4615.400180839584,0.0,0.0
452.64685452601486,0.0,435.17337884713453,22430.449385999997,4791.730380626853,0.0,0.0
0.0,0.0,0.0,22684.231668,4916.702269796471,0.0,0.0
0.0,0.0,0.0,22859.927094,5055.369708464129,0.0,0.0
0.0,0.0,0.0,23172.274518,5219.716302440613,0.0,0.0
0.0,0.0,0.0,23933.621364000002,5384.062896417096,0.0,0.0
0.0,0.0,0.0,25202.532774,5606.615575760251,0.0,0.0
0.0,0.0,0.0,26920.443606,5647.7022242543735,0.0,0.0
0.0,0.0,0.0,28657.876152000004,5615.175294196527,0.0,0.0
0.0,0.0,0.0,29809.657278,5555.257265142601,287.0692819080811,0.0
0.0,0.0,0.0,28677.397866000003,5199.172978193554,3927.4406104525883,0.0
0.0,0.0,0.0,25768.662480000003,4615.400180839584,8678.645247250108,0.0
0.0,0.0,0.0,23504.143656,4139.479835782683,11649.188251342426,0.0
0.0,0.0,0.0,23016.100806000002,3757.7163935248104,12140.118327649,0.0
0.0,0.0,0.0,24363.099072,3678.9669839110784,10276.248207434212,0.0
0.0,0.0,0.0,27974.616162000002,3882.6882826944275,6020.1340713187465,0.0
0.0,0.0,0.0,33401.652654,4433.93414999055,1210.6834932645163,0.0
0.0,0.0,0.0,37813.560018000004,4969.772524101377,0.0,0.0
0.0,0.0,0.0,39746.209704,5327.568754737679,0.0,0.0
0.0,0.0,0.0,41503.16396400001,2559.0355338440972,0.0,0.0
0.0,0.0,0.0,42479.249664,0.0,0.0,0.0
0.0,0.0,0.0,41476.72802995475,0.0,0.0,0.0
0.0,0.0,0.0,38782.12669723439,0.0,0.0,0.0
0.0,0.0,0.0,36655.02371010187,0.0,0.0,0.0
0.0,0.0,0.0,34005.061980322585,0.0,0.0,0.0
0.0,0.0,0.0,33189.51289495484,0.0,0.0,0.0
0.0,0.0,0.0,32198.93019983432,0.0,0.0,0.0
0.0,0.0,0.0,30895.93304812591,0.0,0.0,0.0
0.0,0.0,0.0,29872.2508834243,0.0,0.0,0.0
0.0,0.0,0.0,26977.089328597525,0.0,0.0,0.0
0.0,0.0,0.0,28953.21211026587,0.0,0.0,0.0
0.0,0.0,0.0,26292.558796197933,0.0,0.0,0.0
0.0,0.0,0.0,29273.655314889573,0.0,0.0,0.0
0.0,0.0,0.0,35405.97941443106,0.0,24.96254625287662,0.0
0.0,0.0,0.0,34729.12920599999,0.0,1364.619195157256,0.0
0.0,0.0,0.0,31215.220685999997,5387.486783791605,3702.777694176699,0.0
0.0,0.0,0.0,29868.22242,5105.016075394526,5229.653439977653,0.0
0.0,0.0,0.0,28755.484721999997,4901.294776611176,5612.412482521761,0.0
0.0,0.0,0.0,27174.225887999997,4846.512578619015,4289.3975311193,0.0
0.0,0.0,0.0,27916.05102,5105.016075394526,2084.3726121151985,0.0
0.0,0.0,0.0,32132.741244000004,5851.423523037723,299.55055503451945,0.0
0.0,0.0,0.0,36427.518324,6861.470298518195,0.0,0.0
0.0,0.0,0.0,38926.297716,7845.837918689841,0.0,0.0
0.0,0.0,0.0,39902.383416000004,6571.030638842748,0.0,0.0
0.0,0.0,0.0,40195.209126,5079.316192319504,0.0,0.0
0.0,0.0,0.0,39882.861702,4170.93905607718,0.0,0.0
0.0,0.0,0.0,39238.64514,793.3462838613455,0.0,0.0
0.0,0.0,0.0,36915.561174,0.0,0.0,0.0
0.0,0.0,0.0,30805.902246422316,0.0,0.0,0.0
0.0,0.0,0.0,31761.828678,0.0,0.0,0.0
0.0,0.0,0.0,27486.573312000004,2997.589821082051,0.0,0.0
0.0,0.0,0.0,23621.27394,5841.151860914191,0.0,0.0
0.0,0.0,0.0,20985.84255,5252.243232498458,0.0,0.0
0.0,0.0,0.0,19228.888290000003,4938.9575377307865,0.0,0.0
452.6468545260149,0.0,0.0,18662.758584000007,4855.072297055289,0.0,0.0
452.6468545260149,0.0,5624.038470847125,18955.584293999997,4791.730380626853,0.0,0.0
452.64685452601486,0.0,15154.000135406943,18838.45401,4772.899000067047,0.0,0.0
452.646854526015,0.0,16418.336012281532,17686.672884,4661.62266039547,407.72158879698486,0.0
452.6468545260149,0.0,16953.192270822554,15461.197488000003,4279.859218137596,3374.104168513824,0.0
452.6468545260149,0.0,16823.65321730513,12376.766676,3766.2761119610846,7226.6571402077825,0.0
452.6468545260149,0.0,17009.642069469228,10190.334708,3358.8335143943864,9635.542853610375,0.0
452.64685452601486,0.0,17569.348690203762,9194.727294,3185.9272019816267,10097.349959288593,0.0
452.64685452601486,0.0,13871.52788068632,8472.423876,3209.894413603198,8774.335007886133,0.0
452.6468545260149,0.0,22373.2756448312,8765.249586,3471.821797753219,5550.006116889569,0.0
452.6468545260149,0.0,26721.315491698508,10815.029556,3930.6227059375688,1356.2983464062963,0.0
452.6468545260149,0.0,26555.505596776573,13177.156950000002,4298.6905986974025,0.0,0.0
452.6468545260149,0.0,27569.437822487354,14465.590074000002,4461.325248986631,0.0,0.0
452.6468545260149,0.0,24853.623621622643,14836.502639999999,4533.226883851342,0.0,0.0
452.6468545260149,0.0,23532.422628815777,14680.328928000003,4572.601588658208,0.0,0.0
452.6468545260149,0.0,21026.758751186368,14211.807792,4541.786602287618,0.0,0.0
452.64685452601486,0.0,18356.881378603044,13216.200378,4396.2713888709395,0.0,0.0
452.6468545260149,0.0,15205.02474675306,12122.984394000001,4134.344004720918,0.0,0.0
452.64685452601486,0.0,13264.868672953096,11127.376980000001,3785.10749252089,0.0,0.0
