Price
-4766.817284902317
-4766.817284902317
-4766.817284902318
-4766.817284902317
-4766.817284902318
-4766.817284902318
-4766.817284902318
-4766.817284902318
-4766.817284902316
-4766.817284902317
-4766.817284902317
-4766.817284902317
-4766.817284902317
-4766.817284902318
-4766.817284902317
-4766.817284902318
-3930.1931805605827
-3255.4963222204747
-2960.8057378012104
-3367.7538084067646
-4290.962565018368
-4766.817284902317
-4766.817284902317
-4766.817284902317
-4766.817284902317
-4766.817284902317
-3930.193180560583
-3255.496322220475
-3393.7288948823452
131.7096402877698
131.7096402877698
131.7096402877698
131.7096402877698
131.7096402877698
131.7096402877698
131.7096402877698
131.7096402877698
131.7096402877698
131.7096402877698
131.7096402877698
131.7096402877698
131.7096402877698
131.7096402877698
131.7096402877698
131.7096402877698
-4228.50776107623
-4766.817284902318
-4766.817284902318
-4766.817284902317
-4766.817284902318
-4766.817284902318
-4766.817284902318
-4766.817284902318
-4493.182558189787
131.7096402877698
131.7096402877698
131.7096402877698
131.7096402877698
93.07812949640287
-6.522932374100721
131.7096402877698
131.7096402877698
131.7096402877698
131.7096402877698
131.7096402877698
131.7096402877698
131.7096402877698
131.7096402877698
131.7096402877698
131.7096402877698
-6.5229323741007255
-6.5229323741007255
-6.522932374100726
-6.5229323741007255
-6.522932374100726
93.07812949640287
131.7096402877698
131.7096402877698
131.7096402877698
131.7096402877698
131.7096402877698
131.7096402877698
131.7096402877698
131.7096402877698
131.7096402877698
131.7096402877698
131.7096402877698
131.7096402877698
131.7096402877698
131.7096402877698
131.7096402877698
131.7096402877698
131.7096402877698
131.7096402877698
131.7096402877698
131.7096402877698
131.7096402877698
-444.25941247002413
-444.2594124700241
-444.25941247002413
-444.25941247002413
-444.2594124700242
-444.25941247002413
-444.2594124700242
-444.25941247002413
-444.25941247002413
-1926.2922876741106
-2394.302669317506
-3010.1058030588156
-3820.3730842973814
-4531.41119485446
-4766.817284902317
-4766.817284902317
-4766.817284902318
-4766.817284902317
-4766.817284902317
-4766.817284902318
-4766.817284902317
-4766.817284902317
-4766.817284902317
-4766.817284902317
-4766.817284902318
-4766.817284902318
-4766.817284902317
-4766.817284902317
-4766.817284902318
-4766.817284902318
-4766.817284902318
-4766.817284902318
-4766.817284902317
-4766.817284902318
-4766.817284902318
-4766.817284902317
-3930.1931805605827
-3613.512606512322
-4197.6444387779675
-4766.817284902317
-4766.817284902317
-4766.817284902317
-4766.817284902317
-4766.817284902317
-4766.817284902318
-4766.817284902318
-4766.817284902317
-4766.817284902318
-4766.817284902317
-4766.817284902317
-4766.817284902317
93.0781294964029
131.7096402877698
131.7096402877698
131.7096402877698
131.7096402877698
131.7096402877698
131.7096402877698
131.7096402877698
131.7096402877698
131.7096402877698
131.7096402877698
131.7096402877698
131.7096402877698
131.7096402877698
131.7096402877698
131.7096402877698
131.7096402877698
131.7096402877698
131.7096402877698
131.7096402877698
