PumpedStor,BatteryStor
0.0,0.0
0.0,0.0
4555.44,0.0
1093.3055999999997,0.0
3724.5277440000004,0.0
1724.7989145599997,0.0
3244.5928249343992,0.0
2089.5494530498568,0.0
2967.382415682108,0.0
2300.2293640815988,0.0
2807.2656832979847,0.0
2421.9180806935315,0.0
2714.7822586729158,0.0
2492.2054834085834,0.0
2661.363832609476,0.0
865.0872975364816,0.0
896.1319271915539,0.0
2219.8519601815415,0.0
3461.3997683616694,0.0
1924.7761760451306,0.0
1365.8847623493507,0.0
2023.0467029389106,0.0
3017.924505766428,0.0
2261.817375617515,0.0
2836.458794530689,0.0
1421.1455179089392,0.0
825.4174142527104,0.0
430.1362656106127,0.0
0.0,0.0
0.0,0.0
0.0,0.0
0.0,0.0
0.0,0.0
0.0,0.0
0.0,0.0
0.0,0.0
0.0,0.0
0.0,0.0
0.0,0.0
0.0,0.0
0.0,0.0
0.0,0.0
0.0,0.0
3822.068964226532,0.0
1989.5834524578831,0.0
0.0,0.0
515.2378701930843,0.0
4163.859218653256,0.0
1390.906993823526,0.0
3498.3506846941195,0.0
1896.6934796324686,0.0
3113.952955479323,0.0
0.0,0.0
0.0,0.0
0.0,0.0
0.0,0.0
5774.822539420937,0.0
0.0,0.0
0.0,0.0
0.0,0.0
0.0,0.0
0.0,0.0
0.0,0.0
0.0,0.0
0.0,0.0
323.1193086415164,0.0
0.0,0.0
0.0,0.0
0.0,0.0
0.0,0.0
0.0,0.0
0.0,0.0
0.0,0.0
0.0,0.0
0.0,0.0
0.0,0.0
0.0,0.0
0.0,0.0
0.0,0.0
0.0,0.0
0.0,0.0
0.0,0.0
3264.8917695480573,0.0
0.0,0.0
0.0,0.0
0.0,0.0
0.0,0.0
0.0,0.0
0.0,0.0
0.0,0.0
0.0,0.0
0.0,0.0
0.0,0.0
0.0,0.0
0.0,0.0
2006.546428634399,0.0
0.0,0.0
0.0,0.0
0.0,0.0
1337.8255698727394,0.0
1801.1918252669554,0.0
2053.425825119877,0.0
1627.0177968367448,0.0
2608.7656211420804,0.0
2491.836794863167,0.0
330.16148783348507,0.0
0.0,0.0
48.21720915339433,0.0
1069.3420037316562,0.0
1722.370923488155,0.0
2338.280741993411,0.0
2778.346636085006,0.0
2443.8965565753956,0.0
2698.0786170026995,0.0
2504.9002510779483,0.0
2651.715809180759,0.0
2540.1359850226218,0.0
2624.9366513828077,0.0
2560.488144949066,0.0
2609.46900983871,0.0
2572.24355252258,0.0
2600.5349000828387,0.0
2579.033475937042,0.0
2595.3745582878482,0.0
2582.955335701235,0.0
2592.393944867061,0.0
2585.220601901033,0.0
2590.672342555214,0.0
2586.5290196580368,0.0
2589.677945059892,0.0
2587.284761754482,0.0
2589.1035810665935,0.0
937.618793501497,0.0
1939.9896889497322,0.0
3632.7801462451366,0.0
1794.5270888536961,0.0
1869.7842323037119,0.0
3134.4039834491796,0.0
2173.2929725786234,0.0
2903.7373408402455,0.0
2348.5996209614127,0.0
2770.5042880693263,0.0
2449.8567410673118,0.0
2693.548876788843,0.0
2508.3428536404786,0.0
2649.0994312332355,0.0
0.0,0.0
0.0,0.0
0.0,0.0
0.0,0.0
0.0,0.0
0.0,0.0
0.0,0.0
0.0,0.0
0.0,0.0
0.0,0.0
0.0,0.0
5795.171967298334,0.0
0.0,0.0
0.0,0.0
0.0,0.0
0.0,0.0
0.0,0.0
0.0,0.0
0.0,0.0
0.0,0.0
0.0,0.0
0.0,0.0
