PumpedStor,BatteryStor
0.0,0.0
921.3841367642168,0.0
4862.936388028342,0.0
4862.936388028342,0.0
4862.936388028342,0.0
11985.704733126802,0.0
11985.704733126802,0.0
13695.169135950433,0.0
14105.440592628103,0.0
14203.905742230745,0.0
14227.53737813538,0.0
14233.20897075249,0.0
14234.570152980597,0.0
14234.896836715343,0.0
14234.975240811682,0.0
14234.994057794804,0.0
14234.998573870753,0.0
14234.99965772898,0.0
14234.999917854955,0.0
14234.999980285189,0.0
14234.999995268445,0.0
14234.999998864438,0.0
14235.0,0.0
14235.0,0.0
14235.0,0.0
14235.0,0.0
14235.0,0.0
14235.0,0.0
14235.0,0.0
14235.0,0.0
14235.0,0.0
14235.0,0.0
14235.0,0.0
14235.0,0.0
14235.0,0.0
4991.388697626808,0.0
0.0,0.0
4033.649381070729,0.0
11786.675851456974,0.0
13647.402204349673,0.0
14093.97652904392,0.0
14201.15436697054,0.0
14226.877048072929,0.0
14233.050491537502,0.0
14234.532117969,0.0
14234.88770831256,0.0
14234.973049995015,0.0
6386.979490431555,0.0
6386.979490431555,0.0
6386.979490431555,0.0
6386.979490431555,0.0
6386.979490431555,0.0
6386.979490431555,0.0
6386.979490431555,0.0
6386.979490431555,0.0
0.0,0.0
0.0,0.0
0.0,0.0
0.0,0.0
0.0,0.0
0.0,0.0
0.0,0.0
0.0,0.0
0.0,0.0
0.0,0.0
10650.30028263206,0.0
13374.672067831694,0.0
14028.521296279607,0.0
14185.445111107105,0.0
14223.106826665704,0.0
14232.145638399768,0.0
7805.633735633067,0.0
0.0,0.0
0.0,0.0
0.0,0.0
0.0,0.0
0.0,0.0
10818.6,0.0
13415.064,0.0
12742.157549019137,0.0
5918.948033946792,0.0
2247.921617603437,0.0
5530.266850576559,0.0
1954.5768613000319,0.0
1554.2580072749324,0.0
1554.2580072749324,0.0
1115.0920830030836,0.0
0.0,0.0
0.0,0.0
10818.6,0.0
13415.064,0.0
14038.21536,0.0
8756.532094733626,0.0
5792.234590099437,0.0
5792.234590099437,0.0
145.17778212677877,0.0
145.17778212677877,0.0
145.17778212677877,0.0
145.17778212677877,0.0
0.0,0.0
0.0,0.0
10818.6,0.0
13415.064,0.0
14038.21536,0.0
14187.7716864,0.0
14223.665204736,0.0
14232.27964913664,0.0
9453.604948887378,0.0
5211.304281933992,0.0
5211.304281933992,0.0
5599.950612828377,0.0
363.1520071425639,0.0
0.0,0.0
2590.9919924867704,0.0
10623.78567512865,0.0
13368.308562030876,0.0
12359.560541685481,0.0
12464.845036464183,0.0
13810.162808751404,0.0
13450.114547646648,0.0
14046.627491435196,0.0
14189.790597944448,0.0
14224.149743506667,0.0
14232.3959384416,0.0
14234.375025225983,0.0
14234.850006054236,0.0
14234.964001453016,0.0
14234.991360348724,0.0
14234.997926483693,0.0
14234.999502356086,0.0
14234.99988056546,0.0
10292.275335613074,0.0
1626.036574849215,0.0
1626.036574849215,0.0
1626.036574849215,0.0
0.0,0.0
0.0,0.0
0.0,0.0
0.0,0.0
0.0,0.0
0.0,0.0
0.0,0.0
0.0,0.0
0.0,0.0
0.0,0.0
0.0,0.0
0.0,0.0
0.0,0.0
10270.294645397165,0.0
13283.47071489532,0.0
14006.632971574876,0.0
14180.19191317797,0.0
14221.846059162714,0.0
14231.843054199051,0.0
14234.242333007773,0.0
14234.818159921866,0.0
14234.956358381249,0.0
14234.9895260115,0.0
14234.99748624276,0.0
936.3791082255193,0.0
936.3791082255193,0.0
0.0,0.0
3649.8423737689973,0.0
4250.495766245814,0.0
4250.495766245814,0.0
4250.495766245814,0.0
4250.495766245814,0.0
0.0,0.0
0.0,0.0
0.0,0.0
0.0,0.0
0.0,0.0
1819.8955296143267,0.0
11035.278762457765,0.0
13467.066902989864,0.0
14050.696056717567,0.0
14190.767053612217,0.0
14224.384092866932,0.0
14232.452182288063,0.0
14234.388523749134,0.0
14234.853245699793,0.0
14234.853245699793,0.0
14234.853245699793,0.0
0.0,0.0
0.0,0.0
0.0,0.0
0.0,0.0
0.0,0.0
0.0,0.0
0.0,0.0
0.0,0.0
0.0,0.0
0.0,0.0
0.0,0.0
498.789954420688,0.0
2969.167033823701,0.0
11531.200088117686,0.0
13586.088021148245,0.0
14079.261125075578,0.0
14197.62267001814,0.0
14226.029440804354,0.0
14232.847065793045,0.0
14234.48329579033,0.0
4196.73957236734,0.0
4196.73957236734,0.0
4196.73957236734,0.0
4196.73957236734,0.0
0.0,0.0
0.0,0.0
0.0,0.0
681.3051980113341,0.0
681.3051980113341,0.0
681.3051980113341,0.0
681.3051980113341,0.0
681.3051980113341,0.0
681.3051980113341,0.0
681.3051980113341,0.0
681.3051980113341,0.0
10982.11324752272,0.0
10982.11324752272,0.0
10982.11324752272,0.0
10982.11324752272,0.0
10982.11324752272,0.0
10982.11324752272,0.0
10982.11324752272,0.0
10982.11324752272,0.0
10982.11324752272,0.0
10982.11324752272,0.0
10982.11324752272,0.0
10982.11324752272,0.0
10982.11324752272,0.0
10982.11324752272,0.0
10982.11324752272,0.0
10982.11324752272,0.0
10982.11324752272,0.0
10982.11324752272,0.0
10982.11324752272,0.0
10982.11324752272,0.0
10982.11324752272,0.0
10982.11324752272,0.0
10982.11324752272,0.0
10982.11324752272,0.0
10982.11324752272,0.0
10982.11324752272,0.0
10982.11324752272,0.0
10982.11324752272,0.0
10982.11324752272,0.0
10982.11324752272,0.0
10982.11324752272,0.0
10982.11324752272,0.0
10982.11324752272,0.0
10982.11324752272,0.0
10982.11324752272,0.0
10982.11324752272,0.0
10982.11324752272,0.0
13454.307179405452,0.0
14047.633723057308,0.0
14190.032093533753,0.0
14224.2077024481,0.0
14232.409848587544,0.0
14234.37836366101,0.0
14234.850807278643,0.0
14234.964193746875,0.0
14234.99140649925,0.0
14234.99793755982,0.0
14234.999505014357,0.0
14234.999881203454,0.0
13902.016397258836,0.0
14155.083935342122,0.0
14215.82014448211,0.0
14230.396834675706,0.0
14233.89524032217,0.0
14234.73485767732,0.0
14234.936365842557,0.0
14234.984727802213,0.0
10458.692356014299,0.0
10458.692356014299,0.0
229.08798100652325,0.0
229.08798100652325,0.0
229.08798100652325,0.0
229.08798100652325,0.0
229.08798100652325,0.0
1830.243641987945,0.0
0.0,0.0
0.0,0.0
0.0,0.0
0.0,0.0
0.0,0.0
0.0,0.0
0.0,0.0
0.0,0.0
0.0,0.0
0.0,0.0
7615.935015317984,0.0
12646.424403676316,0.0
13853.741856882316,0.0
14143.498045651755,0.0
14143.498045651755,0.0
14143.498045651755,0.0
8613.28051350603,0.0
8613.28051350603,0.0
5009.246858023709,0.0
5009.246858023709,0.0
0.0,0.0
0.0,0.0
0.0,0.0
0.0,0.0
0.0,0.0
0.0,0.0
0.0,0.0
0.0,0.0
683.4096212886411,0.0
5326.389642277965,0.0
12096.933514146713,0.0
12096.933514146713,0.0
0.0,0.0
0.0,0.0
0.0,0.0
0.0,0.0
0.0,0.0
0.0,0.0
0.0,0.0
0.0,0.0
0.0,0.0
0.0,0.0
0.0,0.0
0.0,0.0
0.0,0.0
0.0,0.0
0.0,0.0
0.0,0.0
0.0,0.0
0.0,0.0
0.0,0.0
0.0,0.0
0.0,0.0
0.0,0.0
0.0,0.0
0.0,0.0
0.0,0.0
0.0,0.0
10818.6,0.0
13415.064,0.0
14038.21536,0.0
14187.7716864,0.0
14223.665204736,0.0
14232.27964913664,0.0
14234.347115792794,0.0
14234.84330779027,0.0
14234.962393869664,0.0
14234.990974528719,0.0
14234.997833886893,0.0
14234.999480132854,0.0
14234.999875231884,0.0
14234.999970055653,0.0
14234.999992813357,0.0
14234.999998275205,0.0
14234.999999586049,0.0
14234.999999900652,0.0
14234.999999976157,0.0
14234.999999994277,0.0
14234.999999998627,0.0
14234.99999999967,0.0
14234.999999999922,0.0
14234.999999999982,0.0
14234.999999999996,0.0
14235.0,0.0
14235.0,0.0
14235.0,0.0
2387.4656630319423,0.0
2387.4656630319423,0.0
0.0,0.0
0.0,0.0
0.0,0.0
0.0,0.0
0.0,0.0
10818.6,0.0
13415.064,0.0
14038.21536,0.0
14187.7716864,0.0
14223.665204736,0.0
14232.27964913664,0.0
14232.27964913664,0.0
3618.497247912239,0.0
3618.497247912239,0.0
3618.497247912239,0.0
3618.497247912239,0.0
0.0,0.0
0.0,0.0
0.0,0.0
567.0384657733521,0.0
567.0384657733521,0.0
567.0384657733521,0.0
567.0384657733521,0.0
567.0384657733521,0.0
567.0384657733521,0.0
567.0384657733521,0.0
567.0384657733521,0.0
567.0384657733521,0.0
567.0384657733521,0.0
567.0384657733521,0.0
567.0384657733521,0.0
567.0384657733521,0.0
567.0384657733521,0.0
567.0384657733521,0.0
10954.68923178561,0.0
12202.655806707306,0.0
13747.237393609754,0.0
13747.237393609754,0.0
13747.237393609754,0.0
14117.936974466342,0.0
7586.726064475905,0.0
5769.179560921984,0.0
12203.203094621276,0.0
13747.368742709106,0.0
14117.968498250186,0.0
14206.912439580045,0.0
14228.258985499211,0.0
14233.38215651981,0.0
14234.611717564754,0.0
14234.90681221554,0.0
14234.977634931729,0.0
14234.994632383616,0.0
12428.182086353001,0.0
7591.711351478938,0.0
12640.610724354945,0.0
13852.346573845187,0.0
14143.163177722845,0.0
2329.7158747154535,0.0
2329.7158747154535,0.0
2329.7158747154535,0.0
2329.7158747154535,0.0
2329.7158747154535,0.0
2329.7158747154535,0.0
2329.7158747154535,0.0
1826.9326339171748,0.0
1826.9326339171748,0.0
1826.9326339171748,0.0
1826.9326339171748,0.0
1826.9326339171748,0.0
1826.9326339171748,0.0
1826.9326339171748,0.0
1826.9326339171748,0.0
1826.9326339171748,0.0
1826.9326339171748,0.0
1826.9326339171748,0.0
1826.9326339171748,0.0
1826.9326339171748,0.0
1826.9326339171748,0.0
1826.9326339171748,0.0
1826.9326339171748,0.0
1826.9326339171748,0.0
1826.9326339171748,0.0
1785.2134952527558,0.0
1785.2134952527558,0.0
712.0383003788447,0.0
712.0383003788447,0.0
712.0383003788447,0.0
712.0383003788447,0.0
712.0383003788447,0.0
712.0383003788447,0.0
712.0383003788447,0.0
712.0383003788447,0.0
712.0383003788447,0.0
712.0383003788447,0.0
712.0383003788447,0.0
712.0383003788447,0.0
712.0383003788447,0.0
712.0383003788447,0.0
712.0383003788447,0.0
712.0383003788447,0.0
712.0383003788447,0.0
0.0,0.0
10818.6,0.0
13415.064,0.0
14028.67334926091,0.0
14028.67334926091,0.0
14028.67334926091,0.0
14028.67334926091,0.0
14028.67334926091,0.0
14028.67334926091,0.0
14028.67334926091,0.0
14028.67334926091,0.0
8264.195167328257,0.0
8264.195167328257,0.0
8264.195167328257,0.0
8264.195167328257,0.0
8264.195167328257,0.0
7478.358092633836,0.0
7478.358092633836,0.0
7478.358092633836,0.0
7478.358092633836,0.0
7478.358092633836,0.0
7478.358092633836,0.0
7478.358092633836,0.0
7478.358092633836,0.0
7478.358092633836,0.0
7478.358092633836,0.0
7478.358092633836,0.0
12613.40594223212,0.0
6540.226545834075,0.0
3131.9985591610666,0.0
3131.9985591610666,0.0
5589.047335391744,0.0
5589.047335391744,0.0
5589.047335391744,0.0
6948.440011724582,0.0
0.0,0.0
0.0,0.0
0.0,0.0
0.0,0.0
0.0,0.0
0.0,0.0
0.0,0.0
0.0,0.0
0.0,0.0
0.0,0.0
0.0,0.0
0.0,0.0
0.0,0.0
0.0,0.0
0.0,0.0
0.0,0.0
0.0,0.0
0.0,0.0
0.0,0.0
0.0,0.0
0.0,0.0
0.0,0.0
0.0,0.0
0.0,0.0
0.0,0.0
0.0,0.0
0.0,0.0
0.0,0.0
0.0,0.0
0.0,0.0
0.0,0.0
0.0,0.0
0.0,0.0
0.0,0.0
0.0,0.0
0.0,0.0
0.0,0.0
0.0,0.0
10818.6,0.0
13415.064,0.0
14038.21536,0.0
4844.7874607130925,0.0
4752.736546696826,0.0
6653.141871279391,0.0
8682.881503964354,0.0
11239.302354736006,0.0
13516.032565136642,0.0
10172.734560434952,0.0
0.0,0.0
5288.291640610603,0.0
12087.789993746544,0.0
13719.669598499171,0.0
14111.320703639802,0.0
14205.316968873552,0.0
14227.876072529652,0.0
14233.290257407116,0.0
8489.656321275757,0.0
8038.276170912046,0.0
8038.276170912046,0.0
8038.276170912046,0.0
0.0,0.0
8155.511427550306,0.0
12775.922742612074,0.0
13884.821458226897,0.0
14150.957149974456,0.0
14214.829715993881,0.0
14214.829715993881,0.0
14230.15913183853,0.0
5605.431184559051,0.0
5605.431184559051,0.0
5605.431184559051,0.0
5605.431184559051,0.0
5605.431184559051,0.0
0.0,0.0
10818.6,0.0
13415.064,0.0
13415.064,0.0
2614.681550930245,0.0
1083.3868045932632,0.0
6553.607023648866,0.0
6553.607023648866,0.0
12391.465685675728,0.0
13792.551764562175,0.0
14128.812423494923,0.0
14209.514981638782,0.0
14228.883595593308,0.0
14233.532062942393,0.0
14234.647695106174,0.0
14234.915446825482,0.0
14234.979707238115,0.0
14234.995129737148,0.0
14234.998831136916,0.0
14234.99971947286,0.0
14234.999932673487,0.0
14234.999983841637,0.0
14234.999996121993,0.0
7543.197457504723,0.0
7543.197457504723,0.0
7543.197457504723,0.0
7543.197457504723,0.0
0.0,0.0
0.0,0.0
0.0,0.0
0.0,0.0
0.0,0.0
0.0,0.0
0.0,0.0
0.0,0.0
0.0,0.0
0.0,0.0
0.0,0.0
6086.4680920416495,0.0
4948.243480543962,0.0
1917.2725534473484,0.0
1917.2725534473484,0.0
1917.2725534473484,0.0
0.0,0.0
0.0,0.0
0.0,0.0
0.0,0.0
1405.2951447742291,0.0
11155.870834745816,0.0
13496.009000338996,0.0
14057.64216008136,0.0
14192.434118419525,0.0
14224.784188420686,0.0
14232.548205220965,0.0
14234.411569253032,0.0
14234.858776620727,0.0
14234.966106388974,0.0
14234.991865533353,0.0
13385.64461504513,0.0
688.1135536499878,0.0
688.1135536499878,0.0
6913.362198874616,0.0
12477.806927729907,0.0
3195.6958902120305,0.0
3195.6958902120305,0.0
3195.6958902120305,0.0
3195.6958902120305,0.0
0.0,0.0
0.0,0.0
0.0,0.0
0.0,0.0
0.0,0.0
0.0,0.0
0.0,0.0
0.0,0.0
0.0,0.0
0.0,0.0
0.0,0.0
10818.6,0.0
10818.6,0.0
10818.6,0.0
10818.6,0.0
13415.064,0.0
13415.064,0.0
13415.064,0.0
13415.064,0.0
14038.21536,0.0
14038.21536,0.0
14038.21536,0.0
14038.21536,0.0
14187.7716864,0.0
14187.7716864,0.0
14187.7716864,0.0
14187.7716864,0.0
14223.665204736,0.0
14232.27964913664,0.0
14234.347115792794,0.0
14234.84330779027,0.0
14234.962393869664,0.0
14234.990974528719,0.0
14234.997833886893,0.0
14234.999480132854,0.0
14234.999875231884,0.0
14234.999970055653,0.0
14234.999992813357,0.0
14234.999998275205,0.0
14234.999999586049,0.0
13146.243363203235,0.0
11243.511785326125,0.0
13517.04282847827,0.0
14062.690278834785,0.0
14193.645666920349,0.0
3237.780262165741,0.0
3237.780262165741,0.0
3237.780262165741,0.0
0.0,0.0
0.0,0.0
0.0,0.0
0.0,0.0
0.0,0.0
0.0,0.0
10818.6,0.0
13415.064,0.0
14038.21536,0.0
14187.7716864,0.0
14223.665204736,0.0
14232.27964913664,0.0
14234.347115792794,0.0
14234.84330779027,0.0
14234.962393869664,0.0
10696.98846376561,0.0
10567.336148973463,0.0
0.0,0.0
0.0,0.0
10818.6,0.0
13415.064,0.0
14038.21536,0.0
14187.7716864,0.0
14223.665204736,0.0
14232.27964913664,0.0
14234.347115792794,0.0
14234.84330779027,0.0
14234.962393869664,0.0
14234.990974528719,0.0
14234.997833886893,0.0
14234.999480132854,0.0
14234.999875231884,0.0
14234.999970055651,0.0
14234.999992813357,0.0
14234.999992813357,0.0
14234.999992813357,0.0
0.0,0.0
0.0,0.0
0.0,0.0
0.0,0.0
0.0,0.0
0.0,0.0
0.0,0.0
0.0,0.0
0.0,0.0
0.0,0.0
0.0,0.0
38.1784898132414,0.0
2401.976172382201,0.0
8198.86697047473,0.0
12786.328072913935,0.0
12006.006906268165,0.0
5418.50760773883,0.0
0.0,0.0
8819.423421406465,0.0
12935.261621137552,0.0
13923.062789073012,0.0
8295.293997527033,0.0
2333.6175393425438,0.0
2333.6175393425438,0.0
0.0,0.0
0.0,0.0
2111.745101639172,0.0
1946.3082747984804,0.0
1946.3082747984804,0.0
0.0,0.0
9612.330402078833,0.0
13125.55929649892,0.0
13968.73423115974,0.0
4560.881739135213,0.0
0.0,0.0
1298.6038940119265,0.0
0.0,0.0
750.7227112406158,0.0
5413.037810703368,0.0
7672.346400742076,0.0
4196.512750267138,0.0
11825.763060064113,0.0
13656.783134415387,0.0
14096.227952259695,0.0
14201.694708542327,0.0
14201.694708542327,0.0
0.0,0.0
0.0,0.0
0.0,0.0
0.0,0.0
0.0,0.0
0.0,0.0
0.0,0.0
0.0,0.0
0.0,0.0
0.0,0.0
10818.6,0.0
10818.6,0.0
10818.6,0.0
13415.064,0.0
13415.064,0.0
13415.064,0.0
13415.064,0.0
13415.064,0.0
14038.21536,0.0
14038.21536,0.0
14038.21536,0.0
14038.21536,0.0
14187.7716864,0.0
14223.665204736,0.0
14232.27964913664,0.0
14234.347115792794,0.0
14234.84330779027,0.0
14234.962393869664,0.0
14234.990974528719,0.0
14234.997833886893,0.0
14234.999480132854,0.0
14234.999875231884,0.0
14234.999970055653,0.0
14234.999992813357,0.0
14234.999998275205,0.0
14234.999999586049,0.0
14234.999999900652,0.0
14234.999999976157,0.0
14234.999999994277,0.0
14234.999999998627,0.0
14234.99999999967,0.0
9535.645759070438,0.0
3456.959384547241,0.0
0.0,0.0
10818.6,0.0
13415.064,0.0
14038.21536,0.0
1120.6853087328182,0.0
0.0,0.0
0.0,0.0
4264.74976217167,0.0
11842.1399429212,0.0
13660.713586301088,0.0
14097.17126071226,0.0
14201.921102570943,0.0
14227.061064617026,0.0
14233.094655508086,0.0
14234.542717321941,0.0
14234.890252157265,0.0
14234.973660517744,0.0
14234.993678524259,0.0
14234.998482845822,0.0
14234.999635882998,0.0
14234.99991261192,0.0
14234.999979026861,0.0
11296.099306469418,0.0
6358.241199332038,0.0
0.0,0.0
0.0,0.0
0.0,0.0
0.0,0.0
0.0,0.0
0.0,0.0
0.0,0.0
0.0,0.0
0.0,0.0
0.0,0.0
0.0,0.0
0.0,0.0
0.0,0.0
0.0,0.0
0.0,0.0
0.0,0.0
0.0,0.0
10818.6,0.0
10818.6,0.0
10818.6,0.0
10818.6,0.0
10818.6,0.0
10818.6,0.0
10818.6,0.0
10818.6,0.0
10818.6,0.0
13415.064,0.0
14038.21536,0.0
14187.7716864,0.0
14223.665204736,0.0
14232.27964913664,0.0
14234.347115792794,0.0
14234.84330779027,0.0
14234.962393869664,0.0
14234.990974528719,0.0
14234.997833886893,0.0
14234.999480132854,0.0
14234.999875231884,0.0
14234.999970055653,0.0
14234.999992813357,0.0
14234.999998275205,0.0
14235.0,0.0
14235.0,0.0
14235.0,0.0
14235.0,0.0
14235.0,0.0
14235.0,0.0
11496.492599744808,0.0
13577.758223938754,0.0
14077.2619737453,0.0
14197.142873698873,0.0
14225.91428968773,0.0
14232.819429525054,0.0
14234.476663086012,0.0
14234.874399140643,0.0
14234.969855793754,0.0
14234.9927653905,0.0
13565.943175774308,0.0
0.0,0.0
0.0,0.0
0.0,0.0
9078.008452401373,0.0
12997.32202857633,0.0
13937.957286858318,0.0
8795.80927850732,0.0
12929.594226841757,0.0
13921.702614442022,0.0
14159.808627466085,0.0
14216.954070591863,0.0
14230.668976942046,0.0
12179.428755746301,0.0
0.0,0.0
9926.581598744739,0.0
13200.979583698738,0.0
13986.835100087697,0.0
14175.440424021048,0.0
14220.705701765051,0.0
14231.569368423612,0.0
14234.176648421668,0.0
14234.8023956212,0.0
13065.382301593909,0.0
11343.90779932063,0.0
0.0,0.0
0.0,0.0
0.0,0.0
3573.904577212556,0.0
9360.286674676137,0.0
7183.5512483784205,0.0
7183.5512483784205,0.0
7183.5512483784205,0.0
7183.5512483784205,0.0
0.0,0.0
0.0,0.0
0.0,0.0
0.0,0.0
0.0,0.0
0.0,0.0
0.0,0.0
7336.687934408702,0.0
7336.687934408702,0.0
0.0,0.0
0.0,0.0
0.0,0.0
0.0,0.0
0.0,0.0
0.0,0.0
0.0,0.0
0.0,0.0
0.0,0.0
2052.0780043910036,0.0
4334.788920645931,0.0
4334.788920645931,0.0
0.0,0.0
0.0,0.0
10818.6,0.0
13415.064,0.0
14038.21536,0.0
14187.7716864,0.0
14223.665204736,0.0
14232.27964913664,0.0
14234.347115792794,0.0
14234.84330779027,0.0
14234.962393869664,0.0
14234.990974528719,0.0
14234.997833886893,0.0
14234.999480132854,0.0
14234.999875231884,0.0
14234.999970055653,0.0
14234.999992813357,0.0
14234.999998275205,0.0
14234.999999586049,0.0
0.0,0.0
3450.663681412647,0.0
11646.759283539035,0.0
13613.822228049368,0.0
14085.917334731848,0.0
8564.212254094704,0.0
1719.8158545040396,0.0
1719.8158545040396,0.0
0.0,0.0
1393.5481508655278,0.0
4815.375082894082,0.0
4815.375082894082,0.0
4815.375082894082,0.0
0.0,0.0
4010.725781765461,0.0
11781.17418762371,0.0
11261.411320863877,0.0
11261.411320863877,0.0
0.0,0.0
0.0,0.0
0.0,0.0
0.0,0.0
0.0,0.0
0.0,0.0
0.0,0.0
0.0,0.0
0.0,0.0
0.0,0.0
0.0,0.0
0.0,0.0
0.0,0.0
0.0,0.0
0.0,0.0
0.0,0.0
0.0,0.0
0.0,0.0
0.0,0.0
0.0,0.0
0.0,0.0
0.0,0.0
0.0,0.0
0.0,0.0
0.0,0.0
0.0,0.0
0.0,0.0
0.0,0.0
0.0,0.0
0.0,0.0
0.0,0.0
0.0,0.0
8700.97645621757,0.0
12906.834349492216,0.0
13916.240243878132,0.0
2808.6950521194176,0.0
2808.6950521194176,0.0
2808.6950521194176,0.0
1717.1971342135648,0.0
1717.1971342135648,0.0
1717.1971342135648,0.0
1717.1971342135648,0.0
1717.1971342135648,0.0
1717.1971342135648,0.0
1717.1971342135648,0.0
1717.1971342135648,0.0
1717.1971342135648,0.0
1717.1971342135648,0.0
1717.1971342135648,0.0
1717.1971342135648,0.0
1717.1971342135648,0.0
1717.1971342135648,0.0
1717.1971342135648,0.0
1717.1971342135648,0.0
1717.1971342135648,0.0
1717.1971342135648,0.0
1717.1971342135648,0.0
1724.8331301876349,0.0
0.0,0.0
0.0,0.0
0.0,0.0
0.0,0.0
0.0,0.0
0.0,0.0
0.0,0.0
0.0,0.0
0.0,0.0
0.0,0.0
3105.0051399162066,0.0
7721.376889785664,0.0
8068.283204579511,0.0
207.6726549324685,0.0
3736.285621564874,0.0
7589.0316935739775,0.0
8484.550981094953,0.0
9232.57735571447,0.0
10899.964828640048,0.0
2285.808477380884,0.0
0.0,0.0
10818.6,0.0
13415.064,0.0
14038.21536,0.0
14187.7716864,0.0
8660.297563732798,0.0
6957.4275639745465,0.0
6957.4275639745465,0.0
0.0,0.0
0.0,0.0
0.0,0.0
0.0,0.0
0.0,0.0
398.3580039125627,0.0
398.3580039125627,0.0
398.3580039125627,0.0
398.3580039125627,0.0
398.3580039125627,0.0
398.3580039125627,0.0
398.3580039125627,0.0
398.3580039125627,0.0
398.3580039125627,0.0
398.3580039125627,0.0
398.3580039125627,0.0
398.3580039125627,0.0
398.3580039125627,0.0
398.3580039125627,0.0
398.3580039125627,0.0
398.3580039125627,0.0
398.3580039125627,0.0
398.3580039125627,0.0
398.3580039125627,0.0
398.3580039125627,0.0
398.3580039125627,0.0
398.3580039125627,0.0
398.3580039125627,0.0
398.3580039125627,0.0
398.3580039125627,0.0
398.3580039125627,0.0
398.3580039125627,0.0
398.3580039125627,0.0
398.3580039125627,0.0
398.3580039125627,0.0
9994.030994309316,0.0
9994.030994309316,0.0
9994.030994309316,0.0
13217.167438634237,0.0
11250.372377289208,0.0
6525.150434056355,0.0
6525.150434056355,0.0
6525.150434056355,0.0
9882.860859244036,0.0
9882.860859244036,0.0
9882.860859244036,0.0
9524.732496482975,0.0
10569.92610730759,0.0
10569.92610730759,0.0
10817.027407285903,0.0
10817.027407285903,0.0
12494.15139247843,0.0
12494.15139247843,0.0
12494.15139247843,0.0
12494.15139247843,0.0
13817.196334194823,0.0
14134.727120206757,0.0
14134.727120206757,0.0
14134.727120206757,0.0
14210.934508849621,0.0
14210.934508849621,0.0
14229.224282123909,0.0
14233.613827709738,0.0
14234.667318650338,0.0
14234.92015647608,0.0
14234.98083755426,0.0
14234.995401013022,0.0
14234.998896243125,0.0
14234.99973509835,0.0
14234.999936423605,0.0
14234.999984741666,0.0
14234.999996338,0.0
14234.99999912112,0.0
14234.99999978907,0.0
14234.999999949378,0.0
9034.52167359142,0.0
0.0,0.0
10818.6,0.0
13415.064,0.0
14038.21536,0.0
14187.7716864,0.0
14223.665204736,0.0
14232.27964913664,0.0
14234.347115792794,0.0
14234.84330779027,0.0
14234.962393869664,0.0
14234.962393869664,0.0
0.0,0.0
0.0,0.0
10818.6,0.0
13415.064,0.0
14038.21536,0.0
14187.7716864,0.0
14223.665204736,0.0
14232.27964913664,0.0
14234.347115792794,0.0
14234.84330779027,0.0
14234.962393869664,0.0
14234.990974528719,0.0
5050.645911159281,0.0
0.0,0.0
10818.6,0.0
13415.064,0.0
14038.21536,0.0
14187.7716864,0.0
12249.45612295155,0.0
13758.469469508373,0.0
14120.63267268201,0.0
14207.551841443683,0.0
14228.412441946479,0.0
14233.418986067154,0.0
2436.4395468034345,0.0
0.0,0.0
2031.6844143099604,0.0
11306.204259434391,0.0
13532.089022264254,0.0
14066.301365343421,0.0
5225.547836405174,0.0
5225.547836405174,0.0
5225.547836405174,0.0
0.0,0.0
0.0,0.0
0.0,0.0
0.0,0.0
0.0,0.0
0.0,0.0
9080.235917540564,0.0
12997.856620209735,0.0
12997.856620209735,0.0
0.0,0.0
0.0,0.0
0.0,0.0
0.0,0.0
0.0,0.0
0.0,0.0
0.0,0.0
0.0,0.0
1808.3623800774512,0.0
11252.606971218589,0.0
13519.225673092462,0.0
14063.214161542192,0.0
0.0,0.0
0.0,0.0
0.0,0.0
0.0,0.0
0.0,0.0
1916.7152269406326,0.0
1916.7152269406326,0.0
6000.452537838999,0.0
6000.452537838999,0.0
6000.452537838999,0.0
6718.788561181256,0.0
6718.788561181256,0.0
6718.788561181256,0.0
6718.788561181256,0.0
6718.788561181256,0.0
6718.788561181256,0.0
6718.788561181256,0.0
6718.788561181256,0.0
6718.788561181256,0.0
6718.788561181256,0.0
6718.788561181256,0.0
6718.788561181256,0.0
6718.788561181256,0.0
6718.788561181256,0.0
6718.788561181256,0.0
6718.788561181256,0.0
6718.788561181256,0.0
6718.788561181256,0.0
6718.788561181256,0.0
6718.788561181256,0.0
6718.788561181256,0.0
0.0,0.0
0.0,0.0
0.0,0.0
9212.228328484474,0.0
9212.228328484474,0.0
9212.228328484474,0.0
9290.507216288941,0.0
13048.321731909346,0.0
13950.197215658243,0.0
14166.647331757978,0.0
14218.595359621915,0.0
14231.062886309259,0.0
6076.054046587473,0.0
12276.852971180993,0.0
13765.044713083438,0.0
14122.210731140025,0.0
14207.930575473605,0.0
14228.503338113665,0.0
14233.44080114728,0.0
14234.625792275347,0.0
14234.910190146084,0.0
14234.97844563506,0.0
14234.994826952414,0.0
14234.994826952414,0.0
0.0,0.0
0.0,0.0
0.0,0.0
10818.6,0.0
10818.6,0.0
10818.6,0.0
10818.6,0.0
13415.064,0.0
13415.064,0.0
13415.064,0.0
13415.064,0.0
14038.21536,0.0
14038.21536,0.0
14038.21536,0.0
14038.21536,0.0
14187.7716864,0.0
14187.7716864,0.0
14187.7716864,0.0
14187.7716864,0.0
14223.665204736,0.0
14223.665204736,0.0
14223.665204736,0.0
14223.665204736,0.0
14232.27964913664,0.0
14234.347115792794,0.0
14234.347115792794,0.0
14234.347115792794,0.0
14234.84330779027,0.0
14234.962393869664,0.0
14234.990974528719,0.0
14234.997833886893,0.0
14234.999480132854,0.0
14234.999875231884,0.0
14234.999970055653,0.0
14234.999992813357,0.0
14234.999998275205,0.0
14234.999999586049,0.0
14234.999999900652,0.0
14234.999999976157,0.0
14234.999999994277,0.0
14234.999999998627,0.0
9490.831795970013,0.0
464.56566674952865,0.0
464.56566674952865,0.0
7377.043301607755,0.0
12589.090392385864,0.0
13839.981694172608,0.0
13488.537660614033,0.0
0.0,0.0
6198.462208940444,0.0
12306.230930145706,0.0
13772.095423234969,0.0
14123.902901576392,0.0
6441.431550389829,0.0
6441.431550389829,0.0
6441.431550389829,0.0
1031.1341781703595,0.0
1031.1341781703595,0.0
1031.1341781703595,0.0
1031.1341781703595,0.0
1031.1341781703595,0.0
0.0,0.0
7062.346640806457,0.0
12513.56319379355,0.0
12513.56319379355,0.0
2135.8407452864694,0.0
0.0,0.0
10818.6,0.0
13415.064,0.0
14038.21536,0.0
14187.7716864,0.0
14223.665204736,0.0
0.0,0.0
9352.994199923487,0.0
13063.318607981637,0.0
13953.796465915593,0.0
14167.511151819743,0.0
12134.575867284822,0.0
13730.898208148357,0.0
14114.015569955605,0.0
14205.963736789345,0.0
8757.66783534007,0.0
1201.4490200360979,0.0
0.0,0.0
0.0,0.0
0.0,0.0
10818.6,0.0
13415.064,0.0
14038.21536,0.0
0.0,0.0
0.0,0.0
0.0,0.0
0.0,0.0
0.0,0.0
0.0,0.0
0.0,0.0
0.0,0.0
0.0,0.0
0.0,0.0
0.0,0.0
0.0,0.0
0.0,0.0
0.0,0.0
0.0,0.0
168.57950520758519,0.0
168.57950520758519,0.0
168.57950520758519,0.0
168.57950520758519,0.0
168.57950520758519,0.0
168.57950520758519,0.0
168.57950520758519,0.0
168.57950520758519,0.0
168.57950520758519,0.0
168.57950520758519,0.0
168.57950520758519,0.0
168.57950520758519,0.0
168.57950520758519,0.0
168.57950520758519,0.0
168.57950520758519,0.0
10632.365832531552,0.0
10632.365832531552,0.0
10632.365832531552,0.0
10632.365832531552,0.0
13370.367799807573,0.0
13370.367799807573,0.0
13370.367799807573,0.0
13370.367799807573,0.0
14027.488271953818,0.0
14027.488271953818,0.0
14027.488271953818,0.0
14027.488271953818,0.0
14185.197185268917,0.0
14185.197185268917,0.0
14185.197185268917,0.0
14185.197185268917,0.0
14223.04732446454,0.0
14232.131357871489,0.0
14234.311525889158,0.0
14234.834766213398,0.0
14234.960343891216,0.0
14234.990482533893,0.0
14234.997715808135,0.0
14234.999451793952,0.0
14234.999868430548,0.0
14234.999968423332,0.0
14234.999992421599,0.0
14234.999998181183,0.0
14234.999999563484,0.0
14234.999999895237,0.0
14234.999999974858,0.0
6281.013574268075,0.0
5657.471214983301,0.0
8974.192300869981,0.0
10875.873471538695,0.0
10875.873471538695,0.0
0.0,0.0
0.0,0.0
0.0,0.0
10818.6,0.0
13415.064,0.0
14038.21536,0.0
14187.7716864,0.0
14223.665204736,0.0
14232.27964913664,0.0
14234.347115792794,0.0
14234.84330779027,0.0
14234.962393869664,0.0
14234.990974528719,0.0
14234.997833886893,0.0
14234.999480132854,0.0
14234.999875231884,0.0
14234.999970055653,0.0
14234.999992813357,0.0
14234.999998275205,0.0
9658.9880660685,0.0
0.0,0.0
150.20155075778757,0.0
150.20155075778757,0.0
150.20155075778757,0.0
10854.64837218187,0.0
13423.715609323648,0.0
13423.715609323648,0.0
13423.715609323648,0.0
14040.291746237675,0.0
14188.270019097043,0.0
14223.78480458329,0.0
14232.30835309999,0.0
14234.354004743998,0.0
14234.84496113856,0.0
14234.962790673255,0.0
14234.991069761581,0.0
14234.997856742779,0.0
14234.999485618267,0.0
14234.999876548383,0.0
14234.999970371611,0.0
14234.999992889187,0.0
14234.999998293404,0.0
14234.999999590416,0.0
2591.901165146175,0.0
0.0,0.0
8461.914367802863,0.0
12849.459448272686,0.0
13902.470267585444,0.0
14155.192864220506,0.0
14215.846287412922,0.0
14230.4031089791,0.0
14233.896746154984,0.0
14234.735219077196,0.0
14234.936452578528,0.0
14234.984748618846,0.0
14234.996339668523,0.0
14234.999121520446,0.0
14234.999789164907,0.0
14234.999949399578,0.0
14234.9999878559,0.0
14234.9999878559,0.0
0.0,0.0
0.0,0.0
9719.837982378978,0.0
13151.361115770955,0.0
13444.556575530258,0.0
0.0,0.0
0.0,0.0
0.0,0.0
0.0,0.0
655.1210309008972,0.0
655.1210309008972,0.0
655.1210309008972,0.0
0.0,0.0
8955.906862016884,0.0
8955.906862016884,0.0
8955.906862016884,0.0
8955.906862016884,0.0
12968.017646884053,0.0
13930.924235252172,0.0
14162.021816460521,0.0
14217.485235950526,0.0
14230.796456628126,0.0
14233.99114959075,0.0
14234.75787590178,0.0
14234.941890216427,0.0
14234.986053651943,0.0
14234.996652876467,0.0
14234.999196690353,0.0
14234.999807205684,0.0
14234.999953729364,0.0
14234.999988895048,0.0
14234.999997334811,0.0
12584.65407538761,0.0
7376.803613513207,0.0
0.0,0.0
0.0,0.0
0.0,0.0
6895.675200048005,0.0
12473.562048011521,0.0
13812.254891522765,0.0
14133.541173965465,0.0
9527.980950003626,0.0
5434.040102218114,0.0
5434.040102218114,0.0
2448.498690989898,0.0
2448.498690989898,0.0
2448.498690989898,0.0
2448.498690989898,0.0
0.0,0.0
7257.049449284734,0.0
12560.291867828335,0.0
13833.0700482788,0.0
14138.536811586911,0.0
14211.848834780858,0.0
11876.57608899857,0.0
11876.57608899857,0.0
13668.978261359656,0.0
10781.268907282152,0.0
0.0,0.0
0.0,0.0
0.0,0.0
4406.885984537393,0.0
11876.252636288975,0.0
13668.900632709354,0.0
14099.136151850245,0.0
7568.607669946545,0.0
7568.607669946545,0.0
7568.607669946545,0.0
0.0,0.0
0.0,0.0
0.0,0.0
0.0,0.0
0.0,0.0
0.0,0.0
4247.593395473785,0.0
11838.022414913708,0.0
13659.72537957929,0.0
8809.23208044925,0.0
406.72184150903195,0.0
0.0,0.0
8503.230593237171,0.0
12859.375342376921,0.0
13904.850082170462,0.0
6297.752337721595,0.0
0.0,0.0
0.0,0.0
0.0,0.0
9938.015257090537,0.0
9938.015257090537,0.0
10382.810936194777,0.0
9830.888003459644,0.0
9830.888003459644,0.0
9830.888003459644,0.0
9830.888003459644,0.0
9830.888003459644,0.0
13178.013120830314,0.0
13178.013120830314,0.0
13178.013120830314,0.0
13178.013120830314,0.0
13981.323148999276,0.0
14174.117555759825,0.0
14220.388213382357,0.0
14231.493171211765,0.0
14234.158361090824,0.0
14234.798006661798,0.0
14234.951521598832,0.0
14234.988365183719,0.0
14234.997207644092,0.0
14234.999329834582,0.0
14234.9998391603,0.0
14234.999961398473,0.0
14234.999990735634,0.0
14234.999997776553,0.0
14234.999999466374,0.0
14234.999999466374,0.0
14234.999999466374,0.0
2043.237896988372,0.0
2043.237896988372,0.0
2043.237896988372,0.0
2043.237896988372,0.0
0.0,0.0
0.0,0.0
6832.819316564229,0.0
12458.476635975414,0.0
12458.476635975414,0.0
0.0,0.0
0.0,0.0
0.0,0.0
0.0,0.0
769.2853581385673,0.0
4808.853309869272,0.0
8510.961089763681,0.0
0.0,0.0
10818.6,0.0
13415.064,0.0
14038.21536,0.0
14187.7716864,0.0
13050.83193432372,0.0
0.0,0.0
0.0,0.0
0.0,0.0
0.0,0.0
669.4230495595749,0.0
669.4230495595749,0.0
669.4230495595749,0.0
669.4230495595749,0.0
669.4230495595749,0.0
669.4230495595749,0.0
669.4230495595749,0.0
669.4230495595749,0.0
669.4230495595749,0.0
669.4230495595749,0.0
3410.1885920883665,0.0
3410.1885920883665,0.0
3410.1885920883665,0.0
3410.1885920883665,0.0
3410.1885920883665,0.0
3410.1885920883665,0.0
3410.1885920883665,0.0
3410.1885920883665,0.0
3410.1885920883665,0.0
3410.1885920883665,0.0
3410.1885920883665,0.0
3410.1885920883665,0.0
3410.1885920883665,0.0
3410.1885920883665,0.0
3410.1885920883665,0.0
3410.1885920883665,0.0
3410.1885920883665,0.0
3410.1885920883665,0.0
3410.1885920883665,0.0
3410.1885920883665,0.0
3410.1885920883665,0.0
3410.1885920883665,0.0
3410.1885920883665,0.0
3410.1885920883665,0.0
3410.1885920883665,0.0
3410.1885920883665,0.0
3410.1885920883665,0.0
3410.1885920883665,0.0
3410.1885920883665,0.0
3410.1885920883665,0.0
3410.1885920883665,0.0
3410.1885920883665,0.0
3410.1885920883665,0.0
3410.1885920883665,0.0
3410.1885920883665,0.0
3410.1885920883665,0.0
3410.1885920883665,0.0
3410.1885920883665,0.0
3410.1885920883665,0.0
3410.1885920883665,0.0
5993.574995146613,0.0
5993.574995146613,0.0
5993.574995146613,0.0
5993.574995146613,0.0
5993.574995146613,0.0
5993.574995146613,0.0
548.7088619717833,0.0
0.0,0.0
0.0,0.0
10818.6,0.0
10818.6,0.0
13415.064,0.0
13415.064,0.0
13415.064,0.0
13415.064,0.0
14038.21536,0.0
14187.7716864,0.0
14223.665204736,0.0
14232.27964913664,0.0
14234.347115792794,0.0
14234.84330779027,0.0
14234.962393869664,0.0
14234.990974528719,0.0
14234.997833886893,0.0
14234.999480132854,0.0
14234.999875231884,0.0
14234.999970055653,0.0
14234.999992813357,0.0
14234.999998275205,0.0
14234.999999586049,0.0
14234.999999586049,0.0
12377.99414039406,0.0
3800.209441357205,0.0
3800.209441357205,0.0
3800.209441357205,0.0
3800.209441357205,0.0
0.0,0.0
10818.6,0.0
13415.064,0.0
14038.21536,0.0
14187.7716864,0.0
14223.665204736,0.0
10541.814974572342,0.0
0.0,0.0
2139.9717248442926,0.0
6884.6043326533545,0.0
10347.733407387797,0.0
10475.295161002316,0.0
12712.382628198247,0.0
13869.57183076758,0.0
14147.29723938422,0.0
14213.951337452212,0.0
14229.948320988531,0.0
14233.787597037248,0.0
5013.4551657186785,0.0
0.0,0.0
2601.8989577592347,0.0
8765.406799337972,0.0
12922.297631841113,0.0
7034.289929634979,0.0
0.0,0.0
9841.487060356816,0.0
13180.556894485635,0.0
13981.933654676552,0.0
14174.264077122372,0.0
10161.80596587372,0.0
1316.1548711837454,0.0
1316.1548711837454,0.0
0.0,0.0
0.0,0.0
0.0,0.0
0.0,0.0
0.0,0.0
0.0,0.0
10818.6,0.0
13415.064,0.0
14038.21536,0.0
5818.878885669323,0.0
0.0,0.0
1611.4920764937494,0.0
9676.474043819037,0.0
13140.95377051657,0.0
13972.428904923978,0.0
9559.75332364639,0.0
0.0,0.0
4522.186074583955,0.0
11903.924657900148,0.0
13675.541917896036,0.0
14100.730060295049,0.0
14202.775214470812,0.0
2935.7048778152384,0.0
7894.547802248679,0.0
12713.291472539684,0.0
13869.789953409525,0.0
14147.349588818286,0.0
6770.0792446526675,0.0
0.0,0.0
22.563484960846836,0.0
10824.015236390604,0.0
13416.363656733745,0.0
14038.5272776161,0.0
2702.911288406888,0.0
2702.911288406888,0.0
2702.911288406888,0.0
0.0,0.0
0.0,0.0
0.0,0.0
0.0,0.0
0.0,0.0
0.0,0.0
9391.577695507294,0.0
13072.578646921751,0.0
13956.018875261221,0.0
0.0,0.0
0.0,0.0
0.0,0.0
0.0,0.0
0.0,0.0
0.0,0.0
0.0,0.0
0.0,0.0
0.0,0.0
4894.51657827332,0.0
11993.283978785597,0.0
13696.988154908544,0.0
999.9427433589954,0.0
999.9427433589954,0.0
999.9427433589954,0.0
0.0,0.0
0.0,0.0
0.0,0.0
0.0,0.0
0.0,0.0
0.0,0.0
5753.34960146352,0.0
12199.403904351246,0.0
13746.456937044299,0.0
1378.425523492475,0.0
1378.425523492475,0.0
1378.425523492475,0.0
1378.425523492475,0.0
1378.425523492475,0.0
1378.425523492475,0.0
1378.425523492475,0.0
0.0,0.0
1093.6341659982754,0.0
10977.288423213377,0.0
13453.14922157121,0.0
14047.35581317709,0.0
1756.8091804737905,0.0
1756.8091804737905,0.0
1756.8091804737905,0.0
1756.8091804737905,0.0
1756.8091804737905,0.0
1756.8091804737905,0.0
1756.8091804737905,0.0
0.0,0.0
9195.83237324822,0.0
13025.599769579574,0.0
13944.743944699097,0.0
14165.338546727784,0.0
12774.911919220573,0.0
3971.323799410289,0.0
3971.323799410289,0.0
2763.8867921075557,0.0
2763.8867921075557,0.0
2763.8867921075557,0.0
2763.8867921075557,0.0
0.0,0.0
10818.6,0.0
13415.064,0.0
14038.21536,0.0
14187.7716864,0.0
14223.665204736,0.0
14223.665204736,0.0
5561.652051692236,0.0
0.0,0.0
0.0,0.0
0.0,0.0
0.0,0.0
0.0,0.0
0.0,0.0
0.0,0.0
1085.1814453074194,0.0
1085.1814453074194,0.0
1085.1814453074194,0.0
1085.1814453074194,0.0
1085.1814453074194,0.0
0.0,0.0
0.0,0.0
0.0,0.0
0.0,0.0
0.0,0.0
10818.6,0.0
13415.064,0.0
14038.21536,0.0
14187.7716864,0.0
12563.657775602122,0.0
0.0,0.0
0.0,0.0
0.0,0.0
0.0,0.0
0.0,0.0
0.0,0.0
0.0,0.0
10818.6,0.0
13415.064,0.0
14038.21536,0.0
14187.7716864,0.0
8645.924017375783,0.0
0.0,0.0
0.0,0.0
0.0,0.0
0.0,0.0
212.1006185561567,0.0
212.1006185561567,0.0
0.0,0.0
10818.6,0.0
13415.064,0.0
14038.21536,0.0
14187.7716864,0.0
14223.665204736,0.0
14232.279649136639,0.0
14234.347115792792,0.0
10365.251281702984,0.0
0.0,0.0
0.0,0.0
0.0,0.0
0.0,0.0
0.0,0.0
8229.710365524821,0.0
12793.730487725956,0.0
13889.095317054229,0.0
4806.5404765765215,0.0
0.0,0.0
0.0,0.0
8971.18400087953,0.0
12971.684160211087,0.0
13931.804198450662,0.0
14162.23300762816,0.0
9874.975925161678,0.0
13188.594222038802,0.0
13983.862613289313,0.0
14174.727027189436,0.0
14220.534486525465,0.0
14231.528276766112,0.0
14234.166786423868,0.0
14234.166786423868,0.0
14234.166786423868,0.0
14234.166786423868,0.0
10008.939624238012,0.0
10008.939624238012,0.0
0.0,0.0
2969.989040116241,0.0
11531.397369627897,0.0
13586.135368710695,0.0
14079.272488490566,0.0
3066.929353591496,0.0
3066.929353591496,0.0
3066.929353591496,0.0
0.0,0.0
0.0,0.0
0.0,0.0
0.0,0.0
0.0,0.0
0.0,0.0
10170.425924650352,0.0
13259.502221916086,0.0
14000.88053325986,0.0
14178.811327982366,0.0
9428.963491356713,0.0
8177.859101526192,0.0
10648.05101339651,0.0
11045.088606898085,0.0
8439.99757106519,0.0
2880.120247206856,0.0
0.0,0.0
10818.6,0.0
13415.064,0.0
14038.21536,0.0
14187.7716864,0.0
10778.899698084635,0.0
9333.914033073019,0.0
13058.739367937524,0.0
13952.697448305005,0.0
14167.247387593205,0.0
14218.739373022368,0.0
11462.96483757175,0.0
0.0,0.0
3744.1854584210923,0.0
11717.204510021063,0.0
13630.729082405056,0.0
14089.974979777215,0.0
7474.505276983915,0.0
7474.505276983915,0.0
6383.8588360178155,0.0
3555.257414840412,0.0
3555.257414840412,0.0
3555.257414840412,0.0
3555.257414840412,0.0
0.0,0.0
0.0,0.0
754.0756814756169,0.0
5323.859814206145,0.0
5530.809288264215,0.0
5530.809288264215,0.0
5530.809288264215,0.0
5530.809288264215,0.0
1830.6907988187886,0.0
1830.6907988187886,0.0
1413.6511002236157,0.0
1413.6511002236157,0.0
1413.6511002236157,0.0
1413.6511002236157,0.0
3951.7644305280337,0.0
11767.023463326728,0.0
13642.685631198416,0.0
8282.723109398128,0.0
1194.5049013328698,0.0
1194.5049013328698,0.0
0.0,0.0
0.0,0.0
0.0,0.0
0.0,0.0
0.0,0.0
0.0,0.0
0.0,0.0
0.0,0.0
0.0,0.0
10818.6,0.0
10818.6,0.0
10818.6,0.0
13415.064,0.0
13415.064,0.0
13415.064,0.0
9631.081940687518,0.0
10508.86270069125,0.0
10508.86270069125,0.0
10508.86270069125,0.0
10792.622225412379,0.0
10792.622225412379,0.0
10792.622225412379,0.0
10792.622225412379,0.0
10792.622225412379,0.0
10792.622225412379,0.0
13408.829334098971,0.0
13408.829334098971,0.0
4895.284685167894,0.0
4895.284685167894,0.0
4895.284685167894,0.0
4895.284685167894,0.0
10868.367848406328,0.0
10868.367848406328,0.0
10868.367848406328,0.0
10868.367848406328,0.0
10868.367848406328,0.0
10868.367848406328,0.0
10868.367848406328,0.0
10868.367848406328,0.0
10868.367848406328,0.0
10868.367848406328,0.0
10868.367848406328,0.0
10868.367848406328,0.0
10868.367848406328,0.0
10868.367848406328,0.0
10868.367848406328,0.0
9597.175675015767,0.0
11326.918077268907,0.0
13537.060338544537,0.0
14067.49448125069,0.0
14194.798675500166,0.0
14225.35168212004,0.0
14232.684403708809,0.0
14234.444256890114,0.0
14234.866621653628,0.0
14234.96798919687,0.0
14234.992317407248,0.0
14234.99815617774,0.0
2138.023442716938,0.0
11331.725626252066,0.0
13538.214150300497,0.0
14067.77139607212,0.0
14194.865135057309,0.0
14225.367632413754,0.0
0.0,0.0
0.0,0.0
10818.6,0.0
13415.064,0.0
14038.21536,0.0
12050.427354475718,0.0
0.0,0.0
0.0,0.0
10818.6,0.0
13415.064,0.0
14038.21536,0.0
14187.7716864,0.0
14223.665204736,0.0
14232.27964913664,0.0
14234.347115792794,0.0
14234.84330779027,0.0
14234.962393869664,0.0
14234.990974528719,0.0
11754.285943990773,0.0
11754.285943990773,0.0
11754.285943990773,0.0
11754.285943990773,0.0
9835.494285708883,0.0
9835.494285708883,0.0
0.0,0.0
0.0,0.0
8883.579418295703,0.0
12950.659060390968,0.0
13926.758174493832,0.0
10527.082382912897,0.0
6695.091155634225,0.0
12425.421877352215,0.0
13800.701250564533,0.0
14130.768300135487,0.0
14209.984392032517,0.0
12816.619563570333,0.0
0.0,0.0
0.0,0.0
5330.570598466295,0.0
8549.380598266207,0.0
8549.380598266207,0.0
1316.742756726946,0.0
0.0,0.0
4946.106820677849,0.0
12005.665636962683,0.0
13699.959752871044,0.0
14106.59034068905,0.0
4082.901048921054,0.0
0.0,0.0
0.0,0.0
5773.321823149305,0.0
12204.197237555833,0.0
13747.6073370134,0.0
9830.166413042658,0.0
2069.668764321539,0.0
2069.668764321539,0.0
2069.668764321539,0.0
2069.668764321539,0.0
2069.668764321539,0.0
2069.668764321539,0.0
0.0,0.0
8895.624268303043,0.0
12953.54982439273,0.0
13927.451957854255,0.0
14161.18846988502,0.0
14217.285232772405,0.0
11424.908343430281,0.0
10087.46010279541,0.0
8362.183879095799,0.0
6189.497227454032,0.0
6189.497227454032,0.0
6189.497227454032,0.0
0.0,0.0
4697.057751991917,0.0
11945.89386047806,0.0
13685.614526514735,0.0
14103.147486363538,0.0
0.0,0.0
0.0,0.0
0.0,0.0
0.0,0.0
921.8611556487527,0.0
4539.00293066889,0.0
4539.00293066889,0.0
0.0,0.0
2684.9082710353214,0.0
11462.977985048477,0.0
13569.714716411634,0.0
14075.331531938793,0.0
14196.679567665311,0.0
14225.803096239675,0.0
14232.792743097521,0.0
14234.470258343405,0.0
14234.87286200242,0.0
14234.96948688058,0.0
6971.098831058822,0.0
0.0,0.0
0.0,0.0
0.0,0.0
10818.6,0.0
11899.548988663468,0.0
11899.548988663468,0.0
11899.548988663468,0.0
10180.122840872195,0.0
10180.122840872195,0.0
10180.122840872195,0.0
10180.122840872195,0.0
13106.62658433005,0.0
13106.62658433005,0.0
13106.62658433005,0.0
13106.62658433005,0.0
13964.190380239212,0.0
14170.005691257411,0.0
14219.401365901778,0.0
14231.256327816427,0.0
14234.101518675943,0.0
14234.784364482226,0.0
14234.948247475735,0.0
14234.987579394176,0.0
14234.997019054603,0.0
14234.999284573105,0.0
14234.999828297545,0.0
14234.99995879141,0.0
14234.999990109938,0.0
14234.999997626384,0.0
14234.999999430333,0.0
7261.20433005377,0.0
1696.846263508436,0.0
0.0,0.0
0.0,0.0
1628.8175429146538,0.0
1628.8175429146538,0.0
0.0,0.0
10818.6,0.0
13415.064,0.0
14038.21536,0.0
14187.7716864,0.0
14223.665204736,0.0
12320.140234115219,0.0
210.1975002993695,0.0
0.0,0.0
534.7903397427821,0.0
2274.1607158295296,0.0
998.8879110043916,0.0
1256.1642788762338,0.0
11120.079426930297,0.0
13487.419062463272,0.0
14055.580574991185,0.0
14191.939337997885,0.0
14224.665441119492,0.0
14224.665441119492,0.0
14224.665441119492,0.0
11335.094978972156,0.0
6859.836218030127,0.0
6859.836218030127,0.0
6664.550002078016,0.0
0.0,0.0
9265.615438431976,0.0
13042.347705223674,0.0
13948.763449253682,0.0
14166.303227820883,0.0
8989.259770667486,0.0
8989.259770667486,0.0
8989.259770667486,0.0
0.0,0.0
0.0,0.0
0.0,0.0
0.0,0.0
0.0,0.0
0.0,0.0
1504.4961933229597,0.0
8462.680255088388,0.0
9744.806151468723,0.0
0.0,0.0
0.0,0.0
0.0,0.0
0.0,0.0
0.0,0.0
0.0,0.0
0.0,0.0
0.0,0.0
0.0,0.0
4001.9553435988696,0.0
10829.173251794313,0.0
11195.70477561671,0.0
2232.842623664257,0.0
2232.842623664257,0.0
2145.0257213145524,0.0
0.0,0.0
0.0,0.0
0.0,0.0
0.0,0.0
0.0,0.0
0.0,0.0
2167.101983148559,0.0
9058.6619256876,0.0
12992.678862165023,0.0
4965.807122720387,0.0
4965.807122720387,0.0
4965.807122720387,0.0
4937.978475126157,0.0
0.0,0.0
0.0,0.0
0.0,0.0
0.0,0.0
0.0,0.0
540.9567533322374,0.0
6994.351447734074,0.0
12497.244347456177,0.0
9747.775382870448,0.0
4272.691537626925,0.0
4272.691537626925,0.0
0.0,0.0
0.0,0.0
0.0,0.0
0.0,0.0
0.0,0.0
0.0,0.0
4026.4385620806142,0.0
11149.407111325381,0.0
13494.45770671809,0.0
0.0,0.0
0.0,0.0
0.0,0.0
0.0,0.0
0.0,0.0
0.0,0.0
0.0,0.0
0.0,0.0
1519.7546357813392,0.0
1519.7546357813392,0.0
1519.7546357813392,0.0
1519.7546357813392,0.0
1519.7546357813392,0.0
3783.594877082307,0.0
4268.096481406696,0.0
4268.096481406696,0.0
4481.652126695508,0.0
4481.652126695508,0.0
4481.652126695508,0.0
6262.648037467243,0.0
6262.648037467243,0.0
6262.648037467243,0.0
7527.4533728340975,0.0
7527.4533728340975,0.0
7527.4533728340975,0.0
0.0,0.0
7779.015858227518,0.0
7779.015858227518,0.0
7779.015858227518,0.0
7779.015858227518,0.0
7779.015858227518,0.0
1942.6380725017952,0.0
1942.6380725017952,0.0
1942.6380725017952,0.0
11284.83313740043,0.0
13526.959952976104,0.0
14065.070388714264,0.0
14194.216893291423,0.0
14225.212054389942,0.0
14232.650893053586,0.0
14234.43621433286,0.0
14234.864691439887,0.0
14234.967525945573,0.0
4438.609060049474,0.0
11883.866174411873,0.0
13670.72788185885,0.0
14099.574691646123,0.0
14202.497925995069,0.0
14202.497925995069,0.0
8326.5662700529,0.0
12816.975904812696,0.0
13894.674217155047,0.0
14153.32181211721,0.0
14215.39723490813,0.0
8051.4801494509975,0.0
0.0,0.0
0.0,0.0
10818.6,0.0
13415.064,0.0
14038.21536,0.0
627.9225998709935,0.0
627.9225998709935,0.0
0.0,0.0
3574.6251434623086,0.0
3574.6251434623086,0.0
6325.327208661289,0.0
1987.2290629976123,0.0
0.0,0.0
0.0,0.0
0.0,0.0
10818.6,0.0
13415.064,0.0
14038.21536,0.0
14187.7716864,0.0
14223.665204736,0.0
14232.27964913664,0.0
14234.347115792794,0.0
14234.84330779027,0.0
14234.962393869664,0.0
14234.990974528719,0.0
14234.997833886893,0.0
14234.999480132854,0.0
14234.999875231884,0.0
14234.999970055653,0.0
14234.999992813357,0.0
9562.26614323348,0.0
9562.26614323348,0.0
2942.123875075713,0.0
2942.123875075713,0.0
2642.7427800152886,0.0
927.5716351308838,0.0
0.0,0.0
10818.6,0.0
13415.064,0.0
14038.21536,0.0
14187.7716864,0.0
10506.017196191242,0.0
2193.274714912354,0.0
2193.274714912354,0.0
233.8053018999817,0.0
233.8053018999817,0.0
233.8053018999817,0.0
233.8053018999817,0.0
0.0,0.0
10818.6,0.0
13415.064,0.0
14038.21536,0.0
14187.7716864,0.0
14223.665204736,0.0
10817.930232071289,0.0
9998.370594020387,0.0
9998.370594020387,0.0
13218.208942564894,0.0
13507.48337349923,0.0
7701.088315763785,0.0
0.0,0.0
6859.959022860527,0.0
12464.990165486526,0.0
13810.197639716767,0.0
14133.047433532025,0.0
10849.414328459992,0.0
1080.6632970003193,0.0
1080.6632970003193,0.0
0.0,0.0
0.0,0.0
0.0,0.0
0.0,0.0
0.0,0.0
0.0,0.0
9713.296152992218,0.0
13149.791076718133,0.0
13974.549858412352,0.0
4551.373479327602,0.0
4551.373479327602,0.0
4551.373479327602,0.0
0.0,0.0
0.0,0.0
0.0,0.0
0.0,0.0
0.0,0.0
0.0,0.0
8176.96000311667,0.0
12781.070400748002,0.0
13886.056896179522,0.0
9174.160761725776,0.0
0.0,0.0
0.0,0.0
0.0,0.0
0.0,0.0
0.0,0.0
0.0,0.0
0.0,0.0
0.0,0.0
10818.6,0.0
13415.064,0.0
14038.21536,0.0
13556.909525875226,0.0
1074.8924522828456,0.0
1074.8924522828456,0.0
1074.8924522828456,0.0
1074.8924522828456,0.0
1074.8924522828456,0.0
0.0,0.0
0.0,0.0
10818.6,0.0
13415.064,0.0
14038.21536,0.0
14187.7716864,0.0
14223.665204736,0.0
14223.665204736,0.0
14215.310900972194,0.0
0.0,0.0
0.0,0.0
0.0,0.0
0.0,0.0
0.0,0.0
10818.6,0.0
10818.6,0.0
13415.064,0.0
13415.064,0.0
13415.064,0.0
13415.064,0.0
13415.064,0.0
13415.064,0.0
13415.064,0.0
13415.064,0.0
7466.049230503184,0.0
4956.53469832558,0.0
4956.53469832558,0.0
12008.16832759814,0.0
13700.560398623553,0.0
14106.734495669652,0.0
14204.216278960717,0.0
14227.611906950573,0.0
14233.226857668138,0.0
14234.574445840353,0.0
14234.897867001684,0.0
14234.975488080403,0.0
12126.375940519036,0.0
11087.499040691051,0.0
13479.599769765853,0.0
14053.703944743806,0.0
14191.488946738513,0.0
14224.557347217244,0.0
14232.493763332139,0.0
14234.398503199713,0.0
13875.234080924369,0.0
14148.656179421849,0.0
11284.59324360216,0.0
3524.5088202766037,0.0
3524.5088202766037,0.0
0.0,0.0
5186.453097983795,0.0
12063.348743516111,0.0
13713.803698443866,0.0
14109.912887626528,0.0
14204.979093030366,0.0
10813.189530727386,0.0
10813.189530727386,0.0
8815.309279763072,0.0
3498.1937654496196,0.0
3498.1937654496196,0.0
0.0,0.0
0.0,0.0
10818.6,0.0
13415.064,0.0
14038.21536,0.0
14187.7716864,0.0
14223.665204736,0.0
7341.658923290299,0.0
1660.0726339232424,0.0
3124.5727444316126,0.0
7986.010364157074,0.0
12735.242487397698,0.0
12735.242487397698,0.0
13875.058196975448,0.0
14148.613967274108,0.0
14214.267352145785,0.0
14230.024164514989,0.0
14233.805799483598,0.0
14234.713391876065,0.0
14234.713391876065,0.0
10259.012619085779,0.0
7898.071200035757,0.0
0.0,0.0
0.0,0.0
0.0,0.0
0.0,0.0
0.0,0.0
10260.13345955851,0.0
13281.032030294042,0.0
14006.04768727057,0.0
10180.124378290628,0.0
0.0,0.0
0.0,0.0
0.0,0.0
0.0,0.0
0.0,0.0
0.0,0.0
0.0,0.0
10818.6,0.0
13415.064,0.0
14038.21536,0.0
14187.7716864,0.0
8904.926923855473,0.0
3609.6205350701257,0.0
3609.6205350701257,0.0
1392.6386365079443,0.0
1392.6386365079443,0.0
730.0485683310471,0.0
730.0485683310471,0.0
0.0,0.0
8028.33655451714,0.0
12745.400773084115,0.0
13877.496185540187,0.0
14149.199084529644,0.0
7177.554549361786,0.0
470.3402387297331,0.0
2367.9484844958697,0.0
8940.923753104376,0.0
12736.808442127422,0.0
13875.434026110583,0.0
6395.1510019768975,0.0
307.49719774901405,0.0
0.0,0.0
8372.831808608948,0.0
12828.079634066147,0.0
13461.226915857455,0.0
2281.3582141389197,0.0
0.0,0.0
0.0,0.0
10818.6,0.0
13415.064,0.0
14038.21536,0.0
14187.7716864,0.0
801.7182798857139,0.0
3899.1804714136415,0.0
11754.403313139275,0.0
13639.656795153427,0.0
14092.117630836823,0.0
14200.708231400837,0.0
14226.769975536201,0.0
14233.024794128689,0.0
14234.525950590885,0.0
14234.886228141813,0.0
14234.972694754035,0.0
14234.993446740968,0.0
0.0,0.0
0.0,0.0
10818.6,0.0
13415.064,0.0
14038.21536,0.0
5602.572739769988,0.0
0.0,0.0
0.0,0.0
4870.880950262344,0.0
7737.058849042606,0.0
10399.25231910469,0.0
10087.053974527058,0.0
115.09907463455238,0.0
0.0,0.0
3407.906244174082,0.0
10071.209022177729,0.0
10071.209022177729,0.0
2355.596910303385,0.0
2355.596910303385,0.0
2355.596910303385,0.0
0.0,0.0
0.0,0.0
0.0,0.0
0.0,0.0
0.0,0.0
0.0,0.0
5472.202654111708,0.0
12131.92863698681,0.0
13158.671079959198,0.0
2278.1809307336243,0.0
2278.1809307336243,0.0
8134.737970291664,0.0
9304.196328154812,0.0
4960.8811951825155,0.0
4960.8811951825155,0.0
4960.8811951825155,0.0
0.0,0.0
0.0,0.0
9554.33237372784,0.0
13111.639769694682,0.0
13965.393544726723,0.0
6139.668126932147,0.0
6139.668126932147,0.0
6139.668126932147,0.0
2048.1236184172067,0.0
2048.1236184172067,0.0
2048.1236184172067,0.0
2048.1236184172067,0.0
0.0,0.0
3343.9938694166867,0.0
11621.158528660006,0.0
13607.678046878402,0.0
14084.442731250816,0.0
11388.960570318995,0.0
6482.551027875586,0.0
6482.551027875586,0.0
7525.623410874459,0.0
6492.780264444711,0.0
6492.780264444711,0.0
6492.780264444711,0.0
0.0,0.0
0.0,0.0
6087.700332846114,0.0
12279.648079883067,0.0
13765.715539171935,0.0
4922.862410095628,0.0
0.0,0.0
6910.631532855031,0.0
12477.151567885208,0.0
13813.116376292452,0.0
9814.83572879525,0.0
9814.83572879525,0.0
0.0,0.0
0.0,0.0
10818.6,0.0
13415.064,0.0
14038.21536,0.0
0.0,0.0
0.0,0.0
0.0,0.0
0.0,0.0
0.0,0.0
0.0,0.0
0.0,0.0
0.0,0.0
0.0,0.0
5984.098385761923,0.0
12254.783612582862,0.0
12884.207034962585,0.0
2985.7004761138355,0.0
2985.7004761138355,0.0
2985.7004761138355,0.0
0.0,0.0
0.0,0.0
0.0,0.0
0.0,0.0
0.0,0.0
4768.472011888211,0.0
11963.033282853172,0.0
13689.727987884762,0.0
14104.134717092344,0.0
7551.517915578697,0.0
7551.517915578697,0.0
7551.517915578697,0.0
0.0,0.0
0.0,0.0
0.0,0.0
0.0,0.0
0.0,0.0
4026.5696118314117,0.0
11784.976706839538,0.0
13646.99440964149,0.0
14093.878658313957,0.0
14201.13087799535,0.0
14226.871410718884,0.0
14233.049138572533,0.0
14234.531793257407,0.0
14234.887630381778,0.0
14234.973031291627,0.0
12719.385378304736,0.0
8886.899314978815,0.0
12951.455835594916,0.0
13926.94940054278,0.0
14161.067856130267,0.0
14217.256285471263,0.0
11245.615028267883,0.0
8822.585902131876,0.0
12936.02061651165,0.0
13612.493668713634,0.0
13612.493668713634,0.0
8140.460598312444,0.0
3062.815083926007,0.0
0.0,0.0
7114.483020907288,0.0
12526.075925017749,0.0
13824.858222004259,0.0
14136.565973281022,0.0
9588.713939753266,0.0
7957.2339412238925,0.0
7957.2339412238925,0.0
7957.2339412238925,0.0
7957.2339412238925,0.0
6891.964476538102,0.0
6891.964476538102,0.0
6891.964476538102,0.0
0.0,0.0
0.0,0.0
6062.189020969428,0.0
12273.525365032663,0.0
5087.382809288538,0.0
5087.382809288538,0.0
5087.382809288538,0.0
41.03557317423929,0.0
0.0,0.0
0.0,0.0
0.0,0.0
0.0,0.0
10818.6,0.0
13415.064,0.0
14038.21536,0.0
14187.7716864,0.0
14223.665204736,0.0
14223.665204736,0.0
14223.665204736,0.0
11734.534082519442,0.0
11734.534082519442,0.0
11734.534082519442,0.0
11734.534082519442,0.0
0.0,0.0
0.0,0.0
6462.804638662354,0.0
12369.673113278965,0.0
13787.321547186952,0.0
6794.167528893937,0.0
0.0,0.0
0.0,0.0
3222.65887098181,0.0
1918.8776866760932,0.0
1918.8776866760932,0.0
1918.8776866760932,0.0
1918.8776866760932,0.0
0.0,0.0
4115.12690947306,0.0
11806.230458273534,0.0
13652.095309985649,0.0
4248.42293497037,0.0
4248.42293497037,0.0
4248.42293497037,0.0
0.0,0.0
0.0,0.0
0.0,0.0
0.0,0.0
0.0,0.0
0.0,0.0
10496.22533375644,0.0
13337.694080101546,0.0
14019.64657922437,0.0
12844.713851704882,0.0
1281.7148376886234,0.0
1281.7148376886234,0.0
0.0,0.0
0.0,0.0
0.0,0.0
0.0,0.0
0.0,0.0
10818.6,0.0
13415.064,0.0
14038.21536,0.0
14187.7716864,0.0
14223.665204736,0.0
4311.340620182516,0.0
4311.340620182516,0.0
3677.045856171886,0.0
3677.045856171886,0.0
0.0,0.0
0.0,0.0
0.0,0.0
6750.3782545666,0.0
12438.690781095984,0.0
13803.885787463036,0.0
14131.53258899113,0.0
7183.080070747254,0.0
0.0,0.0
3750.991931497161,0.0
11718.838063559318,0.0
13631.121135254236,0.0
14090.069072461016,0.0
11127.282229744162,0.0
0.0,0.0
10316.148929135717,0.0
13294.475742992572,0.0
14009.274178318217,0.0
14180.825802796373,0.0
11913.161862968242,0.0
13677.758847112378,0.0
14101.262123306971,0.0
14202.902909593673,0.0
14227.296698302482,0.0
14233.151207592595,0.0
14234.556289822223,0.0
5496.503045045247,0.0
12137.76073081086,0.0
13731.662575394606,0.0
14114.199018094705,0.0
14206.007764342728,0.0
5885.429414478855,0.0
5051.283070972712,0.0
8179.783782140277,0.0
7535.592517882764,0.0
7252.618348807848,0.0
7252.618348807848,0.0
0.0,0.0
0.0,0.0
0.0,0.0
4954.006275309987,0.0
11304.634542291482,0.0
13531.712290149955,0.0
5382.393592743945,0.0
5382.393592743945,0.0
5382.393592743945,0.0
0.0,0.0
0.0,0.0
0.0,0.0
0.0,0.0
0.0,0.0
0.0,0.0
8766.266351619633,0.0
12922.503924388711,0.0
13920.00094185329,0.0
2276.7401551938456,0.0
2276.7401551938456,0.0
4613.513724135944,0.0
5754.87274235849,0.0
6171.21999116927,0.0
1757.7145728868327,0.0
1757.7145728868327,0.0
1757.7145728868327,0.0
1757.7145728868327,0.0
6102.7414825853875,0.0
9271.143686549301,0.0
7755.153644749749,0.0
930.762448286383,0.0
930.762448286383,0.0
0.0,0.0
0.0,0.0
0.0,0.0
3819.4692106919883,0.0
9714.62605192921,0.0
13150.110252463011,0.0
13974.626460591122,0.0
14172.51035054187,0.0
14220.00248413005,0.0
14231.400596191212,0.0
14234.13614308589,0.0
14234.792674340613,0.0
10599.18844016218,0.0
2977.808970130075,0.0
0.0,0.0
0.0,0.0
0.0,0.0
0.0,0.0
10818.6,0.0
13415.064,0.0
14038.21536,0.0
14187.7716864,0.0
14187.7716864,0.0
8765.399596421008,0.0
8765.399596421008,0.0
5520.718705466079,0.0
5138.293385949375,0.0
4609.326833724514,0.0
4609.326833724514,0.0
0.0,0.0
1664.8345366626309,0.0
11218.160288799032,0.0
13510.958469311769,0.0
14061.230032634825,0.0
0.0,0.0
0.0,0.0
0.0,0.0
0.0,0.0
0.0,0.0
0.0,0.0
0.0,0.0
0.0,0.0
0.0,0.0
6176.947113073465,0.0
12301.067307137631,0.0
13770.856153713032,0.0
7737.629890852075,0.0
2833.7179985052844,0.0
2833.7179985052844,0.0
5551.968857920217,0.0
5551.968857920217,0.0
4626.867047496581,0.0
4626.867047496581,0.0
0.0,0.0
5942.561442522518,0.0
12244.814746205404,0.0
13757.355539089298,0.0
14120.365329381437,0.0
12471.506758375132,0.0
8737.64681980492,0.0
12915.63523675318,0.0
13918.352456820763,0.0
14159.004589636985,0.0
14216.761101512877,0.0
11057.274009229883,0.0
0.0,0.0
10818.6,0.0
13415.064,0.0
14038.21536,0.0
14187.7716864,0.0
14223.665204736,0.0
14232.27964913664,0.0
14234.347115792794,0.0
14234.84330779027,0.0
14234.962393869664,0.0
14234.990974528719,0.0
14234.997833886893,0.0
5971.734697095235,0.0
12251.816327302857,0.0
13759.035918552685,0.0
14120.768620452644,0.0
14207.584468908633,0.0
8165.2184682584175,0.0
0.0,0.0
5844.478093929549,0.0
12221.274742543092,0.0
13751.705938210342,0.0
14119.009425170481,0.0
14207.162262040916,0.0
3684.2425556399376,0.0
0.0,0.0
6643.367364140773,0.0
12413.008167393786,0.0
13797.72196017451,0.0
1699.9028522754234,0.0
1699.9028522754234,0.0
1699.9028522754234,0.0
1699.9028522754234,0.0
1699.9028522754234,0.0
1699.9028522754234,0.0
1699.9028522754234,0.0
0.0,0.0
10818.6,0.0
13415.064,0.0
14038.21536,0.0
14187.7716864,0.0
14187.7716864,0.0
14187.7716864,0.0
14187.7716864,0.0
6678.955304004356,0.0
6678.955304004356,0.0
6678.955304004356,0.0
6678.955304004356,0.0
0.0,0.0
0.0,0.0
0.0,0.0
0.0,0.0
0.0,0.0
0.0,0.0
0.0,0.0
0.0,0.0
0.0,0.0
0.0,0.0
0.0,0.0
0.0,0.0
0.0,0.0
0.0,0.0
10818.6,0.0
13415.064,0.0
8729.512757372859,0.0
0.0,0.0
0.0,0.0
0.0,0.0
0.0,0.0
0.0,0.0
6045.511879909973,0.0
6045.511879909973,0.0
6045.511879909973,0.0
6045.511879909973,0.0
6045.511879909973,0.0
6045.511879909973,0.0
6045.511879909973,0.0
12269.522851178393,0.0
12269.522851178393,0.0
13763.285484282815,0.0
14121.788516227876,0.0
14207.82924389469,0.0
14228.479018534726,0.0
14233.434964448334,0.0
14234.6243914676,0.0
14234.909853952224,0.0
14234.978364948534,0.0
14234.99480758765,0.0
14234.998753821035,0.0
14234.99970091705,0.0
14234.999928220092,0.0
14234.999982772822,0.0
14234.999995865477,0.0
14234.99999900772,0.0
14234.999999761852,0.0
10284.150544499698,0.0
0.0,0.0
4902.083130718369,0.0
11995.09995137241,0.0
13697.423988329378,0.0
14105.98175719905,0.0
14204.035621727771,0.0
13630.653502816886,0.0
13630.653502816886,0.0
2319.5144590911477,0.0
2319.5144590911477,0.0
2319.5144590911477,0.0
2319.5144590911477,0.0
0.0,0.0
3642.2283958798507,0.0
11692.734815011165,0.0
13624.85635560268,0.0
14088.565525344644,0.0
10288.606984222093,0.0
5958.39539678815,0.0
5958.39539678815,0.0
0.0,0.0
0.0,0.0
0.0,0.0
0.0,0.0
0.0,0.0
0.0,0.0
0.0,0.0
10818.6,0.0
10818.6,0.0
10818.6,0.0
10818.6,0.0
13415.064,0.0
14038.21536,0.0
14187.7716864,0.0
14223.665204736,0.0
14232.27964913664,0.0
13315.292182140605,0.0
14014.270123713744,0.0
14182.024829691298,0.0
14222.285959125911,0.0
14231.948630190218,0.0
14234.267671245652,0.0
14234.824241098957,0.0
14234.95781786375,0.0
14234.9898762873,0.0
14234.997570308951,0.0
14234.999416874147,0.0
9110.844772974157,0.0
0.0,0.0
0.0,0.0
10818.6,0.0
13415.064,0.0
14038.21536,0.0
0.0,0.0
0.0,0.0
0.0,0.0
0.0,0.0
0.0,0.0
0.0,0.0
0.0,0.0
0.0,0.0
0.0,0.0
0.0,0.0
522.0087110608796,0.0
522.0087110608796,0.0
522.0087110608796,0.0
522.0087110608796,0.0
522.0087110608796,0.0
0.0,0.0
0.0,0.0
0.0,0.0
0.0,0.0
0.0,0.0
0.0,0.0
4777.340279796623,0.0
11965.16166715119,0.0
13667.120961772158,0.0
0.0,0.0
0.0,0.0
0.0,0.0
0.0,0.0
0.0,0.0
0.0,0.0
0.0,0.0
0.0,0.0
0.0,0.0
10818.6,0.0
13415.064,0.0
14038.21536,0.0
7690.794244643401,0.0
0.0,0.0
0.0,0.0
0.0,0.0
0.0,0.0
0.0,0.0
0.0,0.0
0.0,0.0
2148.4862081378596,0.0
11334.236689953086,0.0
13538.81680558874,0.0
14067.916033341296,0.0
8812.967061179415,0.0
0.0,0.0
0.0,0.0
1341.0971830394046,0.0
11140.463323929458,0.0
13492.31119774307,0.0
14056.754687458337,0.0
14192.221124990001,0.0
14224.733069997601,0.0
14232.535936799424,0.0
14234.408624831862,0.0
14234.85806995965,0.0
14234.965936790315,0.0
6198.332164535299,0.0
0.0,0.0
8017.706383889965,0.0
12742.84953213359,0.0
13876.883887712062,0.0
7131.9322737081975,0.0
5728.432392911869,0.0
0.0,0.0
10818.6,0.0
13415.064,0.0
14038.21536,0.0
986.8723222028557,0.0
0.0,0.0
5232.509133230778,0.0
5232.509133230778,0.0
5232.509133230778,0.0
5232.509133230778,0.0
10065.327466243536,0.0
12120.137346136742,0.0
13727.432963072819,0.0
13727.432963072819,0.0
14113.183911137476,0.0
14205.764138672994,0.0
14227.983393281518,0.0
14233.316014387565,0.0
14234.595843453015,0.0
14234.903002428724,0.0
14234.976720582894,0.0
14234.994412939894,0.0
14234.998659105575,0.0
3968.013097411607,0.0
11770.923143378785,0.0
13643.621554410909,0.0
14093.069173058619,0.0
14200.93660153407,0.0
14226.824784368182,0.0
14233.037948248364,0.0
14233.037948248364,0.0
14117.047546029655,0.0
14117.047546029655,0.0
14117.047546029655,0.0
4977.544198081814,0.0
0.0,0.0
10818.6,0.0
13415.064,0.0
14038.21536,0.0
14187.7716864,0.0
14223.665204736,0.0
14232.27964913664,0.0
14234.347115792794,0.0
14234.84330779027,0.0
14234.962393869664,0.0
14234.990974528719,0.0
14234.997833886893,0.0
9838.502077969788,0.0
12586.362910124655,0.0
13839.327098429918,0.0
14140.03850362318,0.0
14212.209240869563,0.0
0.0,0.0
0.0,0.0
0.0,0.0
0.0,0.0
0.0,0.0
0.0,0.0
0.0,0.0
0.0,0.0
0.0,0.0
4185.265683876656,0.0
11823.063764130398,0.0
13656.135303391296,0.0
0.0,0.0
0.0,0.0
0.0,0.0
0.0,0.0
0.0,0.0
0.0,0.0
0.0,0.0
0.0,0.0
0.0,0.0
0.0,0.0
4079.0838098983577,0.0
3345.465546872946,0.0
3345.465546872946,0.0
3345.465546872946,0.0
3345.465546872946,0.0
0.0,0.0
0.0,0.0
0.0,0.0
0.0,0.0
0.0,0.0
0.0,0.0
0.0,0.0
10810.857453396146,0.0
13413.205788815074,0.0
14037.769389315617,0.0
14037.769389315617,0.0
14037.769389315617,0.0
8097.041512994162,0.0
8097.041512994162,0.0
8097.041512994162,0.0
8097.041512994162,0.0
0.0,0.0
0.0,0.0
3855.372409399525,0.0
10014.837748961278,0.0
8680.362947769741,0.0
0.0,0.0
0.0,0.0
0.0,0.0
0.0,0.0
2606.4844460671147,0.0
6972.692311263396,0.0
6587.2837040449995,0.0
270.759060645451,0.0
2239.4643063591648,0.0
11356.0714335262,0.0
13544.057144046288,0.0
14069.173714571109,0.0
14195.201691497066,0.0
14225.448405959296,0.0
14232.707617430231,0.0
14234.449828183255,0.0
14234.867958763982,0.0
14234.968310103355,0.0
14234.992394424806,0.0
14234.998174661954,0.0
14234.999561918868,0.0
14234.999894860528,0.0
14234.999974766526,0.0
14234.999993943966,0.0
10048.695195702137,0.0
0.0,0.0
0.0,0.0
0.0,0.0
0.0,0.0
0.0,0.0
0.0,0.0
0.0,0.0
0.0,0.0
3976.531930138859,0.0
11772.967663233327,0.0
13644.112239175998,0.0
0.0,0.0
0.0,0.0
0.0,0.0
1072.8218993879364,0.0
3971.8353524175513,0.0
3971.8353524175513,0.0
4175.278727470977,0.0
0.0,0.0
0.0,0.0
397.2588251930579,0.0
397.2588251930579,0.0
2833.832069237666,0.0
2833.832069237666,0.0
2921.723152507042,0.0
2921.723152507042,0.0
2921.723152507042,0.0
2921.723152507042,0.0
2921.723152507042,0.0
2921.723152507042,0.0
2921.723152507042,0.0
9531.798953815734,0.0
9531.798953815734,0.0
9531.798953815734,0.0
9531.798953815734,0.0
9531.798953815734,0.0
9531.798953815734,0.0
9531.798953815734,0.0
9531.798953815734,0.0
9531.798953815734,0.0
9531.798953815734,0.0
9531.798953815734,0.0
9531.798953815734,0.0
9531.798953815734,0.0
9531.798953815734,0.0
9531.798953815734,0.0
9531.798953815734,0.0
9531.798953815734,0.0
9531.798953815734,0.0
4777.198174226498,0.0
0.0,0.0
0.0,0.0
0.0,0.0
0.0,0.0
3436.94333034185,0.0
3436.94333034185,0.0
3436.94333034185,0.0
3436.94333034185,0.0
3436.94333034185,0.0
3436.94333034185,0.0
3436.94333034185,0.0
3436.94333034185,0.0
3436.94333034185,0.0
3436.94333034185,0.0
3436.94333034185,0.0
3436.94333034185,0.0
3436.94333034185,0.0
3436.94333034185,0.0
3436.94333034185,0.0
3436.94333034185,0.0
3436.94333034185,0.0
3436.94333034185,0.0
3436.94333034185,0.0
3436.94333034185,0.0
3436.94333034185,0.0
11643.466399282044,0.0
11643.466399282044,0.0
11643.466399282044,0.0
0.0,0.0
5009.766381494021,0.0
12020.943931558566,0.0
12020.943931558566,0.0
12020.943931558566,0.0
12020.943931558566,0.0
12020.943931558566,0.0
12020.943931558566,0.0
12020.943931558566,0.0
12020.943931558566,0.0
13703.626543574055,0.0
14107.470370457773,0.0
14204.392888909866,0.0
14227.654293338368,0.0
14233.237030401207,0.0
14234.576887296289,0.0
14234.898452951109,0.0
14234.975628708266,0.0
14234.994150889983,0.0
14234.998596213596,0.0
14234.999663091263,0.0
14234.999919141903,0.0
14234.999980594057,0.0
14234.999995342574,0.0
14234.999998882218,0.0
14234.999999731732,0.0
14234.999999935615,0.0
14234.999999984548,0.0
14234.999999996291,0.0
11728.952293789835,0.0
10511.378310158436,0.0
5321.007542716158,0.0
3906.5707459241935,0.0
3906.5707459241935,0.0
1308.7100862694842,0.0
1308.7100862694842,0.0
0.0,0.0
0.0,0.0
6445.773861904308,0.0
12365.585726857034,0.0
12365.585726857034,0.0
4560.840178507624,0.0
4560.840178507624,0.0
11913.20164284183,0.0
13677.768394282039,0.0
14101.264414627689,0.0
14202.903459510646,0.0
14227.296830282556,0.0
13309.717519474369,0.0
14012.932204673849,0.0
14181.703729121724,0.0
14222.208894989213,0.0
14231.93013479741,0.0
8160.252993465059,0.0
12777.060718431614,0.0
13885.094572423588,0.0
14151.02269738166,0.0
14214.8454473716,0.0
14230.162907369184,0.0
14230.162907369184,0.0
0.0,0.0
0.0,0.0
0.0,0.0
0.0,0.0
0.0,0.0
0.0,0.0
0.0,0.0
0.0,0.0
0.0,0.0
0.0,0.0
0.0,0.0
0.0,0.0
0.0,0.0
0.0,0.0
0.0,0.0
0.0,0.0
0.0,0.0
0.0,0.0
0.0,0.0
755.570248892258,0.0
755.570248892258,0.0
755.570248892258,0.0
10999.936859734134,0.0
10999.936859734134,0.0
11120.520936171935,0.0
11120.520936171935,0.0
11120.520936171935,0.0
11120.520936171935,0.0
11120.520936171935,0.0
11120.520936171935,0.0
13487.525024681265,0.0
13487.525024681265,0.0
13487.525024681265,0.0
13487.525024681265,0.0
13487.525024681265,0.0
14055.606005923504,0.0
10306.037120217145,0.0
13292.048908852115,0.0
14008.691738124508,0.0
14180.686017149881,0.0
14221.964644115971,0.0
14231.871514587832,0.0
14234.24916350108,0.0
14234.819799240258,0.0
14234.956751817663,0.0
14234.98962043624,0.0
14234.997508904697,0.0
14234.999402137128,0.0
14234.99985651291,0.0
14234.999965563098,0.0
14234.999991735143,0.0
14234.999998016438,0.0
14235.0,0.0
14235.0,0.0
14235.0,0.0
14235.0,0.0
14235.0,0.0
14235.0,0.0
14235.0,0.0
14235.0,0.0
14235.0,0.0
14235.0,0.0
14235.0,0.0
14235.0,0.0
14235.0,0.0
7109.192904005373,0.0
12524.80629696129,0.0
13824.55351127071,0.0
14136.49284270497,0.0
14211.358282249194,0.0
14165.33841084342,0.0
5617.450133025535,0.0
5617.450133025535,0.0
0.0,0.0
7324.526386614945,0.0
12576.486332787586,0.0
8686.070788194746,0.0
1420.4620339682006,0.0
11159.510888152368,0.0
13496.88261315657,0.0
14057.851827157576,0.0
14192.484438517818,0.0
14224.796265244277,0.0
13499.329990316863,0.0
3951.676731504738,0.0
0.0,0.0
10818.6,0.0
13415.064,0.0
14038.21536,0.0
14187.7716864,0.0
14223.665204736,0.0
14232.27964913664,0.0
14234.347115792794,0.0
12473.137402410914,0.0
8601.109086033093,0.0
8601.109086033093,0.0
0.0,0.0
0.0,0.0
0.0,0.0
0.0,0.0
0.0,0.0
0.0,0.0
0.0,0.0
0.0,0.0
0.0,0.0
0.0,0.0
0.0,0.0
0.0,0.0
0.0,0.0
0.0,0.0
0.0,0.0
0.0,0.0
0.0,0.0
0.0,0.0
0.0,0.0
10818.6,0.0
13415.064,0.0
14038.21536,0.0
14187.7716864,0.0
14223.665204736,0.0
14232.27964913664,0.0
14234.347115792794,0.0
14234.84330779027,0.0
14234.962393869664,0.0
14234.990974528719,0.0
14234.997833886893,0.0
14234.999480132854,0.0
14234.999875231884,0.0
14234.999970055653,0.0
14234.999992813357,0.0
14234.999998275205,0.0
14234.999999586049,0.0
0.0,0.0
0.0,0.0
10818.6,0.0
13415.064,0.0
14038.21536,0.0
7353.222593795832,0.0
7353.222593795832,0.0
7353.222593795832,0.0
0.0,0.0
0.0,0.0
0.0,0.0
0.0,0.0
0.0,0.0
0.0,0.0
9916.754111146987,0.0
13198.620986675276,0.0
13986.269036802067,0.0
13623.74703146244,0.0
14088.299287550986,0.0
14199.791829012236,0.0
14226.550038962936,0.0
14232.972009351104,0.0
14234.513282244265,0.0
11704.919638659154,0.0
308.4952757679639,0.0
308.4952757679639,0.0
308.4952757679639,0.0
308.4952757679639,0.0
308.4952757679639,0.0
308.4952757679639,0.0
308.4952757679639,0.0
308.4952757679639,0.0
308.4952757679639,0.0
308.4952757679639,0.0
308.4952757679639,0.0
308.4952757679639,0.0
308.4952757679639,0.0
308.4952757679639,0.0
0.0,0.0
3999.2187132087915,0.0
3102.590684138841,0.0
3102.590684138841,0.0
3102.590684138841,0.0
3102.590684138841,0.0
0.0,0.0
0.0,0.0
0.0,0.0
0.0,0.0
0.0,0.0
0.0,0.0
0.0,0.0
0.0,0.0
0.0,0.0
0.0,0.0
0.0,0.0
0.0,0.0
0.0,0.0
0.0,0.0
0.0,0.0
0.0,0.0
0.0,0.0
0.0,0.0
0.0,0.0
10818.6,0.0
13415.064,0.0
13415.064,0.0
13415.064,0.0
14038.21536,0.0
14187.7716864,0.0
14187.7716864,0.0
14187.7716864,0.0
14223.665204736,0.0
14232.27964913664,0.0
14234.347115792794,0.0
14234.84330779027,0.0
14234.962393869664,0.0
14234.990974528719,0.0
14234.997833886893,0.0
14234.999480132854,0.0
14234.999875231884,0.0
14234.999970055653,0.0
14234.999992813357,0.0
14234.999998275205,0.0
14234.999999586049,0.0
14234.999999900652,0.0
14234.999999976157,0.0
14234.999999994277,0.0
14234.999999998627,0.0
13671.066465592041,0.0
400.5474932490679,0.0
400.5474932490679,0.0
400.5474932490679,0.0
400.5474932490679,0.0
400.5474932490679,0.0
400.5474932490679,0.0
0.0,0.0
0.0,0.0
595.2585925883641,0.0
10961.462062221206,0.0
13449.35089493309,0.0
13449.35089493309,0.0
13048.911849733195,0.0
7844.023512269854,0.0
9518.673013888238,0.0
9518.673013888238,0.0
9840.012635607669,0.0
9840.012635607669,0.0
13180.20303254584,0.0
13180.20303254584,0.0
13180.20303254584,0.0
13180.20303254584,0.0
13981.848727811002,0.0
13981.848727811002,0.0
13981.848727811002,0.0
13981.848727811002,0.0
14174.24369467464,0.0
14220.418486721914,0.0
14231.50043681326,0.0
14234.160104835182,0.0
14234.798425160443,0.0
14234.951622038507,0.0
14234.988389289241,0.0
14234.997213429418,0.0
14234.99933122306,0.0
14234.999839493534,0.0
14234.999961478448,0.0
14234.999990754828,0.0
14234.999997781159,0.0
14234.999999467478,0.0
14234.999999872194,0.0
14234.999999969326,0.0
14234.999999969326,0.0
0.0,0.0
0.0,0.0
0.0,0.0
8021.577756856875,0.0
2390.293414711622,0.0
2390.293414711622,0.0
0.0,0.0
0.0,0.0
2176.764527881887,0.0
8967.245974112227,0.0
12970.739033786935,0.0
13835.929337319027,0.0
5691.40245041402,0.0
12184.536588099365,0.0
13742.888781143847,0.0
14116.893307474524,0.0
14206.654393793886,0.0
14228.197054510532,0.0
14233.367293082527,0.0
14234.608150339807,0.0
14234.905956081559,0.0
14234.977429459574,0.0
14234.977429459574,0.0
14234.977429459574,0.0
2398.911894350964,0.0
2398.911894350964,0.0
2398.911894350964,0.0
2398.911894350964,0.0
0.0,0.0
0.0,0.0
0.0,0.0
0.0,0.0
4443.0803156177135,0.0
4443.0803156177135,0.0
4443.0803156177135,0.0
4443.0803156177135,0.0
4443.0803156177135,0.0
4443.0803156177135,0.0
4443.0803156177135,0.0
11884.939275748251,0.0
11884.939275748251,0.0
11884.939275748251,0.0
11884.939275748251,0.0
11884.939275748251,0.0
11884.939275748251,0.0
11884.939275748251,0.0
11884.939275748251,0.0
11884.939275748251,0.0
11884.939275748251,0.0
11884.939275748251,0.0
11884.939275748251,0.0
11884.939275748251,0.0
13670.98542617958,0.0
14099.6365022831,0.0
14202.512760547945,0.0
14227.203062531507,0.0
14233.128735007562,0.0
14234.550896401815,0.0
14234.892215136435,0.0
14234.974131632744,0.0
12656.118629729317,0.0
13856.068471135037,0.0
14144.056433072408,0.0
14213.173543937379,0.0
14229.761650544971,0.0
14233.742796130793,0.0
14234.698271071391,0.0
14234.927585057134,0.0
6680.946280398113,0.0
6680.946280398113,0.0
6680.946280398113,0.0
6680.946280398113,0.0
6680.946280398113,0.0
6680.946280398113,0.0
6680.946280398113,0.0
6680.946280398113,0.0
0.0,0.0
0.0,0.0
0.0,0.0
0.0,0.0
0.0,0.0
0.0,0.0
0.0,0.0
0.0,0.0
0.0,0.0
0.0,0.0
0.0,0.0
3389.927778353841,0.0
3389.927778353841,0.0
3389.927778353841,0.0
3389.927778353841,0.0
3389.927778353841,0.0
3185.7432561868145,0.0
2365.7288797069623,0.0
2365.7288797069623,0.0
2365.7288797069623,0.0
567.3109978451748,0.0
567.3109978451748,0.0
567.3109978451748,0.0
567.3109978451748,0.0
567.3109978451748,0.0
567.3109978451748,0.0
567.3109978451748,0.0
567.3109978451748,0.0
567.3109978451748,0.0
567.3109978451748,0.0
567.3109978451748,0.0
567.3109978451748,0.0
567.3109978451748,0.0
567.3109978451748,0.0
567.3109978451748,0.0
567.3109978451748,0.0
567.3109978451748,0.0
567.3109978451748,0.0
0.0,0.0
6775.357165029654,0.0
11754.387541992954,0.0
13639.65301007831,0.0
14092.116722418794,0.0
14200.70801338051,0.0
14226.769923211323,0.0
14233.024781570717,0.0
14234.525947576973,0.0
14234.886227418474,0.0
14234.972694580434,0.0
14234.993446699304,0.0
14234.998427207833,0.0
14234.99962252988,0.0
14234.999909407172,0.0
14234.999978257722,0.0
14234.999994781854,0.0
9371.98581797509,0.0
5861.3726216626565,0.0
0.0,0.0
3305.3933504582055,0.0
11611.89440410997,0.0
11401.04285396751,0.0
6283.403012694506,0.0
5005.044755609102,0.0
9562.570210853732,0.0
10408.715201617168,0.0
13316.691648388121,0.0
14014.605995613148,0.0
14182.105438947156,0.0
14222.305305347318,0.0
14231.953273283356,0.0
14234.268785588005,0.0
14234.824508541122,0.0
14234.95788204987,0.0
14234.98989169197,0.0
13102.059969286553,0.0
13031.64136830686,0.0
8265.709860279254,0.0
8265.709860279254,0.0
0.0,0.0
0.0,0.0
0.0,0.0
0.0,0.0
0.0,0.0
10391.460184211772,0.0
13312.550444210825,0.0
14013.612106610599,0.0
14181.866905586543,0.0
14222.24805734077,0.0
14231.939533761784,0.0
14234.265488102828,0.0
14234.823717144678,0.0
14234.957692114724,0.0
14234.989846107534,0.0
14234.997563065808,0.0
14234.999415135793,0.0
14234.99985963259,0.0
14234.999966311821,0.0
12506.80716165366,0.0
12121.391557301586,0.0
13727.73397375238,0.0
10507.475400717185,0.0
10507.475400717185,0.0
8656.041585163799,0.0
8656.041585163799,0.0
0.0,0.0
0.0,0.0
0.0,0.0
1145.851419073403,0.0
1145.851419073403,0.0
1145.851419073403,0.0
1145.851419073403,0.0
1145.851419073403,0.0
1145.851419073403,0.0
1145.851419073403,0.0
1145.851419073403,0.0
1145.851419073403,0.0
1145.851419073403,0.0
1145.851419073403,0.0
1145.851419073403,0.0
3477.7755016780957,0.0
949.9863045873444,0.0
949.9863045873444,0.0
949.9863045873444,0.0
949.9863045873444,0.0
949.9863045873444,0.0
949.9863045873444,0.0
949.9863045873444,0.0
949.9863045873444,0.0
0.0,0.0
0.0,0.0
0.0,0.0
5766.527322912956,0.0
5766.527322912956,0.0
0.0,0.0
0.0,0.0
7019.657379957876,0.0
7019.657379957876,0.0
7019.657379957876,0.0
7019.657379957876,0.0
12503.31777118989,0.0
12503.31777118989,0.0
12503.31777118989,0.0
12503.31777118989,0.0
13819.396265085574,0.0
13819.396265085574,0.0
13819.396265085574,0.0
13819.396265085574,0.0
14135.255103620537,0.0
14211.061224868929,0.0
14229.254693968544,0.0
14233.62112655245,0.0
14234.669070372589,0.0
14234.92057688942,0.0
14234.98093845346,0.0
14234.99542522883,0.0
14234.998902054918,0.0
14234.99973649318,0.0
14234.999936758364,0.0
14234.999984822007,0.0
14234.99999635728,0.0
14234.999999125748,0.0
14234.999999790176,0.0
14234.999999949643,0.0
14234.999999949643,0.0
0.0,0.0
0.0,0.0
0.0,0.0
0.0,0.0
0.0,0.0
0.0,0.0
0.0,0.0
0.0,0.0
0.0,0.0
0.0,0.0
0.0,0.0
0.0,0.0
0.0,0.0
0.0,0.0
0.0,0.0
0.0,0.0
0.0,0.0
0.0,0.0
0.0,0.0
10082.939373920086,0.0
13238.50544974082,0.0
13995.841307937797,0.0
14177.601913905071,0.0
14221.224459337218,0.0
14231.693870240932,0.0
14234.206528857823,0.0
14234.809566925878,0.0
14234.954296062211,0.0
14234.98903105493,0.0
14234.997367453183,0.0
14234.997367453183,0.0
14234.997367453183,0.0
0.0,0.0
0.0,0.0
0.0,0.0
0.0,0.0
0.0,0.0
0.0,0.0
0.0,0.0
0.0,0.0
0.0,0.0
0.0,0.0
0.0,0.0
0.0,0.0
0.0,0.0
0.0,0.0
0.0,0.0
0.0,0.0
0.0,0.0
0.0,0.0
0.0,0.0
0.0,0.0
0.0,0.0
0.0,0.0
0.0,0.0
0.0,0.0
0.0,0.0
0.0,0.0
0.0,0.0
2270.436562041276,0.0
8885.331886455355,0.0
12951.079652749286,0.0
13926.859116659829,0.0
14161.04618799836,0.0
14217.251085119606,0.0
14230.740260428705,0.0
14233.97766250289,0.0
14234.754639000694,0.0
14234.941113360166,0.0
14234.98586720644,0.0
14234.996608129546,0.0
13426.30575789824,0.0
0.0,0.0
0.0,0.0
0.0,0.0
0.0,0.0
0.0,0.0
0.0,0.0
0.0,0.0
5604.731950389283,0.0
12163.735668093428,0.0
13737.896560342422,0.0
14115.695174482182,0.0
14206.366841875724,0.0
14228.128042050173,0.0
14233.350730092041,0.0
14234.60417522209,0.0
14234.905002053301,0.0
14234.977200492793,0.0
5887.329248903086,0.0
5887.329248903086,0.0
5887.329248903086,0.0
5887.329248903086,0.0
5887.329248903086,0.0
5887.329248903086,0.0
5887.329248903086,0.0
5887.329248903086,0.0
5887.329248903086,0.0
0.0,0.0
0.0,0.0
0.0,0.0
0.0,0.0
0.0,0.0
0.0,0.0
0.0,0.0
0.0,0.0
0.0,0.0
0.0,0.0
0.0,0.0
0.0,0.0
0.0,0.0
0.0,0.0
0.0,0.0
7767.472482287253,0.0
12682.79339574894,0.0
13862.470414979745,0.0
14145.592899595138,0.0
14213.542295902833,0.0
14229.85015101668,0.0
14233.764036244003,0.0
14234.703368698561,0.0
14234.928808487655,0.0
14234.982914037037,0.0
14234.995899368892,0.0
14234.999015848534,0.0
11524.259562656096,0.0
11457.615772242403,0.0
11457.615772242403,0.0
0.0,0.0
0.0,0.0
0.0,0.0
0.0,0.0
0.0,0.0
0.0,0.0
0.0,0.0
0.0,0.0
0.0,0.0
0.0,0.0
0.0,0.0
0.0,0.0
0.0,0.0
0.0,0.0
0.0,0.0
0.0,0.0
0.0,0.0
0.0,0.0
0.0,0.0
2483.5520866667425,0.0
10581.082854076623,0.0
10581.082854076623,0.0
10581.082854076623,0.0
13358.05988497839,0.0
14024.534372394814,0.0
14184.488249374755,0.0
14222.877179849942,0.0
14232.090523163986,0.0
14234.301725559357,0.0
14234.832414134245,0.0
14234.959779392218,0.0
14234.990347054132,0.0
14234.997683292991,0.0
14234.999443990318,0.0
14234.999866557677,0.0
14234.999967973843,0.0
14234.999992313722,0.0
14234.999998155294,0.0
14234.99999955727,0.0
14234.99999955727,0.0
14234.99999955727,0.0
14234.99999955727,0.0
14234.99999955727,0.0
14234.99999955727,0.0
14234.99999955727,0.0
14234.99999955727,0.0
14234.99999955727,0.0
14234.999999893746,0.0
14234.999999893746,0.0
14234.999999893746,0.0
14234.999999893746,0.0
14234.999999893746,0.0
14234.999999893746,0.0
14234.999999893746,0.0
14234.999999893746,0.0
14234.9999999745,0.0
14234.9999999745,0.0
14234.9999999745,0.0
14234.9999999745,0.0
14234.99999999388,0.0
14234.99999999853,0.0
14234.999999999647,0.0
14235.0,0.0
14235.0,0.0
3096.154145303228,0.0
0.0,0.0
0.0,0.0
0.0,0.0
0.0,0.0
0.0,0.0
0.0,0.0
0.0,0.0
0.0,0.0
0.0,0.0
0.0,0.0
0.0,0.0
0.0,0.0
4900.579958807989,0.0
11994.739190113916,0.0
13697.33740562734,0.0
14105.960977350562,0.0
14204.030634564135,0.0
14227.567352295393,0.0
14233.216164550895,0.0
14234.571879492216,0.0
7743.3247646239015,0.0
7743.3247646239015,0.0
0.0,0.0
0.0,0.0
0.0,0.0
0.0,0.0
0.0,0.0
0.0,0.0
1727.1416054554716,0.0
5793.173091498924,0.0
12208.961541959743,0.0
13748.750770070339,0.0
14118.30018481688,0.0
14206.992044356051,0.0
14228.278090645452,0.0
14233.386741754908,0.0
14234.612818021178,0.0
14234.907076325082,0.0
14234.97769831802,0.0
14234.994647596324,0.0
14234.998715423118,0.0
14234.999691701549,0.0
14234.999926008371,0.0
14234.999982242009,0.0
14234.999995738082,0.0
14234.99999897715,0.0
14235.0,0.0
14235.0,0.0
14235.0,0.0
14235.0,0.0
14235.0,0.0
14235.0,0.0
14235.0,0.0
14235.0,0.0
14235.0,0.0
14235.0,0.0
14235.0,0.0
14235.0,0.0
14235.0,0.0
14235.0,0.0
14235.0,0.0
14235.0,0.0
14235.0,0.0
14235.0,0.0
14235.0,0.0
14235.0,0.0
14235.0,0.0
8230.242481958394,0.0
8230.242481958394,0.0
8230.242481958394,0.0
8230.242481958394,0.0
0.0,0.0
0.0,0.0
0.0,0.0
0.0,0.0
0.0,0.0
0.0,0.0
0.0,0.0
0.0,0.0
0.0,0.0
0.0,0.0
0.0,0.0
0.0,0.0
0.0,0.0
0.0,0.0
0.0,0.0
7938.088158783923,0.0
2209.213628355872,0.0
3633.225123060016,0.0
11690.574029534404,0.0
13624.337767088256,0.0
14088.441064101182,0.0
14199.825855384284,0.0
14226.55820529223,0.0
7782.651700229395,0.0
3512.1755538920215,0.0
0.0,0.0
4263.001475373503,0.0
11841.72035408964,0.0
13660.612884981514,0.0
14097.147092395564,0.0
14201.915302174935,0.0
14227.059672521984,0.0
14233.094321405275,0.0
14233.094321405275,0.0
14233.094321405275,0.0
14233.094321405275,0.0
1059.6707296875993,0.0
1059.6707296875993,0.0
1059.6707296875993,0.0
1059.6707296875993,0.0
1059.6707296875993,0.0
1059.6707296875993,0.0
1059.6707296875993,0.0
1059.6707296875993,0.0
119.76601035895146,0.0
0.0,0.0
0.0,0.0
0.0,0.0
0.0,0.0
0.0,0.0
0.0,0.0
0.0,0.0
0.0,0.0
0.0,0.0
0.0,0.0
0.0,0.0
0.0,0.0
0.0,0.0
0.0,0.0
0.0,0.0
0.0,0.0
0.0,0.0
10818.6,0.0
13415.064,0.0
13415.064,0.0
14038.21536,0.0
14187.7716864,0.0
14223.665204736,0.0
14232.27964913664,0.0
14234.347115792794,0.0
14234.84330779027,0.0
14234.962393869664,0.0
14234.990974528719,0.0
14234.997833886893,0.0
14234.999480132854,0.0
14234.999875231884,0.0
14234.999970055653,0.0
14234.999992813357,0.0
14234.999998275205,0.0
14234.999999586049,0.0
14234.999999586049,0.0
10153.843784687644,0.0
10153.843784687644,0.0
10153.843784687644,0.0
5318.31570609293,0.0
0.0,0.0
3542.082864732772,0.0
11668.699887535866,0.0
13619.087973008607,0.0
14087.181113522063,0.0
14199.523467245295,0.0
14199.523467245295,0.0
4029.4160727759318,0.0
4029.4160727759318,0.0
4029.4160727759318,0.0
4029.4160727759318,0.0
4029.4160727759318,0.0
4029.4160727759318,0.0
4029.4160727759318,0.0
4029.4160727759318,0.0
4029.4160727759318,0.0
4029.4160727759318,0.0
4029.4160727759318,0.0
4029.4160727759318,0.0
4029.4160727759318,0.0
0.0,0.0
0.0,0.0
0.0,0.0
0.0,0.0
0.0,0.0
4323.548533826811,0.0
6860.080487819447,0.0
6860.080487819447,0.0
6860.080487819447,0.0
6860.080487819447,0.0
6860.080487819447,0.0
2076.521387390305,0.0
0.0,0.0
0.0,0.0
0.0,0.0
0.0,0.0
0.0,0.0
0.0,0.0
0.0,0.0
0.0,0.0
0.0,0.0
0.0,0.0
0.0,0.0
0.0,0.0
0.0,0.0
0.0,0.0
0.0,0.0
0.0,0.0
0.0,0.0
0.0,0.0
0.0,0.0
0.0,0.0
0.0,0.0
0.0,0.0
0.0,0.0
0.0,0.0
0.0,0.0
0.0,0.0
0.0,0.0
0.0,0.0
0.0,0.0
0.0,0.0
0.0,0.0
0.0,0.0
10818.6,0.0
13415.064,0.0
14038.21536,0.0
14187.7716864,0.0
14223.665204736,0.0
14232.27964913664,0.0
14234.347115792794,0.0
14234.84330779027,0.0
14234.962393869664,0.0
14234.990974528719,0.0
14234.997833886893,0.0
14234.999480132854,0.0
14234.999875231884,0.0
14234.999970055653,0.0
14234.999992813357,0.0
9741.719947253412,0.0
9741.719947253412,0.0
9741.719947253412,0.0
0.0,0.0
0.0,0.0
0.0,0.0
0.0,0.0
0.0,0.0
0.0,0.0
0.0,0.0
0.0,0.0
0.0,0.0
0.0,0.0
0.0,0.0
0.0,0.0
0.0,0.0
0.0,0.0
0.0,0.0
10818.6,0.0
13415.064,0.0
14038.21536,0.0
6591.850929433587,0.0
0.0,0.0
0.0,0.0
0.0,0.0
