Lignite,Coal,Gas,WindOnshore,WindOffshore,PVGround,PVRoof
11354.549324600894,0.0,0.0,13497.450675399105,0.0,0.0,0.0
12506.740892345477,0.0,0.0,12597.259107654525,0.0,0.0,0.0
10683.648383135489,0.0,0.0,12239.351616864513,0.0,0.0,0.0
15117.48792468277,0.0,0.0,12087.512075317234,0.0,0.0,0.0
10724.145313139583,0.0,0.0,12168.854686860417,0.0,0.0,0.0
14299.191567744576,0.0,0.0,12347.808432255428,0.0,0.0,0.0
18751.672943102738,0.0,0.0,12803.32705689726,0.0,0.0,0.0
23113.114203847723,0.0,0.0,13220.885796152274,0.0,0.0,0.0
25139.467867376177,0.0,0.0,12754.521489971348,0.0,0.0,0.0
25139.467867376174,0.0,0.0,11767.564469914043,0.0,0.0,0.0
25139.467867376177,0.0,0.0,12125.471960704055,0.0,0.0,0.0
22649.598444535408,0.0,0.0,14625.401555464594,0.0,0.0,0.0
25139.46786737618,0.0,0.0,15455.09619320508,0.0,0.0,0.0
21725.78346295538,0.0,0.0,15341.216537044622,0.0,0.0,0.0
24963.807232909505,0.0,0.0,14565.750306999591,0.0,0.0,0.0
25139.46786737618,0.0,0.0,14169.88293082276,0.0,0.0,0.0
25139.467867376174,0.0,155.81081729157117,15292.410970118708,0.0,0.0,0.0
25139.46786737618,0.0,1125.861645517805,16398.670487106017,0.0,0.0,0.0
25139.467867376174,0.0,1755.9234547687233,16051.608677855098,0.0,0.0,0.0
25139.467867376177,0.0,0.0,15455.09619320508,0.0,0.0,0.0
25139.467867376177,0.0,0.0,14847.738027015967,0.0,0.0,0.0
25139.467867376177,0.0,0.0,13877.0495292673,0.0,0.0,0.0
18239.41056078592,0.0,0.0,12960.589439214084,0.0,0.0,0.0
19058.27179697094,0.0,0.0,12423.728203029063,0.0,0.0,0.0
18754.063718138234,0.0,0.0,11333.73720835039,0.0,0.0,0.0
17979.36799017601,0.0,0.0,10216.632009823988,0.0,0.0,0.0
18737.062627916497,0.0,0.0,9386.937372083505,0.0,0.0,0.0
12627.186246418334,0.0,0.0,8692.813753581664,0.0,0.0,0.0
15102.362259516987,0.0,0.0,8318.637740483015,0.0,0.0,0.0
16770.322144903806,0.0,0.0,8280.677855096195,0.0,0.0,0.0
25139.467867376177,0.0,0.0,8058.341383544823,0.0,0.0,0.0
25139.467867376177,0.0,0.0,8004.112975849368,0.0,0.0,0.0
25139.467867376177,0.0,5868.17846909537,7776.353663528452,0.0,0.0,0.0
25139.467867376174,0.0,4376.993450675391,7060.538681948427,0.0,0.0,0.0
25139.467867376177,0.0,4108.336062218582,6979.196070405242,0.0,0.0,0.0
25139.467867376177,0.0,4270.40687679083,7722.125255832994,0.0,0.0,0.0
25139.467867376177,0.0,6244.452940491535,8497.591485878022,0.0,0.0,0.0
25139.467867376177,0.0,4951.481457867256,8633.162505116661,0.0,0.0,0.0
25139.467867376177,0.0,4206.76321407247,8578.934097421206,0.0,0.0,0.0
25139.467867376177,0.0,5975.832582889887,8665.699549733936,0.0,0.0,0.0
25139.467867376177,0.0,9485.687269750304,9744.844862873517,0.0,0.0,0.0
25139.467867376177,0.0,12272.057306590255,11176.474826033565,0.0,0.0,0.0
25139.467867376174,0.0,10628.214490380678,12136.317642243146,0.0,0.0,0.0
25139.467867376177,0.0,2715.3872288170246,12570.144903806799,0.0,0.0,0.0
25139.467867376177,0.0,0.0,13622.176013098651,0.0,0.0,0.0
23508.851412198117,0.0,0.0,15135.148587801888,0.0,0.0,0.0
17923.690544412613,0.0,0.0,16740.309455587387,0.0,0.0,0.0
7405.989766680306,0.0,0.0,17429.010233319696,0.0,0.0,0.0
11476.813753581655,0.0,0.0,17803.186246418343,0.0,0.0,0.0
6325.776504297987,0.0,0.0,18714.223495702012,0.0,0.0,0.0
2490.3409742120334,0.0,0.0,20194.65902578797,0.0,0.0,0.0
4297.167826442894,0.0,0.0,21517.832173557104,0.0,0.0,0.0
602.926729431019,0.0,0.0,23047.07327056898,0.0,0.0,0.0
1920.7269780973502,0.0,0.0,24749.845272206305,0.0,0.0,0.0
4536.641833810879,0.0,0.0,27103.358166189122,0.0,0.0,0.0
7712.697093737203,0.0,0.0,28372.302906262794,0.0,0.0,0.0
11297.518215309048,0.0,0.0,27797.481784690954,0.0,0.0,0.0
14796.821121571835,0.0,0.0,25921.178878428167,0.0,0.0,0.0
16236.160867785507,0.0,0.0,24890.839132214493,0.0,0.0,0.0
16278.091993456728,0.0,0.0,23611.048710601724,0.0,0.0,0.0
18880.914858780183,0.0,0.0,21008.08514121982,0.0,0.0,0.0
23730.48871053505,0.0,0.0,17325.976258698327,0.0,0.0,0.0
25139.467867376177,0.0,345.93283506299116,12434.573884568157,0.0,0.0,0.0
25139.467867376177,0.0,2251.279983626689,9224.252148997137,0.0,0.0,0.0
25139.467867376177,0.0,12892.971756037656,7445.560376586166,0.0,0.0,0.0
25139.467867376177,0.0,12016.212853049527,5916.319279574296,0.0,0.0,0.0
25139.467867376177,0.0,13513.895210806382,4804.636921817439,0.0,0.0,0.0
25139.467867376177,0.0,12629.168887789789,5227.618501841999,0.0,0.0,0.0
25139.467867376174,0.0,6056.0646745804315,6046.467458043389,0.0,0.0,0.0
25139.46786737618,0.0,1418.181743757665,6968.350388866151,0.0,0.0,0.0
25139.46786737618,0.0,0.0,7494.365943512077,0.0,0.0,0.0
24399.257470323366,0.0,0.0,7678.74252967663,0.0,0.0,0.0
22269.75023807453,0.0,0.0,7624.514121981171,0.0,0.0,0.0
16588.03520261973,0.0,0.0,7873.964797380273,0.0,0.0,0.0
16530.797380270153,0.0,0.0,8595.202619729842,0.0,0.0,0.0
15675.686041751946,0.0,0.0,9571.313958248058,0.0,0.0,0.0
9990.438804748259,0.0,0.0,10959.56119525174,0.0,0.0,0.0
14957.386000818658,0.0,0.0,12396.61399918134,0.0,0.0,0.0
16457.50478561677,0.0,0.0,13432.376586164555,0.0,0.0,0.0
23486.070814572253,0.0,0.0,13990.929185427753,0.0,0.0,0.0
25139.467867376177,0.0,0.0,14750.126893164148,0.0,0.0,0.0
25139.467867376174,0.0,0.0,14804.355300859603,0.0,0.0,0.0
25139.467867376177,0.0,0.0,13969.237822349574,0.0,0.0,0.0
25139.467867376177,0.0,0.0,13676.404420794106,0.0,0.0,0.0
25139.46786737618,0.0,0.0,13166.657388456815,0.0,0.0,0.0
25139.46786737618,0.0,0.0,12347.808432255428,0.0,0.0,0.0
25139.467867376177,0.0,0.0,12825.018419975439,0.0,0.0,0.0
25139.467867376177,0.0,0.0,14137.345886205485,0.0,0.0,0.0
25139.467867376177,0.0,0.0,16480.013098649208,0.0,0.0,0.0
25139.467867376177,0.0,0.0,17483.238641015156,0.0,0.0,0.0
25139.46786737618,0.0,0.0,17955.02578796562,0.0,0.0,0.0
21556.952214155623,0.0,0.0,18508.155546459275,0.0,0.0,0.0
20412.9275480966,0.0,0.0,19533.072451903405,0.0,0.0,0.0
12767.340564879236,0.0,0.0,21951.659435120764,0.0,0.0,0.0
4410.124027834628,0.0,0.0,24044.875972165373,0.0,0.0,0.0
5020.4539500613955,0.0,0.0,25438.54604993861,0.0,0.0,0.0
2085.781006958651,0.0,0.0,25883.21899304135,0.0,0.0,0.0
0.0,0.0,0.0,27233.50634465821,0.0,0.0,0.0
0.0,0.0,0.0,26049.092509149392,0.0,0.0,0.0
0.0,0.0,0.0,25073.022202195858,0.0,0.0,0.0
0.0,0.0,0.0,24788.325328527008,0.0,0.0,0.0
0.0,0.0,0.0,25496.038078846483,0.0,0.0,0.0
2635.7842816209595,0.0,0.0,25075.215718379044,0.0,0.0,0.0
0.0,0.0,0.0,24391.937781416294,0.0,0.0,0.0
5920.45149406467,0.0,0.0,22732.54850593533,0.0,0.0,0.0
8998.408514121978,0.0,0.0,21745.591485878023,0.0,0.0,0.0
11565.58166189111,0.0,0.0,20422.418338108888,0.0,0.0,0.0
16784.433892754805,0.0,0.0,18795.566107245195,0.0,0.0,0.0
18624.87269750307,0.0,0.0,16507.12730249693,0.0,0.0,0.0
15966.900941465412,0.0,0.0,14506.099058534592,0.0,0.0,0.0
16787.318051575927,0.0,0.0,12602.681948424071,0.0,0.0,0.0
20857.164142447804,0.0,0.0,10834.835857552192,0.0,0.0,0.0
25139.467867376177,0.0,0.0,10287.12893982808,0.0,0.0,0.0
25139.467867376177,0.0,1212.6778550961897,10411.854277527633,0.0,0.0,0.0
25139.467867376177,0.0,513.9279574293863,9972.604175194432,0.0,0.0,0.0
25139.467867376177,0.0,0.0,9484.548505935325,0.0,0.0,0.0
25139.467867376177,0.0,0.0,9213.406467458044,0.0,0.0,0.0
24491.50102333197,0.0,0.0,8855.498976668032,0.0,0.0,0.0
19952.363624240978,0.0,0.0,8264.409332787558,0.0,0.0,0.0
21087.05689725747,0.0,0.0,7488.943102742531,0.0,0.0,0.0
22994.973802701596,0.0,0.0,6464.026197298405,0.0,0.0,0.0
18988.23004502661,0.0,0.0,6165.769954973394,0.0,0.0,0.0
17337.202210397052,0.0,0.0,6409.797789602949,0.0,0.0,0.0
13112.06017191977,0.0,0.0,6680.93982808023,0.0,0.0,0.0
18608.180515759315,0.0,0.0,6794.819484240687,0.0,0.0,0.0
18650.18665575112,0.0,0.0,6935.813344248876,0.0,0.0,0.0
19622.393368808847,0.0,0.0,7266.606631191159,0.0,0.0,0.0
20500.726565697907,0.0,0.0,7852.273434302091,0.0,0.0,0.0
19562.018638725072,0.0,0.0,8454.208759721658,0.0,0.0,0.0
21147.66475644699,0.0,0.0,8199.33524355301,0.0,0.0,0.0
25139.467867376177,0.0,0.0,8389.13467048711,0.0,0.0,0.0
20061.28448628735,0.0,0.0,10948.715513712648,0.0,0.0,0.0
19429.67294310274,0.0,0.0,12803.32705689726,0.0,0.0,0.0
21910.913630781823,0.0,0.0,13031.086369218176,0.0,0.0,0.0
20660.931621066502,0.0,0.0,12114.62627916496,0.0,0.0,0.0
25139.467867376177,0.0,0.0,11171.051985264021,0.0,0.0,0.0
25139.467867376177,0.0,0.0,11252.394596807208,0.0,0.0,0.0
25139.467867376177,0.0,3996.66283919838,11816.370036839953,0.0,0.0,0.0
25139.467867376177,0.0,2648.7638463000744,11973.632419156775,0.0,0.0,0.0
25139.467867376177,0.0,0.0,11539.805157593124,0.0,0.0,0.0
25139.467867376177,0.0,0.0,11143.937781416294,0.0,0.0,0.0
25139.46786737618,0.0,0.0,11040.903806794924,0.0,0.0,0.0
22061.512893982803,0.0,0.0,10894.487106017195,0.0,0.0,0.0
13911.278346295532,0.0,0.0,10807.721653704466,0.0,0.0,0.0
18013.037658616457,0.0,0.0,10579.962341383549,0.0,0.0,0.0
17982.812525583304,0.0,0.0,9826.187474416702,0.0,0.0,0.0
11437.794105607862,0.0,0.0,9403.20589439214,0.0,0.0,0.0
17332.467048710598,0.0,0.0,8958.5329512894,0.0,0.0,0.0
17820.05976258698,0.0,0.0,8437.940237413017,0.0,0.0,0.0
18527.280745488206,0.0,0.0,7884.810478919363,0.0,0.0,0.0
25139.467867376177,0.0,0.0,7272.0294719607045,0.0,0.0,0.0
25139.467867376177,0.0,1928.2435530085863,6621.288579615228,0.0,0.0,0.0
25139.467867376177,0.0,6895.709783053625,5845.822349570201,0.0,0.0,0.0
25139.467867376177,0.0,7721.003274662296,4636.5288579615235,0.0,0.0,0.0
25139.46786737618,0.0,7814.617683176421,3730.9144494474012,0.0,0.0,0.0
25139.467867376177,0.0,7653.012689316417,3969.5194433074103,0.0,0.0,0.0
25139.467867376177,0.0,7178.568153909124,4359.963978714696,0.0,0.0,0.0
25139.467867376177,0.0,6752.882930822768,4522.649201801065,0.0,0.0,0.0
25139.467867376177,0.0,7952.071223905034,4430.46090871879,0.0,0.0,0.0
25139.467867376177,0.0,7807.13917314777,4224.392959476054,0.0,0.0,0.0
25139.467867376177,0.0,10990.51248465002,4848.019647973802,0.0,0.0,0.0
25139.467867376177,0.0,15666.018419975433,5867.513712648385,0.0,0.0,0.0
25139.467867376177,0.0,13567.061399918137,6854.47073270569,0.0,0.0,0.0
25139.467867376177,0.0,8788.240278346293,7429.2918542775315,0.0,0.0,0.0
25139.467867376177,0.0,5348.480966025379,7657.051166598446,0.0,0.0,0.0
25139.467867376177,0.0,1307.4091881036793,7711.279574293902,0.0,0.0,0.0
25139.46786737618,0.0,0.0,7749.239459680723,0.0,0.0,0.0
24369.325419566107,0.0,0.0,7472.674580433895,0.0,0.0,0.0
