DK,FR,DE,IB,LU,UK
0.0,0.0,0.0,0.0,1016.0,0.0
0.0,0.0,0.0,0.0,1016.0,0.0
0.0,0.0,0.0,0.0,1016.0,0.0
0.0,0.0,0.0,0.0,1016.0,0.0
0.0,2000.0,0.0,0.0,1016.0,0.0
0.0,2000.0,0.0,0.0,1016.0,0.0
0.0,0.0,0.0,0.0,0.0,0.0
0.0,1999.9999999999998,0.0,0.0,0.0,0.0
0.0,0.0,0.0,0.0,0.0,0.0
0.0,0.0,0.0,0.0,0.0,0.0
0.0,0.0,0.0,0.0,0.0,0.0
0.0,0.0,0.0,0.0,0.0,0.0
0.0,0.0,0.0,0.0,0.0,0.0
0.0,0.0,0.0,0.0,0.0,0.0
0.0,0.0,0.0,0.0,0.0,0.0
0.0,0.0,0.0,0.0,0.0,0.0
0.0,0.0,0.0,0.0,0.0,0.0
0.0,0.0,0.0,0.0,0.0,0.0
0.0,0.0,0.0,0.0,0.0,0.0
0.0,0.0,0.0,0.0,0.0,0.0
0.0,0.0,0.0,0.0,0.0,0.0
0.0,0.0,0.0,0.0,0.0,0.0
0.0,0.0,0.0,0.0,0.0,0.0
0.0,0.0,0.0,0.0,0.0,0.0
0.0,0.0,0.0,0.0,0.0,0.0
0.0,0.0,0.0,0.0,0.0,0.0
0.0,0.0,0.0,0.0,0.0,0.0
0.0,0.0,0.0,0.0,0.0,0.0
0.0,0.0,0.0,0.0,0.0,0.0
0.0,0.0,0.0,0.0,0.0,0.0
0.0,0.0,0.0,0.0,0.0,0.0
0.0,0.0,0.0,0.0,0.0,0.0
0.0,0.0,0.0,0.0,0.0,0.0
0.0,1173.200886693194,0.0,0.0,1016.0,0.0
0.0,0.0,0.0,0.0,1016.0,0.0
0.0,1470.8736113376044,0.0,0.0,1016.0,0.0
0.0,0.0,0.0,0.0,0.0,0.0
0.0,2000.0,0.0,0.0,1016.0,0.0
0.0,0.0,0.0,0.0,0.0,0.0
0.0,0.0,0.0,0.0,0.0,0.0
0.0,0.0,0.0,0.0,0.0,0.0
0.0,0.0,0.0,0.0,0.0,0.0
0.0,0.0,0.0,0.0,0.0,0.0
0.0,0.0,0.0,0.0,0.0,0.0
0.0,0.0,0.0,0.0,0.0,0.0
0.0,0.0,0.0,0.0,736.7329965748058,0.0
0.0,2000.0,0.0,0.0,1016.0,0.0
0.0,0.0,0.0,0.0,0.0,0.0
0.0,0.0,0.0,0.0,0.0,0.0
0.0,0.0,0.0,0.0,0.0,0.0
0.0,0.0,0.0,0.0,0.0,0.0
0.0,0.0,0.0,0.0,0.0,0.0
0.0,0.0,0.0,0.0,0.0,0.0
0.0,0.0,0.0,0.0,0.0,0.0
0.0,941.9446309654426,0.0,0.0,0.0,0.0
0.0,0.0,0.0,0.0,0.0,0.0
0.0,0.0,0.0,0.0,1016.0,0.0
0.0,0.0,0.0,0.0,0.0,0.0
0.0,0.0,0.0,0.0,0.0,0.0
0.0,0.0,0.0,0.0,0.0,0.0
0.0,2000.0,0.0,0.0,0.0,0.0
0.0,0.0,0.0,0.0,0.0,0.0
0.0,2000.0,0.0,0.0,0.0,0.0
0.0,1999.9999999999998,0.0,0.0,0.0,0.0
0.0,0.0,0.0,0.0,0.0,0.0
0.0,2000.0,0.0,0.0,0.0,0.0
0.0,2000.0,0.0,0.0,0.0,0.0
0.0,2000.0,0.0,0.0,0.0,0.0
0.0,0.0,0.0,0.0,0.0,0.0
0.0,2000.0,0.0,0.0,0.0,0.0
0.0,2000.0,0.0,0.0,0.0,0.0
0.0,2000.0,0.0,0.0,0.0,0.0
0.0,2000.0,0.0,0.0,0.0,0.0
0.0,2000.0,0.0,0.0,0.0,0.0
0.0,1999.9999999999998,0.0,0.0,0.0,0.0
0.0,2000.0,0.0,0.0,0.0,0.0
0.0,2000.0,0.0,0.0,0.0,0.0
0.0,0.0,0.0,0.0,0.0,0.0
0.0,0.0,0.0,0.0,0.0,0.0
0.0,0.0,0.0,0.0,0.0,0.0
0.0,0.0,0.0,0.0,0.0,0.0
0.0,0.0,0.0,0.0,0.0,0.0
0.0,0.0,0.0,0.0,0.0,0.0
0.0,0.0,0.0,0.0,812.7359821105658,0.0
0.0,2000.0000000000002,0.0,0.0,1016.0,0.0
0.0,1999.9999999999998,0.0,0.0,0.0,0.0
0.0,0.0,0.0,0.0,0.0,0.0
0.0,0.0,0.0,0.0,0.0,0.0
0.0,0.0,0.0,0.0,0.0,0.0
0.0,0.0,0.0,0.0,1016.0,0.0
0.0,0.0,0.0,0.0,1016.0000000000001,0.0
0.0,0.0,0.0,0.0,1015.9999999999999,0.0
0.0,0.0,0.0,0.0,1016.0,0.0
0.0,0.0,0.0,0.0,1016.0,0.0
0.0,0.0,0.0,0.0,1016.0,0.0
0.0,0.0,0.0,0.0,1016.0,0.0
0.0,0.0,0.0,0.0,1016.0000000000001,0.0
0.0,2000.0000000000002,0.0,0.0,1016.0,0.0
0.0,2000.0,0.0,0.0,1016.0,0.0
0.0,2000.0,0.0,0.0,1016.0000000000001,0.0
0.0,2000.0000000000002,0.0,0.0,1016.0,0.0
0.0,0.0,0.0,0.0,1016.0,0.0
0.0,1545.879988033737,0.0,0.0,1016.0,0.0
0.0,373.07830646033466,0.0,0.0,151.16966574942205,0.0
0.0,2000.0000000000002,0.0,0.0,1016.0,0.0
0.0,0.0,0.0,0.0,0.0,0.0
0.0,0.0,0.0,0.0,0.0,0.0
0.0,0.0,0.0,0.0,0.0,0.0
0.0,0.0,0.0,0.0,0.0,0.0
0.0,0.0,0.0,0.0,0.0,0.0
0.0,0.0,0.0,0.0,0.0,0.0
0.0,0.0,0.0,0.0,0.0,0.0
0.0,0.0,0.0,0.0,0.0,0.0
0.0,0.0,0.0,0.0,0.0,0.0
0.0,0.0,0.0,0.0,0.0,0.0
0.0,1683.4729575822457,0.0,0.0,0.0,0.0
0.0,137.16803427016794,0.0,0.0,0.0,0.0
0.0,378.11776775649497,0.0,0.0,0.0,0.0
0.0,0.0,0.0,0.0,0.0,0.0
0.0,0.0,0.0,0.0,0.0,0.0
0.0,0.0,0.0,0.0,0.0,0.0
0.0,0.0,0.0,0.0,0.0,0.0
0.0,0.0,0.0,0.0,0.0,0.0
0.0,0.0,0.0,0.0,0.0,0.0
0.0,0.0,0.0,0.0,0.0,0.0
0.0,0.0,0.0,0.0,0.0,0.0
0.0,0.0,0.0,0.0,0.0,0.0
0.0,0.0,0.0,0.0,0.0,0.0
0.0,0.0,0.0,0.0,0.0,0.0
0.0,0.0,0.0,0.0,0.0,0.0
0.0,0.0,0.0,0.0,0.0,0.0
0.0,0.0,0.0,0.0,1016.0,0.0
0.0,0.0,0.0,0.0,1015.9999999999999,0.0
0.0,0.0,0.0,0.0,1016.0,0.0
0.0,0.0,0.0,0.0,1015.9999999999999,0.0
0.0,0.0,0.0,0.0,1016.0,0.0
0.0,0.0,0.0,0.0,1016.0,0.0
0.0,0.0,0.0,0.0,1016.0,0.0
0.0,0.0,0.0,0.0,1016.0,0.0
0.0,0.0,0.0,0.0,1016.0,0.0
0.0,0.0,0.0,0.0,1016.0,0.0
0.0,0.0,0.0,0.0,1016.0000000000001,0.0
0.0,0.0,0.0,0.0,1016.0,0.0
0.0,0.0,0.0,0.0,1016.0,0.0
0.0,0.0,0.0,0.0,1016.0,0.0
0.0,0.0,0.0,0.0,0.0,0.0
0.0,0.0,0.0,0.0,1016.0,0.0
0.0,0.0,0.0,0.0,1016.0,0.0
0.0,0.0,0.0,0.0,1016.0,0.0
0.0,0.0,0.0,0.0,1016.0,0.0
0.0,0.0,0.0,0.0,1016.0,0.0
0.0,0.0,0.0,0.0,1016.0,0.0
0.0,0.0,0.0,0.0,0.0,0.0
0.0,0.0,0.0,0.0,0.0,0.0
0.0,0.0,0.0,0.0,0.0,0.0
0.0,0.0,0.0,0.0,0.0,0.0
0.0,0.0,0.0,0.0,1016.0,0.0
0.0,2000.0,0.0,0.0,1016.0,0.0
0.0,2000.0,0.0,0.0,1016.0,0.0
0.0,2000.0,0.0,0.0,1016.0,0.0
0.0,2000.0,0.0,0.0,1016.0,0.0
0.0,2000.0,0.0,0.0,1016.0,0.0
0.0,2000.0,0.0,0.0,1016.0,0.0
0.0,2000.0,0.0,0.0,1016.0,0.0
0.0,2000.0,0.0,0.0,1016.0,0.0
0.0,2000.0,0.0,0.0,1016.0,0.0
0.0,2000.0,0.0,0.0,1016.0,0.0
0.0,2000.0,0.0,0.0,923.8272212169232,0.0
