Price
-553.7815122414028
-553.7815122414028
-553.7815122414028
-553.7815122414028
-553.7815122414029
-553.7815122414028
-553.7815122414029
-553.7815122414028
-553.7815122414028
-553.7815122414028
-553.7815122414029
-553.7815122414029
-553.7815122414028
-553.7815122414028
-553.7815122414028
-553.7815122414029
-553.7815122414029
-553.7815122414029
-553.7815122414029
-553.7815122414028
-553.7815122414028
-553.7815122414028
-553.7815122414028
-553.7815122414028
-553.7815122414029
-553.7815122414028
-553.7815122414028
-553.7815122414028
-553.7815122414028
-553.7815122414029
-553.7815122414028
-553.7815122414029
164.05937649880084
164.05937649880084
164.05937649880084
164.05937649880084
164.05937649880084
164.05937649880084
164.05937649880084
164.05937649880084
164.05937649880084
164.05937649880084
164.05937649880082
164.05937649880084
164.05937649880084
164.05937649880084
164.05937649880082
164.05937649880087
164.05937649880084
164.05937649880084
164.05937649880084
-8.125056115107897
-8.125056115107897
-8.125056115107897
164.05937649880084
164.05937649880084
164.05937649880084
115.93942446043155
-553.7261823074601
-553.7815122414029
-553.7815122414028
-553.7815122414028
-553.7815122414028
-553.7815122414029
-553.7815122414029
-553.7815122414028
-553.7815122414029
-553.7815122414028
-553.7815122414028
-553.7815122414028
-553.7815122414028
-553.7815122414028
-553.7815122414028
-553.7815122414028
-553.7815122414029
-553.7815122414028
-553.7815122414029
-553.7815122414028
-553.7815122414028
-553.7815122414028
-553.7815122414028
-553.7815122414029
-553.7815122414028
-553.7815122414028
-553.7815122414029
-553.7815122414028
-553.7815122414028
-553.7815122414028
-553.7815122414028
-553.7815122414029
-553.7815122414029
-553.7815122414029
-553.7815122414029
-553.7815122414028
-553.7815122414029
-553.7815122414028
-553.7815122414028
-553.7815122414028
-553.7815122414028
-553.7815122414029
-553.7815122414028
-553.7815122414029
-553.7815122414028
-553.7815122414029
-553.7815122414028
-553.7815122414029
-553.7815122414028
-553.7815122414028
-553.7815122414028
-553.7815122414029
-553.7815122414029
-553.7815122414028
-553.7815122414028
-553.7815122414028
-553.7815122414029
-553.7815122414029
-553.7815122414028
-553.7815122414029
-553.7815122414028
-553.7815122414029
-553.7815122414029
-553.7815122414028
-553.7815122414029
-553.7815122414028
-553.7815122414029
-553.7815122414028
-553.7815122414028
-553.7815122414028
-553.7815122414028
-553.7815122414028
-553.7815122414028
-553.7815122414028
-553.7815122414028
-553.7815122414028
-553.7815122414028
-553.7815122414028
-553.7815122414029
-553.7815122414028
-553.7815122414029
-553.7815122414028
-553.7815122414028
-553.7815122414029
-553.7815122414028
-553.7815122414028
-553.7815122414028
-553.7815122414028
-553.7815122414028
-553.7815122414028
-553.7815122414028
-553.7815122414028
-553.7815122414028
-553.7815122414029
-553.7815122414029
-553.7815122414028
-553.7815122414028
-553.7815122414029
164.05937649880084
164.05937649880084
164.05937649880084
164.05937649880084
164.05937649880082
164.05937649880084
164.05937649880084
164.05937649880087
164.05937649880084
164.05937649880084
164.05937649880084
115.93942446043157
