PumpedStor,BatteryStor
0.0,0.0
4555.439999999999,0.0
1093.3056000000006,0.0
3724.527744,0.0
1724.79891456,0.0
3244.5928249344,0.0
2089.5494530498563,0.0
2967.382415682109,0.0
2300.2293640815983,0.0
2807.2656832979847,0.0
2421.9180806935315,0.0
2714.7822586729158,0.0
2492.205483408584,0.0
2661.3638326094765,0.0
2532.8034872167977,0.0
2630.5093497152334,0.0
2556.252894216422,0.0
2612.6878003955185,0.0
2569.7972716994054,0.0
2602.394073508451,0.0
2577.620504133577,0.0
2596.4484168584813,0.0
2582.139203187554,0.0
2593.0142055774586,0.0
2584.7492037611314,0.0
5175.779808902671,0.0
5797.627154136642,0.0
5946.870516992793,0.0
5982.68892407827,0.0
5991.285341778784,0.0
5993.348482026909,0.0
5993.843635686458,0.0
5993.843635686458,0.0
5993.843635686458,0.0
5993.843635686458,0.0
5993.843635686458,0.0
5993.843635686458,0.0
5993.843635686458,0.0
5993.843635686458,0.0
5993.843635686458,0.0
5993.843635686458,0.0
5993.843635686458,0.0
1744.724741389697,0.0
1744.724741389697,0.0
1744.724741389697,0.0
1744.724741389697,0.0
1744.724741389697,0.0
1744.724741389697,0.0
1744.724741389697,0.0
1744.724741389697,0.0
1744.724741389697,0.0
2797.2458367510544,0.0
4528.1939039243025,0.0
5642.206536941834,0.0
4955.766947894305,0.0
0.0,0.0
0.0,0.0
0.0,0.0
3487.187553397031,0.0
1905.1774594182561,0.0
3107.505130842125,0.0
2193.736100559984,0.0
2888.2005635744113,0.0
2360.4075716834477,0.0
2761.5302455205783,0.0
2456.67701340436,0.0
2688.365469812686,0.0
2512.2822429423577,0.0
2646.1054953638077,0.0
2544.3998235235067,0.0
2621.696134122135,0.0
2562.950938067176,0.0
2607.5972870689457,0.0
2573.6660618276005,0.0
2599.4537930110228,0.0
2579.855117311622,0.0
2594.7501108431666,0.0
2583.429915759193,0.0
2592.033264023012,0.0
2585.4947193425096,0.0
2590.4640132996924,0.0
2586.687349892234,0.0
2589.5576140819026,0.0
2587.3762132977536,0.0
2589.034077893707,0.0
2587.774100800783,0.0
2588.731683391405,0.0
2588.003920622532,0.0
2588.5570203268753,0.0
2588.1366645515745,0.0
2588.456134940803,0.0
2588.2133374449886,0.0
2588.3978635418075,0.0
2588.2576237082258,0.0
2588.364205981749,0.0
2588.283203453871,0.0
2588.3447653750572,0.0
2588.2979783149563,0.0
2588.3335364806335,0.0
2588.306512274718,0.0
2588.327050671214,0.0
2588.3114414898773,0.0
2588.323304467693,0.0
2588.314288604553,0.0
2588.3211406605387,0.0
2588.31593309799,0.0
2588.319890845527,0.0
2588.316882957399,0.0
2588.3191689523774,0.0
2588.3174315961933,0.0
2588.318751986893,0.0
2588.3177484899616,0.0
2588.318511147628,0.0
2588.317931527802,0.0
2588.3183720388697,0.0
2588.3180372504585,0.0
2588.3182916896517,0.0
2588.318098315865,0.0
2588.318245279942,0.0
2588.3181335872437,0.0
2588.3182184736943,0.0
2588.3181539599923,0.0
2588.3182029904046,0.0
2588.3181657272917,0.0
2588.3181940472577,0.0
2588.3181725240834,0.0
2588.318188881696,0.0
2588.3181764499104,0.0
2588.3181858980674,0.0
2588.318178717469,0.0
2588.3181841747232,0.0
2588.31818002721,0.0
2588.318183179321,0.0
2588.3181807837163,0.0
2588.318182604375,0.0
2588.3181812206744,0.0
2588.3181822722872,0.0
2588.318181473061,0.0
2588.318182080474,0.0
2588.3181816188403,0.0
2588.3181819696815,0.0
2588.318181703042,0.0
2588.3181819056877,0.0
2588.318181751677,0.0
2588.3181818687244,0.0
2588.3181817797686,0.0
2588.3181818473754,0.0
2588.3181817959944,0.0
2588.3181818350436,0.0
5176.636363640409,0.0
5797.832727273699,0.0
5946.9198545456875,0.0
5982.700765090965,0.0
5991.288183621833,0.0
5993.349164069241,0.0
5993.843799376618,0.0
5993.843799376618,0.0
5993.843799376618,0.0
5993.843799376618,0.0
5993.843799376618,0.0
5993.843799376618,0.0
5993.843799376618,0.0
5428.238795889428,0.0
0.0,0.0
0.0,0.0
0.0,0.0
0.0,0.0
0.0,0.0
