PumpedStor,BatteryStor
0.0,0.0
3721.6492527791297,0.0
5823.7057997664515,0.0
6665.2493919439485,0.0
6867.219854066548,0.0
6915.692764975972,0.0
6915.692764975972,0.0
6915.692764975972,0.0
6915.692764975972,0.0
6915.692764975972,0.0
6915.692764975972,0.0
6915.692764975972,0.0
6915.692764975972,0.0
6915.692764975972,0.0
6915.692764975972,0.0
6915.692764975972,0.0
6915.692764975972,0.0
6915.692764975972,0.0
6915.692764975972,0.0
6915.692764975972,0.0
6915.692764975972,0.0
6915.692764975972,0.0
6915.692764975972,0.0
6915.692764975972,0.0
6915.692764975972,0.0
6915.692764975972,0.0
6915.692764975972,0.0
6915.692764975972,0.0
6915.692764975972,0.0
6915.692764975972,0.0
6915.692764975972,0.0
6915.692764975972,0.0
6915.692764975972,0.0
6915.692764975972,0.0
6915.692764975972,0.0
6915.692764975972,0.0
6915.692764975972,0.0
6915.692764975972,0.0
6915.692764975972,0.0
6915.692764975972,0.0
6915.692764975972,0.0
6927.326263594233,0.0
6930.118303262616,0.0
6930.118303262616,0.0
6930.118303262616,0.0
6930.118303262616,0.0
6930.118303262616,0.0
6930.118303262616,0.0
6930.118303262616,0.0
6930.118303262616,0.0
6930.118303262616,0.0
6930.118303262616,0.0
6930.118303262616,0.0
6930.118303262616,0.0
6930.118303262616,0.0
6930.118303262616,0.0
6930.118303262616,0.0
6930.118303262616,0.0
6930.118303262616,0.0
6930.118303262616,0.0
6930.118303262616,0.0
6930.118303262616,0.0
6930.118303262616,0.0
6930.118303262616,0.0
6930.118303262616,0.0
6930.118303262616,0.0
6930.118303262616,0.0
6930.788392783028,0.0
5614.155511662105,0.0
5842.933863178563,0.0
5842.933863178563,0.0
5842.933863178563,0.0
5842.933863178563,0.0
5842.933863178563,0.0
5842.933863178563,0.0
5842.933863178563,0.0
5842.933863178563,0.0
5842.933863178563,0.0
5842.933863178563,0.0
5842.933863178563,0.0
0.0,0.0
0.0,0.0
0.0,0.0
0.0,0.0
0.0,0.0
0.0,0.0
0.0,0.0
0.0,0.0
0.0,0.0
0.0,0.0
0.0,0.0
0.0,0.0
0.0,0.0
0.0,0.0
5267.56,0.0
5267.56,0.0
5267.56,0.0
5267.56,0.0
6531.7744,0.0
6531.7744,0.0
6531.7744,0.0
6531.7744,0.0
6835.185856,0.0
6908.00460544,0.0
6925.4811053056,0.0
6929.675465273344,0.0
6930.682111665603,0.0
6930.923706799745,0.0
6930.981689631939,0.0
6930.995605511665,0.0
6930.9989453228,0.0
6930.999746877472,0.0
6930.999939250593,0.0
6930.999985420142,0.0
6930.999996500834,0.0
6930.9999991602,0.0
5369.810795089234,0.0
5369.810795089234,0.0
5369.810795089234,0.0
5369.810795089234,0.0
6556.314590821416,0.0
6556.314590821416,0.0
6556.314590821416,0.0
6430.752096792201,0.0
6430.752096792201,0.0
6430.752096792201,0.0
0.0,0.0
0.0,0.0
0.0,0.0
0.0,0.0
0.0,0.0
0.0,0.0
0.0,0.0
0.0,0.0
0.0,0.0
0.0,0.0
0.0,0.0
0.0,0.0
0.0,0.0
0.0,0.0
0.0,0.0
0.0,0.0
0.0,0.0
4310.343301902999,0.0
6302.04239245672,0.0
6780.050174189613,0.0
6894.772041805507,0.0
6922.305290033321,0.0
6928.913269607997,0.0
6930.499184705919,0.0
6930.87980432942,0.0
6930.87980432942,0.0
6930.87980432942,0.0
6930.87980432942,0.0
6930.87980432942,0.0
6930.87980432942,0.0
6930.87980432942,0.0
6930.87980432942,0.0
6930.87980432942,0.0
0.0,0.0
0.0,0.0
0.0,0.0
0.0,0.0
0.0,0.0
0.0,0.0
0.0,0.0
0.0,0.0
0.0,0.0
0.0,0.0
0.0,0.0
0.0,0.0
0.0,0.0
0.0,0.0
0.0,0.0
0.0,0.0
0.0,0.0
0.0,0.0
0.0,0.0
0.0,0.0
0.0,0.0
0.0,0.0
0.0,0.0
0.0,0.0
0.0,0.0
2661.572990205117,0.0
5906.337517649228,0.0
6685.081004235815,0.0
6871.979441016596,0.0
6916.835065843983,0.0
6927.600415802556,0.0
6930.184099792614,0.0
6930.8041839502275,0.0
6930.953004148055,0.0
6930.953004148055,0.0
6930.953004148055,0.0
2028.198367939679,0.0
2028.198367939679,0.0
2028.198367939679,0.0
2028.198367939679,0.0
2028.198367939679,0.0
2028.198367939679,0.0
2028.198367939679,0.0
2028.198367939679,0.0
2028.198367939679,0.0
2028.198367939679,0.0
2028.198367939679,0.0
2028.198367939679,0.0
2028.198367939679,0.0
2028.198367939679,0.0
2028.198367939679,0.0
2028.198367939679,0.0
2028.198367939679,0.0
2028.198367939679,0.0
2028.198367939679,0.0
2028.198367939679,0.0
2028.198367939679,0.0
2028.198367939679,0.0
2028.198367939679,0.0
2028.198367939679,0.0
2028.198367939679,0.0
2028.198367939679,0.0
2028.198367939679,0.0
2028.198367939679,0.0
2028.198367939679,0.0
2028.198367939679,0.0
2028.198367939679,0.0
0.0,0.0
0.0,0.0
0.0,0.0
0.0,0.0
0.0,0.0
0.0,0.0
0.0,0.0
0.0,0.0
0.0,0.0
0.0,0.0
0.0,0.0
0.0,0.0
0.0,0.0
0.0,0.0
0.0,0.0
0.0,0.0
0.0,0.0
0.0,0.0
0.0,0.0
0.0,0.0
0.0,0.0
0.0,0.0
0.0,0.0
0.0,0.0
0.0,0.0
0.0,0.0
0.0,0.0
0.0,0.0
0.0,0.0
0.0,0.0
0.0,0.0
0.0,0.0
0.0,0.0
0.0,0.0
0.0,0.0
0.0,0.0
0.0,0.0
0.0,0.0
0.0,0.0
0.0,0.0
0.0,0.0
0.0,0.0
0.0,0.0
0.0,0.0
0.0,0.0
0.0,0.0
0.0,0.0
0.0,0.0
0.0,0.0
0.0,0.0
0.0,0.0
0.0,0.0
0.0,0.0
0.0,0.0
0.0,0.0
0.0,0.0
0.0,0.0
0.0,0.0
0.0,0.0
0.0,0.0
0.0,0.0
0.0,0.0
0.0,0.0
0.0,0.0
0.0,0.0
0.0,0.0
0.0,0.0
0.0,0.0
0.0,0.0
0.0,0.0
0.0,0.0
0.0,0.0
0.0,0.0
0.0,0.0
0.0,0.0
0.0,0.0
0.0,0.0
0.0,0.0
0.0,0.0
0.0,0.0
0.0,0.0
0.0,0.0
0.0,0.0
0.0,0.0
0.0,0.0
0.0,0.0
0.0,0.0
0.0,0.0
0.0,0.0
0.0,0.0
0.0,0.0
0.0,0.0
5267.56,0.0
5267.56,0.0
6531.7744,0.0
6835.185856,0.0
6908.00460544,0.0
6925.4811053056,0.0
6929.675465273344,0.0
6930.682111665603,0.0
6930.923706799745,0.0
6930.981689631939,0.0
6930.995605511665,0.0
6930.9989453228,0.0
6930.999746877472,0.0
6930.999939250593,0.0
6930.999985420142,0.0
6930.999996500834,0.0
6930.9999991602,0.0
6930.999999798448,0.0
6930.999999951628,0.0
6930.999999951628,0.0
5530.053678869436,0.0
0.0,0.0
0.0,0.0
0.0,0.0
0.0,0.0
0.0,0.0
0.0,0.0
0.0,0.0
0.0,0.0
1247.660299442577,0.0
5566.998471866218,0.0
6603.639633247893,0.0
6852.433511979494,0.0
6912.144042875078,0.0
6926.474570290019,0.0
6929.913896869604,0.0
6930.739335248705,0.0
348.10411710805965,0.0
348.10411710805965,0.0
348.10411710805965,0.0
348.10411710805965,0.0
348.10411710805965,0.0
348.10411710805965,0.0
348.10411710805965,0.0
0.0,0.0
0.0,0.0
0.0,0.0
3858.6359039568465,0.0
6193.632616949643,0.0
3988.352944127252,0.0
821.0900492388319,0.0
0.0,0.0
128.4276242337378,0.0
4009.6423083320624,0.0
6229.874153999695,0.0
6762.729796959927,0.0
6890.615151270383,0.0
6921.307636304892,0.0
6928.673832713174,0.0
6930.441719851162,0.0
6930.866012764279,0.0
6930.866012764279,0.0
3223.4565610087366,0.0
0.0,0.0
0.0,0.0
0.0,0.0
0.0,0.0
0.0,0.0
5267.56,0.0
5267.56,0.0
6531.7744,0.0
6531.7744,0.0
6835.185856,0.0
6908.00460544,0.0
6925.4811053056,0.0
6929.675465273344,0.0
6930.682111665603,0.0
6930.923706799745,0.0
6930.981689631939,0.0
6930.995605511665,0.0
6930.9989453228,0.0
6930.999746877472,0.0
6930.999939250593,0.0
6930.999985420142,0.0
6930.999996500834,0.0
6930.9999991602,0.0
6930.9999991602,0.0
6930.9999991602,0.0
6930.9999991602,0.0
0.0,0.0
0.0,0.0
0.0,0.0
0.0,0.0
0.0,0.0
0.0,0.0
0.0,0.0
0.0,0.0
0.0,0.0
0.0,0.0
0.0,0.0
0.0,0.0
0.0,0.0
0.0,0.0
0.0,0.0
0.0,0.0
0.0,0.0
551.0117982082942,0.0
5399.80283156999,0.0
6563.512679576797,0.0
1802.7117732928918,0.0
1802.7117732928918,0.0
1802.7117732928918,0.0
1802.7117732928918,0.0
0.0,0.0
0.0,0.0
0.0,0.0
0.0,0.0
0.0,0.0
0.0,0.0
0.0,0.0
0.0,0.0
0.0,0.0
0.0,0.0
0.0,0.0
0.0,0.0
0.0,0.0
0.0,0.0
0.0,0.0
0.0,0.0
0.0,0.0
0.0,0.0
0.0,0.0
0.0,0.0
0.0,0.0
0.0,0.0
0.0,0.0
0.0,0.0
0.0,0.0
0.0,0.0
0.0,0.0
0.0,0.0
0.0,0.0
0.0,0.0
1625.3783316170714,0.0
1625.3783316170714,0.0
0.0,0.0
0.0,0.0
0.0,0.0
0.0,0.0
0.0,0.0
0.0,0.0
0.0,0.0
0.0,0.0
0.0,0.0
0.0,0.0
0.0,0.0
0.0,0.0
0.0,0.0
0.0,0.0
0.0,0.0
0.0,0.0
0.0,0.0
0.0,0.0
0.0,0.0
0.0,0.0
0.0,0.0
0.0,0.0
0.0,0.0
0.0,0.0
0.0,0.0
0.0,0.0
0.0,0.0
0.0,0.0
0.0,0.0
0.0,0.0
0.0,0.0
0.0,0.0
0.0,0.0
0.0,0.0
5267.56,0.0
6531.7744,0.0
6835.185856,0.0
6835.185856,0.0
6835.185856,0.0
6835.185856,0.0
3420.7054927754325,0.0
3420.7054927754325,0.0
3420.7054927754325,0.0
3420.7054927754325,0.0
0.0,0.0
0.0,0.0
0.0,0.0
0.0,0.0
0.0,0.0
0.0,0.0
0.0,0.0
0.0,0.0
0.0,0.0
0.0,0.0
0.0,0.0
0.0,0.0
0.0,0.0
0.0,0.0
0.0,0.0
0.0,0.0
0.0,0.0
0.0,0.0
0.0,0.0
0.0,0.0
0.0,0.0
0.0,0.0
0.0,0.0
0.0,0.0
0.0,0.0
0.0,0.0
0.0,0.0
0.0,0.0
0.0,0.0
0.0,0.0
0.0,0.0
0.0,0.0
0.0,0.0
0.0,0.0
0.0,0.0
0.0,0.0
0.0,0.0
0.0,0.0
0.0,0.0
0.0,0.0
0.0,0.0
0.0,0.0
0.0,0.0
0.0,0.0
0.0,0.0
0.0,0.0
0.0,0.0
0.0,0.0
0.0,0.0
0.0,0.0
5267.56,0.0
6531.7744,0.0
3200.362530091019,0.0
3200.362530091019,0.0
3200.362530091019,0.0
3200.362530091019,0.0
0.0,0.0
0.0,0.0
0.0,0.0
0.0,0.0
0.0,0.0
0.0,0.0
5267.56,0.0
6531.7744,0.0
0.0,0.0
0.0,0.0
0.0,0.0
0.0,0.0
0.0,0.0
0.0,0.0
0.0,0.0
0.0,0.0
0.0,0.0
0.0,0.0
0.0,0.0
0.0,0.0
0.0,0.0
0.0,0.0
0.0,0.0
0.0,0.0
0.0,0.0
0.0,0.0
0.0,0.0
0.0,0.0
0.0,0.0
0.0,0.0
0.0,0.0
0.0,0.0
0.0,0.0
0.0,0.0
0.0,0.0
0.0,0.0
0.0,0.0
2025.1908526017605,0.0
5753.6058046244225,0.0
6648.425393109861,0.0
3572.5206013265024,0.0
6124.964944318361,0.0
6737.551586636407,0.0
6884.572380792738,0.0
6919.857371390257,0.0
6919.857371390257,0.0
6919.857371390257,0.0
6919.857371390257,0.0
5503.907468099332,0.0
5503.907468099332,0.0
5503.907468099332,0.0
0.0,0.0
0.0,0.0
0.0,0.0
0.0,0.0
2574.3800126718065,0.0
0.0,0.0
0.0,0.0
0.0,0.0
0.0,0.0
1431.4946220189738,0.0
5367.133930088299,0.0
2975.1690931443536,0.0
2975.1690931443536,0.0
2975.1690931443536,0.0
0.0,0.0
0.0,0.0
5267.56,0.0
6531.7744,0.0
6835.185856,0.0
6908.00460544,0.0
6925.4811053056,0.0
6929.675465273344,0.0
6930.682111665603,0.0
6930.923706799745,0.0
6930.981689631939,0.0
0.0,0.0
0.0,0.0
0.0,0.0
0.0,0.0
0.0,0.0
0.0,0.0
0.0,0.0
0.0,0.0
0.0,0.0
0.0,0.0
0.0,0.0
0.0,0.0
0.0,0.0
0.0,0.0
0.0,0.0
0.0,0.0
0.0,0.0
0.0,0.0
0.0,0.0
0.0,0.0
0.0,0.0
0.0,0.0
25.639634557960964,0.0
1540.5393326776298,0.0
0.0,0.0
5267.56,0.0
6531.7744,0.0
6835.185856,0.0
6908.00460544,0.0
3224.793463139253,0.0
0.0,0.0
1684.8852987567273,0.0
3672.836154715792,0.0
6149.04067713179,0.0
6478.29385738103,0.0
6478.29385738103,0.0
1812.3935279265079,0.0
0.0,0.0
0.0,0.0
5267.56,0.0
6531.7744,0.0
6835.185856,0.0
6908.00460544,0.0
6925.4811053056,0.0
6929.675465273344,0.0
6930.682111665603,0.0
6930.923706799745,0.0
6930.981689631939,0.0
6930.995605511665,0.0
6930.9989453228,0.0
6930.999746877472,0.0
6930.999939250593,0.0
6930.999985420142,0.0
6930.999996500834,0.0
6930.9999991602,0.0
6930.9999991602,0.0
384.2792580219407,0.0
33.95028258817956,0.0
33.95028258817956,0.0
0.0,0.0
1383.9520490984874,0.0
1383.9520490984874,0.0
1383.9520490984874,0.0
1383.9520490984874,0.0
5599.708491783638,0.0
6611.490038028073,0.0
6854.317609126738,0.0
6912.596226190417,0.0
6926.5830942857,0.0
6929.939942628568,0.0
6930.745586230856,0.0
6930.938940695405,0.0
6930.985345766897,0.0
6930.996482984056,0.0
6930.999155916174,0.0
6930.999797419881,0.0
6930.999951380772,0.0
6930.999988331385,0.0
6930.999997199532,0.0
6930.999999327888,0.0
6930.999999838692,0.0
6930.999999961286,0.0
6930.999999961286,0.0
1584.8677797523792,0.0
0.0,0.0
2716.216202936397,0.0
5919.451888704735,0.0
6688.228453289136,0.0
6872.734828789393,0.0
2935.2157972418545,0.0
2935.2157972418545,0.0
762.2134109494891,0.0
0.0,0.0
0.0,0.0
498.73813872427564,0.0
498.73813872427564,0.0
0.0,0.0
5267.56,0.0
6531.7744,0.0
6835.185856,0.0
6835.185856,0.0
0.0,0.0
0.0,0.0
0.0,0.0
0.0,0.0
0.0,0.0
0.0,0.0
0.0,0.0
0.0,0.0
0.0,0.0
5267.56,0.0
6531.7744,0.0
6835.185856,0.0
0.0,0.0
0.0,0.0
0.0,0.0
0.0,0.0
0.0,0.0
0.0,0.0
0.0,0.0
0.0,0.0
0.0,0.0
5267.56,0.0
6531.7744,0.0
2744.8965571200465,0.0
0.0,0.0
0.0,0.0
0.0,0.0
5267.56,0.0
6531.7744,0.0
6835.185856,0.0
6908.00460544,0.0
6925.4811053056,0.0
6929.675465273344,0.0
6930.682111665603,0.0
6930.923706799745,0.0
6930.981689631939,0.0
0.0,0.0
0.0,0.0
0.0,0.0
0.0,0.0
0.0,0.0
0.0,0.0
0.0,0.0
0.0,0.0
5267.56,0.0
6531.7744,0.0
6835.185856,0.0
6908.00460544,0.0
0.0,0.0
0.0,0.0
0.0,0.0
0.0,0.0
0.0,0.0
0.0,0.0
0.0,0.0
0.0,0.0
0.0,0.0
5267.56,0.0
6531.7744,0.0
6835.185856,0.0
0.0,0.0
0.0,0.0
0.0,0.0
0.0,0.0
0.0,0.0
0.0,0.0
0.0,0.0
0.0,0.0
0.0,0.0
5267.56,0.0
6531.7744,0.0
6531.7744,0.0
0.0,0.0
0.0,0.0
0.0,0.0
0.0,0.0
0.0,0.0
0.0,0.0
0.0,0.0
0.0,0.0
0.0,0.0
5267.56,0.0
6531.7744,0.0
6835.185856,0.0
0.0,0.0
0.0,0.0
0.0,0.0
0.0,0.0
0.0,0.0
0.0,0.0
0.0,0.0
0.0,0.0
0.0,0.0
0.0,0.0
425.2521187576466,0.0
0.0,0.0
0.0,0.0
0.0,0.0
0.0,0.0
0.0,0.0
0.0,0.0
0.0,0.0
0.0,0.0
0.0,0.0
0.0,0.0
5267.56,0.0
6531.7744,0.0
6835.185856,0.0
3538.880108761179,0.0
0.0,0.0
0.0,0.0
0.0,0.0
0.0,0.0
1673.4582626026613,0.0
1673.4582626026613,0.0
0.0,0.0
5267.56,0.0
6531.7744,0.0
6835.185856,0.0
6908.00460544,0.0
6925.4811053056,0.0
6929.675465273344,0.0
6930.682111665603,0.0
6930.923706799745,0.0
6930.981689631939,0.0
6930.995605511665,0.0
6930.9989453228,0.0
6930.999746877472,0.0
6930.999939250593,0.0
6930.999985420142,0.0
6930.999996500834,0.0
6930.9999991602,0.0
6931.0,0.0
6931.0,0.0
6931.0,0.0
6931.0,0.0
6931.0,0.0
6931.0,0.0
6931.0,0.0
6931.0,0.0
6931.0,0.0
6931.0,0.0
6931.0,0.0
6931.0,0.0
6931.0,0.0
6877.224619778419,0.0
6877.224619778419,0.0
0.0,0.0
0.0,0.0
0.0,0.0
0.0,0.0
0.0,0.0
0.0,0.0
5267.56,0.0
6531.7744,0.0
6531.7744,0.0
0.0,0.0
0.0,0.0
0.0,0.0
0.0,0.0
0.0,0.0
0.0,0.0
0.0,0.0
0.0,0.0
0.0,0.0
5267.56,0.0
6531.7744,0.0
6835.185856,0.0
4373.2388321778235,0.0
0.0,0.0
0.0,0.0
2103.8256687605913,0.0
2103.8256687605913,0.0
1242.196624913015,0.0
1242.196624913015,0.0
0.0,0.0
0.0,0.0
5267.56,0.0
6531.7744,0.0
6835.185856,0.0
0.0,0.0
0.0,0.0
5267.56,0.0
6531.7744,0.0
6835.185856,0.0
6908.00460544,0.0
6925.4811053056,0.0
6929.675465273344,0.0
6930.682111665603,0.0
6930.923706799745,0.0
6930.981689631939,0.0
6930.995605511665,0.0
6930.995605511665,0.0
105.86695170748044,0.0
0.0,0.0
0.0,0.0
0.0,0.0
0.0,0.0
0.0,0.0
5267.56,0.0
6531.7744,0.0
6835.185856,0.0
6908.00460544,0.0
6925.4811053056,0.0
6929.675465273344,0.0
6930.682111665603,0.0
6930.923706799745,0.0
6930.981689631939,0.0
6930.995605511665,0.0
6930.9989453228,0.0
6930.999746877472,0.0
6930.999939250593,0.0
6930.999985420142,0.0
6930.999996500834,0.0
6930.9999991602,0.0
6930.999999798448,0.0
5197.0434355103735,0.0
0.0,0.0
0.0,0.0
0.0,0.0
0.0,0.0
0.0,0.0
0.0,0.0
0.0,0.0
0.0,0.0
5267.56,0.0
6531.7744,0.0
6835.185856,0.0
0.0,0.0
0.0,0.0
0.0,0.0
0.0,0.0
0.0,0.0
0.0,0.0
0.0,0.0
0.0,0.0
5267.56,0.0
6531.7744,0.0
6835.185856,0.0
6908.00460544,0.0
0.0,0.0
0.0,0.0
0.0,0.0
0.0,0.0
0.0,0.0
0.0,0.0
0.0,0.0
0.0,0.0
0.0,0.0
5267.56,0.0
6531.7744,0.0
6835.185856,0.0
0.0,0.0
0.0,0.0
2762.082361936278,0.0
5140.7647941461055,0.0
5140.7647941461055,0.0
4426.55407028977,0.0
0.0,0.0
0.0,0.0
0.0,0.0
5267.56,0.0
6531.7744,0.0
6835.185856,0.0
0.0,0.0
0.0,0.0
5267.56,0.0
6531.7744,0.0
6835.185856,0.0
6908.00460544,0.0
6908.00460544,0.0
0.0,0.0
0.0,0.0
0.0,0.0
0.0,0.0
0.0,0.0
0.0,0.0
0.0,0.0
0.0,0.0
3794.495755708541,0.0
6178.23898137005,0.0
6750.337355528812,0.0
6750.337355528812,0.0
0.0,0.0
5267.56,0.0
6531.7744,0.0
6835.185856,0.0
6908.00460544,0.0
0.0,0.0
0.0,0.0
0.0,0.0
0.0,0.0
0.0,0.0
0.0,0.0
0.0,0.0
4609.816412520791,0.0
6373.91593900499,0.0
6797.299825361198,0.0
6898.911958086687,0.0
6923.298869940805,0.0
6929.151728785793,0.0
892.3796373352488,0.0
4956.351605997892,0.0
6457.084385439494,0.0
6817.260252505479,0.0
6903.702460601315,0.0
6903.702460601315,0.0
2641.6154591544127,0.0
2641.6154591544127,0.0
2641.6154591544127,0.0
4102.400563524057,0.0
874.7345642365372,0.0
874.7345642365372,0.0
874.7345642365372,0.0
874.7345642365372,0.0
0.0,0.0
872.9652358886582,0.0
872.9652358886582,0.0
872.9652358886582,0.0
0.0,0.0
5267.56,0.0
6531.7744,0.0
6835.185856,0.0
6908.00460544,0.0
896.6455604468538,0.0
0.0,0.0
0.0,0.0
117.25130316956238,0.0
3347.8508816308135,0.0
6071.044211591396,0.0
6071.044211591396,0.0
2334.906301977778,0.0
2334.906301977778,0.0
5827.937512474667,0.0
5827.937512474667,0.0
6666.26500299392,0.0
6867.463600718541,0.0
6915.75126417245,0.0
6927.340303401388,0.0
6930.121672816334,0.0
6930.78920147592,0.0
6930.94940835422,0.0
6930.987858005013,0.0
6930.997085921203,0.0
6930.999300621089,0.0
6930.999832149061,0.0
6930.999959715775,0.0
6930.999990331784,0.0
6930.999997679628,0.0
6930.999997679628,0.0
6930.999997679628,0.0
6930.999997679628,0.0
6930.999997679628,0.0
6930.999997679628,0.0
0.0,0.0
0.0,0.0
5267.56,0.0
6531.7744,0.0
6835.185856,0.0
6908.00460544,0.0
0.0,0.0
0.0,0.0
5267.56,0.0
6531.7744,0.0
6835.185856,0.0
6908.00460544,0.0
6925.4811053056,0.0
2820.2112810664394,0.0
5944.410707455945,0.0
6694.2185697894265,0.0
6874.172456749461,0.0
6917.36138961987,0.0
0.0,0.0
0.0,0.0
0.0,0.0
0.0,0.0
0.0,0.0
0.0,0.0
0.0,0.0
0.0,0.0
5267.56,0.0
6531.7744,0.0
6835.185856,0.0
6908.00460544,0.0
0.0,0.0
0.0,0.0
0.0,0.0
0.0,0.0
0.0,0.0
0.0,0.0
0.0,0.0
0.0,0.0
5267.56,0.0
6531.7744,0.0
6835.185856,0.0
6908.00460544,0.0
1858.85204595717,0.0
1858.85204595717,0.0
1858.85204595717,0.0
0.0,0.0
0.0,0.0
0.0,0.0
0.0,0.0
0.0,0.0
5267.56,0.0
6531.7744,0.0
6835.185856,0.0
6908.00460544,0.0
0.0,0.0
0.0,0.0
5267.56,0.0
6531.7744,0.0
6835.185856,0.0
6908.00460544,0.0
2301.339016840555,0.0
0.0,0.0
5267.56,0.0
6531.7744,0.0
6835.185856,0.0
6908.00460544,0.0
0.0,0.0
0.0,0.0
0.0,0.0
0.0,0.0
0.0,0.0
0.0,0.0
0.0,0.0
0.0,0.0
0.0,0.0
0.0,0.0
0.0,0.0
0.0,0.0
0.0,0.0
0.0,0.0
0.0,0.0
0.0,0.0
0.0,0.0
0.0,0.0
0.0,0.0
0.0,0.0
660.3590182549706,0.0
5426.046164381193,0.0
6569.811079451487,0.0
6844.314659068357,0.0
0.0,0.0
0.0,0.0
0.0,0.0
0.0,0.0
0.0,0.0
0.0,0.0
0.0,0.0
0.0,0.0
5267.56,0.0
6531.7744,0.0
6835.185856,0.0
6908.00460544,0.0
6908.00460544,0.0
3337.6165250349795,0.0
3337.6165250349795,0.0
0.0,0.0
0.0,0.0
0.0,0.0
0.0,0.0
0.0,0.0
5267.56,0.0
6531.7744,0.0
6835.185856,0.0
6908.00460544,0.0
6908.00460544,0.0
0.0,0.0
0.0,0.0
0.0,0.0
0.0,0.0
0.0,0.0
0.0,0.0
2648.089509526565,0.0
5903.101482286376,0.0
6684.304355748731,0.0
6871.793045379695,0.0
6916.790330891127,0.0
6927.589679413868,0.0
6930.181523059328,0.0
6930.181523059328,0.0
5925.977100828595,0.0
1427.8882341135277,0.0
1427.8882341135277,0.0
1427.8882341135277,0.0
0.0,0.0
0.0,0.0
5267.56,0.0
6531.7744,0.0
6531.7744,0.0
0.0,0.0
0.0,0.0
0.0,0.0
0.0,0.0
0.0,0.0
0.0,0.0
0.0,0.0
0.0,0.0
0.0,0.0
5267.56,0.0
6531.7744,0.0
6835.185856,0.0
4183.353887556066,0.0
0.0,0.0
0.0,0.0
0.0,0.0
0.0,0.0
0.0,0.0
0.0,0.0
0.0,0.0
0.0,0.0
5267.56,0.0
6531.7744,0.0
6835.185856,0.0
0.0,0.0
0.0,0.0
0.0,0.0
0.0,0.0
0.0,0.0
0.0,0.0
0.0,0.0
0.0,0.0
5267.56,0.0
6531.7744,0.0
6835.185856,0.0
6908.00460544,0.0
6925.4811053056,0.0
6925.4811053056,0.0
6925.4811053056,0.0
0.0,0.0
0.0,0.0
0.0,0.0
0.0,0.0
0.0,0.0
5267.56,0.0
6531.7744,0.0
6835.185856,0.0
6908.00460544,0.0
4775.133928773849,0.0
0.0,0.0
0.0,0.0
0.0,0.0
0.0,0.0
0.0,0.0
0.0,0.0
0.0,0.0
5267.56,0.0
6531.7744,0.0
6835.185856,0.0
6908.00460544,0.0
0.0,0.0
0.0,0.0
0.0,0.0
0.0,0.0
0.0,0.0
0.0,0.0
0.0,0.0
0.0,0.0
5267.56,0.0
6531.7744,0.0
6835.185856,0.0
6908.00460544,0.0
4665.45406609311,0.0
0.0,0.0
0.0,0.0
0.0,0.0
0.0,0.0
0.0,0.0
0.0,0.0
0.0,0.0
0.0,0.0
5267.56,0.0
6531.7744,0.0
6835.185856,0.0
6908.00460544,0.0
6925.4811053056,0.0
6929.675465273344,0.0
6930.682111665603,0.0
6930.923706799745,0.0
6930.981689631939,0.0
6930.995605511665,0.0
6930.9989453228,0.0
6930.999746877472,0.0
6930.999939250593,0.0
6930.999985420142,0.0
6930.999996500834,0.0
6930.9999991602,0.0
4859.595188916943,0.0
4859.595188916943,0.0
4859.595188916943,0.0
3387.4350111003314,0.0
3387.4350111003314,0.0
0.0,0.0
0.0,0.0
5267.56,0.0
6531.7744,0.0
6835.185856,0.0
6908.00460544,0.0
0.0,0.0
0.0,0.0
0.0,0.0
0.0,0.0
0.0,0.0
0.0,0.0
0.0,0.0
0.0,0.0
5106.535943942588,0.0
6493.128626546221,0.0
6825.910870371094,0.0
6905.7786088890625,0.0
0.0,0.0
0.0,0.0
0.0,0.0
0.0,0.0
0.0,0.0
0.0,0.0
0.0,0.0
0.0,0.0
0.0,0.0
5267.56,0.0
6531.7744,0.0
6531.7744,0.0
2795.4396456252616,0.0
2795.4396456252616,0.0
2795.4396456252616,0.0
2795.4396456252616,0.0
2795.4396456252616,0.0
2795.4396456252616,0.0
2795.4396456252616,0.0
0.0,0.0
5267.56,0.0
6531.7744,0.0
6835.185856,0.0
6908.00460544,0.0
5203.258100956169,0.0
0.0,0.0
5267.56,0.0
6531.7744,0.0
6531.7744,0.0
5673.732219872898,0.0
0.0,0.0
0.0,0.0
5267.56,0.0
6531.7744,0.0
6835.185856,0.0
6908.00460544,0.0
4295.167528111099,0.0
4295.167528111099,0.0
4295.167528111099,0.0
4295.167528111099,0.0
0.0,0.0
0.0,0.0
0.0,0.0
0.0,0.0
5267.56,0.0
6531.7744,0.0
6835.185856,0.0
6908.00460544,0.0
0.0,0.0
0.0,0.0
0.0,0.0
0.0,0.0
0.0,0.0
0.0,0.0
0.0,0.0
0.0,0.0
2022.5722677480783,0.0
5752.977344259539,0.0
6648.2745626222895,0.0
6648.2745626222895,0.0
0.0,0.0
0.0,0.0
0.0,0.0
0.0,0.0
2897.316523556037,0.0
2897.316523556037,0.0
0.0,0.0
0.0,0.0
0.0,0.0
5267.56,0.0
6531.7744,0.0
6531.7744,0.0
0.0,0.0
0.0,0.0
0.0,0.0
0.0,0.0
0.0,0.0
0.0,0.0
0.0,0.0
0.0,0.0
5267.56,0.0
6531.7744,0.0
6835.185856,0.0
6908.00460544,0.0
6925.4811053056,0.0
6925.4811053056,0.0
6925.4811053056,0.0
0.0,0.0
0.0,0.0
0.0,0.0
0.0,0.0
0.0,0.0
5267.56,0.0
6531.7744,0.0
6835.185856,0.0
6908.00460544,0.0
1276.4503984609973,0.0
1276.4503984609973,0.0
1276.4503984609973,0.0
250.8782428764889,0.0
250.8782428764889,0.0
250.8782428764889,0.0
250.8782428764889,0.0
250.8782428764889,0.0
250.8782428764889,0.0
4445.65062610443,0.0
5327.105030690131,0.0
0.0,0.0
0.0,0.0
0.0,0.0
0.0,0.0
0.0,0.0
0.0,0.0
0.0,0.0
0.0,0.0
0.0,0.0
5267.56,0.0
6531.7744,0.0
6835.185856,0.0
6908.00460544,0.0
0.0,0.0
0.0,0.0
0.0,0.0
0.0,0.0
0.0,0.0
0.0,0.0
0.0,0.0
0.0,0.0
5267.56,0.0
6531.7744,0.0
6835.185856,0.0
6908.00460544,0.0
6925.4811053056,0.0
1160.5283628649695,0.0
1160.5283628649695,0.0
0.0,0.0
0.0,0.0
0.0,0.0
0.0,0.0
0.0,0.0
858.2984836141877,0.0
5473.5516360674055,0.0
6581.212392656177,0.0
6847.0509742374825,0.0
6847.0509742374825,0.0
3132.5043339416243,0.0
3132.5043339416243,0.0
5596.098277362407,0.0
6610.623586566978,0.0
6610.623586566978,0.0
0.0,0.0
0.0,0.0
5267.56,0.0
6531.7744,0.0
6835.185856,0.0
6908.00460544,0.0
6925.4811053056,0.0
6925.4811053056,0.0
6925.4811053056,0.0
6929.675465273344,0.0
6929.675465273344,0.0
6929.675465273344,0.0
883.5753538985145,0.0
0.0,0.0
0.0,0.0
5267.56,0.0
6531.7744,0.0
6531.7744,0.0
0.0,0.0
0.0,0.0
0.0,0.0
0.0,0.0
0.0,0.0
0.0,0.0
0.0,0.0
0.0,0.0
0.0,0.0
0.0,0.0
1678.1067840815938,0.0
0.0,0.0
0.0,0.0
0.0,0.0
0.0,0.0
0.0,0.0
0.0,0.0
0.0,0.0
0.0,0.0
0.0,0.0
0.0,0.0
3943.788161938784,0.0
6214.069158865308,0.0
6214.069158865308,0.0
0.0,0.0
0.0,0.0
0.0,0.0
0.0,0.0
0.0,0.0
0.0,0.0
0.0,0.0
0.0,0.0
0.0,0.0
5267.56,0.0
6531.7744,0.0
6531.7744,0.0
0.0,0.0
0.0,0.0
0.0,0.0
0.0,0.0
0.0,0.0
0.0,0.0
0.0,0.0
0.0,0.0
0.0,0.0
0.0,0.0
0.0,0.0
0.0,0.0
0.0,0.0
0.0,0.0
0.0,0.0
2891.9025806409873,0.0
5961.616619353837,0.0
6698.347988644921,0.0
6698.347988644921,0.0
6269.691380791504,0.0
6772.285931389961,0.0
6892.908623533591,0.0
6921.858069648062,0.0
6928.805936715536,0.0
0.0,0.0
0.0,0.0
0.0,0.0
0.0,0.0
0.0,0.0
0.0,0.0
0.0,0.0
0.0,0.0
0.0,0.0
0.0,0.0
0.0,0.0
0.0,0.0
0.0,0.0
0.0,0.0
0.0,0.0
0.0,0.0
0.0,0.0
0.0,0.0
0.0,0.0
0.0,0.0
0.0,0.0
2611.2916646517797,0.0
5418.368815299629,0.0
5132.665830763951,0.0
0.0,0.0
0.0,0.0
0.0,0.0
0.0,0.0
0.0,0.0
0.0,0.0
0.0,0.0
0.0,0.0
0.0,0.0
0.0,0.0
5267.56,0.0
5267.56,0.0
6531.7744,0.0
6835.185856,0.0
6908.00460544,0.0
6925.4811053056,0.0
6929.675465273344,0.0
6930.682111665603,0.0
6930.923706799745,0.0
6930.981689631939,0.0
6930.995605511665,0.0
6930.9989453228,0.0
6930.999746877472,0.0
6930.999939250593,0.0
6930.999985420142,0.0
6930.999996500834,0.0
6930.999996500834,0.0
6930.999996500834,0.0
6930.999996500834,0.0
6919.665467206854,0.0
0.0,0.0
2049.003601604307,0.0
5759.320864385034,0.0
6649.797007452408,0.0
6863.511281788578,0.0
6914.802707629259,0.0
6927.112649831022,0.0
6927.112649831022,0.0
6927.112649831022,0.0
6927.112649831022,0.0
6927.112649831022,0.0
6927.112649831022,0.0
0.0,0.0
3780.126870168471,0.0
6174.790448840433,0.0
6749.509707721704,0.0
6887.442329853209,0.0
6920.54615916477,0.0
6928.491078199545,0.0
1970.9122926952532,0.0
4.547473508864641e-13,0.0
3366.144685668989,0.0
6075.434724560557,0.0
6725.664333894533,0.0
5797.7244407062535,0.0
6659.013865769501,0.0
6865.72332778468,0.0
6915.333598668323,0.0
6927.240063680398,0.0
6930.097615283295,0.0
6930.7834276679905,0.0
6930.7834276679905,0.0
6930.7834276679905,0.0
3330.11757320794,0.0
3330.11757320794,0.0
3330.11757320794,0.0
3330.11757320794,0.0
366.7004191447639,0.0
366.7004191447639,0.0
366.7004191447639,0.0
375.8955663557099,0.0
0.0,0.0
0.0,0.0
0.0,0.0
0.0,0.0
0.0,0.0
0.0,0.0
0.0,0.0
0.0,0.0
0.0,0.0
0.0,0.0
5267.56,0.0
6531.7744,0.0
6835.185856,0.0
0.0,0.0
0.0,0.0
0.0,0.0
0.0,0.0
0.0,0.0
0.0,0.0
0.0,0.0
0.0,0.0
1520.1258041910696,0.0
5632.390193005856,0.0
6619.3336463214055,0.0
6856.200075117137,0.0
0.0,0.0
0.0,0.0
0.0,0.0
0.0,0.0
0.0,0.0
0.0,0.0
0.0,0.0
0.0,0.0
5267.56,0.0
6531.7744,0.0
6835.185856,0.0
6908.00460544,0.0
6925.4811053056,0.0
6925.4811053056,0.0
6925.4811053056,0.0
0.0,0.0
0.0,0.0
0.0,0.0
0.0,0.0
5267.56,0.0
6531.7744,0.0
6835.185856,0.0
6908.00460544,0.0
6925.4811053056,0.0
6929.675465273344,0.0
6930.682111665603,0.0
0.0,0.0
0.0,0.0
3020.5926316690243,0.0
5992.502231600565,0.0
6705.760535584136,0.0
6876.942528540193,0.0
6918.026206849647,0.0
6927.886289643915,0.0
6930.25270951454,0.0
6930.820650283489,0.0
6930.9569560680375,0.0
6930.9569560680375,0.0
6930.9569560680375,0.0
3416.6097271067574,0.0
3416.6097271067574,0.0
3416.6097271067574,0.0
3416.6097271067574,0.0
3416.6097271067574,0.0
3416.6097271067574,0.0
3416.6097271067574,0.0
3416.6097271067574,0.0
0.0,0.0
0.0,0.0
0.0,0.0
0.0,0.0
0.0,0.0
0.0,0.0
0.0,0.0
0.0,0.0
0.0,0.0
0.0,0.0
0.0,0.0
872.7841102658128,0.0
872.7841102658128,0.0
872.7841102658128,0.0
872.7841102658128,0.0
872.7841102658128,0.0
0.0,0.0
0.0,0.0
0.0,0.0
0.0,0.0
0.0,0.0
0.0,0.0
4110.086832951105,0.0
6253.980839908265,0.0
6768.5154015779835,0.0
6768.5154015779835,0.0
6768.5154015779835,0.0
6768.5154015779835,0.0
0.0,0.0
0.0,0.0
0.0,0.0
0.0,0.0
0.0,0.0
5267.56,0.0
6531.7744,0.0
6835.185856,0.0
6908.00460544,0.0
0.0,0.0
0.0,0.0
0.0,0.0
5267.56,0.0
6531.7744,0.0
6835.185856,0.0
4485.385067684313,0.0
0.0,0.0
0.0,0.0
5267.56,0.0
6531.7744,0.0
6835.185856,0.0
6908.00460544,0.0
6610.201154736667,0.0
6854.0082771368,0.0
6912.521986512832,0.0
6926.56527676308,0.0
6929.935666423139,0.0
6930.744559941553,0.0
6930.938694385973,0.0
6930.9852866526335,0.0
6930.996468796632,0.0
6930.999152511192,0.0
6930.999796602686,0.0
6930.9999511846445,0.0
6623.422183259266,0.0
4364.84397508568,0.0
4750.186079501887,0.0
6407.6046590804535,0.0
6407.6046590804535,0.0
2175.849873663019,0.0
0.0,0.0
5267.56,0.0
6531.7744,0.0
6835.185856,0.0
6835.185856,0.0
0.0,0.0
0.0,0.0
0.0,0.0
0.0,0.0
0.0,0.0
0.0,0.0
0.0,0.0
0.0,0.0
3045.367282526895,0.0
5998.448147806455,0.0
6707.187555473549,0.0
6877.285013313652,0.0
6918.108403195276,0.0
494.7380230475992,0.0
0.0,0.0
3619.420453624908,0.0
6136.220908869978,0.0
6740.253018128795,0.0
0.0,0.0
0.0,0.0
5267.56,0.0
6531.7744,0.0
6835.185856,0.0
6908.00460544,0.0
6925.4811053056,0.0
6925.4811053056,0.0
6925.4811053056,0.0
6925.4811053056,0.0
6238.8898356273185,0.0
352.3894555108058,0.0
352.3894555108058,0.0
0.0,0.0
5267.56,0.0
6531.7744,0.0
6835.185856,0.0
6908.00460544,0.0
0.0,0.0
0.0,0.0
0.0,0.0
0.0,0.0
0.0,0.0
0.0,0.0
0.0,0.0
0.0,0.0
3072.456069376556,0.0
6004.949456650374,0.0
6708.74786959609,0.0
6877.6594887030615,0.0
0.0,0.0
0.0,0.0
0.0,0.0
0.0,0.0
0.0,0.0
0.0,0.0
0.0,0.0
0.0,0.0
2098.3556299967504,0.0
5771.16535119922,0.0
6652.639684287813,0.0
6864.193524229076,0.0
0.0,0.0
0.0,0.0
0.0,0.0
0.0,0.0
0.0,0.0
0.0,0.0
0.0,0.0
5267.56,0.0
6531.7744,0.0
6835.185856,0.0
6908.00460544,0.0
6925.4811053056,0.0
6929.675465273344,0.0
6929.675465273344,0.0
6929.675465273344,0.0
295.3226900263294,0.0
295.3226900263294,0.0
295.3226900263294,0.0
295.3226900263294,0.0
295.3226900263294,0.0
0.0,0.0
3132.40347912734,0.0
3132.40347912734,0.0
0.0,0.0
0.0,0.0
0.0,0.0
0.0,0.0
0.0,0.0
0.0,0.0
0.0,0.0
0.0,0.0
0.0,0.0
0.0,0.0
2480.2837201894845,0.0
2480.2837201894845,0.0
2480.2837201894845,0.0
2480.2837201894845,0.0
2480.2837201894845,0.0
2480.2837201894845,0.0
2480.2837201894845,0.0
2480.2837201894845,0.0
2480.2837201894845,0.0
2480.2837201894845,0.0
0.0,0.0
0.0,0.0
0.0,0.0
0.0,0.0
0.0,0.0
0.0,0.0
0.0,0.0
0.0,0.0
0.0,0.0
0.0,0.0
0.0,0.0
0.0,0.0
0.0,0.0
5267.56,0.0
6531.7744,0.0
6835.185856,0.0
6908.00460544,0.0
6925.4811053056,0.0
6929.675465273344,0.0
6930.682111665603,0.0
6930.923706799745,0.0
6930.923706799745,0.0
6930.923706799745,0.0
0.0,0.0
0.0,0.0
5267.56,0.0
6531.7744,0.0
6835.185856,0.0
6908.00460544,0.0
6925.4811053056,0.0
3477.5164407624047,0.0
710.8933603248784,0.0
4354.8472870504465,0.0
6312.723348892107,0.0
6782.613603734106,0.0
2616.4799878931003,0.0
5895.515197094344,0.0
6682.483647302643,0.0
6871.356075352634,0.0
6916.685458084632,0.0
6927.564509940312,0.0
0.0,0.0
0.0,0.0
0.0,0.0
0.0,0.0
0.0,0.0
0.0,0.0
0.0,0.0
0.0,0.0
5267.56,0.0
6531.7744,0.0
6835.185856,0.0
6908.00460544,0.0
4864.19587200884,0.0
0.0,0.0
0.0,0.0
0.0,0.0
0.0,0.0
0.0,0.0
0.0,0.0
0.0,0.0
5267.56,0.0
6531.7744,0.0
6835.185856,0.0
6908.00460544,0.0
6908.00460544,0.0
890.1419331302659,0.0
890.1419331302659,0.0
890.1419331302659,0.0
0.0,0.0
0.0,0.0
0.0,0.0
0.0,0.0
5267.56,0.0
6531.7744,0.0
6835.185856,0.0
6908.00460544,0.0
6925.4811053056,0.0
6925.4811053056,0.0
6925.4811053056,0.0
6283.581950999072,0.0
1589.2990151240247,0.0
1589.2990151240247,0.0
1589.2990151240247,0.0
0.0,0.0
5267.56,0.0
6531.7744,0.0
6835.185856,0.0
6908.00460544,0.0
0.0,0.0
0.0,0.0
0.0,0.0
0.0,0.0
0.0,0.0
0.0,0.0
0.0,0.0
0.0,0.0
5267.56,0.0
5267.56,0.0
6531.7744,0.0
6835.185856,0.0
6908.00460544,0.0
6925.4811053056,0.0
6929.675465273344,0.0
6930.682111665603,0.0
6930.923706799745,0.0
6930.981689631939,0.0
6930.981689631939,0.0
6930.995605511665,0.0
6930.9989453228,0.0
6930.999746877472,0.0
6930.999939250593,0.0
6930.999985420142,0.0
6930.999996500834,0.0
1630.423029963225,0.0
1630.423029963225,0.0
0.0,0.0
0.0,0.0
0.0,0.0
0.0,0.0
0.0,0.0
5267.56,0.0
6531.7744,0.0
6835.185856,0.0
6908.00460544,0.0
6908.00460544,0.0
6908.00460544,0.0
6908.00460544,0.0
1214.4840880754427,0.0
1214.4840880754427,0.0
1214.4840880754427,0.0
0.0,0.0
0.0,0.0
5267.56,0.0
6531.7744,0.0
6835.185856,0.0
6908.00460544,0.0
3059.1049749255317,0.0
3059.1049749255317,0.0
3059.1049749255317,0.0
0.0,0.0
0.0,0.0
0.0,0.0
0.0,0.0
0.0,0.0
2483.2240751256177,0.0
5863.533778030149,0.0
6674.808106727236,0.0
6869.513945614537,0.0
0.0,0.0
0.0,0.0
0.0,0.0
0.0,0.0
0.0,0.0
0.0,0.0
0.0,0.0
0.0,0.0
0.0,0.0
5267.56,0.0
6531.7744,0.0
6531.7744,0.0
0.0,0.0
0.0,0.0
0.0,0.0
0.0,0.0
0.0,0.0
0.0,0.0
0.0,0.0
0.0,0.0
0.0,0.0
5267.56,0.0
6531.7744,0.0
6835.185856,0.0
0.0,0.0
0.0,0.0
0.0,0.0
0.0,0.0
0.0,0.0
0.0,0.0
0.0,0.0
0.0,0.0
0.0,0.0
5267.56,0.0
6531.7744,0.0
6531.7744,0.0
0.0,0.0
0.0,0.0
0.0,0.0
0.0,0.0
0.0,0.0
0.0,0.0
0.0,0.0
0.0,0.0
0.0,0.0
5267.56,0.0
6531.7744,0.0
6835.185856,0.0
0.0,0.0
0.0,0.0
0.0,0.0
0.0,0.0
0.0,0.0
0.0,0.0
0.0,0.0
0.0,0.0
5267.56,0.0
6531.7744,0.0
6835.185856,0.0
6908.00460544,0.0
367.75910513849885,0.0
367.75910513849885,0.0
367.75910513849885,0.0
367.75910513849885,0.0
367.75910513849885,0.0
367.75910513849885,0.0
367.75910513849885,0.0
0.0,0.0
5267.56,0.0
6531.7744,0.0
6835.185856,0.0
6908.00460544,0.0
0.0,0.0
0.0,0.0
0.0,0.0
0.0,0.0
0.0,0.0
0.0,0.0
0.0,0.0
0.0,0.0
0.0,0.0
5267.56,0.0
6531.7744,0.0
6531.7744,0.0
0.0,0.0
0.0,0.0
0.0,0.0
0.0,0.0
0.0,0.0
0.0,0.0
0.0,0.0
0.0,0.0
0.0,0.0
5267.56,0.0
6531.7744,0.0
5938.414521062759,0.0
0.0,0.0
0.0,0.0
0.0,0.0
0.0,0.0
0.0,0.0
0.0,0.0
0.0,0.0
0.0,0.0
0.0,0.0
0.0,0.0
0.0,0.0
0.0,0.0
0.0,0.0
0.0,0.0
0.0,0.0
0.0,0.0
0.0,0.0
0.0,0.0
0.0,0.0
0.0,0.0
0.0,0.0
5267.56,0.0
6531.7744,0.0
5341.926027952157,0.0
0.0,0.0
0.0,0.0
0.0,0.0
0.0,0.0
0.0,0.0
0.0,0.0
0.0,0.0
0.0,0.0
0.0,0.0
5267.56,0.0
6531.7744,0.0
6531.7744,0.0
0.0,0.0
0.0,0.0
0.0,0.0
0.0,0.0
0.0,0.0
0.0,0.0
0.0,0.0
0.0,0.0
0.0,0.0
5267.56,0.0
6531.7744,0.0
6835.185856,0.0
0.0,0.0
0.0,0.0
0.0,0.0
0.0,0.0
0.0,0.0
0.0,0.0
0.0,0.0
0.0,0.0
5267.56,0.0
6531.7744,0.0
6835.185856,0.0
6908.00460544,0.0
3712.5748971058338,0.0
3712.5748971058338,0.0
0.0,0.0
0.0,0.0
0.0,0.0
0.0,0.0
0.0,0.0
0.0,0.0
5267.56,0.0
6531.7744,0.0
6835.185856,0.0
6908.00460544,0.0
3373.062592649033,0.0
3373.062592649033,0.0
3373.062592649033,0.0
0.0,0.0
0.0,0.0
0.0,0.0
0.0,0.0
0.0,0.0
5267.56,0.0
6531.7744,0.0
6835.185856,0.0
6835.185856,0.0
0.0,0.0
0.0,0.0
0.0,0.0
0.0,0.0
0.0,0.0
0.0,0.0
0.0,0.0
0.0,0.0
0.0,0.0
5267.56,0.0
6531.7744,0.0
2106.6211050260445,0.0
2106.6211050260445,0.0
2106.6211050260445,0.0
2106.6211050260445,0.0
0.0,0.0
0.0,0.0
0.0,0.0
0.0,0.0
0.0,0.0
0.0,0.0
5267.56,0.0
6531.7744,0.0
6531.7744,0.0
0.0,0.0
0.0,0.0
0.0,0.0
0.0,0.0
0.0,0.0
0.0,0.0
0.0,0.0
0.0,0.0
0.0,0.0
4138.393888732559,0.0
6260.774533295815,0.0
5625.930069825256,0.0
0.0,0.0
0.0,0.0
0.0,0.0
0.0,0.0
0.0,0.0
0.0,0.0
0.0,0.0
0.0,0.0
3770.3041696840737,0.0
6172.433000724178,0.0
6748.943920173802,0.0
6748.943920173802,0.0
0.0,0.0
0.0,0.0
0.0,0.0
0.0,0.0
0.0,0.0
0.0,0.0
0.0,0.0
0.0,0.0
5267.56,0.0
6531.7744,0.0
6835.185856,0.0
6908.00460544,0.0
6908.00460544,0.0
1915.6018681004934,0.0
1915.6018681004934,0.0
1915.6018681004934,0.0
0.0,0.0
0.0,0.0
0.0,0.0
0.0,0.0
0.0,0.0
4156.620629598847,0.0
6265.148951103723,0.0
6265.148951103723,0.0
0.0,0.0
0.0,0.0
0.0,0.0
0.0,0.0
0.0,0.0
0.0,0.0
0.0,0.0
0.0,0.0
0.0,0.0
5267.56,0.0
6531.7744,0.0
6835.185856,0.0
1182.3365029894849,0.0
0.0,0.0
5267.56,0.0
6531.7744,0.0
6835.185856,0.0
6908.00460544,0.0
3989.70666849335,0.0
6225.089600438404,0.0
6761.581504105217,0.0
6890.339560985252,0.0
6921.241494636461,0.0
6928.657958712751,0.0
6930.43791009106,0.0
6930.43791009106,0.0
6930.43791009106,0.0
0.0,0.0
0.0,0.0
0.0,0.0
0.0,0.0
1195.7633005457374,0.0
5554.543192130977,0.0
6600.650366111435,0.0
6851.716087866745,0.0
6911.971861088019,0.0
0.0,0.0
0.0,0.0
0.0,0.0
0.0,0.0
0.0,0.0
0.0,0.0
0.0,0.0
0.0,0.0
0.0,0.0
5267.56,0.0
6531.7744,0.0
6835.185856,0.0
6178.690872375418,0.0
0.0,0.0
0.0,0.0
0.0,0.0
0.0,0.0
0.0,0.0
0.0,0.0
0.0,0.0
5267.56,0.0
6531.7744,0.0
6835.185856,0.0
6908.00460544,0.0
0.0,0.0
0.0,0.0
0.0,0.0
0.0,0.0
0.0,0.0
0.0,0.0
0.0,0.0
0.0,0.0
5267.56,0.0
6531.7744,0.0
6835.185856,0.0
6908.00460544,0.0
0.0,0.0
0.0,0.0
0.0,0.0
0.0,0.0
0.0,0.0
0.0,0.0
0.0,0.0
0.0,0.0
1918.0771704747021,0.0
5727.898520913928,0.0
6642.255645019342,0.0
6642.255645019342,0.0
773.8178500950353,0.0
773.8178500950353,0.0
773.8178500950353,0.0
773.8178500950353,0.0
773.8178500950353,0.0
0.0,0.0
0.0,0.0
0.0,0.0
5267.56,0.0
6531.7744,0.0
6835.185856,0.0
6835.185856,0.0
0.0,0.0
0.0,0.0
0.0,0.0
0.0,0.0
0.0,0.0
0.0,0.0
0.0,0.0
0.0,0.0
0.0,0.0
0.0,0.0
0.0,0.0
0.0,0.0
0.0,0.0
0.0,0.0
0.0,0.0
0.0,0.0
0.0,0.0
0.0,0.0
0.0,0.0
0.0,0.0
0.0,0.0
0.0,0.0
0.0,0.0
0.0,0.0
0.0,0.0
0.0,0.0
0.0,0.0
0.0,0.0
0.0,0.0
0.0,0.0
0.0,0.0
0.0,0.0
5267.56,0.0
6531.7744,0.0
6835.185856,0.0
6908.00460544,0.0
6925.4811053056,0.0
6929.675465273344,0.0
5869.14423330035,0.0
6676.154615992084,0.0
6715.051674977931,0.0
5528.794159080185,0.0
0.0,0.0
5267.56,0.0
6531.7744,0.0
6835.185856,0.0
6908.00460544,0.0
6925.4811053056,0.0
6925.4811053056,0.0
0.0,0.0
0.0,0.0
0.0,0.0
0.0,0.0
0.0,0.0
0.0,0.0
0.0,0.0
1922.3983853199134,0.0
5728.935612476779,0.0
6642.504546994427,0.0
6642.504546994427,0.0
0.0,0.0
0.0,0.0
0.0,0.0
0.0,0.0
0.0,0.0
0.0,0.0
0.0,0.0
0.0,0.0
0.0,0.0
2260.157253881626,0.0
2352.7509769053236,0.0
2352.7509769053236,0.0
2352.7509769053236,0.0
2352.7509769053236,0.0
2352.7509769053236,0.0
0.0,0.0
0.0,0.0
0.0,0.0
0.0,0.0
0.0,0.0
0.0,0.0
5267.56,0.0
6531.7744,0.0
6835.185856,0.0
2168.7572013591616,0.0
2168.7572013591616,0.0
2168.7572013591616,0.0
0.0,0.0
0.0,0.0
0.0,0.0
0.0,0.0
0.0,0.0
5267.56,0.0
6531.7744,0.0
6835.185856,0.0
6908.00460544,0.0
6925.4811053056,0.0
3683.521484200457,0.0
2877.060717841605,0.0
0.0,0.0
0.0,0.0
0.0,0.0
0.0,0.0
0.0,0.0
5267.56,0.0
6531.7744,0.0
6835.185856,0.0
6908.00460544,0.0
2563.2141259983937,0.0
2563.2141259983937,0.0
2563.2141259983937,0.0
0.0,0.0
0.0,0.0
0.0,0.0
0.0,0.0
0.0,0.0
5267.56,0.0
6531.7744,0.0
6835.185856,0.0
6908.00460544,0.0
1918.4707653290488,0.0
1918.4707653290488,0.0
1918.4707653290488,0.0
0.0,0.0
0.0,0.0
0.0,0.0
0.0,0.0
0.0,0.0
3651.6779445631983,0.0
6143.962706695167,0.0
6742.11104960684,0.0
6885.666651905642,0.0
0.0,0.0
0.0,0.0
0.0,0.0
0.0,0.0
0.0,0.0
0.0,0.0
0.0,0.0
0.0,0.0
0.0,0.0
5267.56,0.0
6531.7744,0.0
6531.7744,0.0
0.0,0.0
0.0,0.0
0.0,0.0
0.0,0.0
0.0,0.0
0.0,0.0
0.0,0.0
0.0,0.0
0.0,0.0
1484.9641401163858,0.0
3359.5957125994837,0.0
3359.5957125994837,0.0
0.0,0.0
0.0,0.0
0.0,0.0
0.0,0.0
0.0,0.0
0.0,0.0
0.0,0.0
0.0,0.0
1734.8319357279433,0.0
5683.919664574707,0.0
6631.70071949793,0.0
6859.168172679503,0.0
0.0,0.0
0.0,0.0
0.0,0.0
0.0,0.0
0.0,0.0
0.0,0.0
0.0,0.0
0.0,0.0
0.0,0.0
0.0,0.0
0.0,0.0
0.0,0.0
0.0,0.0
0.0,0.0
0.0,0.0
0.0,0.0
0.0,0.0
0.0,0.0
0.0,0.0
0.0,0.0
0.0,0.0
0.0,0.0
0.0,0.0
0.0,0.0
0.0,0.0
0.0,0.0
0.0,0.0
0.0,0.0
0.0,0.0
0.0,0.0
0.0,0.0
0.0,0.0
901.62985938786,0.0
5483.951166253087,0.0
6583.70827990074,0.0
5149.251244177953,0.0
0.0,0.0
0.0,0.0
0.0,0.0
0.0,0.0
0.0,0.0
0.0,0.0
0.0,0.0
0.0,0.0
0.0,0.0
5267.56,0.0
6531.7744,0.0
6531.7744,0.0
0.0,0.0
0.0,0.0
0.0,0.0
0.0,0.0
0.0,0.0
0.0,0.0
0.0,0.0
0.0,0.0
5267.56,0.0
6531.7744,0.0
6835.185856,0.0
6908.00460544,0.0
0.0,0.0
0.0,0.0
0.0,0.0
0.0,0.0
0.0,0.0
0.0,0.0
0.0,0.0
0.0,0.0
5267.56,0.0
6531.7744,0.0
6835.185856,0.0
6908.00460544,0.0
3427.587375938403,0.0
3427.587375938403,0.0
3427.587375938403,0.0
0.0,0.0
0.0,0.0
0.0,0.0
0.0,0.0
0.0,0.0
0.0,0.0
5267.56,0.0
6531.7744,0.0
6531.7744,0.0
0.0,0.0
0.0,0.0
0.0,0.0
0.0,0.0
0.0,0.0
0.0,0.0
0.0,0.0
0.0,0.0
0.0,0.0
0.0,0.0
0.0,0.0
0.0,0.0
0.0,0.0
0.0,0.0
0.0,0.0
0.0,0.0
0.0,0.0
0.0,0.0
0.0,0.0
0.0,0.0
0.0,0.0
0.0,0.0
0.0,0.0
0.0,0.0
0.0,0.0
0.0,0.0
0.0,0.0
0.0,0.0
0.0,0.0
0.0,0.0
0.0,0.0
0.0,0.0
0.0,0.0
3972.0143096606243,0.0
6220.84343431855,0.0
0.0,0.0
0.0,0.0
0.0,0.0
0.0,0.0
0.0,0.0
0.0,0.0
0.0,0.0
1220.2971597006353,0.0
5560.431318328153,0.0
6602.063516398757,0.0
6852.055243935702,0.0
6912.053258544568,0.0
6926.452782050696,0.0
4537.494306155289,0.0
1443.7664094962167,0.0
1443.7664094962167,0.0
1709.2057261058892,0.0
1709.2057261058892,0.0
1709.2057261058892,0.0
0.0,0.0
0.0,0.0
5267.56,0.0
6531.7744,0.0
6835.185856,0.0
6908.00460544,0.0
0.0,0.0
0.0,0.0
0.0,0.0
0.0,0.0
0.0,0.0
0.0,0.0
0.0,0.0
0.0,0.0
0.0,0.0
5267.56,0.0
6531.7744,0.0
6835.185856,0.0
6908.00460544,0.0
4684.303519302169,0.0
6391.79284463252,0.0
6801.590282711805,0.0
6899.941667850833,0.0
6923.5460002842,0.0
6929.211040068208,0.0
6930.57064961637,0.0
6930.896955907929,0.0
6930.975269417903,0.0
6930.994064660297,0.0
6930.998575518472,0.0
6930.999658124433,0.0
1821.724356648302,0.0
1821.724356648302,0.0
1821.724356648302,0.0
4248.312934325384,0.0
4426.12355397841,0.0
241.6478542662162,0.0
0.0,0.0
5267.56,0.0
6531.7744,0.0
6835.185856,0.0
6908.00460544,0.0
0.0,0.0
0.0,0.0
0.0,0.0
0.0,0.0
0.0,0.0
0.0,0.0
0.0,0.0
0.0,0.0
5267.56,0.0
6531.7744,0.0
6835.185856,0.0
6908.00460544,0.0
1630.0367764523435,0.0
1630.0367764523435,0.0
1630.0367764523435,0.0
1630.0367764523435,0.0
1630.0367764523435,0.0
1630.0367764523435,0.0
1630.0367764523435,0.0
0.0,0.0
5267.56,0.0
6531.7744,0.0
6835.185856,0.0
6908.00460544,0.0
4601.929405172678,0.0
0.0,0.0
0.0,0.0
0.0,0.0
0.0,0.0
0.0,0.0
0.0,0.0
0.0,0.0
5267.56,0.0
6531.7744,0.0
6835.185856,0.0
6908.00460544,0.0
73.9400492719169,0.0
73.9400492719169,0.0
73.9400492719169,0.0
73.9400492719169,0.0
73.9400492719169,0.0
73.9400492719169,0.0
73.9400492719169,0.0
0.0,0.0
0.0,0.0
0.0,0.0
0.0,0.0
0.0,0.0
5267.56,0.0
5267.56,0.0
5267.56,0.0
5267.56,0.0
5267.56,0.0
5267.56,0.0
5267.56,0.0
5267.56,0.0
5267.56,0.0
5267.56,0.0
5267.56,0.0
6531.7744,0.0
6835.185856,0.0
6908.00460544,0.0
6925.4811053056,0.0
6929.675465273344,0.0
6930.682111665603,0.0
6930.923706799745,0.0
6930.981689631939,0.0
6930.995605511665,0.0
6930.9989453228,0.0
6930.999746877472,0.0
6930.999939250593,0.0
6930.999985420142,0.0
6930.999996500834,0.0
6930.999996500834,0.0
6930.999996500834,0.0
0.0,0.0
0.0,0.0
0.0,0.0
0.0,0.0
0.0,0.0
0.0,0.0
5267.56,0.0
6531.7744,0.0
6531.7744,0.0
0.0,0.0
0.0,0.0
0.0,0.0
0.0,0.0
0.0,0.0
0.0,0.0
0.0,0.0
1549.9080017758133,0.0
5639.537920426195,0.0
6621.049100902287,0.0
6856.611784216549,0.0
6913.146828211971,0.0
3119.6205624682316,0.0
3119.6205624682316,0.0
0.0,0.0
0.0,0.0
0.0,0.0
0.0,0.0
0.0,0.0
0.0,0.0
5267.56,0.0
6531.7744,0.0
6835.185856,0.0
6908.00460544,0.0
6908.00460544,0.0
5586.142283538191,0.0
0.0,0.0
0.0,0.0
0.0,0.0
0.0,0.0
0.0,0.0
0.0,0.0
0.0,0.0
0.0,0.0
5267.56,0.0
6531.7744,0.0
6835.185856,0.0
6908.00460544,0.0
6925.4811053056,0.0
6929.675465273344,0.0
6930.682111665603,0.0
6930.923706799745,0.0
6930.981689631939,0.0
6930.995605511665,0.0
6930.9989453228,0.0
6930.999746877472,0.0
6930.999939250593,0.0
6930.999985420142,0.0
6930.999996500834,0.0
6930.9999991602,0.0
6930.999999798448,0.0
6930.999999798448,0.0
6930.999999798448,0.0
6930.999999798448,0.0
0.0,0.0
0.0,0.0
5267.56,0.0
6531.7744,0.0
6835.185856,0.0
6908.00460544,0.0
960.3622417715314,0.0
960.3622417715314,0.0
960.3622417715314,0.0
960.3622417715314,0.0
960.3622417715314,0.0
960.3622417715314,0.0
960.3622417715314,0.0
0.0,0.0
369.4880131279824,0.0
5356.237123150716,0.0
6553.056909556171,0.0
6840.293658293481,0.0
0.0,0.0
0.0,0.0
0.0,0.0
0.0,0.0
0.0,0.0
0.0,0.0
0.0,0.0
0.0,0.0
0.0,0.0
4155.225069836383,0.0
6264.814016760733,0.0
0.0,0.0
0.0,0.0
0.0,0.0
0.0,0.0
0.0,0.0
0.0,0.0
0.0,0.0
0.0,0.0
0.0,0.0
0.0,0.0
3956.619715729874,0.0
3956.619715729874,0.0
0.0,0.0
0.0,0.0
0.0,0.0
0.0,0.0
0.0,0.0
0.0,0.0
0.0,0.0
0.0,0.0
0.0,0.0
0.0,0.0
0.0,0.0
0.0,0.0
0.0,0.0
0.0,0.0
0.0,0.0
0.0,0.0
0.0,0.0
0.0,0.0
0.0,0.0
0.0,0.0
0.0,0.0
5267.56,0.0
6531.7744,0.0
6835.185856,0.0
6908.00460544,0.0
2222.4389495427677,0.0
2222.4389495427677,0.0
2222.4389495427677,0.0
2222.4389495427677,0.0
0.0,0.0
0.0,0.0
0.0,0.0
0.0,0.0
5267.56,0.0
6531.7744,0.0
6835.185856,0.0
6908.00460544,0.0
6925.4811053056,0.0
6929.675465273344,0.0
6930.682111665603,0.0
6930.923706799745,0.0
6930.981689631939,0.0
6930.995605511665,0.0
6930.9989453228,0.0
0.0,0.0
5267.56,0.0
5267.56,0.0
6531.7744,0.0
6531.7744,0.0
6531.7744,0.0
6531.7744,0.0
6835.185856,0.0
6908.00460544,0.0
6925.4811053056,0.0
6929.675465273344,0.0
6930.682111665603,0.0
6930.923706799745,0.0
6930.981689631939,0.0
6930.995605511665,0.0
6930.9989453228,0.0
6930.999746877472,0.0
6930.999939250593,0.0
6930.999985420142,0.0
6930.999996500834,0.0
6930.9999991602,0.0
6930.9999991602,0.0
6930.9999991602,0.0
6930.9999991602,0.0
0.0,0.0
0.0,0.0
0.0,0.0
0.0,0.0
0.0,0.0
0.0,0.0
0.0,0.0
0.0,0.0
0.0,0.0
0.0,0.0
0.0,0.0
0.0,0.0
0.0,0.0
5025.261846340003,0.0
6473.6228431216,0.0
6821.229482349184,0.0
6821.229482349184,0.0
0.0,0.0
0.0,0.0
0.0,0.0
0.0,0.0
0.0,0.0
0.0,0.0
0.0,0.0
0.0,0.0
188.1821062278832,0.0
5312.723705494692,0.0
6542.613689318726,0.0
6837.787285436494,0.0
0.0,0.0
0.0,0.0
0.0,0.0
0.0,0.0
0.0,0.0
0.0,0.0
0.0,0.0
0.0,0.0
0.0,0.0
1299.9228273957654,0.0
1299.9228273957654,0.0
1299.9228273957654,0.0
1299.9228273957654,0.0
1299.9228273957654,0.0
1299.9228273957654,0.0
0.0,0.0
0.0,0.0
0.0,0.0
0.0,0.0
0.0,0.0
5267.56,0.0
6531.7744,0.0
6835.185856,0.0
6908.00460544,0.0
0.0,0.0
0.0,0.0
0.0,0.0
0.0,0.0
0.0,0.0
0.0,0.0
5267.56,0.0
6531.7744,0.0
6531.7744,0.0
6531.7744,0.0
6531.7744,0.0
6531.7744,0.0
6531.7744,0.0
6531.7744,0.0
6835.185856,0.0
6835.185856,0.0
6835.185856,0.0
6835.185856,0.0
6908.00460544,0.0
6908.00460544,0.0
6908.00460544,0.0
6908.00460544,0.0
6925.4811053056,0.0
6929.675465273344,0.0
6930.682111665603,0.0
6930.923706799745,0.0
6930.981689631939,0.0
6930.995605511665,0.0
6930.9989453228,0.0
6930.999746877472,0.0
6930.999939250593,0.0
6930.999985420142,0.0
6930.999996500834,0.0
6930.9999991602,0.0
6930.999999798448,0.0
6930.999999951628,0.0
6930.999999951628,0.0
2614.6362398080964,0.0
999.7405582528336,0.0
999.7405582528336,0.0
999.7405582528336,0.0
999.7405582528336,0.0
660.1354740192473,0.0
0.0,0.0
5267.56,0.0
6531.7744,0.0
6835.185856,0.0
6908.00460544,0.0
6925.4811053056,0.0
6929.675465273344,0.0
6930.682111665603,0.0
6930.923706799745,0.0
6930.981689631939,0.0
6930.995605511665,0.0
684.3063554292985,0.0
0.0,0.0
5267.56,0.0
6531.7744,0.0
6835.185856,0.0
6908.00460544,0.0
2044.5068840269923,0.0
2044.5068840269923,0.0
2044.5068840269923,0.0
0.0,0.0
0.0,0.0
0.0,0.0
0.0,0.0
0.0,0.0
5267.56,0.0
6531.7744,0.0
6835.185856,0.0
6908.00460544,0.0
2030.7087639797219,0.0
0.0,0.0
5267.56,0.0
6531.7744,0.0
6835.185856,0.0
6908.00460544,0.0
6925.4811053056,0.0
6929.675465273344,0.0
6930.682111665603,0.0
6930.923706799745,0.0
6930.981689631939,0.0
6930.995605511665,0.0
6930.9989453228,0.0
6930.999746877472,0.0
6930.999939250593,0.0
6930.999985420142,0.0
6930.999996500834,0.0
6930.9999991602,0.0
0.0,0.0
0.0,0.0
3173.829119170674,0.0
6029.278988600961,0.0
6714.5869572642305,0.0
6714.5869572642305,0.0
0.0,0.0
0.0,0.0
0.0,0.0
0.0,0.0
0.0,0.0
0.0,0.0
0.0,0.0
0.0,0.0
0.0,0.0
4199.743987261752,0.0
6275.498556942821,0.0
3853.2127764759207,0.0
3853.2127764759207,0.0
0.0,0.0
0.0,0.0
0.0,0.0
0.0,0.0
0.0,0.0
0.0,0.0
0.0,0.0
0.0,0.0
5267.56,0.0
6531.7744,0.0
0.0,0.0
0.0,0.0
0.0,0.0
0.0,0.0
0.0,0.0
0.0,0.0
0.0,0.0
0.0,0.0
0.0,0.0
0.0,0.0
0.0,0.0
0.0,0.0
0.0,0.0
0.0,0.0
0.0,0.0
0.0,0.0
0.0,0.0
0.0,0.0
0.0,0.0
0.0,0.0
0.0,0.0
0.0,0.0
0.0,0.0
0.0,0.0
0.0,0.0
0.0,0.0
0.0,0.0
0.0,0.0
0.0,0.0
0.0,0.0
0.0,0.0
0.0,0.0
0.0,0.0
0.0,0.0
4658.063525943622,0.0
6385.495246226469,0.0
6385.495246226469,0.0
833.603920222633,0.0
833.603920222633,0.0
0.0,0.0
0.0,0.0
0.0,0.0
0.0,0.0
400.6279132965652,0.0
2719.5184216624866,0.0
5920.244421198997,0.0
6688.41866108776,0.0
6872.780478661062,0.0
6917.027314878655,0.0
6927.646555570877,0.0
6930.195173337011,0.0
6930.806841600883,0.0
6930.953641984212,0.0
6930.988874076212,0.0
6930.988874076212,0.0
6930.988874076212,0.0
0.0,0.0
0.0,0.0
0.0,0.0
0.0,0.0
0.0,0.0
0.0,0.0
0.0,0.0
0.0,0.0
0.0,0.0
0.0,0.0
0.0,0.0
0.0,0.0
0.0,0.0
0.0,0.0
1211.1259333544424,0.0
1211.1259333544424,0.0
0.0,0.0
0.0,0.0
0.0,0.0
0.0,0.0
0.0,0.0
0.0,0.0
0.0,0.0
0.0,0.0
0.0,0.0
0.0,0.0
5267.56,0.0
6531.7744,0.0
0.0,0.0
0.0,0.0
0.0,0.0
0.0,0.0
0.0,0.0
0.0,0.0
0.0,0.0
0.0,0.0
0.0,0.0
0.0,0.0
5267.56,0.0
6531.7744,0.0
6835.185856,0.0
0.0,0.0
0.0,0.0
5267.56,0.0
6531.7744,0.0
6835.185856,0.0
6908.00460544,0.0
3542.125761907844,0.0
0.0,0.0
5267.56,0.0
6531.7744,0.0
6835.185856,0.0
6835.185856,0.0
9.094947017729282e-13,0.0
9.094947017729282e-13,0.0
3900.8394179970965,0.0
3900.8394179970965,0.0
3900.8394179970965,0.0
3900.8394179970965,0.0
3900.8394179970965,0.0
6203.761460319303,0.0
6203.761460319303,0.0
6203.761460319303,0.0
6203.761460319303,0.0
6203.761460319303,0.0
6203.761460319303,0.0
6203.761460319303,0.0
6203.761460319303,0.0
6756.462750476633,0.0
6889.111060114392,0.0
6920.946654427454,0.0
6928.5871970625885,0.0
6930.420927295021,0.0
6930.8610225508055,0.0
6930.966645412193,0.0
6930.991994898926,0.0
6930.998078775742,0.0
6930.999538906178,0.0
6930.999889337482,0.0
6930.999973440996,0.0
6930.999993625839,0.0
6930.999998470202,0.0
6930.999999632849,0.0
3796.2970853261086,0.0
3796.2970853261086,0.0
0.0,0.0
3790.9287130533794,0.0
6177.382891132811,0.0
3218.041330142194,0.0
3218.041330142194,0.0
3218.041330142194,0.0
0.0,0.0
0.0,0.0
0.0,0.0
0.0,0.0
0.0,0.0
0.0,0.0
5267.56,0.0
6531.7744,0.0
6835.185856,0.0
6908.00460544,0.0
0.0,0.0
0.0,0.0
0.0,0.0
0.0,0.0
0.0,0.0
0.0,0.0
0.0,0.0
0.0,0.0
0.0,0.0
0.0,0.0
0.0,0.0
0.0,0.0
0.0,0.0
0.0,0.0
0.0,0.0
0.0,0.0
0.0,0.0
0.0,0.0
0.0,0.0
0.0,0.0
0.0,0.0
5267.56,0.0
6531.7744,0.0
6531.7744,0.0
0.0,0.0
0.0,0.0
0.0,0.0
0.0,0.0
0.0,0.0
0.0,0.0
0.0,0.0
0.0,0.0
3659.033303553897,0.0
6145.727992852935,0.0
6742.5347182847045,0.0
6885.768332388329,0.0
5750.489349016494,0.0
6647.677443763959,0.0
6863.00258650335,0.0
6863.00258650335,0.0
6863.00258650335,0.0
6863.00258650335,0.0
0.0,0.0
0.0,0.0
5267.56,0.0
6531.7744,0.0
6835.185856,0.0
6908.00460544,0.0
1623.1721077374632,0.0
1623.1721077374632,0.0
1623.1721077374632,0.0
0.0,0.0
0.0,0.0
0.0,0.0
0.0,0.0
0.0,0.0
5267.56,0.0
6531.7744,0.0
6835.185856,0.0
6908.00460544,0.0
0.0,0.0
0.0,0.0
0.0,0.0
0.0,0.0
0.0,0.0
0.0,0.0
0.0,0.0
0.0,0.0
0.0,0.0
0.0,0.0
3365.7131917237834,0.0
3365.7131917237834,0.0
3365.7131917237834,0.0
3365.7131917237834,0.0
3365.7131917237834,0.0
0.0,0.0
0.0,0.0
0.0,0.0
0.0,0.0
0.0,0.0
0.0,0.0
0.0,0.0
0.0,0.0
0.0,0.0
0.0,0.0
0.0,0.0
0.0,0.0
0.0,0.0
0.0,0.0
0.0,0.0
0.0,0.0
0.0,0.0
0.0,0.0
5267.56,0.0
6531.7744,0.0
6531.7744,0.0
0.0,0.0
0.0,0.0
0.0,0.0
0.0,0.0
0.0,0.0
0.0,0.0
0.0,0.0
0.0,0.0
0.0,0.0
0.0,0.0
0.0,0.0
0.0,0.0
0.0,0.0
0.0,0.0
0.0,0.0
0.0,0.0
0.0,0.0
0.0,0.0
0.0,0.0
0.0,0.0
5267.56,0.0
6531.7744,0.0
6835.185856,0.0
6908.00460544,0.0
6094.4404215952745,0.0
5358.597748669663,0.0
3304.598691265209,0.0
829.022091296184,0.0
829.022091296184,0.0
829.022091296184,0.0
829.022091296184,0.0
829.022091296184,0.0
829.022091296184,0.0
829.022091296184,0.0
1346.4158775978792,0.0
0.0,0.0
0.0,0.0
0.0,0.0
0.0,0.0
0.0,0.0
0.0,0.0
0.0,0.0
0.0,0.0
0.0,0.0
421.6699386360033,0.0
5368.7607852726405,0.0
6556.062588465434,0.0
6841.015021231704,0.0
0.0,0.0
2788.231333343023,0.0
5936.735520002326,0.0
6692.376524800558,0.0
6873.730365952134,0.0
6917.255287828513,0.0
6927.701269078843,0.0
4908.860777957371,0.0
0.0,0.0
5267.56,0.0
6531.7744,0.0
6531.7744,0.0
133.44844353765984,0.0
0.0,0.0
0.0,0.0
2290.580474967369,0.0
5817.299313992169,0.0
6663.711835358121,0.0
2520.3513955978233,0.0
0.0,0.0
124.9284715313479,0.0
5297.542833167524,0.0
6538.9702799602055,0.0
6836.912867190449,0.0
6908.419088125708,0.0
6925.58058115017,0.0
6929.699339476041,0.0
6930.68784147425,0.0
6930.92508195382,0.0
6930.982019668917,0.0
6930.99568472054,0.0
0.0,0.0
5267.56,0.0
6531.7744,0.0
6835.185856,0.0
6908.00460544,0.0
6925.4811053056,0.0
6929.675465273344,0.0
6930.682111665603,0.0
6930.923706799745,0.0
6930.981689631939,0.0
6930.995605511665,0.0
6930.9989453228,0.0
6930.999746877472,0.0
6930.999939250593,0.0
6930.999985420142,0.0
6930.999985420142,0.0
3210.4017629803902,0.0
0.0,0.0
0.0,0.0
5267.56,0.0
5267.56,0.0
5267.56,0.0
5267.56,0.0
5267.56,0.0
4702.2260956190285,0.0
4702.2260956190285,0.0
4702.2260956190285,0.0
4702.2260956190285,0.0
4702.2260956190285,0.0
6396.094262948567,0.0
6802.622623107656,0.0
6900.189429545838,0.0
6923.605463091001,0.0
6929.22531114184,0.0
6930.574074674042,0.0
6930.89777792177,0.0
6930.975466701225,0.0
6930.994112008294,0.0
6930.99858688199,0.0
6930.999660851678,0.0
6930.999918604402,0.0
6930.999980465057,0.0
6930.999995311614,0.0
6930.999998874788,0.0
6930.999999729949,0.0
6930.999999935188,0.0
6930.999999984445,0.0
6930.9999999962665,0.0
6930.999999999104,0.0
0.0,0.0
5267.56,0.0
6531.7744,0.0
6835.185856,0.0
6908.00460544,0.0
6925.4811053056,0.0
6929.675465273344,0.0
6930.682111665603,0.0
6930.923706799744,0.0
6930.923706799744,0.0
6930.923706799744,0.0
0.0,0.0
0.0,0.0
0.0,0.0
0.0,0.0
0.0,0.0
0.0,0.0
0.0,0.0
0.0,0.0
0.0,0.0
5267.56,0.0
6531.7744,0.0
6835.185856,0.0
6908.00460544,0.0
6925.4811053056,0.0
6929.675465273344,0.0
6930.682111665603,0.0
6930.923706799745,0.0
6930.981689631939,0.0
4151.444213275197,0.0
4674.812941575454,0.0
6389.515105978109,0.0
6801.043625434746,0.0
6899.810470104339,0.0
6923.5145128250415,0.0
4390.484801676628,0.0
6321.27635240239,0.0
6784.666324576574,0.0
6895.879917898378,0.0
6922.571180295611,0.0
1865.9729584523047,0.0
0.0,0.0
0.0,0.0
851.3672770395464,0.0
5471.888146489491,0.0
6580.813155157478,0.0
3919.66410524794,0.0
0.0,0.0
0.0,0.0
5267.56,0.0
6531.7744,0.0
6835.185856,0.0
6908.00460544,0.0
6925.4811053056,0.0
6929.675465273344,0.0
6930.682111665603,0.0
6930.923706799745,0.0
6930.981689631939,0.0
6930.995605511665,0.0
6930.995605511665,0.0
4548.13148011643,0.0
4548.13148011643,0.0
4548.13148011643,0.0
0.0,0.0
0.0,0.0
0.0,0.0
0.0,0.0
0.0,0.0
0.0,0.0
0.0,0.0
0.0,0.0
0.0,0.0
0.0,0.0
0.0,0.0
0.0,0.0
0.0,0.0
0.0,0.0
0.0,0.0
0.0,0.0
0.0,0.0
0.0,0.0
0.0,0.0
0.0,0.0
0.0,0.0
0.0,0.0
0.0,0.0
0.0,0.0
0.0,0.0
0.0,0.0
0.0,0.0
0.0,0.0
0.0,0.0
0.0,0.0
0.0,0.0
0.0,0.0
0.0,0.0
0.0,0.0
0.0,0.0
0.0,0.0
0.0,0.0
0.0,0.0
0.0,0.0
0.0,0.0
0.0,0.0
0.0,0.0
0.0,0.0
0.0,0.0
0.0,0.0
0.0,0.0
0.0,0.0
0.0,0.0
0.0,0.0
0.0,0.0
0.0,0.0
0.0,0.0
0.0,0.0
0.0,0.0
0.0,0.0
0.0,0.0
5267.56,0.0
6531.7744,0.0
6835.185856,0.0
6908.00460544,0.0
6925.4811053056,0.0
6929.675465273344,0.0
6930.682111665603,0.0
6930.923706799745,0.0
6930.981689631939,0.0
6930.995605511665,0.0
6930.9989453228,0.0
6930.999746877472,0.0
6930.999939250593,0.0
6930.999985420142,0.0
6930.999996500834,0.0
6930.9999991602,0.0
6930.999999798448,0.0
1902.3041055492895,0.0
1902.3041055492895,0.0
0.0,0.0
5267.56,0.0
6531.7744,0.0
6835.185856,0.0
6908.00460544,0.0
6826.9195505021025,0.0
4876.359969603354,0.0
6437.886392704804,0.0
6812.652734249153,0.0
0.0,0.0
0.0,0.0
0.0,0.0
0.0,0.0
0.0,0.0
0.0,0.0
0.0,0.0
0.0,0.0
0.0,0.0
0.0,0.0
0.0,0.0
0.0,0.0
0.0,0.0
0.0,0.0
0.0,0.0
0.0,0.0
0.0,0.0
0.0,0.0
0.0,0.0
0.0,0.0
0.0,0.0
0.0,0.0
5267.56,0.0
6531.7744,0.0
6835.185856,0.0
6908.00460544,0.0
6925.4811053056,0.0
6929.675465273344,0.0
6929.675465273344,0.0
6929.675465273344,0.0
6929.675465273344,0.0
6929.675465273344,0.0
0.0,0.0
0.0,0.0
0.0,0.0
0.0,0.0
0.0,0.0
0.0,0.0
0.0,0.0
0.0,0.0
0.0,0.0
0.0,0.0
0.0,0.0
0.0,0.0
0.0,0.0
0.0,0.0
0.0,0.0
0.0,0.0
0.0,0.0
0.0,0.0
0.0,0.0
0.0,0.0
0.0,0.0
0.0,0.0
0.0,0.0
0.0,0.0
0.0,0.0
0.0,0.0
0.0,0.0
0.0,0.0
0.0,0.0
0.0,0.0
0.0,0.0
0.0,0.0
5267.56,0.0
6531.7744,0.0
6835.185856,0.0
6908.00460544,0.0
6925.4811053056,0.0
6929.675465273344,0.0
6930.682111665603,0.0
6930.923706799745,0.0
6930.981689631939,0.0
6930.995605511665,0.0
6930.9989453228,0.0
6930.999746877472,0.0
6930.999939250593,0.0
6930.999985420142,0.0
6930.999996500834,0.0
6930.9999991602,0.0
6930.999999798448,0.0
6930.999999951628,0.0
6930.99999998839,0.0
6930.999999997213,0.0
6930.9999999993315,0.0
6930.99999999984,0.0
6930.99999999984,0.0
6930.99999999984,0.0
4121.464384228468,0.0
2618.2508318294877,0.0
0.0,0.0
0.0,0.0
0.0,0.0
5267.56,0.0
6531.7744,0.0
6835.185856,0.0
6908.00460544,0.0
6925.4811053056,0.0
6929.675465273344,0.0
6930.682111665603,0.0
6930.923706799745,0.0
6930.981689631939,0.0
6930.995605511665,0.0
6930.9989453228,0.0
6930.999746877472,0.0
6930.999746877472,0.0
6930.999746877472,0.0
6930.999746877472,0.0
6930.999746877472,0.0
6930.999746877472,0.0
6930.999746877472,0.0
6930.999746877472,0.0
6930.999746877472,0.0
6930.999746877472,0.0
6930.999746877472,0.0
6930.999746877472,0.0
6930.999746877472,0.0
6930.999746877472,0.0
6930.999746877472,0.0
6930.999746877472,0.0
6930.999746877472,0.0
6930.999746877472,0.0
6930.999746877472,0.0
6930.999746877472,0.0
6930.999746877472,0.0
6930.999746877472,0.0
6930.999746877472,0.0
6930.999746877472,0.0
6930.999746877472,0.0
6930.999746877472,0.0
6930.999746877472,0.0
6930.999939250593,0.0
6930.999939250593,0.0
6930.999939250593,0.0
6930.999939250593,0.0
6930.999939250593,0.0
6930.999939250593,0.0
6930.999939250593,0.0
6930.999939250593,0.0
6930.999939250593,0.0
6930.999939250593,0.0
6930.999939250593,0.0
6930.999939250593,0.0
6930.999939250593,0.0
6930.999939250593,0.0
6930.999939250593,0.0
6930.999939250593,0.0
6930.999939250593,0.0
6930.999939250593,0.0
6930.999939250593,0.0
6930.999939250593,0.0
6930.999985420142,0.0
6930.999985420142,0.0
6930.999985420142,0.0
6930.999985420142,0.0
6930.999985420142,0.0
6930.999985420142,0.0
4454.749643155282,0.0
4454.749643155282,0.0
4454.749643155282,0.0
4454.749643155282,0.0
4454.749643155282,0.0
4454.749643155282,0.0
4454.749643155282,0.0
4454.749643155282,0.0
4454.749643155282,0.0
6001.134480693847,0.0
6001.134480693847,0.0
6001.134480693847,0.0
0.0,0.0
0.0,0.0
0.0,0.0
0.0,0.0
0.0,0.0
0.0,0.0
0.0,0.0
0.0,0.0
0.0,0.0
0.0,0.0
0.0,0.0
0.0,0.0
0.0,0.0
0.0,0.0
0.0,0.0
0.0,0.0
0.0,0.0
0.0,0.0
0.0,0.0
0.0,0.0
0.0,0.0
1313.516847199463,0.0
5582.804043327871,0.0
5582.804043327871,0.0
2022.145457358667,0.0
0.0,0.0
0.0,0.0
0.0,0.0
2474.6439801721467,0.0
5861.474555241315,0.0
6674.313893257916,0.0
5399.785230673612,0.0
6563.508455361667,0.0
6842.8020292868005,0.0
6909.8324870288325,0.0
6925.919796886919,0.0
6929.780751252861,0.0
6930.707380300687,0.0
6930.9297712721645,0.0
6930.98314510532,0.0
6930.995954825276,0.0
6930.999029158066,0.0
6930.999766997936,0.0
6930.9999440795045,0.0
6930.999986579081,0.0
6930.99999677898,0.0
6930.999999226955,0.0
6930.999999814469,0.0
6931.0,0.0
6931.0,0.0
6931.0,0.0
6931.0,0.0
6931.0,0.0
6931.0,0.0
6931.0,0.0
6931.0,0.0
6931.0,0.0
6931.0,0.0
6931.0,0.0
6931.0,0.0
6931.0,0.0
6931.0,0.0
6931.0,0.0
6931.0,0.0
6931.0,0.0
6931.0,0.0
6931.0,0.0
6931.0,0.0
6931.0,0.0
6931.0,0.0
6931.0,0.0
6931.0,0.0
179.74878985500254,0.0
0.0,0.0
0.0,0.0
1410.529538579387,0.0
1410.529538579387,0.0
1410.529538579387,0.0
1410.529538579387,0.0
0.0,0.0
0.0,0.0
0.0,0.0
0.0,0.0
0.0,0.0
0.0,0.0
0.0,0.0
0.0,0.0
0.0,0.0
0.0,0.0
0.0,0.0
0.0,0.0
0.0,0.0
0.0,0.0
0.0,0.0
0.0,0.0
0.0,0.0
0.0,0.0
0.0,0.0
0.0,0.0
0.0,0.0
0.0,0.0
0.0,0.0
0.0,0.0
3314.489207237789,0.0
6063.0374097370695,0.0
6722.688978336897,0.0
6881.0053548008555,0.0
6919.001285152205,0.0
6928.120308436529,0.0
5731.825297676415,0.0
4208.711225229911,0.0
4195.680930039663,0.0
6274.523423209519,0.0
6773.445621570285,0.0
6773.445621570285,0.0
6773.445621570285,0.0
0.0,0.0
5267.56,0.0
6531.7744,0.0
1796.0061822227453,0.0
40.39645693699458,0.0
0.0,0.0
0.0,0.0
5267.56,0.0
5267.56,0.0
6531.7744,0.0
6835.185856,0.0
6908.00460544,0.0
6925.4811053056,0.0
6929.675465273344,0.0
6930.682111665603,0.0
6930.923706799745,0.0
6930.981689631939,0.0
6930.995605511665,0.0
6930.9989453228,0.0
6930.999746877472,0.0
6930.999939250593,0.0
6930.999985420142,0.0
6930.999996500834,0.0
0.0,0.0
0.0,0.0
0.0,0.0
0.0,0.0
0.0,0.0
0.0,0.0
0.0,0.0
0.0,0.0
0.0,0.0
0.0,0.0
0.0,0.0
0.0,0.0
0.0,0.0
0.0,0.0
0.0,0.0
0.0,0.0
0.0,0.0
0.0,0.0
0.0,0.0
0.0,0.0
0.0,0.0
0.0,0.0
0.0,0.0
0.0,0.0
0.0,0.0
5267.56,0.0
5267.56,0.0
6531.7744,0.0
6835.185856,0.0
6908.00460544,0.0
6925.4811053056,0.0
6929.675465273344,0.0
6930.682111665603,0.0
6930.923706799745,0.0
6930.981689631939,0.0
6930.995605511665,0.0
6930.9989453228,0.0
6930.999746877472,0.0
6930.999939250593,0.0
6930.999985420142,0.0
6930.999996500834,0.0
6930.999996500834,0.0
6930.999996500834,0.0
6930.999996500834,0.0
1448.6760004998082,0.0
1448.6760004998082,0.0
1448.6760004998082,0.0
1448.6760004998082,0.0
1448.6760004998082,0.0
1448.6760004998082,0.0
1448.6760004998082,0.0
1448.6760004998082,0.0
1448.6760004998082,0.0
1448.6760004998082,0.0
1448.6760004998082,0.0
1448.6760004998082,0.0
1448.6760004998082,0.0
1448.6760004998082,0.0
1448.6760004998082,0.0
1448.6760004998082,0.0
1448.6760004998082,0.0
1448.6760004998082,0.0
1448.6760004998082,0.0
1448.6760004998082,0.0
1448.6760004998082,0.0
0.0,0.0
0.0,0.0
0.0,0.0
0.0,0.0
0.0,0.0
0.0,0.0
0.0,0.0
0.0,0.0
0.0,0.0
0.0,0.0
0.0,0.0
0.0,0.0
0.0,0.0
0.0,0.0
0.0,0.0
0.0,0.0
5267.56,0.0
6531.7744,0.0
6835.185856,0.0
6908.00460544,0.0
6925.4811053056,0.0
6929.675465273344,0.0
6930.682111665603,0.0
6930.923706799745,0.0
6930.981689631939,0.0
6930.995605511665,0.0
6930.9989453228,0.0
6930.999746877472,0.0
6930.999939250593,0.0
6930.999939250593,0.0
6266.127735915149,0.0
0.0,0.0
0.0,0.0
0.0,0.0
0.0,0.0
0.0,0.0
0.0,0.0
0.0,0.0
5267.56,0.0
6531.7744,0.0
6835.185856,0.0
6908.00460544,0.0
6925.4811053056,0.0
6929.675465273344,0.0
6930.682111665603,0.0
6930.923706799745,0.0
6930.981689631939,0.0
6930.995605511665,0.0
6930.9989453228,0.0
6930.999746877472,0.0
6930.999939250593,0.0
6930.999985420142,0.0
6930.999996500834,0.0
6930.9999991602,0.0
6930.999999798448,0.0
6930.999999951628,0.0
6930.99999998839,0.0
6930.999999997213,0.0
6930.9999999993315,0.0
6930.99999999984,0.0
6930.99999999984,0.0
6930.99999999984,0.0
5843.952416413114,0.0
1375.7366358212457,0.0
1375.7366358212457,0.0
1375.7366358212457,0.0
1375.7366358212457,0.0
1375.7366358212457,0.0
1375.7366358212457,0.0
1375.7366358212457,0.0
1375.7366358212457,0.0
1375.7366358212457,0.0
1375.7366358212457,0.0
1375.7366358212457,0.0
1375.7366358212457,0.0
0.0,0.0
0.0,0.0
0.0,0.0
0.0,0.0
0.0,0.0
0.0,0.0
0.0,0.0
0.0,0.0
0.0,0.0
0.0,0.0
0.0,0.0
0.0,0.0
2162.5328714322795,0.0
5786.567889143746,0.0
6656.336293394499,0.0
6656.336293394499,0.0
1755.533567327966,0.0
1755.533567327966,0.0
1755.533567327966,0.0
1755.533567327966,0.0
1755.533567327966,0.0
1755.533567327966,0.0
1755.533567327966,0.0
1755.533567327966,0.0
0.0,0.0
0.0,0.0
0.0,0.0
0.0,0.0
0.0,0.0
5267.56,0.0
6531.7744,0.0
6835.185856,0.0
6908.00460544,0.0
6925.4811053056,0.0
6929.675465273344,0.0
6929.675465273344,0.0
4023.6678110295484,0.0
4023.6678110295484,0.0
4023.6678110295484,0.0
4023.6678110295484,0.0
4023.6678110295484,0.0
4023.6678110295484,0.0
4023.6678110295484,0.0
4023.6678110295484,0.0
4023.6678110295484,0.0
4023.6678110295484,0.0
4023.6678110295484,0.0
4023.6678110295484,0.0
0.0,0.0
0.0,0.0
0.0,0.0
0.0,0.0
0.0,0.0
0.0,0.0
0.0,0.0
0.0,0.0
0.0,0.0
0.0,0.0
0.0,0.0
0.0,0.0
0.0,0.0
0.0,0.0
0.0,0.0
0.0,0.0
0.0,0.0
0.0,0.0
0.0,0.0
0.0,0.0
0.0,0.0
0.0,0.0
0.0,0.0
0.0,0.0
2303.525704997702,0.0
5820.406169199448,0.0
6664.457480607867,0.0
6867.0297953458885,0.0
6867.0297953458885,0.0
0.0,0.0
0.0,0.0
0.0,0.0
0.0,0.0
0.0,0.0
0.0,0.0
0.0,0.0
0.0,0.0
0.0,0.0
0.0,0.0
0.0,0.0
0.0,0.0
0.0,0.0
0.0,0.0
0.0,0.0
0.0,0.0
0.0,0.0
0.0,0.0
0.0,0.0
0.0,0.0
0.0,0.0
0.0,0.0
0.0,0.0
0.0,0.0
0.0,0.0
0.0,0.0
0.0,0.0
0.0,0.0
0.0,0.0
0.0,0.0
0.0,0.0
0.0,0.0
220.83424057857033,0.0
2106.7392443500316,0.0
4002.208989969434,0.0
3563.757022191438,0.0
0.0,0.0
0.0,0.0
0.0,0.0
0.0,0.0
0.0,0.0
0.0,0.0
0.0,0.0
5267.56,0.0
6531.7744,0.0
6835.185856,0.0
6908.00460544,0.0
6925.4811053056,0.0
6929.675465273344,0.0
6930.682111665603,0.0
6930.923706799745,0.0
6930.981689631939,0.0
6930.995605511665,0.0
6930.9989453228,0.0
6930.999746877472,0.0
6930.999939250593,0.0
6930.999985420142,0.0
6930.999996500834,0.0
6930.9999991602,0.0
6930.999999798448,0.0
6930.999999951628,0.0
6930.99999998839,0.0
6930.999999997213,0.0
3772.6018940383237,0.0
3772.6018940383237,0.0
3772.6018940383237,0.0
3772.6018940383237,0.0
0.0,0.0
0.0,0.0
0.0,0.0
0.0,0.0
0.0,0.0
0.0,0.0
0.0,0.0
0.0,0.0
0.0,0.0
0.0,0.0
0.0,0.0
0.0,0.0
0.0,0.0
0.0,0.0
0.0,0.0
0.0,0.0
0.0,0.0
0.0,0.0
0.0,0.0
0.0,0.0
0.0,0.0
0.0,0.0
0.0,0.0
0.0,0.0
0.0,0.0
0.0,0.0
0.0,0.0
0.0,0.0
0.0,0.0
0.0,0.0
0.0,0.0
0.0,0.0
0.0,0.0
0.0,0.0
0.0,0.0
0.0,0.0
0.0,0.0
0.0,0.0
0.0,0.0
0.0,0.0
0.0,0.0
0.0,0.0
0.0,0.0
0.0,0.0
0.0,0.0
0.0,0.0
0.0,0.0
0.0,0.0
0.0,0.0
0.0,0.0
0.0,0.0
0.0,0.0
0.0,0.0
0.0,0.0
0.0,0.0
0.0,0.0
0.0,0.0
0.0,0.0
0.0,0.0
0.0,0.0
0.0,0.0
664.5411773482308,0.0
5427.049882563576,0.0
6570.051971815258,0.0
6570.051971815258,0.0
3545.0016801746538,0.0
3545.0016801746538,0.0
3545.0016801746538,0.0
0.0,0.0
0.0,0.0
0.0,0.0
0.0,0.0
0.0,0.0
