PumpedStor,BatteryStor
0.0,0.0
0.0,0.0
0.0,0.0
0.0,0.0
0.0,0.0
0.0,0.0
0.0,0.0
0.0,0.0
0.0,0.0
0.0,0.0
0.0,0.0
0.0,0.0
0.0,0.0
0.0,0.0
0.0,0.0
0.0,0.0
0.0,0.0
0.0,0.0
0.0,0.0
0.0,0.0
0.0,0.0
0.0,0.0
0.0,0.0
0.0,0.0
0.0,0.0
0.0,0.0
0.0,0.0
0.0,0.0
0.0,0.0
0.0,0.0
0.0,0.0
0.0,0.0
0.0,0.0
0.0,0.0
0.0,0.0
0.0,0.0
0.0,0.0
0.0,0.0
0.0,0.0
0.0,0.0
0.0,0.0
0.0,0.0
0.0,0.0
0.0,0.0
0.0,0.0
0.0,0.0
0.0,0.0
0.0,0.0
0.0,0.0
0.0,0.0
0.0,0.0
0.0,0.0
0.0,0.0
0.0,0.0
0.0,0.0
0.0,0.0
0.0,0.0
0.0,0.0
0.0,0.0
0.0,0.0
0.0,0.0
0.0,0.0
0.0,0.0
0.0,0.0
0.0,0.0
0.0,0.0
0.0,0.0
0.0,0.0
1316.6328811209232,0.0
0.0,0.0
0.0,0.0
0.0,0.0
0.0,0.0
0.0,0.0
0.0,0.0
0.0,0.0
0.0,0.0
0.0,0.0
0.0,0.0
0.0,0.0
5842.933863178563,0.0
0.0,0.0
0.0,0.0
0.0,0.0
0.0,0.0
0.0,0.0
0.0,0.0
0.0,0.0
0.0,0.0
0.0,0.0
0.0,0.0
0.0,0.0
0.0,0.0
0.0,0.0
0.0,0.0
0.0,0.0
0.0,0.0
0.0,0.0
0.0,0.0
0.0,0.0
0.0,0.0
0.0,0.0
0.0,0.0
0.0,0.0
0.0,0.0
0.0,0.0
0.0,0.0
0.0,0.0
0.0,0.0
0.0,0.0
0.0,0.0
0.0,0.0
0.0,0.0
0.0,0.0
0.0,0.0
0.0,0.0
1561.1892040709663,0.0
0.0,0.0
0.0,0.0
0.0,0.0
0.0,0.0
0.0,0.0
0.0,0.0
125.56249402921458,0.0
0.0,0.0
0.0,0.0
6430.752096792201,0.0
0.0,0.0
0.0,0.0
0.0,0.0
0.0,0.0
0.0,0.0
0.0,0.0
0.0,0.0
0.0,0.0
0.0,0.0
0.0,0.0
0.0,0.0
0.0,0.0
0.0,0.0
0.0,0.0
0.0,0.0
0.0,0.0
0.0,0.0
0.0,0.0
0.0,0.0
0.0,0.0
0.0,0.0
0.0,0.0
0.0,0.0
0.0,0.0
0.0,0.0
0.0,0.0
0.0,0.0
0.0,0.0
0.0,0.0
0.0,0.0
0.0,0.0
0.0,0.0
6930.87980432942,0.0
0.0,0.0
0.0,0.0
0.0,0.0
0.0,0.0
0.0,0.0
0.0,0.0
0.0,0.0
0.0,0.0
0.0,0.0
0.0,0.0
0.0,0.0
0.0,0.0
0.0,0.0
0.0,0.0
0.0,0.0
0.0,0.0
0.0,0.0
0.0,0.0
0.0,0.0
0.0,0.0
0.0,0.0
0.0,0.0
0.0,0.0
0.0,0.0
0.0,0.0
0.0,0.0
0.0,0.0
0.0,0.0
0.0,0.0
0.0,0.0
0.0,0.0
0.0,0.0
0.0,0.0
0.0,0.0
0.0,0.0
4902.754636208376,0.0
0.0,0.0
0.0,0.0
0.0,0.0
0.0,0.0
0.0,0.0
0.0,0.0
0.0,0.0
0.0,0.0
0.0,0.0
0.0,0.0
0.0,0.0
0.0,0.0
0.0,0.0
0.0,0.0
0.0,0.0
0.0,0.0
0.0,0.0
0.0,0.0
0.0,0.0
0.0,0.0
0.0,0.0
0.0,0.0
0.0,0.0
0.0,0.0
0.0,0.0
0.0,0.0
0.0,0.0
0.0,0.0
0.0,0.0
0.0,0.0
2028.198367939679,0.0
0.0,0.0
0.0,0.0
0.0,0.0
0.0,0.0
0.0,0.0
0.0,0.0
0.0,0.0
0.0,0.0
0.0,0.0
0.0,0.0
0.0,0.0
0.0,0.0
0.0,0.0
0.0,0.0
0.0,0.0
0.0,0.0
0.0,0.0
0.0,0.0
0.0,0.0
0.0,0.0
0.0,0.0
0.0,0.0
0.0,0.0
0.0,0.0
0.0,0.0
0.0,0.0
0.0,0.0
0.0,0.0
0.0,0.0
0.0,0.0
0.0,0.0
0.0,0.0
0.0,0.0
0.0,0.0
0.0,0.0
0.0,0.0
0.0,0.0
0.0,0.0
0.0,0.0
0.0,0.0
0.0,0.0
0.0,0.0
0.0,0.0
0.0,0.0
0.0,0.0
0.0,0.0
0.0,0.0
0.0,0.0
0.0,0.0
0.0,0.0
0.0,0.0
0.0,0.0
0.0,0.0
0.0,0.0
0.0,0.0
0.0,0.0
0.0,0.0
0.0,0.0
0.0,0.0
0.0,0.0
0.0,0.0
0.0,0.0
0.0,0.0
0.0,0.0
0.0,0.0
0.0,0.0
0.0,0.0
0.0,0.0
0.0,0.0
0.0,0.0
0.0,0.0
0.0,0.0
0.0,0.0
0.0,0.0
0.0,0.0
0.0,0.0
0.0,0.0
0.0,0.0
0.0,0.0
0.0,0.0
0.0,0.0
0.0,0.0
0.0,0.0
0.0,0.0
0.0,0.0
0.0,0.0
0.0,0.0
0.0,0.0
0.0,0.0
0.0,0.0
0.0,0.0
0.0,0.0
0.0,0.0
0.0,0.0
0.0,0.0
0.0,0.0
0.0,0.0
0.0,0.0
0.0,0.0
0.0,0.0
0.0,0.0
0.0,0.0
0.0,0.0
0.0,0.0
0.0,0.0
0.0,0.0
0.0,0.0
0.0,0.0
0.0,0.0
0.0,0.0
0.0,0.0
1400.9463210821914,0.0
5530.053678869436,0.0
0.0,0.0
0.0,0.0
0.0,0.0
0.0,0.0
0.0,0.0
0.0,0.0
0.0,0.0
0.0,0.0
0.0,0.0
0.0,0.0
0.0,0.0
0.0,0.0
0.0,0.0
0.0,0.0
0.0,0.0
6582.6352181406455,0.0
0.0,0.0
0.0,0.0
0.0,0.0
0.0,0.0
0.0,0.0
0.0,0.0
348.10411710805965,0.0
0.0,0.0
0.0,0.0
0.0,0.0
0.0,0.0
2205.279672822391,0.0
3167.2628948884203,0.0
821.0900492388319,0.0
0.0,0.0
0.0,0.0
0.0,0.0
0.0,0.0
0.0,0.0
0.0,0.0
0.0,0.0
0.0,0.0
0.0,0.0
0.0,0.0
3707.4094517555422,0.0
3223.4565610087366,0.0
0.0,0.0
0.0,0.0
0.0,0.0
0.0,0.0
0.0,0.0
0.0,0.0
0.0,0.0
0.0,0.0
0.0,0.0
0.0,0.0
0.0,0.0
0.0,0.0
0.0,0.0
0.0,0.0
0.0,0.0
0.0,0.0
0.0,0.0
0.0,0.0
0.0,0.0
0.0,0.0
0.0,0.0
0.0,0.0
0.0,0.0
0.0,0.0
0.0,0.0
6930.9999991602,0.0
0.0,0.0
0.0,0.0
0.0,0.0
0.0,0.0
0.0,0.0
0.0,0.0
0.0,0.0
0.0,0.0
0.0,0.0
0.0,0.0
0.0,0.0
0.0,0.0
0.0,0.0
0.0,0.0
0.0,0.0
0.0,0.0
0.0,0.0
0.0,0.0
0.0,0.0
4760.8009062839055,0.0
0.0,0.0
0.0,0.0
0.0,0.0
1802.7117732928918,0.0
0.0,0.0
0.0,0.0
0.0,0.0
0.0,0.0
0.0,0.0
0.0,0.0
0.0,0.0
0.0,0.0
0.0,0.0
0.0,0.0
0.0,0.0
0.0,0.0
0.0,0.0
0.0,0.0
0.0,0.0
0.0,0.0
0.0,0.0
0.0,0.0
0.0,0.0
0.0,0.0
0.0,0.0
0.0,0.0
0.0,0.0
0.0,0.0
0.0,0.0
0.0,0.0
0.0,0.0
0.0,0.0
0.0,0.0
0.0,0.0
0.0,0.0
1625.3783316170714,0.0
0.0,0.0
0.0,0.0
0.0,0.0
0.0,0.0
0.0,0.0
0.0,0.0
0.0,0.0
0.0,0.0
0.0,0.0
0.0,0.0
0.0,0.0
0.0,0.0
0.0,0.0
0.0,0.0
0.0,0.0
0.0,0.0
0.0,0.0
0.0,0.0
0.0,0.0
0.0,0.0
0.0,0.0
0.0,0.0
0.0,0.0
0.0,0.0
0.0,0.0
0.0,0.0
0.0,0.0
0.0,0.0
0.0,0.0
0.0,0.0
0.0,0.0
0.0,0.0
0.0,0.0
0.0,0.0
0.0,0.0
0.0,0.0
0.0,0.0
0.0,0.0
0.0,0.0
3414.4803632245676,0.0
0.0,0.0
0.0,0.0
0.0,0.0
3420.7054927754325,0.0
0.0,0.0
0.0,0.0
0.0,0.0
0.0,0.0
0.0,0.0
0.0,0.0
0.0,0.0
0.0,0.0
0.0,0.0
0.0,0.0
0.0,0.0
0.0,0.0
0.0,0.0
0.0,0.0
0.0,0.0
0.0,0.0
0.0,0.0
0.0,0.0
0.0,0.0
0.0,0.0
0.0,0.0
0.0,0.0
0.0,0.0
0.0,0.0
0.0,0.0
0.0,0.0
0.0,0.0
0.0,0.0
0.0,0.0
0.0,0.0
0.0,0.0
0.0,0.0
0.0,0.0
0.0,0.0
0.0,0.0
0.0,0.0
0.0,0.0
0.0,0.0
0.0,0.0
0.0,0.0
0.0,0.0
0.0,0.0
0.0,0.0
0.0,0.0
0.0,0.0
0.0,0.0
0.0,0.0
0.0,0.0
0.0,0.0
0.0,0.0
0.0,0.0
3331.4118699089813,0.0
0.0,0.0
0.0,0.0
0.0,0.0
3200.362530091019,0.0
0.0,0.0
0.0,0.0
0.0,0.0
0.0,0.0
0.0,0.0
0.0,0.0
0.0,0.0
6531.7744,0.0
0.0,0.0
0.0,0.0
0.0,0.0
0.0,0.0
0.0,0.0
0.0,0.0
0.0,0.0
0.0,0.0
0.0,0.0
0.0,0.0
0.0,0.0
0.0,0.0
0.0,0.0
0.0,0.0
0.0,0.0
0.0,0.0
0.0,0.0
0.0,0.0
0.0,0.0
0.0,0.0
0.0,0.0
0.0,0.0
0.0,0.0
0.0,0.0
0.0,0.0
0.0,0.0
0.0,0.0
0.0,0.0
0.0,0.0
0.0,0.0
0.0,0.0
3075.9047917833586,0.0
0.0,0.0
0.0,0.0
0.0,0.0
0.0,0.0
0.0,0.0
0.0,0.0
0.0,0.0
1415.9499032909252,0.0
0.0,0.0
0.0,0.0
5503.907468099332,0.0
0.0,0.0
0.0,0.0
0.0,0.0
0.0,0.0
2574.3800126718065,0.0
0.0,0.0
0.0,0.0
0.0,0.0
0.0,0.0
0.0,0.0
2391.9648369439456,0.0
0.0,0.0
0.0,0.0
2975.1690931443536,0.0
0.0,0.0
0.0,0.0
0.0,0.0
0.0,0.0
0.0,0.0
0.0,0.0
0.0,0.0
0.0,0.0
0.0,0.0
0.0,0.0
6930.981689631939,0.0
0.0,0.0
0.0,0.0
0.0,0.0
0.0,0.0
0.0,0.0
0.0,0.0
0.0,0.0
0.0,0.0
0.0,0.0
0.0,0.0
0.0,0.0
0.0,0.0
0.0,0.0
0.0,0.0
0.0,0.0
0.0,0.0
0.0,0.0
0.0,0.0
0.0,0.0
0.0,0.0
0.0,0.0
0.0,0.0
0.0,0.0
1540.5393326776298,0.0
0.0,0.0
0.0,0.0
0.0,0.0
0.0,0.0
3683.211142300747,0.0
3224.793463139253,0.0
0.0,0.0
0.0,0.0
0.0,0.0
0.0,0.0
0.0,0.0
4665.900329454522,0.0
1812.3935279265079,0.0
0.0,0.0
0.0,0.0
0.0,0.0
0.0,0.0
0.0,0.0
0.0,0.0
0.0,0.0
0.0,0.0
0.0,0.0
0.0,0.0
0.0,0.0
0.0,0.0
0.0,0.0
0.0,0.0
0.0,0.0
0.0,0.0
0.0,0.0
0.0,0.0
6546.720741138259,0.0
350.3289754337611,0.0
0.0,0.0
33.95028258817956,0.0
0.0,0.0
0.0,0.0
0.0,0.0
0.0,0.0
0.0,0.0
0.0,0.0
0.0,0.0
0.0,0.0
0.0,0.0
0.0,0.0
0.0,0.0
0.0,0.0
0.0,0.0
0.0,0.0
0.0,0.0
0.0,0.0
0.0,0.0
0.0,0.0
0.0,0.0
0.0,0.0
0.0,0.0
0.0,0.0
0.0,0.0
5346.132220208907,0.0
1584.8677797523792,0.0
0.0,0.0
0.0,0.0
0.0,0.0
0.0,0.0
3937.5190315475384,0.0
0.0,0.0
2173.0023862923654,0.0
762.2134109494891,0.0
0.0,0.0
0.0,0.0
0.0,0.0
498.73813872427564,0.0
0.0,0.0
0.0,0.0
0.0,0.0
0.0,0.0
6835.185856,0.0
0.0,0.0
0.0,0.0
0.0,0.0
0.0,0.0
0.0,0.0
0.0,0.0
0.0,0.0
0.0,0.0
0.0,0.0
0.0,0.0
0.0,0.0
6835.185856,0.0
0.0,0.0
0.0,0.0
0.0,0.0
0.0,0.0
0.0,0.0
0.0,0.0
0.0,0.0
0.0,0.0
0.0,0.0
0.0,0.0
3786.8778428799537,0.0
2744.8965571200465,0.0
0.0,0.0
0.0,0.0
0.0,0.0
0.0,0.0
0.0,0.0
0.0,0.0
0.0,0.0
0.0,0.0
0.0,0.0
0.0,0.0
0.0,0.0
6930.981689631939,0.0
0.0,0.0
0.0,0.0
0.0,0.0
0.0,0.0
0.0,0.0
0.0,0.0
0.0,0.0
0.0,0.0
0.0,0.0
0.0,0.0
0.0,0.0
6908.00460544,0.0
0.0,0.0
0.0,0.0
0.0,0.0
0.0,0.0
0.0,0.0
0.0,0.0
0.0,0.0
0.0,0.0
0.0,0.0
0.0,0.0
0.0,0.0
6835.185856,0.0
0.0,0.0
0.0,0.0
0.0,0.0
0.0,0.0
0.0,0.0
0.0,0.0
0.0,0.0
0.0,0.0
0.0,0.0
0.0,0.0
0.0,0.0
6531.7744,0.0
0.0,0.0
0.0,0.0
0.0,0.0
0.0,0.0
0.0,0.0
0.0,0.0
0.0,0.0
0.0,0.0
0.0,0.0
0.0,0.0
0.0,0.0
6835.185856,0.0
0.0,0.0
0.0,0.0
0.0,0.0
0.0,0.0
0.0,0.0
0.0,0.0
0.0,0.0
0.0,0.0
0.0,0.0
0.0,0.0
425.2521187576466,0.0
0.0,0.0
0.0,0.0
0.0,0.0
0.0,0.0
0.0,0.0
0.0,0.0
0.0,0.0
0.0,0.0
0.0,0.0
0.0,0.0
0.0,0.0
0.0,0.0
3296.305747238821,0.0
3538.880108761179,0.0
0.0,0.0
0.0,0.0
0.0,0.0
0.0,0.0
0.0,0.0
1673.4582626026613,0.0
0.0,0.0
0.0,0.0
0.0,0.0
0.0,0.0
0.0,0.0
0.0,0.0
0.0,0.0
0.0,0.0
0.0,0.0
0.0,0.0
0.0,0.0
0.0,0.0
0.0,0.0
0.0,0.0
0.0,0.0
0.0,0.0
0.0,0.0
0.0,0.0
0.0,0.0
0.0,0.0
0.0,0.0
0.0,0.0
0.0,0.0
0.0,0.0
0.0,0.0
0.0,0.0
0.0,0.0
0.0,0.0
0.0,0.0
53.77538022158069,0.0
0.0,0.0
6877.224619778419,0.0
0.0,0.0
0.0,0.0
0.0,0.0
0.0,0.0
0.0,0.0
0.0,0.0
0.0,0.0
0.0,0.0
6531.7744,0.0
0.0,0.0
0.0,0.0
0.0,0.0
0.0,0.0
0.0,0.0
0.0,0.0
0.0,0.0
0.0,0.0
0.0,0.0
0.0,0.0
0.0,0.0
2461.9470238221766,0.0
4373.2388321778235,0.0
0.0,0.0
0.0,0.0
0.0,0.0
861.6290438475762,0.0
0.0,0.0
1242.196624913015,0.0
0.0,0.0
0.0,0.0
0.0,0.0
0.0,0.0
6835.185856,0.0
0.0,0.0
0.0,0.0
0.0,0.0
0.0,0.0
0.0,0.0
0.0,0.0
0.0,0.0
0.0,0.0
0.0,0.0
0.0,0.0
0.0,0.0
0.0,0.0
6825.128653804185,0.0
105.86695170748044,0.0
0.0,0.0
0.0,0.0
0.0,0.0
0.0,0.0
0.0,0.0
0.0,0.0
0.0,0.0
0.0,0.0
0.0,0.0
0.0,0.0
0.0,0.0
0.0,0.0
0.0,0.0
0.0,0.0
0.0,0.0
0.0,0.0
0.0,0.0
0.0,0.0
0.0,0.0
0.0,0.0
0.0,0.0
1733.9565642880748,0.0
5197.0434355103735,0.0
0.0,0.0
0.0,0.0
0.0,0.0
0.0,0.0
0.0,0.0
0.0,0.0
0.0,0.0
0.0,0.0
0.0,0.0
0.0,0.0
6835.185856,0.0
0.0,0.0
0.0,0.0
0.0,0.0
0.0,0.0
0.0,0.0
0.0,0.0
0.0,0.0
0.0,0.0
0.0,0.0
0.0,0.0
0.0,0.0
6908.00460544,0.0
0.0,0.0
0.0,0.0
0.0,0.0
0.0,0.0
0.0,0.0
0.0,0.0
0.0,0.0
0.0,0.0
0.0,0.0
0.0,0.0
0.0,0.0
6835.185856,0.0
0.0,0.0
0.0,0.0
0.0,0.0
0.0,0.0
714.2107238563358,0.0
4426.55407028977,0.0
0.0,0.0
0.0,0.0
0.0,0.0
0.0,0.0
0.0,0.0
6835.185856,0.0
0.0,0.0
0.0,0.0
0.0,0.0
0.0,0.0
0.0,0.0
0.0,0.0
6908.00460544,0.0
0.0,0.0
0.0,0.0
0.0,0.0
0.0,0.0
0.0,0.0
0.0,0.0
0.0,0.0
0.0,0.0
0.0,0.0
0.0,0.0
0.0,0.0
6750.337355528812,0.0
0.0,0.0
0.0,0.0
0.0,0.0
0.0,0.0
6908.00460544,0.0
0.0,0.0
0.0,0.0
0.0,0.0
0.0,0.0
0.0,0.0
0.0,0.0
0.0,0.0
0.0,0.0
0.0,0.0
0.0,0.0
0.0,0.0
0.0,0.0
6036.772091450544,0.0
0.0,0.0
0.0,0.0
0.0,0.0
0.0,0.0
0.0,0.0
4262.087001446902,0.0
0.0,0.0
0.0,0.0
0.0,0.0
3227.66599928752,0.0
0.0,0.0
0.0,0.0
0.0,0.0
874.7345642365372,0.0
0.0,0.0
0.0,0.0
0.0,0.0
872.9652358886582,0.0
0.0,0.0
0.0,0.0
0.0,0.0
0.0,0.0
6011.359044993146,0.0
896.6455604468538,0.0
0.0,0.0
0.0,0.0
0.0,0.0
0.0,0.0
0.0,0.0
3736.137909613617,0.0
0.0,0.0
0.0,0.0
0.0,0.0
0.0,0.0
0.0,0.0
0.0,0.0
0.0,0.0
0.0,0.0
0.0,0.0
0.0,0.0
0.0,0.0
0.0,0.0
0.0,0.0
0.0,0.0
0.0,0.0
0.0,0.0
0.0,0.0
0.0,0.0
0.0,0.0
0.0,0.0
0.0,0.0
0.0,0.0
6930.999997679628,0.0
0.0,0.0
0.0,0.0
0.0,0.0
0.0,0.0
0.0,0.0
6908.00460544,0.0
0.0,0.0
0.0,0.0
0.0,0.0
0.0,0.0
0.0,0.0
0.0,0.0
4105.269824239161,0.0
0.0,0.0
0.0,0.0
0.0,0.0
0.0,0.0
6917.36138961987,0.0
0.0,0.0
0.0,0.0
0.0,0.0
0.0,0.0
0.0,0.0
0.0,0.0
0.0,0.0
0.0,0.0
0.0,0.0
0.0,0.0
0.0,0.0
6908.00460544,0.0
0.0,0.0
0.0,0.0
0.0,0.0
0.0,0.0
0.0,0.0
0.0,0.0
0.0,0.0
0.0,0.0
0.0,0.0
0.0,0.0
0.0,0.0
5049.15255948283,0.0
0.0,0.0
0.0,0.0
1858.85204595717,0.0
0.0,0.0
0.0,0.0
0.0,0.0
0.0,0.0
0.0,0.0
0.0,0.0
0.0,0.0
0.0,0.0
6908.00460544,0.0
0.0,0.0
0.0,0.0
0.0,0.0
0.0,0.0
0.0,0.0
4606.665588599445,0.0
2301.339016840555,0.0
0.0,0.0
0.0,0.0
0.0,0.0
0.0,0.0
6908.00460544,0.0
0.0,0.0
0.0,0.0
0.0,0.0
0.0,0.0
0.0,0.0
0.0,0.0
0.0,0.0
0.0,0.0
0.0,0.0
0.0,0.0
0.0,0.0
0.0,0.0
0.0,0.0
0.0,0.0
0.0,0.0
0.0,0.0
0.0,0.0
0.0,0.0
0.0,0.0
0.0,0.0
0.0,0.0
0.0,0.0
0.0,0.0
6844.314659068357,0.0
0.0,0.0
0.0,0.0
0.0,0.0
0.0,0.0
0.0,0.0
0.0,0.0
0.0,0.0
0.0,0.0
0.0,0.0
0.0,0.0
0.0,0.0
0.0,0.0
3570.3880804050204,0.0
0.0,0.0
3337.6165250349795,0.0
0.0,0.0
0.0,0.0
0.0,0.0
0.0,0.0
0.0,0.0
0.0,0.0
0.0,0.0
0.0,0.0
0.0,0.0
6908.00460544,0.0
0.0,0.0
0.0,0.0
0.0,0.0
0.0,0.0
0.0,0.0
0.0,0.0
0.0,0.0
0.0,0.0
0.0,0.0
0.0,0.0
0.0,0.0
0.0,0.0
0.0,0.0
1004.2044222307336,0.0
4498.0888667150675,0.0
0.0,0.0
0.0,0.0
1427.8882341135277,0.0
0.0,0.0
0.0,0.0
0.0,0.0
0.0,0.0
6531.7744,0.0
0.0,0.0
0.0,0.0
0.0,0.0
0.0,0.0
0.0,0.0
0.0,0.0
0.0,0.0
0.0,0.0
0.0,0.0
0.0,0.0
0.0,0.0
2651.831968443934,0.0
4183.353887556066,0.0
0.0,0.0
0.0,0.0
0.0,0.0
0.0,0.0
0.0,0.0
0.0,0.0
0.0,0.0
0.0,0.0
0.0,0.0
0.0,0.0
6835.185856,0.0
0.0,0.0
0.0,0.0
0.0,0.0
0.0,0.0
0.0,0.0
0.0,0.0
0.0,0.0
0.0,0.0
0.0,0.0
0.0,0.0
0.0,0.0
0.0,0.0
0.0,0.0
0.0,0.0
6925.4811053056,0.0
0.0,0.0
0.0,0.0
0.0,0.0
0.0,0.0
0.0,0.0
0.0,0.0
0.0,0.0
0.0,0.0
2132.8706766661508,0.0
4775.133928773849,0.0
0.0,0.0
0.0,0.0
0.0,0.0
0.0,0.0
0.0,0.0
0.0,0.0
0.0,0.0
0.0,0.0
0.0,0.0
0.0,0.0
6908.00460544,0.0
0.0,0.0
0.0,0.0
0.0,0.0
0.0,0.0
0.0,0.0
0.0,0.0
0.0,0.0
0.0,0.0
0.0,0.0
0.0,0.0
0.0,0.0
2242.55053934689,0.0
4665.45406609311,0.0
0.0,0.0
0.0,0.0
0.0,0.0
0.0,0.0
0.0,0.0
0.0,0.0
0.0,0.0
0.0,0.0
0.0,0.0
0.0,0.0
0.0,0.0
0.0,0.0
0.0,0.0
0.0,0.0
0.0,0.0
0.0,0.0
0.0,0.0
0.0,0.0
0.0,0.0
0.0,0.0
0.0,0.0
0.0,0.0
0.0,0.0
2071.4048102432566,0.0
0.0,0.0
0.0,0.0
1472.1601778166114,0.0
0.0,0.0
3387.4350111003314,0.0
0.0,0.0
0.0,0.0
0.0,0.0
0.0,0.0
0.0,0.0
6908.00460544,0.0
0.0,0.0
0.0,0.0
0.0,0.0
0.0,0.0
0.0,0.0
0.0,0.0
0.0,0.0
0.0,0.0
0.0,0.0
0.0,0.0
0.0,0.0
6905.7786088890625,0.0
0.0,0.0
0.0,0.0
0.0,0.0
0.0,0.0
0.0,0.0
0.0,0.0
0.0,0.0
0.0,0.0
0.0,0.0
0.0,0.0
0.0,0.0
3736.3347543747386,0.0
0.0,0.0
0.0,0.0
0.0,0.0
0.0,0.0
0.0,0.0
0.0,0.0
2795.4396456252616,0.0
0.0,0.0
0.0,0.0
0.0,0.0
0.0,0.0
1704.746504483831,0.0
5203.258100956169,0.0
0.0,0.0
0.0,0.0
0.0,0.0
858.0421801271023,0.0
5673.732219872898,0.0
0.0,0.0
0.0,0.0
0.0,0.0
0.0,0.0
0.0,0.0
2612.8370773289007,0.0
0.0,0.0
0.0,0.0
0.0,0.0
4295.167528111099,0.0
0.0,0.0
0.0,0.0
0.0,0.0
0.0,0.0
0.0,0.0
0.0,0.0
0.0,0.0
6908.00460544,0.0
0.0,0.0
0.0,0.0
0.0,0.0
0.0,0.0
0.0,0.0
0.0,0.0
0.0,0.0
0.0,0.0
0.0,0.0
0.0,0.0
0.0,0.0
6648.2745626222895,0.0
0.0,0.0
0.0,0.0
0.0,0.0
0.0,0.0
0.0,0.0
2897.316523556037,0.0
0.0,0.0
0.0,0.0
0.0,0.0
0.0,0.0
0.0,0.0
6531.7744,0.0
0.0,0.0
0.0,0.0
0.0,0.0
0.0,0.0
0.0,0.0
0.0,0.0
0.0,0.0
0.0,0.0
0.0,0.0
0.0,0.0
0.0,0.0
0.0,0.0
0.0,0.0
0.0,0.0
6925.4811053056,0.0
0.0,0.0
0.0,0.0
0.0,0.0
0.0,0.0
0.0,0.0
0.0,0.0
0.0,0.0
0.0,0.0
5631.554206979003,0.0
0.0,0.0
0.0,0.0
1025.5721555845084,0.0
0.0,0.0
0.0,0.0
0.0,0.0
0.0,0.0
0.0,0.0
0.0,0.0
0.0,0.0
5327.105030690131,0.0
0.0,0.0
0.0,0.0
0.0,0.0
0.0,0.0
0.0,0.0
0.0,0.0
0.0,0.0
0.0,0.0
0.0,0.0
0.0,0.0
0.0,0.0
0.0,0.0
6908.00460544,0.0
0.0,0.0
0.0,0.0
0.0,0.0
0.0,0.0
0.0,0.0
0.0,0.0
0.0,0.0
0.0,0.0
0.0,0.0
0.0,0.0
0.0,0.0
0.0,0.0
5764.952742440631,0.0
0.0,0.0
1160.5283628649695,0.0
0.0,0.0
0.0,0.0
0.0,0.0
0.0,0.0
0.0,0.0
0.0,0.0
0.0,0.0
0.0,0.0
0.0,0.0
3714.546640295858,0.0
0.0,0.0
0.0,0.0
0.0,0.0
0.0,0.0
6610.623586566978,0.0
0.0,0.0
0.0,0.0
0.0,0.0
0.0,0.0
0.0,0.0
0.0,0.0
0.0,0.0
0.0,0.0
0.0,0.0
0.0,0.0
0.0,0.0
6046.10011137483,0.0
883.5753538985145,0.0
0.0,0.0
0.0,0.0
0.0,0.0
0.0,0.0
6531.7744,0.0
0.0,0.0
0.0,0.0
0.0,0.0
0.0,0.0
0.0,0.0
0.0,0.0
0.0,0.0
0.0,0.0
0.0,0.0
0.0,0.0
1678.1067840815938,0.0
0.0,0.0
0.0,0.0
0.0,0.0
0.0,0.0
0.0,0.0
0.0,0.0
0.0,0.0
0.0,0.0
0.0,0.0
0.0,0.0
0.0,0.0
0.0,0.0
6214.069158865308,0.0
0.0,0.0
0.0,0.0
0.0,0.0
0.0,0.0
0.0,0.0
0.0,0.0
0.0,0.0
0.0,0.0
0.0,0.0
0.0,0.0
0.0,0.0
6531.7744,0.0
0.0,0.0
0.0,0.0
0.0,0.0
0.0,0.0
0.0,0.0
0.0,0.0
0.0,0.0
0.0,0.0
0.0,0.0
0.0,0.0
0.0,0.0
0.0,0.0
0.0,0.0
0.0,0.0
0.0,0.0
0.0,0.0
0.0,0.0
0.0,0.0
428.656607853417,0.0
0.0,0.0
0.0,0.0
0.0,0.0
0.0,0.0
6928.805936715536,0.0
0.0,0.0
0.0,0.0
0.0,0.0
0.0,0.0
0.0,0.0
0.0,0.0
0.0,0.0
0.0,0.0
0.0,0.0
0.0,0.0
0.0,0.0
0.0,0.0
0.0,0.0
0.0,0.0
0.0,0.0
0.0,0.0
0.0,0.0
0.0,0.0
0.0,0.0
0.0,0.0
0.0,0.0
0.0,0.0
285.70298453567807,0.0
5132.665830763951,0.0
0.0,0.0
0.0,0.0
0.0,0.0
0.0,0.0
0.0,0.0
0.0,0.0
0.0,0.0
0.0,0.0
0.0,0.0
0.0,0.0
0.0,0.0
0.0,0.0
0.0,0.0
0.0,0.0
0.0,0.0
0.0,0.0
0.0,0.0
0.0,0.0
0.0,0.0
0.0,0.0
0.0,0.0
0.0,0.0
0.0,0.0
0.0,0.0
0.0,0.0
0.0,0.0
0.0,0.0
0.0,0.0
11.334529293979358,0.0
6919.665467206854,0.0
0.0,0.0
0.0,0.0
0.0,0.0
0.0,0.0
0.0,0.0
0.0,0.0
0.0,0.0
0.0,0.0
0.0,0.0
0.0,0.0
0.0,0.0
6927.112649831022,0.0
0.0,0.0
0.0,0.0
0.0,0.0
0.0,0.0
0.0,0.0
0.0,0.0
4957.578785504292,0.0
1970.9122926952532,0.0
0.0,0.0
0.0,0.0
0.0,0.0
927.9398931882799,0.0
0.0,0.0
0.0,0.0
0.0,0.0
0.0,0.0
0.0,0.0
0.0,0.0
0.0,0.0
0.0,0.0
3600.6658544600505,0.0
0.0,0.0
0.0,0.0
0.0,0.0
2963.417154063176,0.0
0.0,0.0
0.0,0.0
0.0,0.0
375.8955663557099,0.0
0.0,0.0
0.0,0.0
0.0,0.0
0.0,0.0
0.0,0.0
0.0,0.0
0.0,0.0
0.0,0.0
0.0,0.0
0.0,0.0
0.0,0.0
0.0,0.0
6835.185856,0.0
0.0,0.0
0.0,0.0
0.0,0.0
0.0,0.0
0.0,0.0
0.0,0.0
0.0,0.0
0.0,0.0
0.0,0.0
0.0,0.0
0.0,0.0
6856.200075117137,0.0
0.0,0.0
0.0,0.0
0.0,0.0
0.0,0.0
0.0,0.0
0.0,0.0
0.0,0.0
0.0,0.0
0.0,0.0
0.0,0.0
0.0,0.0
0.0,0.0
0.0,0.0
0.0,0.0
6925.4811053056,0.0
0.0,0.0
0.0,0.0
0.0,0.0
0.0,0.0
0.0,0.0
0.0,0.0
0.0,0.0
0.0,0.0
0.0,0.0
0.0,0.0
6930.682111665603,0.0
0.0,0.0
0.0,0.0
0.0,0.0
0.0,0.0
0.0,0.0
0.0,0.0
0.0,0.0
0.0,0.0
0.0,0.0
0.0,0.0
0.0,0.0
0.0,0.0
3514.34722896128,0.0
0.0,0.0
0.0,0.0
0.0,0.0
0.0,0.0
0.0,0.0
0.0,0.0
0.0,0.0
3416.6097271067574,0.0
0.0,0.0
0.0,0.0
0.0,0.0
0.0,0.0
0.0,0.0
0.0,0.0
0.0,0.0
0.0,0.0
0.0,0.0
0.0,0.0
0.0,0.0
0.0,0.0
0.0,0.0
0.0,0.0
0.0,0.0
872.7841102658128,0.0
0.0,0.0
0.0,0.0
0.0,0.0
0.0,0.0
0.0,0.0
0.0,0.0
0.0,0.0
0.0,0.0
0.0,0.0
0.0,0.0
0.0,0.0
6768.5154015779835,0.0
0.0,0.0
0.0,0.0
0.0,0.0
0.0,0.0
0.0,0.0
0.0,0.0
0.0,0.0
0.0,0.0
6908.00460544,0.0
0.0,0.0
0.0,0.0
0.0,0.0
0.0,0.0
0.0,0.0
2349.800788315687,0.0
4485.385067684313,0.0
0.0,0.0
0.0,0.0
0.0,0.0
0.0,0.0
0.0,0.0
297.8034507033326,0.0
0.0,0.0
0.0,0.0
0.0,0.0
0.0,0.0
0.0,0.0
0.0,0.0
0.0,0.0
0.0,0.0
0.0,0.0
0.0,0.0
0.0,0.0
307.5777679253791,0.0
2258.578208173586,0.0
0.0,0.0
0.0,0.0
0.0,0.0
4231.7547854174345,0.0
2175.849873663019,0.0
0.0,0.0
0.0,0.0
0.0,0.0
0.0,0.0
6835.185856,0.0
0.0,0.0
0.0,0.0
0.0,0.0
0.0,0.0
0.0,0.0
0.0,0.0
0.0,0.0
0.0,0.0
0.0,0.0
0.0,0.0
0.0,0.0
0.0,0.0
6423.370380147677,0.0
494.7380230475992,0.0
0.0,0.0
0.0,0.0
0.0,0.0
6740.253018128795,0.0
0.0,0.0
0.0,0.0
0.0,0.0
0.0,0.0
0.0,0.0
0.0,0.0
0.0,0.0
0.0,0.0
0.0,0.0
686.5912696782816,0.0
5886.500380116513,0.0
0.0,0.0
352.3894555108058,0.0
0.0,0.0
0.0,0.0
0.0,0.0
0.0,0.0
6908.00460544,0.0
0.0,0.0
0.0,0.0
0.0,0.0
0.0,0.0
0.0,0.0
0.0,0.0
0.0,0.0
0.0,0.0
0.0,0.0
0.0,0.0
0.0,0.0
6877.6594887030615,0.0
0.0,0.0
0.0,0.0
0.0,0.0
0.0,0.0
0.0,0.0
0.0,0.0
0.0,0.0
0.0,0.0
0.0,0.0
0.0,0.0
0.0,0.0
6864.193524229076,0.0
0.0,0.0
0.0,0.0
0.0,0.0
0.0,0.0
0.0,0.0
0.0,0.0
0.0,0.0
0.0,0.0
0.0,0.0
0.0,0.0
0.0,0.0
0.0,0.0
0.0,0.0
0.0,0.0
6634.3527752470145,0.0
0.0,0.0
0.0,0.0
0.0,0.0
0.0,0.0
295.3226900263294,0.0
0.0,0.0
0.0,0.0
3132.40347912734,0.0
0.0,0.0
0.0,0.0
0.0,0.0
0.0,0.0
0.0,0.0
0.0,0.0
0.0,0.0
0.0,0.0
0.0,0.0
0.0,0.0
0.0,0.0
0.0,0.0
0.0,0.0
0.0,0.0
0.0,0.0
0.0,0.0
0.0,0.0
0.0,0.0
0.0,0.0
2480.2837201894845,0.0
0.0,0.0
0.0,0.0
0.0,0.0
0.0,0.0
0.0,0.0
0.0,0.0
0.0,0.0
0.0,0.0
0.0,0.0
0.0,0.0
0.0,0.0
0.0,0.0
0.0,0.0
0.0,0.0
0.0,0.0
0.0,0.0
0.0,0.0
0.0,0.0
0.0,0.0
0.0,0.0
0.0,0.0
0.0,0.0
6930.923706799745,0.0
0.0,0.0
0.0,0.0
0.0,0.0
0.0,0.0
0.0,0.0
0.0,0.0
3447.964664543195,0.0
2766.6230804375264,0.0
0.0,0.0
0.0,0.0
0.0,0.0
4166.133615841005,0.0
0.0,0.0
0.0,0.0
0.0,0.0
0.0,0.0
0.0,0.0
6927.564509940312,0.0
0.0,0.0
0.0,0.0
0.0,0.0
0.0,0.0
0.0,0.0
0.0,0.0
0.0,0.0
0.0,0.0
0.0,0.0
0.0,0.0
0.0,0.0
2043.8087334311604,0.0
4864.19587200884,0.0
0.0,0.0
0.0,0.0
0.0,0.0
0.0,0.0
0.0,0.0
0.0,0.0
0.0,0.0
0.0,0.0
0.0,0.0
0.0,0.0
0.0,0.0
6017.862672309734,0.0
0.0,0.0
0.0,0.0
890.1419331302659,0.0
0.0,0.0
0.0,0.0
0.0,0.0
0.0,0.0
0.0,0.0
0.0,0.0
0.0,0.0
0.0,0.0
0.0,0.0
0.0,0.0
641.8991543065276,0.0
4694.282935875048,0.0
0.0,0.0
0.0,0.0
1589.2990151240247,0.0
0.0,0.0
0.0,0.0
0.0,0.0
0.0,0.0
6908.00460544,0.0
0.0,0.0
0.0,0.0
0.0,0.0
0.0,0.0
0.0,0.0
0.0,0.0
0.0,0.0
0.0,0.0
0.0,0.0
0.0,0.0
0.0,0.0
0.0,0.0
0.0,0.0
0.0,0.0
0.0,0.0
0.0,0.0
0.0,0.0
0.0,0.0
0.0,0.0
0.0,0.0
0.0,0.0
0.0,0.0
0.0,0.0
0.0,0.0
5300.576966537608,0.0
0.0,0.0
1630.423029963225,0.0
0.0,0.0
0.0,0.0
0.0,0.0
0.0,0.0
0.0,0.0
0.0,0.0
0.0,0.0
0.0,0.0
0.0,0.0
0.0,0.0
0.0,0.0
5693.520517364557,0.0
0.0,0.0
0.0,0.0
1214.4840880754427,0.0
0.0,0.0
0.0,0.0
0.0,0.0
0.0,0.0
0.0,0.0
3848.8996305144683,0.0
0.0,0.0
0.0,0.0
3059.1049749255317,0.0
0.0,0.0
0.0,0.0
0.0,0.0
0.0,0.0
0.0,0.0
0.0,0.0
0.0,0.0
0.0,0.0
6869.513945614537,0.0
0.0,0.0
0.0,0.0
0.0,0.0
0.0,0.0
0.0,0.0
0.0,0.0
0.0,0.0
0.0,0.0
0.0,0.0
0.0,0.0
0.0,0.0
6531.7744,0.0
0.0,0.0
0.0,0.0
0.0,0.0
0.0,0.0
0.0,0.0
0.0,0.0
0.0,0.0
0.0,0.0
0.0,0.0
0.0,0.0
0.0,0.0
6835.185856,0.0
0.0,0.0
0.0,0.0
0.0,0.0
0.0,0.0
0.0,0.0
0.0,0.0
0.0,0.0
0.0,0.0
0.0,0.0
0.0,0.0
0.0,0.0
6531.7744,0.0
0.0,0.0
0.0,0.0
0.0,0.0
0.0,0.0
0.0,0.0
0.0,0.0
0.0,0.0
0.0,0.0
0.0,0.0
0.0,0.0
0.0,0.0
6835.185856,0.0
0.0,0.0
0.0,0.0
0.0,0.0
0.0,0.0
0.0,0.0
0.0,0.0
0.0,0.0
0.0,0.0
0.0,0.0
0.0,0.0
0.0,0.0
6540.245500301501,0.0
0.0,0.0
0.0,0.0
0.0,0.0
0.0,0.0
0.0,0.0
0.0,0.0
367.75910513849885,0.0
0.0,0.0
0.0,0.0
0.0,0.0
0.0,0.0
6908.00460544,0.0
0.0,0.0
0.0,0.0
0.0,0.0
0.0,0.0
0.0,0.0
0.0,0.0
0.0,0.0
0.0,0.0
0.0,0.0
0.0,0.0
0.0,0.0
6531.7744,0.0
0.0,0.0
0.0,0.0
0.0,0.0
0.0,0.0
0.0,0.0
0.0,0.0
0.0,0.0
0.0,0.0
0.0,0.0
0.0,0.0
593.3598789372409,0.0
5938.414521062759,0.0
0.0,0.0
0.0,0.0
0.0,0.0
0.0,0.0
0.0,0.0
0.0,0.0
0.0,0.0
0.0,0.0
0.0,0.0
0.0,0.0
0.0,0.0
0.0,0.0
0.0,0.0
0.0,0.0
0.0,0.0
0.0,0.0
0.0,0.0
0.0,0.0
0.0,0.0
0.0,0.0
0.0,0.0
0.0,0.0
1189.8483720478434,0.0
5341.926027952157,0.0
0.0,0.0
0.0,0.0
0.0,0.0
0.0,0.0
0.0,0.0
0.0,0.0
0.0,0.0
0.0,0.0
0.0,0.0
0.0,0.0
0.0,0.0
6531.7744,0.0
0.0,0.0
0.0,0.0
0.0,0.0
0.0,0.0
0.0,0.0
0.0,0.0
0.0,0.0
0.0,0.0
0.0,0.0
0.0,0.0
0.0,0.0
6835.185856,0.0
0.0,0.0
0.0,0.0
0.0,0.0
0.0,0.0
0.0,0.0
0.0,0.0
0.0,0.0
0.0,0.0
0.0,0.0
0.0,0.0
0.0,0.0
3195.429708334166,0.0
0.0,0.0
3712.5748971058338,0.0
0.0,0.0
0.0,0.0
0.0,0.0
0.0,0.0
0.0,0.0
0.0,0.0
0.0,0.0
0.0,0.0
0.0,0.0
3534.942012790967,0.0
0.0,0.0
0.0,0.0
3373.062592649033,0.0
0.0,0.0
0.0,0.0
0.0,0.0
0.0,0.0
0.0,0.0
0.0,0.0
0.0,0.0
0.0,0.0
6835.185856,0.0
0.0,0.0
0.0,0.0
0.0,0.0
0.0,0.0
0.0,0.0
0.0,0.0
0.0,0.0
0.0,0.0
0.0,0.0
0.0,0.0
4425.153294973956,0.0
0.0,0.0
0.0,0.0
0.0,0.0
2106.6211050260445,0.0
0.0,0.0
0.0,0.0
0.0,0.0
0.0,0.0
0.0,0.0
0.0,0.0
0.0,0.0
0.0,0.0
6531.7744,0.0
0.0,0.0
0.0,0.0
0.0,0.0
0.0,0.0
0.0,0.0
0.0,0.0
0.0,0.0
0.0,0.0
0.0,0.0
0.0,0.0
634.8444634705584,0.0
5625.930069825256,0.0
0.0,0.0
0.0,0.0
0.0,0.0
0.0,0.0
0.0,0.0
0.0,0.0
0.0,0.0
0.0,0.0
0.0,0.0
0.0,0.0
0.0,0.0
6748.943920173802,0.0
0.0,0.0
0.0,0.0
0.0,0.0
0.0,0.0
0.0,0.0
0.0,0.0
0.0,0.0
0.0,0.0
0.0,0.0
0.0,0.0
0.0,0.0
0.0,0.0
4992.4027373395065,0.0
0.0,0.0
0.0,0.0
1915.6018681004934,0.0
0.0,0.0
0.0,0.0
0.0,0.0
0.0,0.0
0.0,0.0
0.0,0.0
0.0,0.0
6265.148951103723,0.0
0.0,0.0
0.0,0.0
0.0,0.0
0.0,0.0
0.0,0.0
0.0,0.0
0.0,0.0
0.0,0.0
0.0,0.0
0.0,0.0
0.0,0.0
5652.849353010515,0.0
1182.3365029894849,0.0
0.0,0.0
0.0,0.0
0.0,0.0
0.0,0.0
2918.2979369466498,0.0
0.0,0.0
0.0,0.0
0.0,0.0
0.0,0.0
0.0,0.0
0.0,0.0
0.0,0.0
0.0,0.0
6930.43791009106,0.0
0.0,0.0
0.0,0.0
0.0,0.0
0.0,0.0
0.0,0.0
0.0,0.0
0.0,0.0
0.0,0.0
6911.971861088019,0.0
0.0,0.0
0.0,0.0
0.0,0.0
0.0,0.0
0.0,0.0
0.0,0.0
0.0,0.0
0.0,0.0
0.0,0.0
0.0,0.0
0.0,0.0
656.4949836245825,0.0
6178.690872375418,0.0
0.0,0.0
0.0,0.0
0.0,0.0
0.0,0.0
0.0,0.0
0.0,0.0
0.0,0.0
0.0,0.0
0.0,0.0
0.0,0.0
6908.00460544,0.0
0.0,0.0
0.0,0.0
0.0,0.0
0.0,0.0
0.0,0.0
0.0,0.0
0.0,0.0
0.0,0.0
0.0,0.0
0.0,0.0
0.0,0.0
6908.00460544,0.0
0.0,0.0
0.0,0.0
0.0,0.0
0.0,0.0
0.0,0.0
0.0,0.0
0.0,0.0
0.0,0.0
0.0,0.0
0.0,0.0
0.0,0.0
5868.437794924307,0.0
0.0,0.0
0.0,0.0
0.0,0.0
0.0,0.0
773.8178500950353,0.0
0.0,0.0
0.0,0.0
0.0,0.0
0.0,0.0
0.0,0.0
0.0,0.0
6835.185856,0.0
0.0,0.0
0.0,0.0
0.0,0.0
0.0,0.0
0.0,0.0
0.0,0.0
0.0,0.0
0.0,0.0
0.0,0.0
0.0,0.0
0.0,0.0
0.0,0.0
0.0,0.0
0.0,0.0
0.0,0.0
0.0,0.0
0.0,0.0
0.0,0.0
0.0,0.0
0.0,0.0
0.0,0.0
0.0,0.0
0.0,0.0
0.0,0.0
0.0,0.0
0.0,0.0
0.0,0.0
0.0,0.0
0.0,0.0
0.0,0.0
0.0,0.0
0.0,0.0
0.0,0.0
0.0,0.0
0.0,0.0
0.0,0.0
0.0,0.0
1060.5312319729946,0.0
0.0,0.0
0.0,0.0
1186.257515897746,0.0
5528.794159080185,0.0
0.0,0.0
0.0,0.0
0.0,0.0
0.0,0.0
0.0,0.0
0.0,0.0
6925.4811053056,0.0
0.0,0.0
0.0,0.0
0.0,0.0
0.0,0.0
0.0,0.0
0.0,0.0
0.0,0.0
0.0,0.0
0.0,0.0
0.0,0.0
6642.504546994427,0.0
0.0,0.0
0.0,0.0
0.0,0.0
0.0,0.0
0.0,0.0
0.0,0.0
0.0,0.0
0.0,0.0
0.0,0.0
0.0,0.0
0.0,0.0
0.0,0.0
0.0,0.0
0.0,0.0
2352.7509769053236,0.0
0.0,0.0
0.0,0.0
0.0,0.0
0.0,0.0
0.0,0.0
0.0,0.0
0.0,0.0
0.0,0.0
4666.428654640838,0.0
0.0,0.0
0.0,0.0
2168.7572013591616,0.0
0.0,0.0
0.0,0.0
0.0,0.0
0.0,0.0
0.0,0.0
0.0,0.0
0.0,0.0
0.0,0.0
0.0,0.0
3241.959621105143,0.0
806.4607663588522,0.0
2877.060717841605,0.0
0.0,0.0
0.0,0.0
0.0,0.0
0.0,0.0
0.0,0.0
0.0,0.0
0.0,0.0
0.0,0.0
4344.790479441606,0.0
0.0,0.0
0.0,0.0
2563.2141259983937,0.0
0.0,0.0
0.0,0.0
0.0,0.0
0.0,0.0
0.0,0.0
0.0,0.0
0.0,0.0
0.0,0.0
4989.533840110951,0.0
0.0,0.0
0.0,0.0
1918.4707653290488,0.0
0.0,0.0
0.0,0.0
0.0,0.0
0.0,0.0
0.0,0.0
0.0,0.0
0.0,0.0
0.0,0.0
6885.666651905642,0.0
0.0,0.0
0.0,0.0
0.0,0.0
0.0,0.0
0.0,0.0
0.0,0.0
0.0,0.0
0.0,0.0
0.0,0.0
0.0,0.0
0.0,0.0
6531.7744,0.0
0.0,0.0
0.0,0.0
0.0,0.0
0.0,0.0
0.0,0.0
0.0,0.0
0.0,0.0
0.0,0.0
0.0,0.0
0.0,0.0
0.0,0.0
3359.5957125994837,0.0
0.0,0.0
0.0,0.0
0.0,0.0
0.0,0.0
0.0,0.0
0.0,0.0
0.0,0.0
0.0,0.0
0.0,0.0
0.0,0.0
0.0,0.0
6859.168172679503,0.0
0.0,0.0
0.0,0.0
0.0,0.0
0.0,0.0
0.0,0.0
0.0,0.0
0.0,0.0
0.0,0.0
0.0,0.0
0.0,0.0
0.0,0.0
0.0,0.0
0.0,0.0
0.0,0.0
0.0,0.0
0.0,0.0
0.0,0.0
0.0,0.0
0.0,0.0
0.0,0.0
0.0,0.0
0.0,0.0
0.0,0.0
0.0,0.0
0.0,0.0
0.0,0.0
0.0,0.0
0.0,0.0
0.0,0.0
0.0,0.0
0.0,0.0
0.0,0.0
0.0,0.0
0.0,0.0
1434.457035722788,0.0
5149.251244177953,0.0
0.0,0.0
0.0,0.0
0.0,0.0
0.0,0.0
0.0,0.0
0.0,0.0
0.0,0.0
0.0,0.0
0.0,0.0
0.0,0.0
0.0,0.0
6531.7744,0.0
0.0,0.0
0.0,0.0
0.0,0.0
0.0,0.0
0.0,0.0
0.0,0.0
0.0,0.0
0.0,0.0
0.0,0.0
0.0,0.0
0.0,0.0
6908.00460544,0.0
0.0,0.0
0.0,0.0
0.0,0.0
0.0,0.0
0.0,0.0
0.0,0.0
0.0,0.0
0.0,0.0
0.0,0.0
0.0,0.0
0.0,0.0
3480.417229501597,0.0
0.0,0.0
0.0,0.0
3427.587375938403,0.0
0.0,0.0
0.0,0.0
0.0,0.0
0.0,0.0
0.0,0.0
0.0,0.0
0.0,0.0
0.0,0.0
6531.7744,0.0
0.0,0.0
0.0,0.0
0.0,0.0
0.0,0.0
0.0,0.0
0.0,0.0
0.0,0.0
0.0,0.0
0.0,0.0
0.0,0.0
0.0,0.0
0.0,0.0
0.0,0.0
0.0,0.0
0.0,0.0
0.0,0.0
0.0,0.0
0.0,0.0
0.0,0.0
0.0,0.0
0.0,0.0
0.0,0.0
0.0,0.0
0.0,0.0
0.0,0.0
0.0,0.0
0.0,0.0
0.0,0.0
0.0,0.0
0.0,0.0
0.0,0.0
0.0,0.0
0.0,0.0
0.0,0.0
6220.84343431855,0.0
0.0,0.0
0.0,0.0
0.0,0.0
0.0,0.0
0.0,0.0
0.0,0.0
0.0,0.0
0.0,0.0
0.0,0.0
0.0,0.0
0.0,0.0
0.0,0.0
2388.958475895407,0.0
3093.727896659073,0.0
0.0,0.0
0.0,0.0
0.0,0.0
0.0,0.0
1709.2057261058892,0.0
0.0,0.0
0.0,0.0
0.0,0.0
0.0,0.0
0.0,0.0
6908.00460544,0.0
0.0,0.0
0.0,0.0
0.0,0.0
0.0,0.0
0.0,0.0
0.0,0.0
0.0,0.0
0.0,0.0
0.0,0.0
0.0,0.0
0.0,0.0
0.0,0.0
2223.701086137831,0.0
0.0,0.0
0.0,0.0
0.0,0.0
0.0,0.0
0.0,0.0
0.0,0.0
0.0,0.0
0.0,0.0
0.0,0.0
0.0,0.0
0.0,0.0
5109.275301476131,0.0
0.0,0.0
0.0,0.0
0.0,0.0
0.0,0.0
4184.475699712194,0.0
241.6478542662162,0.0
0.0,0.0
0.0,0.0
0.0,0.0
0.0,0.0
6908.00460544,0.0
0.0,0.0
0.0,0.0
0.0,0.0
0.0,0.0
0.0,0.0
0.0,0.0
0.0,0.0
0.0,0.0
0.0,0.0
0.0,0.0
0.0,0.0
5277.9678289876565,0.0
0.0,0.0
0.0,0.0
0.0,0.0
0.0,0.0
0.0,0.0
0.0,0.0
1630.0367764523435,0.0
0.0,0.0
0.0,0.0
0.0,0.0
0.0,0.0
2306.0752002673216,0.0
4601.929405172678,0.0
0.0,0.0
0.0,0.0
0.0,0.0
0.0,0.0
0.0,0.0
0.0,0.0
0.0,0.0
0.0,0.0
0.0,0.0
0.0,0.0
6834.064556168083,0.0
0.0,0.0
0.0,0.0
0.0,0.0
0.0,0.0
0.0,0.0
0.0,0.0
73.9400492719169,0.0
0.0,0.0
0.0,0.0
0.0,0.0
0.0,0.0
0.0,0.0
0.0,0.0
0.0,0.0
0.0,0.0
0.0,0.0
0.0,0.0
0.0,0.0
0.0,0.0
0.0,0.0
0.0,0.0
0.0,0.0
0.0,0.0
0.0,0.0
0.0,0.0
0.0,0.0
0.0,0.0
0.0,0.0
0.0,0.0
0.0,0.0
0.0,0.0
0.0,0.0
0.0,0.0
0.0,0.0
0.0,0.0
0.0,0.0
0.0,0.0
0.0,0.0
6930.999996500834,0.0
0.0,0.0
0.0,0.0
0.0,0.0
0.0,0.0
0.0,0.0
0.0,0.0
0.0,0.0
0.0,0.0
6531.7744,0.0
0.0,0.0
0.0,0.0
0.0,0.0
0.0,0.0
0.0,0.0
0.0,0.0
0.0,0.0
0.0,0.0
0.0,0.0
0.0,0.0
0.0,0.0
3793.5262657437397,0.0
0.0,0.0
3119.6205624682316,0.0
0.0,0.0
0.0,0.0
0.0,0.0
0.0,0.0
0.0,0.0
0.0,0.0
0.0,0.0
0.0,0.0
0.0,0.0
0.0,0.0
1321.862321901809,0.0
5586.142283538191,0.0
0.0,0.0
0.0,0.0
0.0,0.0
0.0,0.0
0.0,0.0
0.0,0.0
0.0,0.0
0.0,0.0
0.0,0.0
0.0,0.0
0.0,0.0
0.0,0.0
0.0,0.0
0.0,0.0
0.0,0.0
0.0,0.0
0.0,0.0
0.0,0.0
0.0,0.0
0.0,0.0
0.0,0.0
0.0,0.0
0.0,0.0
0.0,0.0
0.0,0.0
0.0,0.0
0.0,0.0
6930.999999798448,0.0
0.0,0.0
0.0,0.0
0.0,0.0
0.0,0.0
0.0,0.0
5947.6423636684685,0.0
0.0,0.0
0.0,0.0
0.0,0.0
0.0,0.0
0.0,0.0
0.0,0.0
960.3622417715314,0.0
0.0,0.0
0.0,0.0
0.0,0.0
0.0,0.0
6840.293658293481,0.0
0.0,0.0
0.0,0.0
0.0,0.0
0.0,0.0
0.0,0.0
0.0,0.0
0.0,0.0
0.0,0.0
0.0,0.0
0.0,0.0
6264.814016760733,0.0
0.0,0.0
0.0,0.0
0.0,0.0
0.0,0.0
0.0,0.0
0.0,0.0
0.0,0.0
0.0,0.0
0.0,0.0
0.0,0.0
0.0,0.0
3956.619715729874,0.0
0.0,0.0
0.0,0.0
0.0,0.0
0.0,0.0
0.0,0.0
0.0,0.0
0.0,0.0
0.0,0.0
0.0,0.0
0.0,0.0
0.0,0.0
0.0,0.0
0.0,0.0
0.0,0.0
0.0,0.0
0.0,0.0
0.0,0.0
0.0,0.0
0.0,0.0
0.0,0.0
0.0,0.0
0.0,0.0
0.0,0.0
0.0,0.0
4685.565655897232,0.0
0.0,0.0
0.0,0.0
0.0,0.0
2222.4389495427677,0.0
0.0,0.0
0.0,0.0
0.0,0.0
0.0,0.0
0.0,0.0
0.0,0.0
0.0,0.0
0.0,0.0
0.0,0.0
0.0,0.0
0.0,0.0
0.0,0.0
0.0,0.0
0.0,0.0
6930.9989453228,0.0
0.0,0.0
0.0,0.0
0.0,0.0
0.0,0.0
0.0,0.0
0.0,0.0
0.0,0.0
0.0,0.0
0.0,0.0
0.0,0.0
0.0,0.0
0.0,0.0
0.0,0.0
0.0,0.0
0.0,0.0
0.0,0.0
0.0,0.0
0.0,0.0
0.0,0.0
0.0,0.0
0.0,0.0
0.0,0.0
0.0,0.0
6930.9999991602,0.0
0.0,0.0
0.0,0.0
0.0,0.0
0.0,0.0
0.0,0.0
0.0,0.0
0.0,0.0
0.0,0.0
0.0,0.0
0.0,0.0
0.0,0.0
0.0,0.0
0.0,0.0
0.0,0.0
0.0,0.0
0.0,0.0
6821.229482349184,0.0
0.0,0.0
0.0,0.0
0.0,0.0
0.0,0.0
0.0,0.0
0.0,0.0
0.0,0.0
0.0,0.0
0.0,0.0
0.0,0.0
0.0,0.0
6837.787285436494,0.0
0.0,0.0
0.0,0.0
0.0,0.0
0.0,0.0
0.0,0.0
0.0,0.0
0.0,0.0
0.0,0.0
0.0,0.0
0.0,0.0
0.0,0.0
0.0,0.0
0.0,0.0
0.0,0.0
1299.9228273957654,0.0
0.0,0.0
0.0,0.0
0.0,0.0
0.0,0.0
0.0,0.0
0.0,0.0
0.0,0.0
0.0,0.0
6908.00460544,0.0
0.0,0.0
0.0,0.0
0.0,0.0
0.0,0.0
0.0,0.0
0.0,0.0
0.0,0.0
0.0,0.0
0.0,0.0
0.0,0.0
0.0,0.0
0.0,0.0
0.0,0.0
0.0,0.0
0.0,0.0
0.0,0.0
0.0,0.0
0.0,0.0
0.0,0.0
0.0,0.0
0.0,0.0
0.0,0.0
0.0,0.0
0.0,0.0
0.0,0.0
0.0,0.0
0.0,0.0
0.0,0.0
0.0,0.0
0.0,0.0
0.0,0.0
0.0,0.0
0.0,0.0
0.0,0.0
0.0,0.0
0.0,0.0
4316.363760143531,0.0
1614.8956815552629,0.0
0.0,0.0
0.0,0.0
0.0,0.0
339.60508423358624,0.0
660.1354740192473,0.0
0.0,0.0
0.0,0.0
0.0,0.0
0.0,0.0
0.0,0.0
0.0,0.0
0.0,0.0
0.0,0.0
0.0,0.0
0.0,0.0
6246.689250082367,0.0
684.3063554292985,0.0
0.0,0.0
0.0,0.0
0.0,0.0
0.0,0.0
4863.497721413008,0.0
0.0,0.0
0.0,0.0
2044.5068840269923,0.0
0.0,0.0
0.0,0.0
0.0,0.0
0.0,0.0
0.0,0.0
0.0,0.0
0.0,0.0
0.0,0.0
4877.295841460278,0.0
2030.7087639797219,0.0
0.0,0.0
0.0,0.0
0.0,0.0
0.0,0.0
0.0,0.0
0.0,0.0
0.0,0.0
0.0,0.0
0.0,0.0
0.0,0.0
0.0,0.0
0.0,0.0
0.0,0.0
0.0,0.0
0.0,0.0
0.0,0.0
6930.9999991602,0.0
0.0,0.0
0.0,0.0
0.0,0.0
0.0,0.0
0.0,0.0
6714.5869572642305,0.0
0.0,0.0
0.0,0.0
0.0,0.0
0.0,0.0
0.0,0.0
0.0,0.0
0.0,0.0
0.0,0.0
0.0,0.0
0.0,0.0
2422.2857804669,0.0
0.0,0.0
3853.2127764759207,0.0
0.0,0.0
0.0,0.0
0.0,0.0
0.0,0.0
0.0,0.0
0.0,0.0
0.0,0.0
0.0,0.0
0.0,0.0
6531.7744,0.0
0.0,0.0
0.0,0.0
0.0,0.0
0.0,0.0
0.0,0.0
0.0,0.0
0.0,0.0
0.0,0.0
0.0,0.0
0.0,0.0
0.0,0.0
0.0,0.0
0.0,0.0
0.0,0.0
0.0,0.0
0.0,0.0
0.0,0.0
0.0,0.0
0.0,0.0
0.0,0.0
0.0,0.0
0.0,0.0
0.0,0.0
0.0,0.0
0.0,0.0
0.0,0.0
0.0,0.0
0.0,0.0
0.0,0.0
0.0,0.0
0.0,0.0
0.0,0.0
0.0,0.0
0.0,0.0
0.0,0.0
0.0,0.0
5551.891326003836,0.0
0.0,0.0
833.603920222633,0.0
0.0,0.0
0.0,0.0
0.0,0.0
0.0,0.0
0.0,0.0
0.0,0.0
0.0,0.0
0.0,0.0
0.0,0.0
0.0,0.0
0.0,0.0
0.0,0.0
0.0,0.0
0.0,0.0
0.0,0.0
0.0,0.0
6930.988874076212,0.0
0.0,0.0
0.0,0.0
0.0,0.0
0.0,0.0
0.0,0.0
0.0,0.0
0.0,0.0
0.0,0.0
0.0,0.0
0.0,0.0
0.0,0.0
0.0,0.0
0.0,0.0
0.0,0.0
0.0,0.0
1211.1259333544424,0.0
0.0,0.0
0.0,0.0
0.0,0.0
0.0,0.0
0.0,0.0
0.0,0.0
0.0,0.0
0.0,0.0
0.0,0.0
0.0,0.0
0.0,0.0
6531.7744,0.0
0.0,0.0
0.0,0.0
0.0,0.0
0.0,0.0
0.0,0.0
0.0,0.0
0.0,0.0
0.0,0.0
0.0,0.0
0.0,0.0
0.0,0.0
0.0,0.0
6835.185856,0.0
0.0,0.0
0.0,0.0
0.0,0.0
0.0,0.0
0.0,0.0
3365.8788435321558,0.0
3542.125761907844,0.0
0.0,0.0
0.0,0.0
0.0,0.0
0.0,0.0
6835.185856,0.0
0.0,0.0
0.0,0.0
0.0,0.0
0.0,0.0
0.0,0.0
0.0,0.0
0.0,0.0
0.0,0.0
0.0,0.0
0.0,0.0
0.0,0.0
0.0,0.0
0.0,0.0
0.0,0.0
0.0,0.0
0.0,0.0
0.0,0.0
0.0,0.0
0.0,0.0
0.0,0.0
0.0,0.0
0.0,0.0
0.0,0.0
0.0,0.0
0.0,0.0
0.0,0.0
0.0,0.0
0.0,0.0
0.0,0.0
3134.7029143067402,0.0
0.0,0.0
3796.2970853261086,0.0
0.0,0.0
0.0,0.0
2959.341560990617,0.0
0.0,0.0
0.0,0.0
3218.041330142194,0.0
0.0,0.0
0.0,0.0
0.0,0.0
0.0,0.0
0.0,0.0
0.0,0.0
0.0,0.0
0.0,0.0
0.0,0.0
6908.00460544,0.0
0.0,0.0
0.0,0.0
0.0,0.0
0.0,0.0
0.0,0.0
0.0,0.0
0.0,0.0
0.0,0.0
0.0,0.0
0.0,0.0
0.0,0.0
0.0,0.0
0.0,0.0
0.0,0.0
0.0,0.0
0.0,0.0
0.0,0.0
0.0,0.0
0.0,0.0
0.0,0.0
0.0,0.0
0.0,0.0
0.0,0.0
6531.7744,0.0
0.0,0.0
0.0,0.0
0.0,0.0
0.0,0.0
0.0,0.0
0.0,0.0
0.0,0.0
0.0,0.0
0.0,0.0
0.0,0.0
0.0,0.0
1135.2789833718352,0.0
0.0,0.0
0.0,0.0
0.0,0.0
0.0,0.0
0.0,0.0
6863.00258650335,0.0
0.0,0.0
0.0,0.0
0.0,0.0
0.0,0.0
0.0,0.0
5284.832497702537,0.0
0.0,0.0
0.0,0.0
1623.1721077374632,0.0
0.0,0.0
0.0,0.0
0.0,0.0
0.0,0.0
0.0,0.0
0.0,0.0
0.0,0.0
0.0,0.0
6908.00460544,0.0
0.0,0.0
0.0,0.0
0.0,0.0
0.0,0.0
0.0,0.0
0.0,0.0
0.0,0.0
0.0,0.0
0.0,0.0
0.0,0.0
0.0,0.0
0.0,0.0
0.0,0.0
0.0,0.0
3365.7131917237834,0.0
0.0,0.0
0.0,0.0
0.0,0.0
0.0,0.0
0.0,0.0
0.0,0.0
0.0,0.0
0.0,0.0
0.0,0.0
0.0,0.0
0.0,0.0
0.0,0.0
0.0,0.0
0.0,0.0
0.0,0.0
0.0,0.0
0.0,0.0
0.0,0.0
0.0,0.0
0.0,0.0
6531.7744,0.0
0.0,0.0
0.0,0.0
0.0,0.0
0.0,0.0
0.0,0.0
0.0,0.0
0.0,0.0
0.0,0.0
0.0,0.0
0.0,0.0
0.0,0.0
0.0,0.0
0.0,0.0
0.0,0.0
0.0,0.0
0.0,0.0
0.0,0.0
0.0,0.0
0.0,0.0
0.0,0.0
0.0,0.0
0.0,0.0
0.0,0.0
813.5641838447251,0.0
735.8426729256116,0.0
2053.999057404454,0.0
2475.5765999690248,0.0
0.0,0.0
0.0,0.0
0.0,0.0
0.0,0.0
0.0,0.0
0.0,0.0
0.0,0.0
1346.4158775978792,0.0
0.0,0.0
0.0,0.0
0.0,0.0
0.0,0.0
0.0,0.0
0.0,0.0
0.0,0.0
0.0,0.0
0.0,0.0
0.0,0.0
0.0,0.0
0.0,0.0
6841.015021231704,0.0
0.0,0.0
0.0,0.0
0.0,0.0
0.0,0.0
0.0,0.0
0.0,0.0
2018.840491121472,0.0
4908.860777957371,0.0
0.0,0.0
0.0,0.0
0.0,0.0
6398.32595646234,0.0
133.44844353765984,0.0
0.0,0.0
0.0,0.0
0.0,0.0
0.0,0.0
4143.360439760298,0.0
2520.3513955978233,0.0
0.0,0.0
0.0,0.0
0.0,0.0
0.0,0.0
0.0,0.0
0.0,0.0
0.0,0.0
0.0,0.0
0.0,0.0
0.0,0.0
0.0,0.0
6930.99568472054,0.0
0.0,0.0
0.0,0.0
0.0,0.0
0.0,0.0
0.0,0.0
0.0,0.0
0.0,0.0
0.0,0.0
0.0,0.0
0.0,0.0
0.0,0.0
0.0,0.0
0.0,0.0
0.0,0.0
0.0,0.0
3720.598222439752,0.0
3210.4017629803902,0.0
0.0,0.0
0.0,0.0
0.0,0.0
0.0,0.0
0.0,0.0
0.0,0.0
565.333904380972,0.0
0.0,0.0
0.0,0.0
0.0,0.0
0.0,0.0
0.0,0.0
0.0,0.0
0.0,0.0
0.0,0.0
0.0,0.0
0.0,0.0
0.0,0.0
0.0,0.0
0.0,0.0
0.0,0.0
0.0,0.0
0.0,0.0
0.0,0.0
0.0,0.0
0.0,0.0
0.0,0.0
0.0,0.0
0.0,0.0
0.0,0.0
0.0,0.0
6930.999999999104,0.0
0.0,0.0
0.0,0.0
0.0,0.0
0.0,0.0
0.0,0.0
0.0,0.0
0.0,0.0
0.0,0.0
0.0,0.0
0.0,0.0
6930.923706799744,0.0
0.0,0.0
0.0,0.0
0.0,0.0
0.0,0.0
0.0,0.0
0.0,0.0
0.0,0.0
0.0,0.0
0.0,0.0
0.0,0.0
0.0,0.0
0.0,0.0
0.0,0.0
0.0,0.0
0.0,0.0
0.0,0.0
0.0,0.0
2779.5374763567415,0.0
0.0,0.0
0.0,0.0
0.0,0.0
0.0,0.0
0.0,0.0
2533.0297111484133,0.0
0.0,0.0
0.0,0.0
0.0,0.0
0.0,0.0
5056.598221843306,0.0
1865.9729584523047,0.0
0.0,0.0
0.0,0.0
0.0,0.0
0.0,0.0
2661.149049909538,0.0
3919.66410524794,0.0
0.0,0.0
0.0,0.0
0.0,0.0
0.0,0.0
0.0,0.0
0.0,0.0
0.0,0.0
0.0,0.0
0.0,0.0
0.0,0.0
0.0,0.0
0.0,0.0
2382.8641253952355,0.0
0.0,0.0
0.0,0.0
4548.13148011643,0.0
0.0,0.0
0.0,0.0
0.0,0.0
0.0,0.0
0.0,0.0
0.0,0.0
0.0,0.0
0.0,0.0
0.0,0.0
0.0,0.0
0.0,0.0
0.0,0.0
0.0,0.0
0.0,0.0
0.0,0.0
0.0,0.0
0.0,0.0
0.0,0.0
0.0,0.0
0.0,0.0
0.0,0.0
0.0,0.0
0.0,0.0
0.0,0.0
0.0,0.0
0.0,0.0
0.0,0.0
0.0,0.0
0.0,0.0
0.0,0.0
0.0,0.0
0.0,0.0
0.0,0.0
0.0,0.0
0.0,0.0
0.0,0.0
0.0,0.0
0.0,0.0
0.0,0.0
0.0,0.0
0.0,0.0
0.0,0.0
0.0,0.0
0.0,0.0
0.0,0.0
0.0,0.0
0.0,0.0
0.0,0.0
0.0,0.0
0.0,0.0
0.0,0.0
0.0,0.0
0.0,0.0
0.0,0.0
0.0,0.0
0.0,0.0
0.0,0.0
0.0,0.0
0.0,0.0
0.0,0.0
0.0,0.0
0.0,0.0
0.0,0.0
0.0,0.0
0.0,0.0
0.0,0.0
0.0,0.0
0.0,0.0
0.0,0.0
0.0,0.0
0.0,0.0
0.0,0.0
5028.695894249158,0.0
0.0,0.0
1902.3041055492895,0.0
0.0,0.0
0.0,0.0
0.0,0.0
0.0,0.0
81.08505493789721,0.0
1950.5595808987484,0.0
0.0,0.0
0.0,0.0
6812.652734249153,0.0
0.0,0.0
0.0,0.0
0.0,0.0
0.0,0.0
0.0,0.0
0.0,0.0
0.0,0.0
0.0,0.0
0.0,0.0
0.0,0.0
0.0,0.0
0.0,0.0
0.0,0.0
0.0,0.0
0.0,0.0
0.0,0.0
0.0,0.0
0.0,0.0
0.0,0.0
0.0,0.0
0.0,0.0
0.0,0.0
0.0,0.0
0.0,0.0
0.0,0.0
0.0,0.0
0.0,0.0
0.0,0.0
0.0,0.0
0.0,0.0
0.0,0.0
6929.675465273344,0.0
0.0,0.0
0.0,0.0
0.0,0.0
0.0,0.0
0.0,0.0
0.0,0.0
0.0,0.0
0.0,0.0
0.0,0.0
0.0,0.0
0.0,0.0
0.0,0.0
0.0,0.0
0.0,0.0
0.0,0.0
0.0,0.0
0.0,0.0
0.0,0.0
0.0,0.0
0.0,0.0
0.0,0.0
0.0,0.0
0.0,0.0
0.0,0.0
0.0,0.0
0.0,0.0
0.0,0.0
0.0,0.0
0.0,0.0
0.0,0.0
0.0,0.0
0.0,0.0
0.0,0.0
0.0,0.0
0.0,0.0
0.0,0.0
0.0,0.0
0.0,0.0
0.0,0.0
0.0,0.0
0.0,0.0
0.0,0.0
0.0,0.0
0.0,0.0
0.0,0.0
0.0,0.0
0.0,0.0
0.0,0.0
0.0,0.0
0.0,0.0
0.0,0.0
0.0,0.0
0.0,0.0
0.0,0.0
0.0,0.0
2809.5356157713722,0.0
1503.21355239898,0.0
2618.2508318294877,0.0
0.0,0.0
0.0,0.0
0.0,0.0
0.0,0.0
0.0,0.0
0.0,0.0
0.0,0.0
0.0,0.0
0.0,0.0
0.0,0.0
0.0,0.0
0.0,0.0
0.0,0.0
0.0,0.0
0.0,0.0
0.0,0.0
0.0,0.0
0.0,0.0
0.0,0.0
0.0,0.0
0.0,0.0
0.0,0.0
0.0,0.0
0.0,0.0
0.0,0.0
0.0,0.0
0.0,0.0
0.0,0.0
0.0,0.0
0.0,0.0
0.0,0.0
0.0,0.0
0.0,0.0
0.0,0.0
0.0,0.0
0.0,0.0
0.0,0.0
0.0,0.0
0.0,0.0
0.0,0.0
0.0,0.0
0.0,0.0
0.0,0.0
0.0,0.0
0.0,0.0
0.0,0.0
0.0,0.0
0.0,0.0
0.0,0.0
0.0,0.0
0.0,0.0
0.0,0.0
0.0,0.0
0.0,0.0
0.0,0.0
0.0,0.0
0.0,0.0
0.0,0.0
0.0,0.0
0.0,0.0
0.0,0.0
0.0,0.0
0.0,0.0
0.0,0.0
0.0,0.0
0.0,0.0
2476.2503422648606,0.0
0.0,0.0
0.0,0.0
0.0,0.0
0.0,0.0
0.0,0.0
0.0,0.0
0.0,0.0
0.0,0.0
0.0,0.0
0.0,0.0
0.0,0.0
6001.134480693847,0.0
0.0,0.0
0.0,0.0
0.0,0.0
0.0,0.0
0.0,0.0
0.0,0.0
0.0,0.0
0.0,0.0
0.0,0.0
0.0,0.0
0.0,0.0
0.0,0.0
0.0,0.0
0.0,0.0
0.0,0.0
0.0,0.0
0.0,0.0
0.0,0.0
0.0,0.0
0.0,0.0
0.0,0.0
0.0,0.0
0.0,0.0
3560.658585969204,0.0
2022.145457358667,0.0
0.0,0.0
0.0,0.0
0.0,0.0
0.0,0.0
0.0,0.0
1274.5286625843037,0.0
0.0,0.0
0.0,0.0
0.0,0.0
0.0,0.0
0.0,0.0
0.0,0.0
0.0,0.0
0.0,0.0
0.0,0.0
0.0,0.0
0.0,0.0
0.0,0.0
0.0,0.0
0.0,0.0
0.0,0.0
0.0,0.0
0.0,0.0
0.0,0.0
0.0,0.0
0.0,0.0
0.0,0.0
0.0,0.0
0.0,0.0
0.0,0.0
0.0,0.0
0.0,0.0
0.0,0.0
0.0,0.0
0.0,0.0
0.0,0.0
0.0,0.0
0.0,0.0
0.0,0.0
0.0,0.0
0.0,0.0
0.0,0.0
0.0,0.0
0.0,0.0
0.0,0.0
0.0,0.0
6751.2512101449975,0.0
179.74878985500254,0.0
0.0,0.0
0.0,0.0
0.0,0.0
0.0,0.0
0.0,0.0
1410.529538579387,0.0
0.0,0.0
0.0,0.0
0.0,0.0
0.0,0.0
0.0,0.0
0.0,0.0
0.0,0.0
0.0,0.0
0.0,0.0
0.0,0.0
0.0,0.0
0.0,0.0
0.0,0.0
0.0,0.0
0.0,0.0
0.0,0.0
0.0,0.0
0.0,0.0
0.0,0.0
0.0,0.0
0.0,0.0
0.0,0.0
0.0,0.0
0.0,0.0
0.0,0.0
0.0,0.0
0.0,0.0
0.0,0.0
0.0,0.0
1196.2950107601137,0.0
1523.114072446504,0.0
13.03029519024858,0.0
0.0,0.0
0.0,0.0
0.0,0.0
0.0,0.0
6773.445621570285,0.0
0.0,0.0
0.0,0.0
4735.768217777255,0.0
1755.6097252857508,0.0
40.39645693699458,0.0
0.0,0.0
0.0,0.0
0.0,0.0
0.0,0.0
0.0,0.0
0.0,0.0
0.0,0.0
0.0,0.0
0.0,0.0
0.0,0.0
0.0,0.0
0.0,0.0
0.0,0.0
0.0,0.0
0.0,0.0
0.0,0.0
0.0,0.0
6930.999996500834,0.0
0.0,0.0
0.0,0.0
0.0,0.0
0.0,0.0
0.0,0.0
0.0,0.0
0.0,0.0
0.0,0.0
0.0,0.0
0.0,0.0
0.0,0.0
0.0,0.0
0.0,0.0
0.0,0.0
0.0,0.0
0.0,0.0
0.0,0.0
0.0,0.0
0.0,0.0
0.0,0.0
0.0,0.0
0.0,0.0
0.0,0.0
0.0,0.0
0.0,0.0
0.0,0.0
0.0,0.0
0.0,0.0
0.0,0.0
0.0,0.0
0.0,0.0
0.0,0.0
0.0,0.0
0.0,0.0
0.0,0.0
0.0,0.0
0.0,0.0
0.0,0.0
0.0,0.0
0.0,0.0
0.0,0.0
0.0,0.0
0.0,0.0
5482.323996001025,0.0
0.0,0.0
0.0,0.0
0.0,0.0
0.0,0.0
0.0,0.0
0.0,0.0
0.0,0.0
0.0,0.0
0.0,0.0
0.0,0.0
0.0,0.0
0.0,0.0
0.0,0.0
0.0,0.0
0.0,0.0
0.0,0.0
0.0,0.0
0.0,0.0
0.0,0.0
0.0,0.0
1448.6760004998082,0.0
0.0,0.0
0.0,0.0
0.0,0.0
0.0,0.0
0.0,0.0
0.0,0.0
0.0,0.0
0.0,0.0
0.0,0.0
0.0,0.0
0.0,0.0
0.0,0.0
0.0,0.0
0.0,0.0
0.0,0.0
0.0,0.0
0.0,0.0
0.0,0.0
0.0,0.0
0.0,0.0
0.0,0.0
0.0,0.0
0.0,0.0
0.0,0.0
0.0,0.0
0.0,0.0
0.0,0.0
0.0,0.0
0.0,0.0
664.8722033354443,0.0
6266.127735915149,0.0
0.0,0.0
0.0,0.0
0.0,0.0
0.0,0.0
0.0,0.0
0.0,0.0
0.0,0.0
0.0,0.0
0.0,0.0
0.0,0.0
0.0,0.0
0.0,0.0
0.0,0.0
0.0,0.0
0.0,0.0
0.0,0.0
0.0,0.0
0.0,0.0
0.0,0.0
0.0,0.0
0.0,0.0
0.0,0.0
0.0,0.0
0.0,0.0
0.0,0.0
0.0,0.0
0.0,0.0
0.0,0.0
0.0,0.0
0.0,0.0
1087.0475835867255,0.0
4468.215780591869,0.0
0.0,0.0
0.0,0.0
0.0,0.0
0.0,0.0
0.0,0.0
0.0,0.0
0.0,0.0
0.0,0.0
0.0,0.0
0.0,0.0
0.0,0.0
1375.7366358212457,0.0
0.0,0.0
0.0,0.0
0.0,0.0
0.0,0.0
0.0,0.0
0.0,0.0
0.0,0.0
0.0,0.0
0.0,0.0
0.0,0.0
0.0,0.0
0.0,0.0
0.0,0.0
0.0,0.0
0.0,0.0
4900.802726066533,0.0
0.0,0.0
0.0,0.0
0.0,0.0
0.0,0.0
0.0,0.0
0.0,0.0
0.0,0.0
1755.533567327966,0.0
0.0,0.0
0.0,0.0
0.0,0.0
0.0,0.0
0.0,0.0
0.0,0.0
0.0,0.0
0.0,0.0
0.0,0.0
0.0,0.0
0.0,0.0
2906.007654243796,0.0
0.0,0.0
0.0,0.0
0.0,0.0
0.0,0.0
0.0,0.0
0.0,0.0
0.0,0.0
0.0,0.0
0.0,0.0
0.0,0.0
0.0,0.0
4023.6678110295484,0.0
0.0,0.0
0.0,0.0
0.0,0.0
0.0,0.0
0.0,0.0
0.0,0.0
0.0,0.0
0.0,0.0
0.0,0.0
0.0,0.0
0.0,0.0
0.0,0.0
0.0,0.0
0.0,0.0
0.0,0.0
0.0,0.0
0.0,0.0
0.0,0.0
0.0,0.0
0.0,0.0
0.0,0.0
0.0,0.0
0.0,0.0
0.0,0.0
0.0,0.0
0.0,0.0
0.0,0.0
0.0,0.0
6867.0297953458885,0.0
0.0,0.0
0.0,0.0
0.0,0.0
0.0,0.0
0.0,0.0
0.0,0.0
0.0,0.0
0.0,0.0
0.0,0.0
0.0,0.0
0.0,0.0
0.0,0.0
0.0,0.0
0.0,0.0
0.0,0.0
0.0,0.0
0.0,0.0
0.0,0.0
0.0,0.0
0.0,0.0
0.0,0.0
0.0,0.0
0.0,0.0
0.0,0.0
0.0,0.0
0.0,0.0
0.0,0.0
0.0,0.0
0.0,0.0
0.0,0.0
0.0,0.0
0.0,0.0
0.0,0.0
0.0,0.0
438.45196777799583,0.0
3563.757022191438,0.0
0.0,0.0
0.0,0.0
0.0,0.0
0.0,0.0
0.0,0.0
0.0,0.0
0.0,0.0
0.0,0.0
0.0,0.0
0.0,0.0
0.0,0.0
0.0,0.0
0.0,0.0
0.0,0.0
0.0,0.0
0.0,0.0
0.0,0.0
0.0,0.0
0.0,0.0
0.0,0.0
0.0,0.0
0.0,0.0
0.0,0.0
0.0,0.0
0.0,0.0
0.0,0.0
3158.3981059588896,0.0
0.0,0.0
0.0,0.0
0.0,0.0
3772.6018940383237,0.0
0.0,0.0
0.0,0.0
0.0,0.0
0.0,0.0
0.0,0.0
0.0,0.0
0.0,0.0
0.0,0.0
0.0,0.0
0.0,0.0
0.0,0.0
0.0,0.0
0.0,0.0
0.0,0.0
0.0,0.0
0.0,0.0
0.0,0.0
0.0,0.0
0.0,0.0
0.0,0.0
0.0,0.0
0.0,0.0
0.0,0.0
0.0,0.0
0.0,0.0
0.0,0.0
0.0,0.0
0.0,0.0
0.0,0.0
0.0,0.0
0.0,0.0
0.0,0.0
0.0,0.0
0.0,0.0
0.0,0.0
0.0,0.0
0.0,0.0
0.0,0.0
0.0,0.0
0.0,0.0
0.0,0.0
0.0,0.0
0.0,0.0
0.0,0.0
0.0,0.0
0.0,0.0
0.0,0.0
0.0,0.0
0.0,0.0
0.0,0.0
0.0,0.0
0.0,0.0
0.0,0.0
0.0,0.0
0.0,0.0
0.0,0.0
0.0,0.0
0.0,0.0
0.0,0.0
0.0,0.0
0.0,0.0
0.0,0.0
0.0,0.0
0.0,0.0
3025.0502916406044,0.0
0.0,0.0
0.0,0.0
3545.0016801746538,0.0
0.0,0.0
0.0,0.0
0.0,0.0
0.0,0.0
