Lignite,Coal,Gas,WindOnshore,WindOffshore,PVGround,PVRoof
0.0,0.0,0.0,30520.0,0.0,0.0,0.0
0.0,0.0,0.0,28132.0,0.0,0.0,0.0
0.0,0.0,0.0,30942.0,0.0,0.0,0.0
0.0,0.0,0.0,27984.0,0.0,0.0,0.0
0.0,0.0,0.0,29312.0,0.0,0.0,0.0
0.0,0.0,0.0,28616.0,0.0,0.0,0.0
0.0,0.0,0.0,34210.0,0.0,0.0,0.0
0.0,0.0,0.0,42163.0,0.0,0.0,0.0
0.0,0.0,0.0,42076.0,0.0,0.0,0.0
0.0,0.0,0.0,45141.0,0.0,0.0,0.0
0.0,0.0,0.0,43475.0,0.0,0.0,0.0
0.0,0.0,0.0,45334.0,0.0,0.0,0.0
0.0,0.0,0.0,44978.0,0.0,0.0,0.0
0.0,0.0,0.0,38315.0,0.0,0.0,0.0
0.0,0.0,0.0,43866.0,0.0,0.0,0.0
0.0,0.0,0.0,43675.0,0.0,0.0,0.0
0.0,0.0,0.0,45407.0,0.0,0.0,0.0
0.0,0.0,0.0,46341.68797586038,0.0,3.3120241396183245,0.0
0.0,0.0,0.0,51364.0,0.0,0.0,0.0
0.0,0.0,0.0,47571.0,0.0,0.0,0.0
0.0,0.0,0.0,46801.0,0.0,0.0,0.0
0.0,0.0,0.0,40826.0,0.0,0.0,0.0
0.0,0.0,0.0,36584.0,0.0,0.0,0.0
0.0,0.0,0.0,32525.0,0.0,0.0,0.0
