PumpedStor,BatteryStor
0.0,0.0
0.0,0.0
0.0,0.0
0.0,0.0
3228.0,0.0
774.7200000000001,0.0
2639.2128000000002,0.0
1222.1982719999999,0.0
2299.12931328,0.0
1480.6617219072002,0.0
2102.6970913505284,0.0
1629.9502105735983,0.0
1989.2378399640656,0.0
1716.1792416273101,0.0
1923.7037763632447,0.0
1765.9851299639342,0.0
1885.8513012274102,0.0
1794.7530110671687,0.0
1863.9877115889522,0.0
1811.3693391923966,0.0
1851.359302213779,0.0
1820.966930317528,0.0
1844.0651329586788,0.0
1826.5104989514043,0.0
1839.8520207969332,0.0
1829.7124641943315,0.0
524.3433561640782,0.0
125.84240547937824,0.0
0.0,0.0
0.0,0.0
0.0,0.0
0.0,0.0
0.0,0.0
0.0,0.0
0.0,0.0
164.45552274039852,0.0
3103.0138027172975,0.0
0.0,0.0
0.0,0.0
0.0,0.0
0.0,0.0
0.0,0.0
0.0,0.0
0.0,0.0
0.0,0.0
0.0,0.0
0.0,0.0
0.0,0.0
0.0,0.0
0.0,0.0
0.0,0.0
0.0,0.0
0.0,0.0
0.0,0.0
0.0,0.0
0.0,0.0
0.0,0.0
0.0,0.0
0.0,0.0
0.0,0.0
0.0,0.0
0.0,0.0
0.0,0.0
0.0,0.0
0.0,0.0
0.0,0.0
0.0,0.0
0.0,0.0
0.0,0.0
0.0,0.0
0.0,0.0
0.0,0.0
0.0,0.0
0.0,0.0
0.0,0.0
0.0,0.0
0.0,0.0
0.0,0.0
0.0,0.0
0.0,0.0
0.0,0.0
0.0,0.0
3228.0,0.0
774.7200000000001,0.0
2639.2128000000002,0.0
1222.1982719999999,0.0
2299.1293132800006,0.0
551.7910351872001,0.0
132.42984844492779,0.0
0.0,0.0
0.0,0.0
0.0,0.0
0.0,0.0
0.0,0.0
2891.589094338168,0.0
1030.392288302993,0.0
2444.9018608897254,0.0
1369.8745857238087,0.0
2186.895314849906,0.0
1565.9595607140718,0.0
2037.8707338573056,0.0
1679.218242268448,0.0
1951.7941358759795,0.0
1744.6364567342557,0.0
1902.0762928819659,0.0
1782.422017409706,0.0
1873.359266768624,0.0
1804.246957255846,0.0
1856.7723124855572,0.0
1816.8530425109764,0.0
1847.1916876916578,0.0
1824.13431735434,0.0
1841.6579188107016,0.0
1828.339981703867,0.0
1838.461613905061,0.0
1830.7691734321538,0.0
1836.615428191563,0.0
1832.172274574412,0.0
1835.5490713234467,0.0
1832.9827057941804,0.0
1834.933143596423,0.0
1833.4508108667185,0.0
1834.5773837412944,0.0
1833.7211883566163,0.0
1834.3718968489718,0.0
1833.8773583947816,0.0
1834.2532076199664,0.0
1833.9675622088257,0.0
1834.1846527212924,0.0
1834.019663931818,0.0
1834.1450554118187,0.0
1834.0497578870181,0.0
1834.1221840058663,0.0
1834.067140155542,0.0
1834.108973481788,0.0
1834.077180153841,0.0
1834.101343083081,0.0
1834.0829792568584,0.0
1834.0969357647878,0.0
1834.0863288187613,0.0
1834.0943900977416,0.0
1834.0882635257165,0.0
1834.092919720456,0.0
1834.0893810124535,0.0
1834.0920704305356,0.0
1834.090026472793,0.0
1834.0915798806775,0.0
1834.0903992906851,0.0
440.1816958297649,0.0
105.6436069991428,0.0
0.0,0.0
0.0,0.0
0.0,0.0
3228.0,0.0
774.7200000000004,0.0
2639.2128,0.0
1222.1982720000003,0.0
2299.12931328,0.0
1480.6617219072002,0.0
2102.697091350529,0.0
1629.9502105735983,0.0
1989.2378399640652,0.0
477.4170815913759,0.0
114.58009958192972,0.0
0.0,0.0
0.0,0.0
3228.0,0.0
774.72,0.0
2639.2128000000002,0.0
1222.1982719999999,0.0
2299.12931328,0.0
1480.6617219071998,0.0
2102.6970913505284,0.0
1629.9502105735985,0.0
1989.2378399640652,0.0
1716.1792416273108,0.0
1923.7037763632438,0.0
1765.9851299639347,0.0
1885.8513012274097,0.0
1794.7530110671685,0.0
1863.987711588952,0.0
447.3570507813488,0.0
107.36569218752317,0.0
25.767766125005345,0.0
0.0,0.0
0.0,0.0
0.0,0.0
0.0,0.0
0.0,0.0
0.0,0.0
0.0,0.0
0.0,0.0
0.0,0.0
0.0,0.0
0.0,0.0
0.0,0.0
0.0,0.0
0.0,0.0
6.184263870001228,0.0
1.484223328800422,0.0
0.0,0.0
0.3562135989119376,0.0
0.0854912637391015,0.0
0.02051790329736243,0.0
0.0049242967912252016,0.0
0.0011818312296030104,0.0
0.0002836394950319629,0.0
6.8073478847789e-5,0.0
0.0,0.0
1.633763481059188e-5,0.0
3.921032645580355e-6,0.0
0.0,0.0
0.0,0.0
0.0,0.0
9.410474529515105e-7,0.0
2.9717306275189764e-7,0.0
0.0,0.0
0.0,0.0
0.0,0.0
0.0,0.0
0.0,0.0
0.0,0.0
0.0,0.0
0.0,0.0
0.0,0.0
0.0,0.0
0.0,0.0
0.0,0.0
0.0,0.0
0.0,0.0
0.0,0.0
0.0,0.0
0.0,0.0
0.0,0.0
0.0,0.0
0.0,0.0
0.0,0.0
0.0,0.0
0.0,0.0
0.0,0.0
0.0,0.0
0.0,0.0
0.0,0.0
0.0,0.0
0.0,0.0
0.0,0.0
0.0,0.0
0.0,0.0
0.0,0.0
0.0,0.0
0.0,0.0
0.0,0.0
0.0,0.0
0.0,0.0
0.0,0.0
0.0,0.0
0.0,0.0
0.0,0.0
0.0,0.0
0.0,0.0
0.0,0.0
0.0,0.0
0.0,0.0
0.0,0.0
0.0,0.0
0.0,0.0
0.0,0.0
0.0,0.0
0.0,0.0
0.0,0.0
0.0,0.0
0.0,0.0
0.0,0.0
0.0,0.0
0.0,0.0
0.0,0.0
3207.359110494302,0.0
790.4070760243304,0.0
189.6976982458395,0.0
0.0,0.0
0.0,0.0
3128.6304066498983,0.0
850.2408909460778,0.0
204.0578138270589,0.0
0.0,0.0
0.0,0.0
0.0,0.0
0.0,0.0
0.0,0.0
0.0,0.0
0.0,0.0
0.0,0.0
0.0,0.0
0.0,0.0
0.0,0.0
0.0,0.0
0.0,0.0
0.0,0.0
0.0,0.0
0.0,0.0
0.0,0.0
0.0,0.0
0.0,0.0
0.0,0.0
0.0,0.0
0.0,0.0
0.0,0.0
0.0,0.0
0.0,0.0
0.0,0.0
0.0,0.0
2579.667968764576,0.0
1267.4523437389228,0.0
298.5310020173824,0.0
0.0,0.0
0.0,0.0
0.0,0.0
0.0,0.0
0.0,0.0
0.0,0.0
0.0,0.0
0.0,0.0
0.0,0.0
0.0,0.0
0.0,0.0
0.0,0.0
0.0,0.0
0.0,0.0
3227.9999999999995,0.0
774.7200000000003,0.0
2639.2128000000002,0.0
1222.1982720000003,0.0
2299.12931328,0.0
1480.6617219072,0.0
2102.697091350529,0.0
1629.9502105735985,0.0
1989.2378399640652,0.0
1716.1792416273104,0.0
1923.7037763632443,0.0
1765.9851299639347,0.0
1885.8513012274097,0.0
452.60431229457885,0.0
108.6250349506987,0.0
0.0,0.0
0.0,0.0
0.0,0.0
0.0,0.0
0.0,0.0
0.0,0.0
0.0,0.0
0.0,0.0
0.0,0.0
0.0,0.0
0.0,0.0
0.0,0.0
0.0,0.0
0.0,0.0
0.0,0.0
0.0,0.0
0.0,0.0
0.0,0.0
0.0,0.0
0.0,0.0
0.0,0.0
0.0,0.0
0.0,0.0
0.0,0.0
0.0,0.0
0.0,0.0
0.0,0.0
0.0,0.0
0.0,0.0
0.0,0.0
0.0,0.0
0.0,0.0
0.0,0.0
0.0,0.0
0.0,0.0
0.0,0.0
0.0,0.0
0.0,0.0
0.0,0.0
0.0,0.0
0.0,0.0
0.0,0.0
0.0,0.0
0.0,0.0
0.0,0.0
0.0,0.0
0.0,0.0
0.0,0.0
0.0,0.0
0.0,0.0
0.0,0.0
0.0,0.0
0.0,0.0
0.0,0.0
0.0,0.0
0.0,0.0
0.0,0.0
0.0,0.0
0.0,0.0
0.0,0.0
0.0,0.0
0.0,0.0
0.0,0.0
0.0,0.0
0.0,0.0
0.0,0.0
0.0,0.0
0.0,0.0
0.0,0.0
0.0,0.0
0.0,0.0
0.0,0.0
0.0,0.0
0.0,0.0
0.0,0.0
0.0,0.0
0.0,0.0
0.0,0.0
0.0,0.0
0.0,0.0
0.0,0.0
0.0,0.0
0.0,0.0
0.0,0.0
0.0,0.0
0.0,0.0
0.0,0.0
0.0,0.0
0.0,0.0
0.0,0.0
1250.0280891970376,0.0
0.0,0.0
0.0,0.0
0.0,0.0
3228.0,0.0
774.7200000000001,0.0
0.0,0.0
0.0,0.0
0.0,0.0
0.0,0.0
0.0,0.0
0.0,0.0
0.0,0.0
0.0,0.0
0.0,0.0
0.0,0.0
0.0,0.0
0.0,0.0
0.0,0.0
0.0,0.0
0.0,0.0
0.0,0.0
3228.0,0.0
774.7200000000003,0.0
2639.2128,0.0
1222.1982719999999,0.0
2299.12931328,0.0
1480.6617219071998,0.0
355.3588132577282,0.0
85.28611518185461,0.0
0.0,0.0
0.0,0.0
0.0,0.0
0.0,0.0
0.0,0.0
0.0,0.0
0.0,0.0
0.0,0.0
0.0,0.0
0.0,0.0
0.0,0.0
0.0,0.0
0.0,0.0
0.0,0.0
0.0,0.0
0.0,0.0
0.0,0.0
0.0,0.0
0.0,0.0
0.0,0.0
0.0,0.0
0.0,0.0
0.0,0.0
0.0,0.0
0.0,0.0
0.0,0.0
0.0,0.0
0.0,0.0
0.0,0.0
0.0,0.0
0.0,0.0
0.0,0.0
0.0,0.0
0.0,0.0
0.0,0.0
0.0,0.0
0.0,0.0
0.0,0.0
0.0,0.0
0.0,0.0
0.0,0.0
0.0,0.0
0.0,0.0
0.0,0.0
0.0,0.0
0.0,0.0
0.0,0.0
0.0,0.0
0.0,0.0
0.0,0.0
0.0,0.0
0.0,0.0
0.0,0.0
0.0,0.0
0.0,0.0
0.0,0.0
0.0,0.0
0.0,0.0
0.0,0.0
3228.0,0.0
774.7200000000001,0.0
2639.2128000000002,5.666574173822701e-12
863.8919382742073,0.0
710.0062314525574,0.0
170.4014955486139,4.449840557970839e-27
0.0,-4.54240669707444e-27
0.0,0.0
0.0,0.0
0.0,0.0
0.0,0.0
0.0,0.0
0.0,0.0
0.0,0.0
0.0,0.0
0.0,0.0
0.0,0.0
0.0,0.0
0.0,0.0
0.0,0.0
0.0,0.0
0.0,0.0
0.0,0.0
0.0,0.0
0.0,0.0
0.0,0.0
0.0,0.0
0.0,0.0
0.0,0.0
0.0,0.0
0.0,0.0
0.0,0.0
0.0,0.0
0.0,0.0
0.0,0.0
0.0,0.0
0.0,0.0
0.0,0.0
0.0,0.0
0.0,0.0
0.0,0.0
0.0,0.0
0.0,0.0
0.0,0.0
0.0,0.0
0.0,0.0
0.0,0.0
0.0,0.0
0.0,0.0
0.0,0.0
0.0,0.0
0.0,0.0
0.0,0.0
0.0,0.0
0.0,0.0
0.0,0.0
0.0,0.0
0.0,0.0
0.0,0.0
0.0,0.0
0.0,0.0
0.0,0.0
0.0,0.0
0.0,0.0
0.0,0.0
0.0,0.0
0.0,0.0
0.0,0.0
0.0,0.0
0.0,0.0
0.0,0.0
3228.0,0.0
774.72,0.0
2639.2128000000002,0.0
633.4110720000002,0.0
0.0,0.0
1802.4507232283806,0.0
1858.1374503464306,0.0
1815.8155377367132,0.0
1847.9801913200981,0.0
443.51524591682374,0.0
106.44365902003717,0.0
0.0,0.0
0.0,0.0
0.0,0.0
0.0,0.0
0.0,0.0
0.0,0.0
0.0,0.0
0.0,0.0
0.0,0.0
0.0,0.0
0.0,0.0
0.0,0.0
0.0,0.0
0.0,0.0
0.0,0.0
0.0,0.0
0.0,0.0
0.0,0.0
0.0,0.0
0.0,0.0
0.0,0.0
0.0,0.0
0.0,0.0
0.0,0.0
0.0,0.0
1041.5587394284764,0.0
2436.4153580343586,0.0
1376.324327893888,0.0
2181.9935108006453,0.0
1569.684931791509,0.0
2035.0394518384535,0.0
1681.3700166027756,0.0
1950.1587873818905,0.0
468.0381089716538,0.0
112.3291461531967,0.0
0.0,0.0
0.0,0.0
0.0,0.0
2642.9310439840206,0.0
0.0,0.0
0.0,0.0
1986.5537717118307,0.0
1718.2191334990084,0.0
1922.1534585407535,0.0
1767.1633715090272,0.0
1884.9558376531395,0.0
1795.433563383614,0.0
1863.4704918284538,0.0
1811.7624262103757,0.0
434.8229822904901,0.0
104.35751574971745,0.0
0.0,0.0
0.0,0.0
0.0,0.0
0.0,0.0
0.0,0.0
0.0,0.0
0.0,0.0
0.0,0.0
0.0,0.0
0.0,0.0
0.0,0.0
0.0,0.0
0.0,0.0
0.0,0.0
0.0,0.0
0.0,0.0
0.0,0.0
0.0,0.0
0.0,0.0
0.0,0.0
0.0,0.0
0.0,0.0
470.07130694919414,0.0
2870.7458067186126,0.0
688.9789936124674,0.0
0.0,0.0
0.0,0.0
0.0,0.0
0.0,0.0
0.0,0.0
3228.0,0.0
61.917829025255585,0.0
0.0,0.0
0.0,0.0
0.0,0.0
0.0,0.0
0.0,0.0
0.0,0.0
0.0,0.0
0.0,0.0
0.0,0.0
0.0,0.0
0.0,0.0
0.0,0.0
0.0,0.0
0.0,0.0
3228.0,0.0
774.7200000000001,0.0
2639.2128000000002,0.0
1222.1982719999999,0.0
2299.1293132800006,0.0
1480.6617219071998,0.0
2102.697091350529,0.0
1629.9502105735983,0.0
1989.2378399640656,0.0
1716.1792416273101,0.0
1923.7037763632443,0.0
1765.9851299639345,0.0
1885.8513012274097,0.0
1794.7530110671685,0.0
1863.987711588952,0.0
1811.3693391923966,0.0
1851.3593022137784,0.0
1820.9669303175283,0.0
1844.0651329586788,0.0
1826.5104989514045,0.0
1839.8520207969323,0.0
1829.7124641943312,0.0
1837.4185272123082,0.0
1831.5619193186458,0.0
1836.0129413178295,0.0
1832.63016459845,0.0
1835.2010749051783,0.0
1833.2471830720647,0.0
1834.732140865231,0.0
1833.6035729424245,0.0
1834.4612845637573,0.0
1833.8094237315445,0.0
440.11426169557075,0.0
105.62742280693689,0.0
0.0,0.0
0.0,0.0
3228.0,0.0
774.7200000000004,0.0
0.0,0.0
0.0,0.0
0.0,0.0
0.0,0.0
2089.054878552947,0.0
1640.3182922997605,0.0
393.67639015194277,0.0
0.0,0.0
0.0,0.0
3228.0,0.0
774.72,0.0
185.93280000000013,0.0
44.62387199999962,0.0
0.0,0.0
0.0,0.0
0.0,0.0
0.0,0.0
0.0,0.0
0.0,0.0
0.0,0.0
0.0,0.0
0.0,0.0
0.0,0.0
0.0,0.0
0.0,0.0
0.0,0.0
0.0,0.0
0.0,0.0
0.0,0.0
0.0,0.0
0.0,0.0
0.0,0.0
0.0,0.0
0.0,0.0
0.0,0.0
0.0,0.0
0.0,0.0
0.0,0.0
0.0,0.0
0.0,0.0
0.0,0.0
0.0,0.0
0.0,0.0
0.0,0.0
0.0,0.0
3228.0,0.0
774.7200000000001,0.0
2639.2128000000002,0.0
1222.198272,0.0
2299.1293132800006,0.0
1480.6617219072,0.0
2102.6970913505284,0.0
1629.9502105735985,0.0
1989.2378399640659,0.0
1716.1792416273101,0.0
759.5029913580987,0.0
182.28071792594412,0.0
-1.8522486688952492e-14,0.0
3228.0,0.0
774.7200000000001,0.0
185.93280000000004,0.0
0.0,0.0
0.0,0.0
0.0,0.0
0.0,0.0
0.0,0.0
0.0,0.0
0.0,0.0
0.0,0.0
0.0,0.0
0.0,0.0
0.0,0.0
0.0,0.0
0.0,0.0
0.0,0.0
0.0,0.0
0.0,0.0
0.0,0.0
0.0,0.0
0.0,0.0
0.0,0.0
0.0,0.0
0.0,0.0
0.0,0.0
0.0,0.0
0.0,0.0
0.0,0.0
0.0,0.0
0.0,0.0
0.0,0.0
0.0,0.0
0.0,0.0
0.0,0.0
0.0,0.0
0.0,0.0
0.0,0.0
0.0,0.0
0.0,0.0
0.0,0.0
0.0,0.0
0.0,0.0
0.0,0.0
0.0,0.0
0.0,0.0
0.0,0.0
0.0,0.0
0.0,0.0
0.0,0.0
0.0,0.0
0.0,0.0
0.0,0.0
0.0,0.0
0.0,0.0
0.0,0.0
0.0,0.0
0.0,0.0
0.0,0.0
0.0,0.0
0.0,0.0
0.0,0.0
0.0,0.0
0.0,0.0
0.0,0.0
0.0,0.0
0.0,0.0
0.0,0.0
0.0,0.0
0.0,0.0
0.0,0.0
0.0,0.0
0.0,0.0
0.0,0.0
0.0,0.0
0.0,0.0
0.0,0.0
0.0,0.0
0.0,0.0
0.0,0.0
0.0,0.0
0.0,0.0
0.0,0.0
0.0,0.0
0.0,0.0
0.0,0.0
0.0,0.0
0.0,0.0
0.0,0.0
0.0,0.0
0.0,0.0
0.0,0.0
0.0,0.0
0.0,0.0
0.0,0.0
0.0,0.0
0.0,0.0
0.0,0.0
0.0,0.0
0.0,0.0
0.0,0.0
0.0,0.0
0.0,0.0
0.0,0.0
0.0,0.0
0.0,0.0
0.0,0.0
0.0,0.0
0.0,0.0
0.0,0.0
0.0,0.0
0.0,0.0
0.0,0.0
0.0,0.0
0.0,0.0
0.0,0.0
0.0,0.0
0.0,0.0
0.0,0.0
0.0,0.0
0.0,0.0
0.0,0.0
0.0,0.0
0.0,0.0
0.0,0.0
0.0,0.0
0.0,0.0
0.0,0.0
0.0,0.0
0.0,0.0
0.0,0.0
0.0,0.0
0.0,0.0
0.0,0.0
0.0,0.0
0.0,0.0
0.0,0.0
0.0,0.0
0.0,0.0
0.0,0.0
0.0,0.0
0.0,0.0
0.0,0.0
0.0,0.0
0.0,0.0
0.0,0.0
0.0,0.0
0.0,0.0
0.0,0.0
0.0,0.0
0.0,0.0
0.0,0.0
0.0,0.0
0.0,0.0
0.0,0.0
0.0,0.0
3228.0,0.0
774.72,0.0
2639.2128000000002,0.0
1222.198272,0.0
2299.12931328,0.0
1480.6617219072,0.0
2102.6970913505284,0.0
504.6473019241267,0.0
121.11535246178983,0.0
0.0,0.0
0.0,0.0
3228.0,0.0
774.7200000000001,0.0
175.45339753158257,0.0
0.0,0.0
0.0,0.0
0.0,0.0
0.0,0.0
0.0,0.0
0.0,0.0
0.0,0.0
0.0,0.0
0.0,0.0
0.0,0.0
0.0,0.0
0.0,0.0
0.0,0.0
0.0,0.0
0.0,0.0
0.0,0.0
0.0,0.0
0.0,0.0
0.0,0.0
0.0,0.0
0.0,0.0
0.0,0.0
0.0,0.0
0.0,0.0
0.0,0.0
0.0,0.0
0.0,0.0
0.0,0.0
0.0,0.0
0.0,0.0
0.0,0.0
0.0,0.0
0.0,0.0
0.0,0.0
0.0,0.0
0.0,0.0
0.0,0.0
0.0,0.0
0.0,0.0
0.0,0.0
0.0,0.0
0.0,0.0
0.0,0.0
0.0,0.0
0.0,0.0
0.0,0.0
1532.0175312228496,0.0
2063.6666762706345,0.0
495.2800023049523,0.0
0.0,0.0
0.0,0.0
0.0,0.0
3228.0,0.0
774.7200000000001,0.0
185.93280000000004,0.0
44.6238719999996,0.0
0.0,0.0
0.0,0.0
3228.0,0.0
774.7200000000001,0.0
185.9328000000001,0.0
0.0,0.0
0.0,0.0
0.0,0.0
0.0,0.0
0.0,0.0
0.0,0.0
0.0,0.0
0.0,0.0
0.0,0.0
3228.0,0.0
774.7200000000005,0.0
2639.2128,0.0
1222.1982720000005,0.0
2299.129313279999,0.0
1480.661721907201,0.0
2102.6970913505274,0.0
1629.9502105735994,0.0
1989.2378399640647,0.0
1716.1792416273108,0.0
1923.7037763632436,0.0
1765.9851299639345,0.0
1885.85130122741,0.0
1794.753011067169,0.0
1863.9877115889517,0.0
1811.3693391923969,0.0
1851.3593022137782,0.0
1820.9669303175285,0.0
1844.0651329586785,0.0
1826.510498951404,0.0
1839.852020796933,0.0
1829.712464194331,0.0
1837.4185272123088,0.0
1831.5619193186456,0.0
1836.0129413178297,0.0
440.643105916279,0.0
105.75434541990668,0.0
0.0,0.0
0.0,0.0
3228.0,0.0
774.72,0.0
2639.2128000000002,0.0
1222.1982720000003,0.0
2299.1293132799997,0.0
1480.6617219072002,0.0
2102.6970913505284,0.0
1629.9502105735985,0.0
1989.2378399640654,0.0
1716.1792416273108,0.0
1923.703776363244,0.0
1765.9851299639347,0.0
1885.8513012274102,0.0
1794.753011067168,0.0
1863.9877115889526,0.0
1811.3693391923962,0.0
1851.3593022137788,0.0
1820.966930317528,0.0
1844.0651329586788,0.0
1826.510498951404,0.0
1839.8520207969332,0.0
1829.7124641943312,0.0
1837.4185272123082,0.0
1831.561919318646,0.0
1836.0129413178292,0.0
1832.6301645984502,0.0
1835.2010749051783,0.0
1833.2471830720647,0.0
1834.7321408652306,0.0
1833.603572942425,0.0
1834.461284563757,0.0
1833.8094237315445,0.0
440.11426169557126,0.0
105.62742280693713,0.0
0.0,0.0
0.0,0.0
0.0,0.0
0.0,0.0
0.0,0.0
0.0,0.0
0.0,0.0
0.0,0.0
0.0,0.0
0.0,0.0
0.0,0.0
0.0,0.0
0.0,0.0
0.0,0.0
0.0,0.0
0.0,0.0
0.0,0.0
0.0,0.0
0.0,0.0
0.0,0.0
0.0,0.0
0.0,0.0
510.7646678455721,0.0
2839.8188524373654,0.0
0.0,0.0
0.0,0.0
0.0,0.0
0.0,0.0
0.0,0.0
0.0,0.0
0.0,0.0
0.0,0.0
0.0,0.0
0.0,0.0
0.0,0.0
0.0,0.0
0.0,0.0
0.0,0.0
0.0,0.0
0.0,0.0
0.0,0.0
0.0,0.0
0.0,0.0
0.0,0.0
0.0,0.0
0.0,0.0
0.0,0.0
0.0,0.0
0.0,0.0
0.0,0.0
0.0,0.0
0.0,0.0
0.0,0.0
0.0,0.0
0.0,0.0
0.0,0.0
0.0,0.0
0.0,0.0
0.0,0.0
0.0,0.0
0.0,0.0
0.0,0.0
0.0,0.0
0.0,0.0
0.0,0.0
0.0,0.0
0.0,0.0
0.0,0.0
0.0,0.0
0.0,0.0
0.0,0.0
0.0,0.0
0.0,0.0
0.0,0.0
0.0,0.0
0.0,0.0
0.0,0.0
0.0,0.0
0.0,0.0
0.0,0.0
0.0,0.0
0.0,0.0
0.0,0.0
0.0,0.0
0.0,0.0
0.0,0.0
0.0,0.0
0.0,0.0
0.0,0.0
0.0,0.0
0.0,0.0
0.0,0.0
0.0,0.0
0.0,0.0
0.0,0.0
0.0,0.0
0.0,0.0
0.0,0.0
0.0,0.0
0.0,0.0
0.0,0.0
0.0,0.0
0.0,0.0
0.0,0.0
3228.0,0.0
774.7200000000003,0.0
2639.2128000000007,0.0
633.4110719999996,0.0
152.01865727999962,0.0
0.0,0.0
0.0,0.0
0.0,0.0
0.0,0.0
0.0,0.0
0.0,0.0
0.0,0.0
223.41656946940407,0.0
3058.2034072032534,0.0
903.7654105255276,0.0
2541.138288000599,0.0
1296.7349011195447,0.0
2242.4814751491463,0.0
1523.7140788866484,0.0
365.6913789327962,0.0
87.76593094387056,0.0
0.0,0.0
0.0,0.0
0.0,0.0
0.0,0.0
0.0,0.0
0.0,0.0
0.0,0.0
0.0,0.0
0.0,0.0
0.0,0.0
0.0,0.0
0.0,0.0
0.0,0.0
0.0,0.0
0.0,0.0
0.0,0.0
3228.0,0.0
774.72,0.0
185.9328000000001,0.0
0.0,0.0
0.0,0.0
0.0,0.0
0.0,0.0
0.0,0.0
0.0,0.0
0.0,0.0
0.0,0.0
0.0,0.0
3228.0,0.0
774.72,0.0
0.0,0.0
0.0,0.0
0.0,0.0
0.0,0.0
0.0,0.0
0.0,0.0
0.0,0.0
0.0,0.0
0.0,0.0
0.0,0.0
0.0,0.0
0.0,0.0
0.0,0.0
0.0,0.0
0.0,0.0
0.0,0.0
0.0,0.0
0.0,0.0
0.0,0.0
0.0,0.0
0.0,0.0
0.0,0.0
0.0,0.0
888.7255112863992,0.0
213.29412270873615,0.0
0.0,0.0
0.0,0.0
0.0,0.0
0.0,0.0
0.0,0.0
0.0,0.0
0.0,0.0
0.0,0.0
0.0,0.0
3228.0,0.0
774.72,0.0
185.93280000000016,0.0
0.0,0.0
0.0,0.0
0.0,0.0
0.0,0.0
0.0,0.0
0.0,0.0
0.0,0.0
0.0,0.0
0.0,0.0
0.0,0.0
0.0,0.0
0.0,0.0
0.0,0.0
0.0,0.0
0.0,0.0
0.0,0.0
0.0,0.0
0.0,0.0
0.0,0.0
0.0,0.0
0.0,0.0
0.0,0.0
0.0,0.0
0.0,0.0
0.0,0.0
0.0,0.0
0.0,0.0
0.0,0.0
0.0,0.0
0.0,0.0
0.0,0.0
0.0,0.0
0.0,0.0
0.0,0.0
0.0,0.0
0.0,0.0
0.0,0.0
0.0,0.0
0.0,0.0
0.0,0.0
0.0,0.0
0.0,0.0
0.0,0.0
0.0,0.0
0.0,0.0
1243.0678992979456,0.0
298.3362958315073,0.0
0.0,0.0
0.0,0.0
0.0,0.0
0.0,0.0
0.0,0.0
0.0,0.0
0.0,0.0
0.0,0.0
0.0,0.0
0.0,0.0
0.0,0.0
0.0,0.0
0.0,0.0
0.0,0.0
0.0,0.0
0.0,0.0
0.0,0.0
0.0,0.0
0.0,0.0
0.0,0.0
0.0,0.0
0.0,0.0
0.0,0.0
0.0,0.0
0.0,0.0
0.0,0.0
0.0,0.0
0.0,0.0
0.0,0.0
0.0,0.0
0.0,0.0
0.0,0.0
0.0,0.0
0.0,0.0
0.0,0.0
3228.0,0.0
774.72,0.0
0.0,0.0
0.0,0.0
0.0,0.0
0.0,0.0
0.0,0.0
0.0,0.0
0.0,0.0
0.0,0.0
0.0,0.0
0.0,0.0
0.0,0.0
0.0,0.0
0.0,0.0
0.0,0.0
0.0,0.0
0.0,0.0
0.0,0.0
0.0,0.0
0.0,0.0
0.0,0.0
0.0,0.0
0.0,0.0
0.0,0.0
0.0,0.0
0.0,0.0
0.0,0.0
0.0,0.0
0.0,0.0
0.0,0.0
0.0,0.0
0.0,0.0
0.0,0.0
0.0,0.0
3228.0,0.0
774.7200000000003,0.0
185.93279999999987,0.0
0.0,0.0
0.0,0.0
0.0,0.0
0.0,0.0
0.0,0.0
0.0,0.0
0.0,0.0
0.0,0.0
0.0,0.0
3228.0,0.0
774.7200000000001,0.0
185.93280000000001,0.0
0.0,0.0
0.0,0.0
0.0,0.0
0.0,0.0
0.0,0.0
0.0,0.0
0.0,0.0
0.0,0.0
0.0,0.0
3228.0,0.0
774.7200000000004,0.0
0.0,0.0
0.0,0.0
0.0,0.0
0.0,0.0
0.0,0.0
0.0,0.0
0.0,0.0
0.0,0.0
0.0,0.0
0.0,0.0
0.0,0.0
0.0,0.0
0.0,0.0
0.0,0.0
0.0,0.0
0.0,0.0
0.0,0.0
0.0,0.0
0.0,0.0
0.0,0.0
0.0,0.0
0.0,0.0
0.0,0.0
0.0,0.0
0.0,0.0
0.0,0.0
0.0,0.0
0.0,0.0
0.0,0.0
0.0,0.0
0.0,0.0
0.0,0.0
0.0,0.0
3228.0,0.0
774.7200000000001,0.0
2639.2128,0.0
1222.198272,0.0
2299.1293132799997,0.0
1480.6617219072007,0.0
2102.697091350528,0.0
1629.9502105735985,0.0
1989.2378399640652,0.0
477.4170815913757,0.0
114.58009958192955,0.0
0.0,0.0
3228.0,0.0
774.7200000000004,0.0
185.93280000000019,0.0
0.0,0.0
0.0,0.0
0.0,0.0
0.0,0.0
3228.0,0.0
774.72,0.0
2639.2128000000002,0.0
1222.198272,0.0
2299.12931328,0.0
1480.6617219072002,0.0
2102.697091350528,0.0
1629.9502105735987,0.0
1989.2378399640654,0.0
1716.17924162731,0.0
1923.7037763632443,0.0
1765.9851299639347,0.0
1885.85130122741,0.0
1794.753011067169,0.0
1863.9877115889522,0.0
1811.3693391923964,0.0
1851.3593022137786,0.0
1820.9669303175278,0.0
1844.065132958679,0.0
1826.5104989514043,0.0
1839.8520207969327,0.0
1829.7124641943308,0.0
1837.418527212309,0.0
1831.5619193186453,0.0
1836.0129413178297,0.0
1832.6301645984495,0.0
439.83123950362835,0.0
105.55949748087065,0.0
0.0,0.0
3228.0,0.0
774.7200000000001,0.0
185.93280000000001,0.0
0.0,0.0
0.0,0.0
0.0,0.0
0.0,0.0
0.0,0.0
0.0,0.0
0.0,0.0
0.0,0.0
0.0,0.0
0.0,0.0
0.0,0.0
0.0,0.0
0.0,0.0
0.0,0.0
0.0,0.0
0.0,0.0
0.0,0.0
3228.0,0.0
774.7200000000001,0.0
2639.2128,0.0
1222.1982719999999,0.0
2299.12931328,0.0
1480.6617219072,0.0
2102.6970913505284,0.0
1629.9502105735985,0.0
391.18805053766414,0.0
93.88513212903939,0.0
0.0,0.0
0.0,0.0
0.0,0.0
0.0,0.0
0.0,0.0
0.0,0.0
0.0,0.0
0.0,0.0
1075.1119853718121,0.0
0.0,0.0
0.0,0.0
0.0,0.0
0.0,0.0
0.0,0.0
0.0,0.0
0.0,0.0
0.0,0.0
0.0,0.0
0.0,0.0
0.0,0.0
3228.0,0.0
228.90004949679337,0.0
0.0,0.0
0.0,0.0
0.0,0.0
0.0,0.0
0.0,0.0
0.0,0.0
0.0,0.0
0.0,0.0
0.0,0.0
0.0,0.0
3228.0,0.0
774.7200000000003,0.0
185.93280000000001,0.0
0.0,0.0
0.0,0.0
0.0,0.0
0.0,0.0
0.0,0.0
0.0,0.0
0.0,0.0
0.0,0.0
0.0,0.0
0.0,0.0
0.0,0.0
0.0,0.0
0.0,0.0
0.0,0.0
0.0,0.0
0.0,0.0
0.0,0.0
0.0,0.0
0.0,0.0
0.0,0.0
0.0,0.0
0.0,0.0
0.0,0.0
0.0,0.0
0.0,0.0
0.0,0.0
0.0,0.0
0.0,0.0
0.0,0.0
0.0,0.0
0.0,0.0
0.0,0.0
0.0,0.0
60.460779860490454,0.0
0.0,0.0
0.0,0.0
0.0,0.0
0.0,0.0
0.0,0.0
0.0,0.0
0.0,0.0
0.0,0.0
0.0,0.0
1713.030045036995,0.0
246.40695048970585,0.0
3040.7307176278237,0.0
729.7753722306779,0.0
0.0,0.0
0.0,0.0
0.0,0.0
0.0,0.0
0.0,0.0
0.0,0.0
0.0,0.0
0.0,0.0
0.0,0.0
3227.9999999999995,0.0
774.7200000000004,0.0
185.93280000000019,0.0
0.0,0.0
0.0,0.0
0.0,0.0
0.0,0.0
0.0,0.0
0.0,0.0
0.0,0.0
0.0,0.0
3170.7591271288875,0.0
818.2230633820457,0.0
2606.1504718296455,0.0
1247.3256414094694,0.0
299.35815393827266,0.0
71.84595694518515,0.0
0.0,0.0
0.0,0.0
3228.0,0.0
774.7200000000001,0.0
2639.2128000000007,0.0
1222.1982719999999,0.0
2299.1293132800006,0.0
1480.6617219071998,0.0
2102.6970913505284,0.0
504.64730192412713,0.0
121.11535246178994,0.0
0.0,0.0
0.0,0.0
0.0,0.0
0.0,0.0
0.0,0.0
0.0,0.0
0.0,0.0
0.0,0.0
0.0,0.0
0.0,0.0
0.0,0.0
0.0,0.0
0.0,0.0
0.0,0.0
0.0,0.0
0.0,0.0
0.0,0.0
0.0,0.0
0.0,0.0
0.0,0.0
0.0,0.0
0.0,0.0
0.0,0.0
0.0,0.0
0.0,0.0
0.0,0.0
0.0,0.0
0.0,0.0
0.0,0.0
0.0,0.0
0.0,0.0
0.0,0.0
0.0,0.0
0.0,0.0
0.0,0.0
0.0,0.0
0.0,0.0
0.0,0.0
0.0,0.0
0.0,0.0
0.0,0.0
0.0,0.0
0.0,0.0
0.0,0.0
0.0,0.0
0.0,0.0
0.0,0.0
0.0,0.0
0.0,0.0
0.0,0.0
0.0,0.0
0.0,0.0
0.0,0.0
0.0,0.0
0.0,0.0
0.0,0.0
0.0,0.0
0.0,0.0
0.0,0.0
0.0,0.0
0.0,0.0
0.0,0.0
0.0,0.0
0.0,0.0
0.0,0.0
0.0,0.0
0.0,0.0
0.0,0.0
0.0,0.0
0.0,0.0
0.0,0.0
0.0,0.0
0.0,0.0
0.0,0.0
0.0,0.0
0.0,0.0
0.0,0.0
0.0,0.0
0.0,0.0
0.0,0.0
0.0,0.0
0.0,0.0
0.0,0.0
0.0,0.0
0.0,0.0
0.0,0.0
0.0,0.0
0.0,0.0
0.0,0.0
0.0,0.0
0.0,0.0
0.0,0.0
0.0,0.0
0.0,0.0
0.0,0.0
0.0,0.0
0.0,0.0
0.0,0.0
0.0,0.0
0.0,0.0
0.0,0.0
0.0,0.0
0.0,0.0
3228.0,0.0
774.7200000000001,0.0
185.93280000000001,0.0
44.623871999999594,0.0
0.0,0.0
0.0,0.0
0.0,0.0
0.0,0.0
0.0,0.0
0.0,0.0
0.0,0.0
0.0,0.0
0.0,0.0
3228.0,0.0
774.72,0.0
2639.2128000000007,0.0
1222.1982720000003,0.0
2299.1293132800006,0.0
1445.9908893287497,0.0
2129.0469241101505,0.0
1609.9243376762852,0.0
2004.4575033660235,0.0
598.165555311742,0.0
2773.394177963077,0.0
1120.2204247480618,0.0
2376.632477191473,0.0
570.391794525954,0.0
136.89403068622838,0.0
0.0,0.0
0.0,0.0
0.0,0.0
0.0,0.0
0.0,0.0
0.0,0.0
0.0,0.0
3228.0000000000005,0.0
774.7200000000001,0.0
2639.2128,0.0
1222.1982720000008,0.0
2299.1293132799997,0.0
551.7910351872004,0.0
132.4298484449278,0.0
0.0,0.0
0.0,0.0
0.0,0.0
0.0,0.0
0.0,0.0
0.0,0.0
0.0,0.0
0.0,0.0
0.0,0.0
0.0,0.0
0.0,0.0
0.0,0.0
0.0,0.0
3228.0,0.0
774.72,0.0
2639.2128000000002,0.0
1222.1982719999999,0.0
2299.1293132800006,0.0
1480.6617219072,0.0
2102.697091350528,0.0
1629.9502105735987,0.0
1989.2378399640647,0.0
1716.179241627311,0.0
1923.7037763632436,0.0
1765.985129963935,0.0
1885.8513012274097,0.0
1794.753011067169,0.0
1863.9877115889517,0.0
1811.3693391923969,0.0
1851.3593022137786,0.0
1820.9669303175283,0.0
437.0320632762072,0.0
104.8876951862895,0.0
0.0,0.0
0.0,0.0
0.0,0.0
0.0,0.0
0.0,0.0
0.0,0.0
0.0,0.0
0.0,0.0
0.0,0.0
0.0,0.0
0.0,0.0
0.0,0.0
0.0,0.0
0.0,0.0
0.0,0.0
0.0,0.0
0.0,0.0
0.0,0.0
0.0,0.0
0.0,0.0
0.0,0.0
0.0,0.0
0.0,0.0
0.0,0.0
0.0,0.0
0.0,0.0
0.0,0.0
0.0,0.0
0.0,0.0
0.0,0.0
0.0,0.0
0.0,0.0
0.0,0.0
3228.0,0.0
774.72,0.0
2639.2128000000002,0.0
633.4110719999995,0.0
152.01865727999976,0.0
0.0,0.0
0.0,0.0
0.0,0.0
0.0,0.0
0.0,0.0
0.0,0.0
0.0,0.0
0.0,0.0
2894.933970890601,0.0
1027.8501821231437,0.0
246.68404370955471,0.0
0.0,0.0
0.0,0.0
0.0,0.0
0.0,0.0
0.0,0.0
0.0,0.0
0.0,0.0
0.0,0.0
0.0,0.0
3228.0,0.0
774.7200000000001,0.0
185.93280000000001,0.0
0.0,0.0
0.0,0.0
0.0,0.0
0.0,0.0
0.0,0.0
0.0,0.0
0.0,0.0
0.0,0.0
0.0,0.0
3228.0,0.0
774.7200000000001,0.0
185.9328000000001,0.0
0.0,0.0
0.0,0.0
0.0,0.0
0.0,0.0
0.0,0.0
0.0,0.0
0.0,0.0
0.0,0.0
0.0,0.0
3227.9999999999995,0.0
774.7200000000004,0.0
185.93280000000019,0.0
0.0,0.0
0.0,0.0
0.0,0.0
0.0,0.0
0.0,0.0
0.0,0.0
0.0,0.0
0.0,0.0
0.0,0.0
1229.4241221752454,0.0
693.5467116414234,0.0
0.0,0.0
0.0,0.0
0.0,0.0
0.0,0.0
0.0,0.0
0.0,0.0
0.0,0.0
0.0,0.0
0.0,0.0
0.0,0.0
0.0,0.0
0.0,0.0
0.0,0.0
0.0,0.0
0.0,0.0
0.0,0.0
0.0,0.0
0.0,0.0
0.0,0.0
0.0,0.0
0.0,0.0
0.0,0.0
3228.0,0.0
774.7200000000001,0.0
185.9328000000001,0.0
44.62387199999963,0.0
0.0,0.0
0.0,0.0
0.0,0.0
0.0,0.0
0.0,0.0
0.0,0.0
0.0,0.0
0.0,0.0
0.0,0.0
0.0,0.0
0.0,0.0
0.0,0.0
0.0,0.0
0.0,0.0
0.0,0.0
0.0,0.0
0.0,0.0
0.0,0.0
0.0,0.0
0.0,0.0
0.0,0.0
0.0,0.0
0.0,0.0
0.0,0.0
0.0,0.0
0.0,0.0
0.0,0.0
0.0,0.0
0.0,0.0
0.0,0.0
0.0,0.0
0.0,0.0
0.0,0.0
0.0,0.0
0.0,0.0
0.0,0.0
0.0,0.0
0.0,0.0
0.0,0.0
0.0,0.0
0.0,0.0
0.0,0.0
0.0,0.0
0.0,0.0
3228.0000000000005,0.0
774.7200000000001,0.0
185.93280000000013,0.0
0.0,0.0
0.0,0.0
0.0,0.0
0.0,0.0
0.0,0.0
0.0,0.0
0.0,0.0
0.0,0.0
0.0,0.0
3228.0,0.0
774.72,0.0
185.93280000000001,0.0
0.0,0.0
0.0,0.0
0.0,0.0
0.0,0.0
0.0,0.0
0.0,0.0
0.0,0.0
0.0,0.0
0.0,0.0
0.0,0.0
3228.0,0.0
774.7200000000001,0.0
0.0,0.0
0.0,0.0
0.0,0.0
0.0,0.0
0.0,0.0
0.0,0.0
0.0,0.0
0.0,0.0
0.0,0.0
0.0,0.0
0.0,0.0
0.0,0.0
0.0,0.0
0.0,0.0
0.0,0.0
0.0,0.0
0.0,0.0
0.0,0.0
0.0,0.0
0.0,0.0
0.0,0.0
453.93158107063215,0.0
2883.0119983863196,0.0
691.9228796127167,0.0
0.0,0.0
0.0,0.0
0.0,0.0
0.0,0.0
0.0,0.0
0.0,0.0
0.0,0.0
0.0,0.0
0.0,0.0
0.0,0.0
0.0,0.0
0.0,0.0
0.0,0.0
0.0,0.0
0.0,0.0
0.0,0.0
0.0,0.0
0.0,0.0
0.0,0.0
0.0,0.0
1220.1311994154046,0.0
2300.7002884442927,0.0
552.1680692266302,0.0
132.52033661439106,0.0
0.0,0.0
0.0,0.0
0.0,0.0
0.0,0.0
0.0,0.0
0.0,0.0
0.0,0.0
0.0,0.0
0.0,0.0
0.0,0.0
31.80488078745414,0.0
0.0,0.0
0.0,0.0
0.0,0.0
0.0,0.0
0.0,0.0
0.0,0.0
0.0,0.0
0.0,0.0
0.0,0.0
0.0,0.0
0.0,0.0
0.0,0.0
0.0,0.0
0.0,0.0
0.0,0.0
0.0,0.0
0.0,0.0
0.0,0.0
0.0,0.0
0.0,0.0
0.0,0.0
0.0,0.0
0.0,0.0
0.0,0.0
0.0,0.0
0.0,0.0
0.0,0.0
0.0,0.0
0.0,0.0
0.0,0.0
0.0,0.0
0.0,0.0
0.0,0.0
0.0,0.0
3227.9999999999995,0.0
774.7200000000004,0.0
185.93280000000024,0.0
0.0,0.0
0.0,0.0
0.0,0.0
0.0,0.0
0.0,0.0
0.0,0.0
0.0,0.0
0.0,0.0
0.0,0.0
0.0,0.0
0.0,0.0
0.0,0.0
0.0,0.0
0.0,0.0
0.0,0.0
0.0,0.0
0.0,0.0
0.0,0.0
0.0,0.0
0.0,0.0
0.0,0.0
0.0,0.0
0.0,0.0
0.0,0.0
0.0,0.0
0.0,0.0
0.0,0.0
0.0,0.0
0.0,0.0
0.0,0.0
0.0,0.0
0.0,0.0
0.0,0.0
0.0,0.0
0.0,0.0
0.0,0.0
0.0,0.0
0.0,0.0
0.0,0.0
0.0,0.0
0.0,0.0
0.0,0.0
0.0,0.0
0.0,0.0
0.0,0.0
2211.44851364895,0.0
1547.299129626798,0.0
0.0,0.0
0.0,0.0
0.0,0.0
0.0,0.0
371.35179111043175,0.0
0.0,0.0
0.0,0.0
0.0,0.0
0.0,0.0
0.0,0.0
0.0,0.0
0.0,0.0
0.0,0.0
0.0,0.0
0.0,0.0
0.0,0.0
0.0,0.0
0.0,0.0
0.0,0.0
0.0,0.0
0.0,0.0
0.0,0.0
0.0,0.0
0.0,0.0
0.0,0.0
0.0,0.0
0.0,0.0
0.0,0.0
0.0,0.0
2192.6689196164825,0.0
830.0970357861046,0.0
0.0,0.0
0.0,0.0
0.0,0.0
3228.0000000000005,0.0
774.7200000000001,0.0
0.0,0.0
0.0,0.0
0.0,0.0
0.0,0.0
0.0,0.0
0.0,0.0
0.0,0.0
0.0,0.0
0.0,0.0
0.0,0.0
0.0,0.0
0.0,0.0
0.0,0.0
0.0,0.0
0.0,0.0
0.0,0.0
0.0,0.0
0.0,0.0
0.0,0.0
0.0,0.0
0.0,0.0
0.0,0.0
185.93280000000004,0.0
44.6238719999996,0.0
0.0,0.0
0.0,0.0
0.0,0.0
0.0,0.0
0.0,0.0
0.0,0.0
0.0,0.0
0.0,0.0
0.0,0.0
0.0,0.0
0.0,0.0
0.0,0.0
0.0,0.0
3227.9999999999995,0.0
774.7200000000004,0.0
2639.2128000000007,0.0
1222.1982719999994,0.0
2299.129313280001,0.0
1480.661721907199,0.0
2102.6970913505293,0.0
1629.9502105735978,0.0
1989.237839964066,0.0
1716.1792416273097,0.0
1923.703776363245,0.0
461.6889063271789,0.0
110.80533751852282,0.0
0.0,0.0
0.0,0.0
0.0,0.0
185.74698158719858,0.0
0.0,0.0
0.0,0.0
0.0,0.0
0.0,0.0
640.7197060437486,0.0
2741.053023406751,0.0
657.8527256176201,0.0
0.0,0.0
0.0,0.0
0.0,0.0
0.0,0.0
0.0,0.0
0.0,0.0
0.0,0.0
0.0,0.0
0.0,0.0
0.0,0.0
0.0,0.0
0.0,0.0
0.0,0.0
0.0,0.0
0.0,0.0
0.0,0.0
0.0,0.0
0.0,0.0
0.0,0.0
0.0,0.0
0.0,0.0
0.0,0.0
0.0,0.0
720.5487738570974,0.0
0.0,0.0
0.0,0.0
0.0,0.0
0.0,0.0
0.0,0.0
0.0,0.0
0.0,0.0
0.0,0.0
0.0,0.0
3228.0,0.0
774.72,0.0
185.93280000000019,0.0
44.623871999999636,0.0
0.0,0.0
0.0,0.0
0.0,0.0
0.0,0.0
0.0,0.0
0.0,0.0
0.0,0.0
0.0,0.0
0.0,0.0
0.0,0.0
0.0,0.0
0.0,0.0
0.0,0.0
0.0,0.0
0.0,0.0
0.0,0.0
0.0,0.0
0.0,0.0
0.0,0.0
0.0,0.0
0.0,0.0
0.0,0.0
0.0,0.0
0.0,0.0
0.0,0.0
0.0,0.0
0.0,0.0
0.0,0.0
0.0,0.0
0.0,0.0
0.0,0.0
0.0,0.0
0.0,0.0
0.0,0.0
0.0,0.0
0.0,0.0
0.0,0.0
0.0,0.0
0.0,0.0
0.0,0.0
0.0,0.0
0.0,0.0
0.0,0.0
0.0,0.0
0.0,0.0
0.0,0.0
0.0,0.0
0.0,0.0
0.0,0.0
0.0,0.0
0.0,0.0
3228.0,0.0
774.72,0.0
2379.0195503181217,0.0
0.0,0.0
3228.0,0.0
774.7200000000001,0.0
2639.2128000000002,0.0
633.411072,0.0
152.01865727999936,0.0
0.0,0.0
0.0,0.0
0.0,0.0
0.0,0.0
0.0,0.0
0.0,0.0
0.0,0.0
0.0,0.0
3228.0,0.0
774.72,0.0
0.0,0.0
0.0,0.0
0.0,0.0
0.0,0.0
0.0,0.0
0.0,0.0
0.0,0.0
0.0,0.0
0.0,0.0
0.0,0.0
0.0,0.0
3228.0,0.0
774.7200000000001,0.0
185.93280000000001,0.0
0.0,0.0
0.0,0.0
0.0,0.0
0.0,0.0
0.0,0.0
0.0,0.0
0.0,0.0
0.0,0.0
0.0,0.0
0.0,0.0
0.0,0.0
0.0,0.0
0.0,0.0
0.0,0.0
1199.55648097286,0.0
2316.3370744606264,0.0
555.9208978705506,0.0
0.0,0.0
0.0,0.0
180.83288219415422,0.0
2819.2935453463742,0.0
1085.3369055367557,0.0
260.48085732882134,0.0
0.0,0.0
0.0,0.0
0.0,0.0
0.0,0.0
0.0,0.0
0.0,0.0
0.0,0.0
0.0,0.0
0.0,0.0
0.0,0.0
3228.0000000000005,0.0
0.0,0.0
0.0,0.0
0.0,0.0
0.0,0.0
0.0,0.0
0.0,0.0
0.0,0.0
0.0,0.0
0.0,0.0
0.0,0.0
0.0,0.0
0.0,0.0
0.0,0.0
0.0,0.0
0.0,0.0
0.0,0.0
0.0,0.0
0.0,0.0
0.0,0.0
0.0,0.0
0.0,0.0
0.0,0.0
0.0,0.0
0.0,0.0
0.0,0.0
0.0,0.0
0.0,0.0
0.0,0.0
0.0,0.0
0.0,0.0
393.217956812988,0.0
0.0,0.0
3228.0,0.0
774.72,0.0
2639.2128000000002,0.0
1222.198272,0.0
2299.12931328,0.0
551.7910351872005,0.0
132.42984844492784,0.0
0.0,0.0
0.0,0.0
0.0,0.0
0.0,0.0
0.0,0.0
0.0,0.0
3228.0,0.0
774.72,0.0
185.93280000000001,0.0
0.0,0.0
0.0,0.0
0.0,0.0
3228.0,0.0
774.7200000000003,0.0
2639.2128000000002,0.0
1222.1982719999999,0.0
2299.1293132800006,0.0
1480.6617219072,0.0
2102.6970913505284,0.0
1629.950210573599,0.0
1989.2378399640647,0.0
1716.179241627311,0.0
1923.7037763632434,0.0
1765.985129963935,0.0
1885.8513012274093,0.0
1794.7530110671692,0.0
1863.9877115889517,0.0
1811.369339192397,0.0
1851.3593022137786,0.0
1820.9669303175283,0.0
1844.0651329586788,0.0
1826.5104989514048,0.0
1839.8520207969325,0.0
1829.7124641943312,0.0
439.13099140663957,0.0
105.3914379375933,0.0
0.0,0.0
0.0,0.0
0.0,0.0
0.0,0.0
0.0,0.0
0.0,0.0
3228.0,0.0
774.7200000000001,0.0
2639.2128000000002,0.0
633.4110719999999,0.0
152.01865727999967,0.0
0.0,0.0
0.0,0.0
0.0,0.0
0.0,0.0
0.0,0.0
0.0,0.0
0.0,0.0
0.0,0.0
0.0,0.0
0.0,0.0
0.0,0.0
0.0,0.0
0.0,0.0
0.0,0.0
0.0,0.0
0.0,0.0
0.0,0.0
0.0,0.0
0.0,0.0
0.0,0.0
0.0,0.0
0.0,0.0
0.0,0.0
0.0,0.0
0.0,0.0
0.0,0.0
0.0,0.0
0.0,0.0
0.0,0.0
0.0,0.0
0.0,0.0
0.0,0.0
0.0,0.0
0.0,0.0
0.0,0.0
0.0,0.0
0.0,0.0
0.0,0.0
0.0,0.0
0.0,0.0
0.0,0.0
0.0,0.0
0.0,0.0
0.0,0.0
0.0,0.0
0.0,0.0
0.0,0.0
0.0,0.0
0.0,0.0
0.0,0.0
0.0,0.0
0.0,0.0
0.0,0.0
0.0,0.0
0.0,0.0
0.0,0.0
3228.0000000000005,0.0
774.7200000000001,0.0
0.0,0.0
0.0,0.0
0.0,0.0
0.0,0.0
0.0,0.0
0.0,0.0
0.0,0.0
0.0,0.0
0.0,0.0
0.0,0.0
0.0,0.0
1222.8320308009775,0.0
1070.55112040771,0.0
0.0,0.0
0.0,0.0
0.0,0.0
0.0,0.0
0.0,0.0
0.0,0.0
0.0,0.0
0.0,0.0
0.0,0.0
0.0,0.0
0.0,0.0
0.0,0.0
0.0,0.0
0.0,0.0
0.0,0.0
0.0,0.0
0.0,0.0
0.0,0.0
0.0,0.0
0.0,0.0
0.0,0.0
0.0,0.0
81.9966903704012,0.0
0.0,0.0
0.0,0.0
0.0,0.0
0.0,0.0
0.0,0.0
0.0,0.0
0.0,0.0
0.0,0.0
0.0,0.0
0.0,0.0
0.0,0.0
0.0,0.0
0.0,0.0
0.0,0.0
0.0,0.0
0.0,0.0
0.0,0.0
0.0,0.0
0.0,0.0
0.0,0.0
0.0,0.0
0.0,0.0
0.0,0.0
0.0,0.0
0.0,0.0
0.0,0.0
0.0,0.0
0.0,0.0
0.0,0.0
0.0,0.0
0.0,0.0
0.0,0.0
0.0,0.0
0.0,0.0
0.0,0.0
0.0,0.0
0.0,0.0
0.0,0.0
0.0,0.0
0.0,0.0
0.0,0.0
0.0,0.0
0.0,0.0
0.0,0.0
0.0,0.0
0.0,0.0
0.0,0.0
0.0,0.0
0.0,0.0
0.0,0.0
0.0,0.0
0.0,0.0
0.0,0.0
0.0,0.0
0.0,0.0
0.0,0.0
0.0,0.0
0.0,0.0
0.0,0.0
0.0,0.0
0.0,0.0
0.0,0.0
0.0,0.0
0.0,0.0
0.0,0.0
0.0,0.0
0.0,0.0
0.0,0.0
0.0,0.0
0.0,0.0
0.0,0.0
0.0,0.0
0.0,0.0
0.0,0.0
0.0,0.0
0.0,0.0
0.0,0.0
0.0,0.0
0.0,0.0
0.0,0.0
0.0,0.0
0.0,0.0
3228.0,0.0
774.72,0.0
0.0,0.0
0.0,0.0
0.0,0.0
0.0,0.0
0.0,0.0
0.0,0.0
0.0,0.0
0.0,0.0
0.0,0.0
0.0,0.0
0.0,0.0
0.0,0.0
0.0,0.0
0.0,0.0
0.0,0.0
0.0,0.0
0.0,0.0
0.0,0.0
0.0,0.0
0.0,0.0
0.0,0.0
0.0,0.0
0.0,0.0
0.0,0.0
0.0,0.0
0.0,0.0
0.0,0.0
0.0,0.0
0.0,0.0
0.0,0.0
0.0,0.0
0.0,0.0
0.0,0.0
0.0,0.0
0.0,0.0
0.0,0.0
0.0,0.0
0.0,0.0
0.0,0.0
0.0,0.0
0.0,0.0
0.0,0.0
0.0,0.0
0.0,0.0
0.0,0.0
0.0,0.0
0.0,0.0
0.0,0.0
0.0,0.0
0.0,0.0
0.0,0.0
0.0,0.0
0.0,0.0
0.0,0.0
0.0,0.0
0.0,0.0
0.0,0.0
0.0,0.0
0.0,0.0
0.0,0.0
0.0,0.0
0.0,0.0
0.0,0.0
0.0,0.0
0.0,0.0
0.0,0.0
0.0,0.0
0.0,0.0
0.0,0.0
0.0,0.0
0.0,0.0
0.0,0.0
0.0,0.0
0.0,0.0
0.0,0.0
0.0,0.0
0.0,0.0
0.0,0.0
0.0,0.0
0.0,0.0
0.0,0.0
0.0,0.0
0.0,0.0
0.0,0.0
0.0,0.0
0.0,0.0
0.0,0.0
0.0,0.0
0.0,0.0
0.0,0.0
0.0,0.0
0.0,0.0
0.0,0.0
0.0,0.0
0.0,0.0
0.0,0.0
0.0,0.0
0.0,0.0
0.0,0.0
0.0,0.0
0.0,0.0
0.0,0.0
0.0,0.0
0.0,0.0
0.0,0.0
0.0,0.0
0.0,0.0
1492.490436555132,0.0
0.0,0.0
0.0,0.0
0.0,0.0
0.0,0.0
0.0,0.0
3228.0,0.0
774.72,0.0
2639.2128000000002,0.0
1222.198272,0.0
2299.12931328,0.0
1480.6617219071998,0.0
2102.697091350528,0.0
504.64730192412696,0.0
121.11535246178998,0.0
0.0,0.0
0.0,0.0
0.0,0.0
0.0,0.0
0.0,0.0
0.0,0.0
0.0,0.0
0.0,0.0
0.0,0.0
0.0,0.0
0.0,0.0
0.0,0.0
0.0,0.0
0.0,0.0
3227.9999999999995,0.0
774.7200000000003,0.0
2639.2128,0.0
1222.198272,0.0
2299.1293132800006,0.0
1480.6617219071998,0.0
2102.6970913505284,0.0
1629.9502105735983,0.0
1989.2378399640652,0.0
1716.1792416273106,0.0
1923.7037763632445,0.0
1765.9851299639347,0.0
1885.85130122741,0.0
1794.7530110671692,0.0
1863.9877115889517,0.0
1811.3693391923969,0.0
1851.3593022137784,0.0
1820.9669303175283,0.0
1844.0651329586783,0.0
442.57563191008296,0.0
106.21815165841966,0.0
0.0,0.0
0.0,0.0
0.0,0.0
3228.0,0.0
774.7200000000001,0.0
185.93280000000013,0.0
0.0,0.0
0.0,0.0
0.0,0.0
3228.0,0.0
774.7200000000001,0.0
0.0,0.0
0.0,0.0
0.0,0.0
0.0,0.0
0.0,0.0
0.0,0.0
0.0,0.0
0.0,0.0
0.0,0.0
0.0,0.0
0.0,0.0
0.0,0.0
0.0,0.0
0.0,0.0
0.0,0.0
0.0,0.0
0.0,0.0
0.0,0.0
0.0,0.0
0.0,0.0
0.0,0.0
0.0,0.0
0.0,0.0
0.0,0.0
0.0,0.0
0.0,0.0
0.0,0.0
0.0,0.0
0.0,0.0
0.0,0.0
0.0,0.0
0.0,0.0
0.0,0.0
0.0,0.0
0.0,0.0
0.0,0.0
0.0,0.0
0.0,0.0
0.0,0.0
0.0,0.0
0.0,0.0
0.0,0.0
0.0,0.0
0.0,0.0
0.0,0.0
0.0,0.0
0.0,0.0
0.0,0.0
0.0,0.0
0.0,0.0
0.0,0.0
0.0,0.0
0.0,0.0
0.0,0.0
0.0,0.0
0.0,0.0
0.0,0.0
0.0,0.0
0.0,0.0
0.0,0.0
0.0,0.0
0.0,0.0
0.0,0.0
0.0,0.0
0.0,0.0
0.0,0.0
0.0,0.0
0.0,0.0
0.0,0.0
0.0,0.0
0.0,0.0
0.0,0.0
0.0,0.0
0.0,0.0
0.0,0.0
0.0,0.0
0.0,0.0
0.0,0.0
0.0,0.0
0.0,0.0
0.0,0.0
0.0,0.0
0.0,0.0
0.0,0.0
0.0,0.0
0.0,0.0
0.0,0.0
0.0,0.0
0.0,0.0
0.0,0.0
0.0,0.0
0.0,0.0
0.0,0.0
3228.0,0.0
774.72,0.0
185.93280000000013,0.0
44.62387199999962,0.0
0.0,0.0
0.0,0.0
0.0,0.0
0.0,0.0
0.0,0.0
0.0,0.0
0.0,0.0
0.0,0.0
3168.814403497483,0.0
819.7010533419129,0.0
2605.0271994601467,0.0
1248.179328410289,0.0
2279.3837104081804,0.0
1495.6683800897829,0.0
2091.2920311317653,0.0
1638.6180563398584,0.0
1982.6502771817081,0.0
1721.1857893419024,0.0
1919.8988001001544,0.0
1768.8769119238832,0.0
1883.6535469378493,0.0
1796.4233043272345,0.0
431.14159303853666,0.0
103.47398232924843,0.0
0.0,0.0
0.0,0.0
0.0,0.0
0.0,0.0
0.0,0.0
0.0,0.0
0.0,0.0
0.0,0.0
0.0,0.0
0.0,0.0
0.0,0.0
0.0,0.0
0.0,0.0
0.0,0.0
0.0,0.0
0.0,0.0
0.0,0.0
0.0,0.0
0.0,0.0
0.0,0.0
0.0,0.0
0.0,0.0
0.0,0.0
0.0,0.0
0.0,0.0
0.0,0.0
0.0,0.0
0.0,0.0
0.0,0.0
0.0,0.0
0.0,0.0
0.0,0.0
0.0,0.0
0.0,0.0
0.0,0.0
0.0,0.0
0.0,0.0
0.0,0.0
0.0,0.0
0.0,0.0
0.0,0.0
0.0,0.0
0.0,0.0
0.0,0.0
0.0,0.0
2908.104960355228,0.0
509.75804872244186,0.0
0.0,0.0
0.0,0.0
0.0,0.0
0.0,0.0
0.0,0.0
0.0,0.0
0.0,0.0
0.0,0.0
0.0,0.0
0.0,0.0
0.0,0.0
0.0,0.0
0.0,0.0
0.0,0.0
0.0,0.0
0.0,0.0
0.0,0.0
0.0,0.0
0.0,0.0
0.0,0.0
0.0,0.0
0.0,0.0
1969.031656110457,0.0
0.0,0.0
0.0,0.0
0.0,0.0
0.0,0.0
0.0,0.0
0.0,0.0
0.0,0.0
0.0,0.0
0.0,0.0
0.0,0.0
0.0,0.0
0.0,0.0
0.0,0.0
0.0,0.0
0.0,0.0
0.0,0.0
0.0,0.0
0.0,0.0
0.0,0.0
0.0,0.0
0.0,0.0
0.0,0.0
0.0,0.0
0.0,0.0
0.0,0.0
3228.0,0.0
774.7200000000003,0.0
2639.2128000000007,0.0
1222.1982719999996,0.0
2299.129313280001,0.0
1480.6617219071993,0.0
2102.697091350529,0.0
1629.950210573598,0.0
1989.2378399640656,0.0
1716.1792416273106,0.0
1923.7037763632445,0.0
1765.9851299639345,0.0
1885.8513012274102,0.0
452.60431229457856,0.0
108.6250349506985,0.0
0.0,0.0
0.0,0.0
0.0,0.0
0.0,0.0
0.0,0.0
0.0,0.0
0.0,0.0
0.0,0.0
0.0,0.0
0.0,0.0
3228.0,0.0
774.72,0.0
2639.2128000000002,0.0
1222.198272,0.0
2299.12931328,0.0
551.7910351872001,0.0
132.42984844492773,0.0
0.0,0.0
0.0,0.0
0.0,0.0
0.0,0.0
0.0,0.0
0.0,0.0
0.0,0.0
0.0,0.0
0.0,0.0
0.0,0.0
0.0,0.0
0.0,0.0
0.0,0.0
0.0,0.0
3228.0,0.0
774.72,0.0
0.0,0.0
0.0,0.0
0.0,0.0
0.0,0.0
0.0,0.0
0.0,0.0
0.0,0.0
0.0,0.0
0.0,0.0
0.0,0.0
0.0,0.0
0.0,0.0
0.0,0.0
0.0,0.0
0.0,0.0
0.0,0.0
0.0,0.0
0.0,0.0
0.0,0.0
0.0,0.0
0.0,0.0
0.0,0.0
0.0,0.0
847.2735345567552,0.0
0.0,0.0
0.0,0.0
0.0,0.0
0.0,0.0
0.0,0.0
0.0,0.0
0.0,0.0
0.0,0.0
0.0,0.0
0.0,0.0
0.0,0.0
3228.0,0.0
0.0,0.0
0.0,0.0
0.0,0.0
0.0,0.0
0.0,0.0
0.0,0.0
0.0,0.0
0.0,0.0
0.0,0.0
0.0,0.0
0.0,0.0
0.0,0.0
0.0,0.0
0.0,0.0
0.0,0.0
0.0,0.0
0.0,0.0
0.0,0.0
0.0,0.0
0.0,0.0
0.0,0.0
0.0,0.0
0.0,0.0
0.0,0.0
0.0,0.0
0.0,0.0
0.0,0.0
0.0,0.0
0.0,0.0
0.0,0.0
0.0,0.0
0.0,0.0
0.0,0.0
3228.0,0.0
774.7200000000005,0.0
185.93280000000019,0.0
0.0,0.0
0.0,0.0
0.0,0.0
0.0,0.0
0.0,0.0
0.0,0.0
0.0,0.0
0.0,0.0
0.0,0.0
0.0,0.0
0.0,0.0
0.0,0.0
0.0,0.0
0.0,0.0
0.0,0.0
0.0,0.0
0.0,0.0
0.0,0.0
0.0,0.0
0.0,0.0
0.0,0.0
0.0,0.0
0.0,0.0
0.0,0.0
0.0,0.0
0.0,0.0
0.0,0.0
0.0,0.0
0.0,0.0
0.0,0.0
0.0,0.0
0.0,0.0
0.0,0.0
0.0,0.0
2596.9230865704867,0.0
1254.3384542064305,0.0
0.0,0.0
0.0,0.0
0.0,0.0
0.0,0.0
0.0,0.0
0.0,0.0
0.0,0.0
0.0,0.0
0.0,0.0
0.0,0.0
0.0,0.0
0.0,0.0
0.0,0.0
0.0,0.0
0.0,0.0
0.0,0.0
0.0,0.0
0.0,0.0
0.0,0.0
0.0,0.0
0.0,0.0
0.0,0.0
0.0,0.0
3228.0,0.0
774.72,0.0
0.0,0.0
0.0,0.0
0.0,0.0
0.0,0.0
0.0,0.0
0.0,0.0
0.0,0.0
0.0,0.0
0.0,0.0
2922.1493359755336,0.0
1007.166504658594,0.0
241.71996111806317,0.0
0.0,0.0
0.0,0.0
0.0,0.0
0.0,0.0
0.0,0.0
0.0,0.0
0.0,0.0
0.0,0.0
0.0,0.0
3228.0,0.0
774.7200000000001,0.0
0.0,0.0
0.0,0.0
0.0,0.0
0.0,0.0
0.0,0.0
0.0,0.0
0.0,0.0
0.0,0.0
0.0,0.0
0.0,0.0
0.0,0.0
0.0,0.0
0.0,0.0
0.0,0.0
0.0,0.0
0.0,0.0
0.0,0.0
0.0,0.0
0.0,0.0
0.0,0.0
0.0,0.0
0.0,0.0
0.0,0.0
0.0,0.0
0.0,0.0
0.0,0.0
0.0,0.0
0.0,0.0
0.0,0.0
0.0,0.0
0.0,0.0
0.0,0.0
0.0,0.0
0.0,0.0
0.0,0.0
0.0,0.0
0.0,0.0
0.0,0.0
0.0,0.0
0.0,0.0
0.0,0.0
0.0,0.0
0.0,0.0
0.0,0.0
0.0,0.0
0.0,0.0
0.0,0.0
0.0,0.0
0.0,0.0
0.0,0.0
0.0,0.0
0.0,0.0
0.0,0.0
0.0,0.0
0.0,0.0
0.0,0.0
0.0,0.0
0.0,0.0
0.0,0.0
0.0,0.0
0.0,0.0
0.0,0.0
0.0,0.0
0.0,0.0
0.0,0.0
0.0,0.0
0.0,0.0
0.0,0.0
0.0,0.0
0.0,0.0
0.0,0.0
0.0,0.0
0.0,0.0
0.0,0.0
0.0,0.0
0.0,0.0
0.0,0.0
0.0,0.0
0.0,0.0
0.0,0.0
0.0,0.0
0.0,0.0
0.0,0.0
0.0,0.0
0.0,0.0
0.0,0.0
0.0,0.0
0.0,0.0
0.0,0.0
0.0,0.0
0.0,0.0
0.0,0.0
0.0,0.0
0.0,0.0
0.0,0.0
0.0,0.0
0.0,0.0
0.0,0.0
0.0,0.0
0.0,0.0
0.0,0.0
0.0,0.0
0.0,0.0
0.0,0.0
0.0,0.0
0.0,0.0
0.0,0.0
0.0,0.0
0.0,0.0
0.0,0.0
0.0,0.0
0.0,0.0
0.0,0.0
0.0,0.0
0.0,0.0
0.0,0.0
0.0,0.0
3228.0,0.0
774.7200000000001,0.0
185.93280000000001,0.0
44.623871999999594,0.0
0.0,0.0
0.0,0.0
0.0,0.0
0.0,0.0
0.0,0.0
0.0,0.0
0.0,0.0
0.0,0.0
0.0,0.0
0.0,0.0
0.0,0.0
0.0,0.0
0.0,0.0
0.0,0.0
0.0,0.0
0.0,0.0
0.0,0.0
0.0,0.0
0.0,0.0
0.0,0.0
0.0,0.0
3228.0,0.0
774.72,0.0
0.0,0.0
0.0,0.0
0.0,0.0
0.0,0.0
0.0,0.0
0.0,0.0
0.0,0.0
0.0,0.0
0.0,0.0
0.0,0.0
0.0,0.0
0.0,0.0
0.0,0.0
0.0,0.0
0.0,0.0
0.0,0.0
0.0,0.0
0.0,0.0
0.0,0.0
0.0,0.0
0.0,0.0
0.0,0.0
0.0,0.0
0.0,0.0
0.0,0.0
0.0,0.0
0.0,0.0
0.0,0.0
0.0,0.0
0.0,0.0
0.0,0.0
0.0,0.0
0.0,0.0
0.0,0.0
0.0,0.0
0.0,0.0
0.0,0.0
0.0,0.0
0.0,0.0
0.0,0.0
0.0,0.0
0.0,0.0
0.0,0.0
0.0,0.0
0.0,0.0
0.0,0.0
0.0,0.0
0.0,0.0
0.0,0.0
0.0,0.0
0.0,0.0
0.0,0.0
0.0,0.0
0.0,0.0
0.0,0.0
0.0,0.0
0.0,0.0
0.0,0.0
0.0,0.0
0.0,0.0
0.0,0.0
0.0,0.0
0.0,0.0
0.0,0.0
0.0,0.0
0.0,0.0
0.0,0.0
0.0,0.0
0.0,0.0
0.0,0.0
0.0,0.0
0.0,0.0
0.0,0.0
0.0,0.0
0.0,0.0
0.0,0.0
0.0,0.0
0.0,0.0
0.0,0.0
0.0,0.0
0.0,0.0
0.0,0.0
0.0,0.0
0.0,0.0
0.0,0.0
0.0,0.0
0.0,0.0
0.0,0.0
0.0,0.0
0.0,0.0
0.0,0.0
0.0,0.0
0.0,0.0
0.0,0.0
0.0,0.0
0.0,0.0
0.0,0.0
0.0,0.0
0.0,0.0
0.0,0.0
0.0,0.0
0.0,0.0
0.0,0.0
0.0,0.0
0.0,0.0
0.0,0.0
0.0,0.0
0.0,0.0
0.0,0.0
0.0,0.0
0.0,0.0
0.0,0.0
0.0,0.0
0.0,0.0
0.0,0.0
0.0,0.0
0.0,0.0
0.0,0.0
0.0,0.0
0.0,0.0
0.0,0.0
0.0,0.0
0.0,0.0
0.0,0.0
0.0,0.0
0.0,0.0
0.0,0.0
0.0,0.0
0.0,0.0
0.0,0.0
0.0,0.0
0.0,0.0
0.0,0.0
0.0,0.0
0.0,0.0
0.0,0.0
0.0,0.0
0.0,0.0
0.0,0.0
0.0,0.0
0.0,0.0
0.0,0.0
0.0,0.0
0.0,0.0
0.0,0.0
0.0,0.0
0.0,0.0
0.0,0.0
0.0,0.0
0.0,0.0
0.0,0.0
0.0,0.0
0.0,0.0
0.0,0.0
0.0,0.0
0.0,0.0
0.0,0.0
0.0,0.0
0.0,0.0
0.0,0.0
0.0,0.0
0.0,0.0
0.0,0.0
0.0,0.0
0.0,0.0
0.0,0.0
0.0,0.0
0.0,0.0
0.0,0.0
0.0,0.0
0.0,0.0
0.0,0.0
0.0,0.0
0.0,0.0
0.0,0.0
0.0,0.0
0.0,0.0
0.0,0.0
0.0,0.0
0.0,0.0
0.0,0.0
0.0,0.0
0.0,0.0
0.0,0.0
0.0,0.0
0.0,0.0
0.0,0.0
0.0,0.0
0.0,0.0
0.0,0.0
0.0,0.0
0.0,0.0
0.0,0.0
0.0,0.0
0.0,0.0
0.0,0.0
0.0,0.0
0.0,0.0
0.0,0.0
0.0,0.0
0.0,0.0
0.0,0.0
0.0,0.0
0.0,0.0
0.0,0.0
0.0,0.0
0.0,0.0
0.0,0.0
0.0,0.0
0.0,0.0
0.0,0.0
0.0,0.0
0.0,0.0
0.0,0.0
0.0,0.0
0.0,0.0
0.0,0.0
0.0,0.0
0.0,0.0
0.0,0.0
0.0,0.0
0.0,0.0
0.0,0.0
0.0,0.0
0.0,0.0
0.0,0.0
0.0,0.0
0.0,0.0
0.0,0.0
0.0,0.0
0.0,0.0
0.0,0.0
0.0,0.0
0.0,0.0
0.0,0.0
0.0,0.0
0.0,0.0
0.0,0.0
0.0,0.0
0.0,0.0
0.0,0.0
0.0,0.0
0.0,0.0
0.0,0.0
0.0,0.0
0.0,0.0
0.0,0.0
0.0,0.0
0.0,0.0
0.0,0.0
0.0,0.0
0.0,0.0
0.0,0.0
0.0,0.0
0.0,0.0
0.0,0.0
0.0,0.0
0.0,0.0
0.0,0.0
0.0,0.0
0.0,0.0
0.0,0.0
0.0,0.0
0.0,0.0
0.0,0.0
0.0,0.0
0.0,0.0
0.0,0.0
0.0,0.0
0.0,0.0
0.0,0.0
0.0,0.0
0.0,0.0
0.0,0.0
0.0,0.0
0.0,0.0
0.0,0.0
0.0,0.0
0.0,0.0
0.0,0.0
0.0,0.0
3228.0,0.0
774.7200000000003,0.0
185.93280000000013,0.0
0.0,0.0
0.0,0.0
0.0,0.0
0.0,0.0
0.0,0.0
0.0,0.0
2100.326620345512,0.0
1631.7517685374107,0.0
1987.8686559115679,0.0
477.0884774187763,0.0
114.50123458050582,0.0
0.0,0.0
0.0,0.0
0.0,0.0
0.0,0.0
459.66704850788443,0.0
2878.6530431340084,0.0
1040.2236872181536,0.0
2437.4299977142036,0.0
1375.553201737205,0.0
330.13276841692965,0.0
79.23186442006264,0.0
0.0,0.0
0.0,0.0
0.0,0.0
0.0,0.0
0.0,0.0
0.0,0.0
0.0,0.0
0.0,0.0
3228.0,0.0
774.7200000000001,0.0
2639.2128,0.0
1222.1982720000003,0.0
2299.12931328,0.0
1480.6617219071998,0.0
1829.0034039213135,0.0
1837.9574130198025,0.0
1831.1523661049505,0.0
1836.3242017602379,0.0
1832.393606662219,0.0
1835.3808589367138,0.0
1833.1105472080976,0.0
1834.8359841218457,0.0
1833.5246520673973,0.0
1834.5212644287785,0.0
1833.7638390341285,0.0
1834.3394823340625,0.0
1833.9019934261125,0.0
1834.2344849961546,0.0
1833.9817914029222,0.0
1834.173838533779,0.0
1834.0278827143281,0.0
1834.1388091371107,0.0
1834.0545050557957,0.0
1834.1185761575953,0.0
1834.0698821202275,0.0
1834.106889588627,0.0
440.18565350127074,0.0
105.64455684030462,0.0
0.0,0.0
0.0,0.0
0.0,0.0
0.0,0.0
0.0,0.0
0.0,0.0
0.0,0.0
0.0,0.0
0.0,0.0
2733.8174742899073,0.0
1150.2987195396704,0.0
0.0,0.0
0.0,0.0
0.0,0.0
0.0,0.0
0.0,0.0
0.0,0.0
0.0,0.0
0.0,0.0
0.0,0.0
0.0,0.0
3228.0,0.0
774.72,0.0
2639.2128000000002,0.0
1222.198272,0.0
1328.5313393089746,0.0
2218.3161821251797,0.0
1542.0797015848634,0.0
2056.019426795504,0.0
1665.4252356354166,0.0
1962.2768209170838,0.0
1736.669616103016,0.0
1908.1310917617077,0.0
1777.8203702611017,0.0
1876.8565186015628,0.0
1801.5890458628126,0.0
1858.7923251442628,0.0
1815.3178328903607,0.0
1848.3584470033259,0.0
1823.2475802774725,0.0
1842.3318389891213,0.0
1827.8278023682678,0.0
1838.8508702001168,0.0
1830.4733386479115,0.0
1836.8402626275877,0.0
1832.0014004030334,0.0
1835.6789356936947,0.0
1832.884008872792,0.0
1835.0081532566783,0.0
1833.393803524925,0.0
1834.6207093210571,0.0
1833.6882609159966,0.0
1834.396921703842,0.0
1833.8583395050798,0.0
1834.2676619761398,0.0
1833.9565768981336,0.0
1834.1930015574183,0.0
1834.0133188163625,0.0
1834.1498776995645,0.0
1834.0460929483309,0.0
1834.1249693592686,0.0
1834.0650232869561,0.0
1834.1105823019134,0.0
440.18653975245934,0.0
105.64476954058959,0.0
0.0,0.0
0.0,0.0
0.0,0.0
0.0,0.0
3228.0,0.0
774.7200000000003,0.0
185.93280000000004,0.0
0.0,0.0
0.0,0.0
0.0,0.0
3227.9999999999995,0.0
774.7200000000005,0.0
2639.2128,0.0
1222.198272,0.0
2299.1293132800006,0.0
1480.6617219071998,0.0
2102.697091350529,0.0
1629.9502105735983,0.0
1989.2378399640656,0.0
1716.1792416273104,0.0
1923.703776363244,0.0
1765.9851299639342,0.0
1885.85130122741,0.0
1794.7530110671687,0.0
1863.9877115889522,0.0
1811.3693391923966,0.0
1851.3593022137786,0.0
1820.966930317528,0.0
1844.0651329586788,0.0
1826.5104989514045,0.0
1839.8520207969325,0.0
1829.712464194331,0.0
1837.4185272123086,0.0
1831.5619193186458,0.0
439.57486063647485,0.0
105.49796655275351,0.0
0.0,0.0
0.0,0.0
0.0,0.0
3228.0,0.0
774.72,0.0
185.93280000000004,0.0
44.6238719999996,0.0
0.0,0.0
0.0,0.0
0.0,0.0
0.0,0.0
0.0,0.0
0.0,0.0
0.0,0.0
0.0,0.0
3228.0,0.0
774.7200000000003,0.0
185.93280000000001,0.0
0.0,0.0
0.0,0.0
0.0,0.0
0.0,0.0
3228.0000000000005,0.0
774.7200000000001,0.0
185.93280000000013,0.0
44.623871999999636,0.0
0.0,0.0
0.0,0.0
0.0,0.0
0.0,0.0
0.0,0.0
0.0,0.0
0.0,0.0
0.0,0.0
0.0,0.0
0.0,0.0
0.0,0.0
0.0,0.0
0.0,0.0
0.0,0.0
0.0,0.0
0.0,0.0
0.0,0.0
0.0,0.0
0.0,0.0
0.0,0.0
0.0,0.0
0.0,0.0
0.0,0.0
0.0,0.0
0.0,0.0
0.0,0.0
2158.6045630418907,0.0
1587.4605320881626,0.0
2021.5299956129968,0.0
1691.6372033341224,0.0
1942.3557254660666,0.0
466.1653741118562,0.0
111.87968978684502,0.0
0.0,0.0
0.0,0.0
0.0,0.0
0.0,0.0
0.0,0.0
0.0,0.0
0.0,0.0
0.0,0.0
0.0,0.0
0.0,0.0
0.0,0.0
0.0,0.0
0.0,0.0
0.0,0.0
0.0,0.0
0.0,0.0
0.0,0.0
0.0,0.0
0.0,0.0
0.0,0.0
0.0,0.0
0.0,0.0
0.0,0.0
0.0,0.0
0.0,0.0
0.0,0.0
0.0,0.0
0.0,0.0
0.0,0.0
0.0,0.0
0.0,0.0
0.0,0.0
0.0,0.0
0.0,0.0
0.0,0.0
0.0,0.0
0.0,0.0
0.0,0.0
566.3988041681355,0.0
2797.5369088322173,0.0
1101.871949287515,0.0
2390.5773185414887,0.0
1411.1612379084681,0.0
2155.5174591895648,0.0
1589.8067310159308,0.0
2019.7468844278928,0.0
1692.9923678348018,0.0
1941.3258004455506,0.0
1752.5923916613817,0.0
1896.0297823373503,0.0
1787.0173654236137,0.0
1869.8668022780532,0.0
1806.9012302686797,0.0
1854.7550649958034,0.0
1818.3861506031897,0.0
1846.0265255415763,0.0
1825.0198405884023,0.0
1840.9849211528142,0.0
1828.8514599238615,0.0
1838.0728904578657,0.0
1831.0646032520226,0.0
1836.3909015284632,0.0
1832.342914838368,0.0
1835.4193847228405,0.0
1833.0812676106411,0.0
1834.8582366159128,0.0
1833.5077401719066,0.0
440.0418576412575,0.0
105.61004583390147,0.0
0.0,0.0
0.0,0.0
3228.0,0.0
774.7200000000001,0.0
2639.2128000000002,0.0
1222.1982719999999,0.0
2299.1293132800006,0.0
551.7910351872002,0.0
132.42984844492779,0.0
0.0,0.0
0.0,0.0
0.0,0.0
0.0,0.0
0.0,0.0
0.0,0.0
0.0,0.0
0.0,0.0
0.0,0.0
464.27283724355306,0.0
2793.608927418912,0.0
1104.8572151616277,0.0
265.1657316387907,0.0
63.63977559330912,0.0
0.0,0.0
0.0,0.0
0.0,0.0
0.0,0.0
0.0,0.0
0.0,0.0
0.0,0.0
0.0,0.0
0.0,0.0
15.273546142393789,0.0
0.0,0.0
0.0,0.0
0.0,0.0
0.0,0.0
0.0,0.0
0.0,0.0
0.0,0.0
0.0,0.0
0.0,0.0
3228.0,0.0
774.72,0.0
2639.2128000000002,0.0
1222.1982720000003,0.0
293.32758528000033,0.0
70.39862046719938,0.0
0.0,0.0
0.0,0.0
3228.0,0.0
774.72,0.0
0.0,0.0
0.0,0.0
3228.0,0.0
774.7200000000001,0.0
2639.2128000000002,0.0
1222.198272,0.0
2299.12931328,0.0
1480.6617219072002,0.0
2102.6970913505284,0.0
1629.9502105735987,0.0
1989.2378399640652,0.0
1716.1792416273104,0.0
1923.7037763632438,0.0
1765.9851299639347,0.0
1885.8513012274097,0.0
1794.753011067169,0.0
1863.9877115889517,0.0
1811.3693391923969,0.0
1851.3593022137786,0.0
1820.9669303175283,0.0
1844.0651329586788,0.0
1826.5104989514043,0.0
1839.8520207969332,0.0
1829.712464194331,0.0
1837.4185272123084,0.0
440.9804465309542,0.0
105.83530716742874,0.0
0.0,0.0
0.0,0.0
0.0,0.0
0.0,0.0
0.0,0.0
0.0,0.0
0.0,0.0
0.0,0.0
0.0,0.0
0.0,0.0
0.0,0.0
0.0,0.0
0.0,0.0
0.0,0.0
0.0,0.0
0.0,0.0
0.0,0.0
0.0,0.0
0.0,0.0
0.0,0.0
0.0,0.0
0.0,0.0
0.0,0.0
0.0,0.0
0.0,0.0
1774.156974993331,0.0
0.0,0.0
0.0,0.0
0.0,0.0
0.0,0.0
0.0,0.0
0.0,0.0
0.0,0.0
0.0,0.0
0.0,0.0
0.0,0.0
2427.186454932628,0.0
1383.3382942512028,0.0
2176.662896369086,0.0
1573.7361987594948,0.0
1955.9639029159578,0.0
954.5919281877685,0.0
2502.5101345772964,0.0
1326.0922977212545,0.0
2220.169853731847,0.0
786.4193673795613,0.0
2630.321280791534,0.0
1228.9558265984344,0.0
2293.99357178519,0.0
1484.564885443256,0.0
2099.730687063126,0.0
1632.2046778320243,0.0
391.729122679686,0.0
94.01498944312418,0.0
22.56359746634984,0.0
0.0,0.0
0.0,0.0
0.0,0.0
3228.0,0.0
774.7200000000001,0.0
2639.2128000000007,0.0
855.7730183602383,0.0
205.38552440645768,0.0
0.0,0.0
0.0,0.0
0.0,0.0
0.0,0.0
0.0,0.0
0.0,0.0
0.0,0.0
3228.0,0.0
774.7200000000001,0.0
2639.2128000000002,0.0
633.4110719999999,0.0
152.01865727999967,0.0
0.0,0.0
0.0,0.0
0.0,0.0
0.0,0.0
0.0,0.0
0.0,0.0
0.0,0.0
0.0,0.0
0.0,0.0
0.0,0.0
0.0,0.0
0.0,0.0
0.0,0.0
0.0,0.0
0.0,0.0
0.0,0.0
0.0,0.0
0.0,0.0
0.0,0.0
0.0,0.0
0.0,0.0
0.0,0.0
0.0,0.0
0.0,0.0
0.0,0.0
0.0,0.0
0.0,0.0
0.0,0.0
0.0,0.0
0.0,0.0
0.0,0.0
0.0,0.0
0.0,0.0
0.0,0.0
0.0,0.0
0.0,0.0
0.0,0.0
0.0,0.0
0.0,0.0
0.0,0.0
0.0,0.0
0.0,0.0
0.0,0.0
0.0,0.0
0.0,0.0
0.0,0.0
2331.720365011917,0.0
1455.8925225909434,0.0
349.4142054218264,0.0
0.0,0.0
0.0,0.0
0.0,0.0
0.0,0.0
0.0,0.0
0.0,0.0
0.0,0.0
164.07449286633786,0.0
2.3153108361193897e-15,0.0
3228.0,0.0
774.7200000000003,0.0
0.0,0.0
0.0,0.0
0.0,0.0
0.0,0.0
0.0,0.0
0.0,0.0
0.0,0.0
0.0,0.0
0.0,0.0
0.0,0.0
0.0,0.0
1548.131143716777,0.0
2051.42033077525,0.0
492.34087938605995,0.0
0.0,0.0
0.0,0.0
3115.295805393893,0.0
0.0,0.0
0.0,0.0
3228.0,0.0
774.7200000000001,0.0
2639.2128000000007,0.0
1222.1982719999996,0.0
2299.129313280001,0.0
1480.6617219071993,0.0
2102.6970913505293,0.0
1629.9502105735983,0.0
1989.2378399640656,0.0
1716.1792416273104,0.0
1923.7037763632443,0.0
1765.9851299639342,0.0
1885.85130122741,0.0
1794.7530110671685,0.0
1863.987711588952,0.0
1811.3693391923966,0.0
1851.359302213779,0.0
1820.966930317528,0.0
1844.0651329586788,0.0
1826.5104989514048,0.0
1839.8520207969325,0.0
1829.7124641943317,0.0
1837.4185272123082,0.0
1831.5619193186458,0.0
1836.012941317829,0.0
1832.63016459845,0.0
1835.2010749051783,0.0
1833.2471830720651,0.0
1834.7321408652308,0.0
1833.6035729424252,0.0
1834.4612845637575,0.0
1833.8094237315443,0.0
1834.3048379640263,0.0
1833.9283231473403,0.0
1834.2144744080217,0.0
1833.9969994499036,0.0
1834.1622804180731,0.0
1834.0366668822646,0.0
1834.1321331694792,0.0
1834.0595787911961,0.0
1834.1147201186911,0.0
1834.0728127097955,0.0
1834.1046623405557,0.0
1834.080456621178,0.0
440.1793095890825,0.0
105.64303430137943,0.0
0.0,0.0
0.0,0.0
0.0,0.0
0.0,0.0
0.0,0.0
0.0,0.0
3228.0,0.0
774.7200000000005,0.0
2639.2128,0.0
1222.1982719999999,0.0
2299.12931328,0.0
1480.6617219072,0.0
2102.697091350529,0.0
1629.9502105735983,0.0
1989.2378399640652,0.0
1716.1792416273104,0.0
1923.703776363244,0.0
1765.9851299639347,0.0
1885.8513012274097,0.0
452.6043122945785,0.0
108.62503495069849,0.0
0.0,0.0
0.0,0.0
0.0,0.0
1135.0280818440442,0.0
2365.3786577985265,0.0
1430.3122200731202,0.0
2140.9627127444287,0.0
1600.868338314234,0.0
2011.340062881182,0.0
1699.3815522103016,0.0
1936.4700203201708,0.0
1756.2827845566703,0.0
1893.2250837369302,0.0
1789.1489363599328,0.0
1868.246808366451,0.0
1808.1324256414975,0.0
1853.8193565124623,0.0
1819.097289050529,0.0
1845.486060321598,0.0
1825.4305941555856,0.0
1840.6727484417552,0.0
1829.088711184266,0.0
1837.892579499958,0.0
1831.2016395800315,0.0
1836.286753919176,0.0
1832.4220670214265,0.0
439.7812960851424,0.0
105.54751106043386,0.0
0.0,0.0
0.0,0.0
0.0,0.0
0.0,0.0
0.0,0.0
0.0,0.0
0.0,0.0
0.0,0.0
0.0,0.0
0.0,0.0
0.0,0.0
0.0,0.0
0.0,0.0
0.0,0.0
0.0,0.0
3228.0,0.0
774.72,0.0
185.93280000000013,0.0
44.62387199999962,0.0
0.0,0.0
0.0,0.0
0.0,0.0
0.0,0.0
0.0,0.0
0.0,0.0
0.0,0.0
0.0,0.0
0.0,0.0
0.0,0.0
3228.0,0.0
774.7200000000001,0.0
2639.2128000000002,0.0
1222.198272,0.0
2299.12931328,0.0
1480.6617219072,0.0
2102.6970913505284,0.0
1629.9502105735983,0.0
1989.2378399640652,0.0
1716.17924162731,0.0
1923.703776363245,0.0
1765.9851299639342,0.0
1885.85130122741,0.0
1794.7530110671687,0.0
1863.9877115889522,0.0
1811.3693391923969,0.0
1851.3593022137786,0.0
444.326232531307,0.0
106.63829580751333,0.0
0.0,0.0
0.0,0.0
3228.0,0.0
0.0,0.0
