DK,FR,DE,IB,LU,UK
0.0,2600.0,3830.0,0.0,0.0,0.0
0.0,0.0,3830.0,0.0,0.0,1016.0
0.0,0.0,3830.0,0.0,0.0,1016.0
0.0,2600.0,3830.0,0.0,0.0,0.0
0.0,0.0,3830.0,0.0,0.0,0.0
0.0,0.0,3830.0,0.0,0.0,1016.0
0.0,0.0,3830.0,0.0,0.0,0.0
0.0,0.0,3830.0,0.0,0.0,0.0
0.0,0.0,3830.0,0.0,0.0,0.0
0.0,0.0,3830.0,0.0,0.0,0.0
0.0,0.0,3830.0,0.0,0.0,1016.0
0.0,0.0,3830.0,0.0,0.0,1016.0
0.0,2600.0,3830.0,0.0,0.0,0.0
0.0,2600.0,3830.0,0.0,0.0,1016.0
0.0,0.0,3830.0,0.0,0.0,0.0
0.0,0.0,3830.0,0.0,0.0,0.0
0.0,0.0,3830.0,0.0,0.0,0.0
0.0,0.0,3830.0,0.0,0.0,1016.0
0.0,0.0,3830.0,0.0,0.0,1016.0
0.0,0.0,3830.0,0.0,0.0,1016.0
0.0,0.0,3830.0,0.0,0.0,1016.0
0.0,2600.0,0.0,0.0,0.0,1016.0
0.0,2600.0,0.0,0.0,0.0,1016.0
0.0,0.0,3830.0,0.0,0.0,1016.0
0.0,0.0,3830.0,0.0,0.0,1016.0
0.0,0.0,3830.0,0.0,0.0,1016.0
0.0,0.0,3830.0,0.0,0.0,0.0
0.0,0.0,3830.0,0.0,0.0,0.0
0.0,0.0,3830.0,0.0,0.0,1016.0
0.0,0.0,3830.0,0.0,0.0,0.0
0.0,0.0,3830.0,0.0,0.0,1016.0
0.0,0.0,3830.0,0.0,0.0,1016.0
0.0,2600.0,0.0,0.0,0.0,1016.0
0.0,2600.0,0.0,0.0,0.0,1016.0
0.0,0.0,3830.0,0.0,0.0,1016.0
0.0,0.0,3830.0,0.0,0.0,0.0
0.0,0.0,3830.0,0.0,0.0,1016.0
0.0,0.0,3830.0,0.0,0.0,1016.0
0.0,0.0,3830.0,0.0,0.0,1016.0
0.0,0.0,3830.0,0.0,0.0,1016.0
0.0,0.0,3830.0,0.0,0.0,1016.0
0.0,2600.0,0.0,0.0,0.0,1016.0
0.0,0.0,3830.0,0.0,0.0,1016.0
0.0,2600.0,3830.0,0.0,0.0,1016.0
0.0,0.0,3830.0,0.0,0.0,1016.0
0.0,0.0,3830.0,0.0,0.0,1016.0
0.0,0.0,3830.0,0.0,0.0,1016.0
0.0,0.0,3830.0,0.0,0.0,0.0
0.0,0.0,3830.0,0.0,0.0,1016.0
0.0,0.0,3830.0,0.0,0.0,1016.0
0.0,0.0,3830.0,0.0,0.0,1016.0
0.0,0.0,3830.0,0.0,0.0,0.0
0.0,0.0,3830.0,0.0,0.0,1016.0
0.0,0.0,3830.0,0.0,0.0,1016.0
0.0,0.0,3830.0,0.0,0.0,1016.0
0.0,2600.0,3830.0,0.0,0.0,0.0
0.0,0.0,3830.0,0.0,0.0,0.0
0.0,0.0,3830.0,0.0,0.0,1016.0
0.0,0.0,3830.0,0.0,0.0,0.0
0.0,0.0,3830.0,0.0,0.0,1016.0
0.0,2600.0,0.0,0.0,0.0,1016.0
0.0,0.0,3830.0,0.0,0.0,0.0
0.0,0.0,3830.0,0.0,0.0,0.0
0.0,0.0,3830.0,0.0,0.0,0.0
0.0,0.0,3830.0,0.0,0.0,0.0
0.0,0.0,3830.0,0.0,0.0,1016.0
0.0,2600.0,3830.0,0.0,0.0,0.0
0.0,0.0,3830.0,0.0,0.0,0.0
0.0,2600.0,0.0,0.0,0.0,1016.0
0.0,0.0,3830.0,0.0,0.0,1016.0
0.0,0.0,3830.0,0.0,0.0,1016.0
0.0,2600.0,3830.0,0.0,0.0,1016.0
0.0,0.0,3830.0,0.0,0.0,1016.0
0.0,0.0,3830.0,0.0,0.0,1016.0
0.0,0.0,3830.0,0.0,0.0,1016.0
0.0,0.0,3830.0,0.0,0.0,1016.0
0.0,0.0,3830.0,0.0,0.0,0.0
0.0,2600.0,3830.0,0.0,0.0,0.0
0.0,0.0,3830.0,0.0,0.0,1016.0
0.0,0.0,3830.0,0.0,0.0,0.0
0.0,0.0,0.0,0.0,0.0,1016.0
0.0,0.0,3830.0,0.0,0.0,1016.0
0.0,0.0,0.0,0.0,0.0,1016.0
0.0,0.0,3830.0,0.0,0.0,1016.0
0.0,0.0,0.0,0.0,0.0,1016.0
0.0,0.0,3830.0,0.0,0.0,1016.0
0.0,2600.0,0.0,0.0,0.0,1016.0
0.0,0.0,3830.0,0.0,0.0,0.0
0.0,0.0,0.0,0.0,0.0,0.0
0.0,0.0,3830.0,0.0,0.0,0.0
0.0,0.0,0.0,0.0,0.0,0.0
0.0,0.0,0.0,0.0,0.0,0.0
0.0,0.0,0.0,0.0,0.0,0.0
0.0,0.0,0.0,0.0,0.0,0.0
0.0,0.0,3830.0,0.0,0.0,0.0
0.0,0.0,3830.0,0.0,0.0,0.0
0.0,0.0,3830.0,0.0,0.0,0.0
0.0,0.0,0.0,0.0,0.0,0.0
0.0,0.0,3830.0,0.0,0.0,0.0
0.0,0.0,0.0,0.0,0.0,1016.0
0.0,0.0,0.0,0.0,0.0,262.36524876655994
0.0,0.0,0.0,0.0,0.0,0.0
0.0,0.0,0.0,0.0,0.0,0.0
0.0,0.0,402.5139794968145,0.0,0.0,0.0
0.0,0.0,3830.0,0.0,0.0,0.0
0.0,0.0,3830.0,0.0,0.0,0.0
0.0,0.0,3830.0,0.0,0.0,0.0
0.0,0.0,3830.0,0.0,0.0,0.0
0.0,0.0,3830.0,0.0,0.0,0.0
0.0,0.0,3830.0,0.0,0.0,0.0
0.0,0.0,3830.0,0.0,0.0,0.0
0.0,0.0,3830.0,0.0,0.0,0.0
0.0,0.0,0.0,0.0,0.0,0.0
0.0,0.0,0.0,0.0,0.0,0.0
0.0,1144.312579357069,2745.1845625952774,0.0,0.0,0.0
0.0,0.0,2516.9568538864696,0.0,0.0,0.0
0.0,0.0,3830.0,0.0,0.0,0.0
0.0,0.0,3830.0,0.0,0.0,815.7867052372694
0.0,2600.0,3830.0,0.0,0.0,0.0
0.0,2600.0,3830.0,0.0,0.0,0.0
0.0,2600.0,0.0,0.0,0.0,0.0
0.0,2600.0,3830.0,0.0,0.0,0.0
0.0,2600.0,3830.0,0.0,0.0,0.0
0.0,2600.0,470.8519708976164,0.0,0.0,0.0
0.0,2600.0,0.0,0.0,0.0,1016.0
0.0,0.0,3830.0,0.0,0.0,1016.0
0.0,2600.0,3830.0,0.0,0.0,0.0
0.0,2600.0,0.0,0.0,0.0,1016.0
0.0,0.0,3830.0,0.0,0.0,0.0
0.0,1099.4828564368472,3830.0,0.0,0.0,0.0
0.0,2600.0,3830.0,0.0,0.0,0.0
0.0,2600.0,3830.0,0.0,0.0,1016.0
0.0,2600.0,3830.0,0.0,0.0,1016.0
0.0,2600.0,3830.0,0.0,0.0,1016.0
0.0,2600.0,3830.0,0.0,0.0,1016.0
0.0,2600.0,3830.0,0.0,0.0,1016.0
0.0,1114.4457772823453,3830.0,0.0,0.0,1016.0
0.0,903.7700700560708,0.0,0.0,0.0,1016.0
0.0,2600.0,3830.0,0.0,0.0,1016.0
0.0,2600.0,0.0,0.0,0.0,1016.0
0.0,2600.0,0.0,0.0,0.0,1016.0
0.0,2600.0,3830.0,0.0,0.0,1016.0
0.0,2600.0,3830.0,0.0,0.0,1016.0
0.0,2600.0,3830.0,0.0,0.0,1016.0
0.0,2600.0,3830.0,0.0,0.0,1016.0
0.0,2600.0,3830.0,0.0,0.0,1016.0
0.0,2600.0,3830.0,0.0,0.0,1016.0
0.0,2600.0,0.0,0.0,0.0,1016.0
0.0,0.0,0.0,0.0,0.0,1016.0
0.0,2600.0,0.0,0.0,0.0,1016.0
0.0,2600.0,0.0,0.0,0.0,1016.0
0.0,0.0,2616.745812531499,0.0,0.0,1016.0
0.0,0.0,3830.0,0.0,0.0,0.0
0.0,0.0,3830.0,0.0,0.0,0.0
0.0,0.0,3830.0,0.0,0.0,0.0
0.0,0.0,3830.0,0.0,0.0,0.0
0.0,0.0,3830.0,0.0,0.0,0.0
0.0,0.0,3830.0,0.0,0.0,0.0
0.0,0.0,3830.0,0.0,0.0,0.0
0.0,0.0,3830.0,0.0,0.0,0.0
0.0,0.0,0.0,0.0,0.0,0.0
0.0,0.0,0.0,0.0,0.0,0.0
0.0,0.0,3830.0,0.0,0.0,0.0
0.0,0.0,0.0,0.0,0.0,0.0
0.0,0.0,3830.0,0.0,0.0,0.0
0.0,0.0,3830.0,0.0,0.0,0.0
0.0,0.0,3830.0,0.0,0.0,0.0
0.0,0.0,3830.0,0.0,0.0,0.0
