PumpedStor,BatteryStor
0.0,0.0
0.0,0.0
0.0,0.0
0.0,0.0
0.0,0.0
0.0,0.0
0.0,0.0
0.0,0.0
0.0,0.0
0.0,0.0
0.0,0.0
0.0,0.0
5165.898888864482,0.0
0.0,0.0
0.0,0.0
0.0,0.0
0.0,0.0
0.0,0.0
0.0,0.0
0.0,0.0
0.0,0.0
0.0,0.0
0.0,0.0
0.0,0.0
0.0,0.0
0.0,0.0
0.0,0.0
0.0,0.0
0.0,0.0
0.0,0.0
0.0,0.0
0.0,0.0
0.0,0.0
0.0,0.0
0.0,0.0
0.0,0.0
0.0,0.0
0.0,0.0
0.0,0.0
0.0,0.0
0.0,0.0
0.0,0.0
0.0,0.0
0.0,0.0
0.0,0.0
0.0,0.0
0.0,0.0
0.0,0.0
0.0,0.0
0.0,0.0
0.0,0.0
0.0,0.0
0.0,0.0
0.0,0.0
0.0,0.0
0.0,0.0
0.0,0.0
0.0,0.0
0.0,0.0
0.0,0.0
0.0,0.0
0.0,0.0
0.0,0.0
0.0,0.0
0.0,0.0
0.0,0.0
0.0,0.0
0.0,0.0
0.0,0.0
0.0,0.0
0.0,0.0
0.0,0.0
0.0,0.0
0.0,0.0
4251.852854997545,0.0
0.0,0.0
0.0,0.0
0.0,0.0
3699.5918302018654,0.0
0.0,0.0
0.0,0.0
0.0,0.0
887.9020392484472,0.0
213.0964894196277,0.0
0.0,0.0
0.0,0.0
51.14315746071043,0.0
12.27435779057032,0.0
0.0,0.0
0.0,0.0
2.9458458697372407,0.0
0.7070030087370469,0.0
0.16968072209692764,0.0
0.040723373303080734,0.0
0.009773609593139554,0.0
0.0023456663020624546,0.0
0.0,0.0
0.0005629599127132678,0.0
0.0001331925595877692,0.0
0.0,0.0
0.0,0.0
1625.975766916481,0.0
390.2341840599554,0.0
0.0,0.0
0.0,0.0
0.0,0.0
0.0,0.0
0.0,0.0
0.0,0.0
0.0,0.0
0.0,0.0
0.0,0.0
0.0,0.0
0.0,0.0
1192.2876817025135,0.0
0.0,0.0
0.0,0.0
0.0,0.0
0.0,0.0
0.0,0.0
0.0,0.0
0.0,0.0
0.0,0.0
0.0,0.0
0.0,0.0
0.0,0.0
0.0,0.0
0.0,0.0
0.0,0.0
0.0,0.0
0.0,0.0
0.0,0.0
0.0,0.0
0.0,0.0
0.0,0.0
0.0,0.0
0.0,0.0
0.0,0.0
0.0,0.0
0.0,0.0
0.0,0.0
0.0,0.0
0.0,0.0
0.0,0.0
0.0,0.0
0.0,0.0
0.0,0.0
0.0,0.0
0.0,0.0
0.0,0.0
0.0,0.0
0.0,0.0
0.0,0.0
0.0,0.0
0.0,0.0
0.0,0.0
0.0,0.0
0.0,0.0
0.0,0.0
0.0,0.0
0.0,0.0
6931.0,0.0
1663.4399999999996,0.0
399.22559999999976,0.0
95.81414399999994,0.0
22.995394560000022,0.0
5.518894694399933,0.0
1.3245347266556564,0.0
0.31788833439713926,0.0
0.0762932002553498,0.0
0.018310368061065674,0.0
0.0,0.0
0.0,0.0
6931.0,0.0
1663.4399999999996,0.0
399.22559999999976,0.0
95.81414399999994,0.0
22.995394560000022,0.0
5.518894694399933,0.0
1.3245347266556564,0.0
0.31788833439713926,0.0
0.0762932002553498,0.0
0.018310368061065674,0.0
0.0,0.0
0.0,0.0
0.0,0.0
0.0,0.0
0.0,0.0
0.0,0.0
0.0,0.0
0.0,0.0
0.0,0.0
0.0,0.0
4400.0199649999995,0.0
0.0,0.0
0.0,0.0
0.0,0.0
0.0,0.0
0.0,0.0
0.0,0.0
0.0,0.0
0.0,0.0
0.0,0.0
0.0,0.0
3586.9848266000004,0.0
0.0,0.0
0.0,0.0
0.0,0.0
860.876358384,0.0
206.61032601215993,0.0
49.58647824291802,0.0
11.900754778300325,0.0
2.8561811467916414,0.0
0.685483475230285,0.0
0.16451603405494097,0.0
0.03948384817340411,0.0
0.009476123561398708,0.0
0.0022742696546629304,0.0
0.0005458247169372044,0.0
0.00012778144345678522,0.0
0.0,0.0
0.0,0.0
0.0,0.0
0.0,0.0
0.0,0.0
0.0,0.0
6931.0,0.0
1663.4399999999996,0.0
399.22559999999976,0.0
95.81414399999994,0.0
22.995394560000022,0.0
0.0,0.0
0.0,0.0
4834.29957560256,0.0
3256.932322542054,0.0
781.6637574100928,0.0
0.0,0.0
0.0,0.0
0.0,0.0
0.0,0.0
0.0,0.0
0.0,0.0
0.0,0.0
0.0,0.0
0.0,0.0
0.0,0.0
0.0,0.0
0.0,0.0
0.0,0.0
0.0,0.0
0.0,0.0
0.0,0.0
0.0,0.0
0.0,0.0
0.0,0.0
0.0,0.0
0.0,0.0
0.0,0.0
0.0,0.0
0.0,0.0
0.0,0.0
0.0,0.0
0.0,0.0
0.0,0.0
0.0,0.0
0.0,0.0
0.0,0.0
0.0,0.0
0.0,0.0
0.0,0.0
0.0,0.0
0.0,0.0
0.0,0.0
0.0,0.0
0.0,0.0
0.0,0.0
0.0,0.0
0.0,0.0
0.0,0.0
0.0,0.0
0.0,0.0
6931.0,0.0
1663.4399999999996,0.0
399.22559999999976,0.0
95.81414399999994,0.0
22.995394560000022,0.0
5.518894694399933,0.0
1.3245347266556564,0.0
0.31788833439713926,0.0
0.0762932002553498,0.0
0.0,0.0
0.0,0.0
0.0,0.0
6931.0,0.0
1663.4399999999996,0.0
0.0,0.0
0.0,0.0
0.0,0.0
0.0,0.0
0.0,0.0
0.0,0.0
0.0,0.0
0.0,0.0
0.0,0.0
0.0,0.0
0.0,0.0
0.0,0.0
0.0,0.0
0.0,0.0
0.0,0.0
0.0,0.0
0.0,0.0
0.0,0.0
0.0,0.0
0.0,0.0
0.0,0.0
0.0,0.0
0.0,0.0
0.0,0.0
0.0,0.0
0.0,0.0
0.0,0.0
0.0,0.0
0.0,0.0
0.0,0.0
0.0,0.0
0.0,0.0
0.0,0.0
0.0,0.0
0.0,0.0
0.0,0.0
0.0,0.0
0.0,0.0
0.0,0.0
0.0,0.0
0.0,0.0
0.0,0.0
0.0,0.0
0.0,0.0
0.0,0.0
0.0,0.0
0.0,0.0
0.0,0.0
0.0,0.0
0.0,0.0
0.0,0.0
0.0,0.0
0.0,0.0
0.0,0.0
0.0,0.0
0.0,0.0
0.0,0.0
3384.8986487756156,0.0
4358.477026930532,0.0
1046.034486463328,0.0
251.04827675119873,0.0
0.0,0.0
0.0,0.0
0.0,0.0
0.0,0.0
0.0,0.0
0.0,0.0
0.0,0.0
0.0,0.0
2364.955967078814,0.0
5133.6334650201015,0.0
1232.0720316048246,0.0
0.0,0.0
0.0,0.0
0.0,0.0
0.0,0.0
0.0,0.0
0.0,0.0
0.0,0.0
0.0,0.0
0.0,0.0
0.0,0.0
3379.521717345073,0.0
0.0,0.0
0.0,0.0
0.0,0.0
0.0,0.0
0.0,0.0
0.0,0.0
0.0,0.0
0.0,0.0
0.0,0.0
0.0,0.0
0.0,0.0
0.0,0.0
6720.284428532021,0.0
0.0,0.0
0.0,0.0
0.0,0.0
0.0,0.0
3279.005244172582,0.0
4438.956014428837,0.0
1065.349443462921,0.0
255.6838664311008,0.0
61.364127943464155,0.0
14.727390706431834,0.0
3.5345737695433854,0.0
0.8482977046905944,0.0
0.20359144912574267,0.0
0.0,0.0
0.0,0.0
0.0,0.0
0.0,0.0
0.0,0.0
0.0,0.0
0.0,0.0
0.0,0.0
0.0,0.0
6931.0,0.0
1663.4399999999996,0.0
399.22559999999976,0.0
0.0,0.0
0.0,0.0
0.0,0.0
0.0,0.0
0.0,0.0
0.0,0.0
0.0,0.0
0.0,0.0
0.0,0.0
0.0,0.0
0.0,0.0
0.0,0.0
0.0,0.0
0.0,0.0
0.0,0.0
0.0,0.0
0.0,0.0
0.0,0.0
0.0,0.0
0.0,0.0
0.0,0.0
0.0,0.0
0.0,0.0
0.0,0.0
0.0,0.0
0.0,0.0
0.0,0.0
0.0,0.0
0.0,0.0
0.0,0.0
0.0,0.0
0.0,0.0
2903.14395993142,0.0
4724.610590452121,0.0
1133.9065417085094,0.0
272.1375700100425,0.0
15.619757395802594,0.0
0.0,0.0
53.44200118159961,0.0
12.826080283584023,0.0
3.0782592680603402,0.0
0.7387822243344816,0.0
0.1773077338400883,0.0
0.04255385612162119,0.0
0.010212925469189083,0.0
0.0024511021127569667,0.0
0.000588264506884829,0.0
0.00014118348165235897,0.0
0.0,0.0
0.0,0.0
0.0,0.0
0.0,0.0
5209.959181999824,0.0
2971.431021680133,0.0
194.11513157141417,0.0
0.0,0.0
0.0,0.0
6931.0,0.0
1663.4399999999996,0.0
0.0,0.0
0.0,0.0
0.0,0.0
0.0,0.0
0.0,0.0
6176.828616608587,0.0
2236.610251377474,0.0
536.7864603305934,0.0
0.0,0.0
0.0,0.0
6931.0,0.0
1663.4399999999996,0.0
0.0,0.0
0.0,0.0
0.0,0.0
0.0,0.0
0.0,0.0
0.0,0.0
0.0,0.0
0.0,0.0
0.0,0.0
0.0,0.0
6931.0,0.0
0.0,0.0
0.0,0.0
0.0,0.0
0.0,0.0
0.0,0.0
1663.4399999999996,0.0
0.0,0.0
0.0,0.0
0.0,0.0
399.22559999999976,0.0
55.75281951476451,0.0
53.44200116877905,0.0
12.826080280507135,0.0
3.0782592673214224,0.0
0.7387822241572991,0.0
0.17730773379775178,0.0
0.04255385611146042,0.0
0.0102129254667505,0.0
0.0024511021120201203,0.0
0.0005882645068848289,0.0
0.0001411834816523589,0.0
0.0,0.0
0.0,0.0
0.0,0.0
0.0,0.0
0.0,0.0
0.0,0.0
0.0,0.0
0.0,0.0
0.0,0.0
0.0,0.0
0.0,0.0
0.0,0.0
0.0,0.0
0.0,0.0
0.0,0.0
6931.0,0.0
967.9308943549759,0.0
927.8125202902186,0.0
222.67500486965244,0.0
53.44200116871659,0.0
12.826080280491977,0.0
3.078259267318264,0.0
0.7387822241563834,0.0
0.1773077337977518,0.0
0.04255385611146043,0.0
0.0102129254667505,0.0
0.0024511021120201203,0.0
0.0005882645068848289,0.0
0.00014118348165235897,0.0
0.0,0.0
0.0,0.0
6931.0,0.0
967.930893986937,0.0
0.0,0.0
0.0,0.0
927.8125205699322,0.0
222.67500493678372,0.0
53.442001184828094,0.0
12.82608028435865,0.0
3.0782592682460757,0.0
0.7387822243793905,0.0
0.1773077338510537,0.0
0.04255385612425288,0.0
0.01021292546982069,0.0
0.0024511021127569662,0.0
0.000588264506884829,0.0
0.00014118348165235897,0.0
0.0,0.0
0.0,0.0
0.0,0.0
0.0,0.0
0.0,0.0
0.0,0.0
0.0,0.0
0.0,0.0
0.0,0.0
0.0,0.0
0.0,0.0
0.0,0.0
0.0,0.0
0.0,0.0
0.0,0.0
0.0,0.0
0.0,0.0
0.0,0.0
0.0,0.0
0.0,0.0
0.0,0.0
0.0,0.0
0.0,0.0
0.0,0.0
0.0,0.0
0.0,0.0
0.0,0.0
6931.0,0.0
1663.4399999999996,0.0
399.22559999999976,0.0
0.0,0.0
0.0,0.0
0.0,0.0
0.0,0.0
0.0,0.0
0.0,0.0
0.0,0.0
0.0,0.0
0.0,0.0
0.0,0.0
0.0,0.0
0.0,0.0
0.0,0.0
0.0,0.0
0.0,0.0
6931.0,0.0
1663.4399999999996,0.0
399.22559999999976,0.0
95.81414399999994,0.0
0.0,0.0
0.0,0.0
6808.39002392773,0.0
1634.0136057426553,0.0
0.0,0.0
2426.425070042642,0.0
4191.126749476292,0.0
1005.8704198743098,0.0
241.40890076983396,0.0
57.93813618475997,0.0
13.905152684346831,0.0
0.0,0.0
0.0,0.0
0.0,0.0
0.0,0.0
0.0,0.0
0.0,0.0
0.0,0.0
0.0,0.0
0.0,0.0
0.0,0.0
0.0,0.0
0.0,0.0
0.0,0.0
0.0,0.0
0.0,0.0
6931.0,0.0
1663.4399999999996,0.0
399.22559999999976,0.0
0.0,0.0
0.0,0.0
708.0731911973053,0.0
6392.864374690048,0.0
1534.2874499256113,0.0
368.2289879821467,0.0
0.0,0.0
0.0,0.0
0.0,0.0
0.0,0.0
0.0,0.0
0.0,0.0
0.0,0.0
0.0,0.0
0.0,0.0
0.0,0.0
0.0,0.0
0.0,0.0
0.0,0.0
0.0,0.0
0.0,0.0
0.0,0.0
0.0,0.0
0.0,0.0
0.0,0.0
0.0,0.0
0.0,0.0
0.0,0.0
0.0,0.0
0.0,0.0
0.0,0.0
0.0,0.0
0.0,0.0
6931.0,0.0
1663.4399999999996,0.0
0.0,0.0
0.0,0.0
0.0,0.0
0.0,0.0
0.0,0.0
0.0,0.0
0.0,0.0
0.0,0.0
0.0,0.0
0.0,0.0
0.0,0.0
0.0,0.0
0.0,0.0
0.0,0.0
0.0,0.0
0.0,0.0
0.0,0.0
0.0,0.0
0.0,0.0
0.0,0.0
0.0,0.0
0.0,0.0
6931.0,0.0
0.0,0.0
0.0,0.0
0.0,0.0
1663.4399999999996,0.0
399.22559999999976,0.0
95.81414399999994,0.0
22.995394560000022,0.0
5.518894694399933,0.0
1.3245347266556564,0.0
0.31788833439713926,0.0
0.0762932002553498,0.0
0.018310368061065674,0.0
0.004394488334583002,0.0
0.001054677200045262,0.0
0.0002531225281927618,0.0
3.5349177778698504e-5,0.0
0.0,0.0
0.0,0.0
0.0,0.0
0.0,0.0
0.0,0.0
0.0,0.0
6931.0,0.0
0.0,0.0
0.0,0.0
0.0,0.0
0.0,0.0
0.0,0.0
0.0,0.0
0.0,0.0
0.0,0.0
0.0,0.0
0.0,0.0
0.0,0.0
0.0,0.0
0.0,0.0
0.0,0.0
0.0,0.0
0.0,0.0
0.0,0.0
0.0,0.0
0.0,0.0
0.0,0.0
0.0,0.0
1663.4399999999996,0.0
0.0,0.0
0.0,0.0
0.0,0.0
0.0,0.0
0.0,0.0
0.0,0.0
0.0,0.0
0.0,0.0
0.0,0.0
0.0,0.0
0.0,0.0
0.0,0.0
0.0,0.0
0.0,0.0
0.0,0.0
399.22559999999976,0.0
95.81414399999994,0.0
22.995394560000022,0.0
5.518894694399933,0.0
1.3245347266556564,0.0
0.31788833439713926,0.0
0.0762932002553498,0.0
0.018310368061065674,0.0
0.004394488334583002,0.0
0.001054677200045262,0.0
0.0002531225281927618,0.0
3.534917232173029e-5,0.0
0.0,0.0
0.0,0.0
0.0,0.0
0.0,0.0
0.0,0.0
0.0,0.0
0.0,0.0
0.0,0.0
0.0,0.0
6931.0,0.0
0.0,0.0
0.0,0.0
0.0,0.0
1663.4399999999996,0.0
0.0,0.0
0.0,0.0
0.0,0.0
399.22559999999976,0.0
55.752819439105224,0.0
53.442001226278535,0.0
12.826080294307001,0.0
3.078259270633499,0.0
0.738782224952191,0.0
0.17730773398811978,0.0
0.042553856157148746,0.0
0.010212925477715696,0.0
0.002451102114651767,0.0
0.0005882645075164242,0.0
0.00014118348165235894,0.0
0.0,0.0
0.0,0.0
0.0,0.0
0.0,0.0
0.0,0.0
6931.0,0.0
1663.4399999999996,0.0
399.22559999999976,0.0
0.0,0.0
0.0,0.0
0.0,0.0
0.0,0.0
0.0,0.0
0.0,0.0
0.0,0.0
0.0,0.0
0.0,0.0
0.0,0.0
0.0,0.0
0.0,0.0
0.0,0.0
0.0,0.0
0.0,0.0
0.0,0.0
0.0,0.0
2873.2263335167117,0.0
2478.5875483991467,0.0
0.0,0.0
0.0,0.0
6931.0,0.0
1663.4399999999996,0.0
399.22559999999976,0.0
95.81414399999994,0.0
0.0,0.0
0.0,0.0
0.0,0.0
0.0,0.0
0.0,0.0
0.0,0.0
0.0,0.0
0.0,0.0
0.0,0.0
6931.0,0.0
0.0,0.0
0.0,0.0
0.0,0.0
0.0,0.0
0.0,0.0
0.0,0.0
0.0,0.0
0.0,0.0
0.0,0.0
0.0,0.0
0.0,0.0
6931.0,0.0
1663.4399999999996,0.0
232.30341464484354,0.0
0.0,0.0
0.0,0.0
222.67500486991878,0.0
53.44200116878024,0.0
12.826080280507256,0.0
3.078259267322079,0.0
0.738782224157299,0.0
0.17730773379775172,0.0
0.04255385611146041,0.0
0.0102129254667505,0.0
0.0024511021120201203,0.0
0.0005882645068848287,0.0
0.0001411834816523589,0.0
0.0,0.0
0.0,0.0
0.0,0.0
0.0,0.0
0.0,0.0
0.0,0.0
0.0,0.0
0.0,0.0
925.8824653453103,0.0
2799.098869802564,0.0
0.0,0.0
0.0,0.0
0.0,0.0
0.0,0.0
0.0,0.0
0.0,0.0
0.0,0.0
0.0,0.0
0.0,0.0
0.0,0.0
0.0,0.0
0.0,0.0
0.0,0.0
0.0,0.0
0.0,0.0
0.0,0.0
0.0,0.0
0.0,0.0
0.0,0.0
0.0,0.0
0.0,0.0
0.0,0.0
79.27433179456102,0.0
0.0,0.0
0.0,0.0
0.0,0.0
0.0,0.0
0.0,0.0
0.0,0.0
0.0,0.0
0.0,0.0
0.0,0.0
0.0,0.0
5958.663361901066,0.0
2402.4158449551896,0.0
576.5798027892452,0.0
138.37915266941854,0.0
33.210996640660454,0.0
0.0,0.0
0.0,0.0
0.0,0.0
1931.743801508962,0.0
958.1506249305066,0.0
0.0,0.0
0.0,0.0
6931.0,0.0
1663.4399999999996,0.0
399.22559999999976,0.0
95.81414399999994,0.0
0.0,0.0
0.0,0.0
6931.0,0.0
1663.4399999999996,0.0
399.22559999999976,0.0
95.81414399999994,0.0
22.995394560000022,0.0
0.0,0.0
2585.529918936777,0.0
620.5271805448265,0.0
148.92652333075876,0.0
35.74236559937708,0.0
0.0,0.0
0.0,0.0
0.0,0.0
0.0,0.0
0.0,0.0
0.0,0.0
0.0,0.0
0.0,0.0
0.0,0.0
6931.0,0.0
1663.4399999999996,0.0
399.22559999999976,0.0
0.0,0.0
0.0,0.0
0.0,0.0
0.0,0.0
0.0,0.0
0.0,0.0
0.0,0.0
0.0,0.0
0.0,0.0
0.0,0.0
0.0,0.0
0.0,0.0
0.0,0.0
0.0,0.0
0.0,0.0
0.0,0.0
0.0,0.0
0.0,0.0
0.0,0.0
0.0,0.0
6931.0,0.0
1663.4399999999996,0.0
399.22559999999976,0.0
95.81414399999994,0.0
22.99539455999998,0.0
0.0,0.0
0.0,0.0
0.0,0.0
0.0,0.0
0.0,0.0
0.0,0.0
0.0,0.0
0.0,0.0
6931.0,0.0
1663.4399999999996,0.0
0.0,0.0
0.0,0.0
0.0,0.0
0.0,0.0
0.0,0.0
0.0,0.0
0.0,0.0
0.0,0.0
0.0,0.0
0.0,0.0
2335.656735588739,0.0
2971.369306792614,0.0
0.0,0.0
0.0,0.0
0.0,0.0
0.0,0.0
0.0,0.0
0.0,0.0
0.0,0.0
0.0,0.0
0.0,0.0
6931.0,0.0
1663.4399999999996,0.0
399.22559999999976,0.0
95.81414399999994,0.0
22.995394560000022,0.0
5.518894694399933,0.0
1.3245347266556564,0.0
0.31788833439713926,0.0
0.0762932002553498,0.0
0.018310368061065674,0.0
0.0,0.0
0.0,0.0
0.0,0.0
0.0,0.0
0.0,0.0
0.0,0.0
0.0,0.0
0.0,0.0
0.0,0.0
0.0,0.0
0.0,0.0
0.0,0.0
0.0,0.0
0.0,0.0
0.0,0.0
0.0,0.0
0.0,0.0
0.0,0.0
0.0,0.0
0.0,0.0
0.0,0.0
0.0,0.0
0.0,0.0
0.0,0.0
0.0,0.0
0.0,0.0
2194.503791503453,0.0
5263.177118457375,0.0
1263.1625084297702,0.0
303.15900202314515,0.0
0.0,0.0
4193.363847747102,0.0
3744.0434757122025,0.0
898.5704341709279,0.0
215.65690420102283,0.0
0.0,0.0
0.0,0.0
0.0,0.0
0.0,0.0
6931.0,0.0
1663.4399999999996,0.0
399.22559999999976,0.0
0.0,0.0
0.0,0.0
0.0,0.0
0.0,0.0
0.0,0.0
0.0,0.0
0.0,0.0
0.0,0.0
0.0,0.0
6033.041779825262,0.0
2345.8882473328013,0.0
0.0,0.0
0.0,0.0
0.0,0.0
0.0,0.0
0.0,0.0
0.0,0.0
0.0,0.0
0.0,0.0
0.0,0.0
0.0,0.0
0.0,0.0
0.0,0.0
0.0,0.0
0.0,0.0
0.0,0.0
0.0,0.0
0.0,0.0
0.0,0.0
0.0,0.0
0.0,0.0
0.0,0.0
0.0,0.0
0.0,0.0
0.0,0.0
0.0,0.0
0.0,0.0
0.0,0.0
0.0,0.0
0.0,0.0
0.0,0.0
1674.4202401464845,0.0
5658.440617488673,0.0
1358.0257481972812,0.0
325.9261795673474,0.0
78.22228309616366,0.0
18.77334794307899,0.0
4.505603506338957,0.0
1.0813448415210587,0.0
0.0,0.0
0.0,0.0
0.0,0.0
0.0,0.0
0.0,0.0
0.0,0.0
6931.0,0.0
0.0,0.0
1663.4399999999996,0.0
399.22559999999976,0.0
55.75281949365308,0.0
0.0,0.0
0.0,0.0
53.44200118482808,0.0
12.82608028435865,0.0
3.0782592682460757,0.0
0.7387822243793905,0.0
0.1773077338510537,0.0
0.04255385612425288,0.0
0.01021292546982069,0.0
0.0024511021127569662,0.0
0.000588264506884829,0.0
0.00014118348165235897,0.0
0.0,0.0
0.0,0.0
0.0,0.0
0.0,0.0
0.0,0.0
0.0,0.0
0.0,0.0
0.0,0.0
6931.0,0.0
1663.4399999999996,0.0
399.22559999999976,0.0
0.0,0.0
0.0,0.0
0.0,0.0
0.0,0.0
0.0,0.0
0.0,0.0
0.0,0.0
0.0,0.0
0.0,0.0
0.0,0.0
0.0,0.0
0.0,0.0
0.0,0.0
0.0,0.0
0.0,0.0
0.0,0.0
0.0,0.0
0.0,0.0
0.0,0.0
0.0,0.0
0.0,0.0
277.45037626773274,0.0
6720.137714036523,0.0
1612.8330513687652,0.0
0.0,0.0
0.0,0.0
0.0,0.0
0.0,0.0
0.0,0.0
0.0,0.0
0.0,0.0
0.0,0.0
0.0,0.0
0.0,0.0
0.0,0.0
0.0,0.0
0.0,0.0
0.0,0.0
0.0,0.0
0.0,0.0
0.0,0.0
0.0,0.0
0.0,0.0
0.0,0.0
0.0,0.0
0.0,0.0
6931.0,0.0
1663.4399999999996,0.0
399.22559999999976,0.0
0.0,0.0
0.0,0.0
0.0,0.0
0.0,0.0
0.0,0.0
0.0,0.0
0.0,0.0
0.0,0.0
6931.0,0.0
1663.4399999999996,0.0
399.22559999999976,0.0
95.81414399999994,0.0
0.0,0.0
0.0,0.0
0.0,0.0
0.0,0.0
0.0,0.0
0.0,0.0
0.0,0.0
0.0,0.0
6931.0,0.0
1663.4399999999996,0.0
399.22559999999976,0.0
95.81414399999994,0.0
22.995394560000022,0.0
0.0,0.0
0.0,0.0
0.0,0.0
0.0,0.0
0.0,0.0
0.0,0.0
0.0,0.0
6931.0,0.0
1663.4399999999996,0.0
399.22559999999976,0.0
95.81414399999994,0.0
0.0,0.0
0.0,0.0
0.0,0.0
0.0,0.0
0.0,0.0
0.0,0.0
0.0,0.0
0.0,0.0
1113.1615731194731,0.0
6084.997204429201,0.0
1460.3993290630078,0.0
350.49583897512184,0.0
0.0,0.0
0.0,0.0
0.0,0.0
0.0,0.0
0.0,0.0
0.0,0.0
0.0,0.0
0.0,0.0
4669.346976455125,0.0
3382.296297894105,0.0
811.7511114945846,0.0
194.8202667587002,0.0
46.75686402208794,0.0
11.221647365300669,0.0
2.6931953676721605,0.0
0.6463668882415732,0.0
0.15512805317757739,0.0
0.03723073276250943,0.0
0.0,0.0
922.9286359685357,0.0
221.502872632449,0.0
53.16068943178743,0.0
12.758565463628656,0.0
3.0620557112708866,0.0
0.0,0.0
0.0,0.0
0.0,0.0
0.0,0.0
0.0,0.0
0.0,0.0
0.0,0.0
0.0,0.0
0.0,0.0
2643.065833286284,0.0
0.0,0.0
0.0,0.0
0.0,0.0
0.0,0.0
0.0,0.0
0.0,0.0
0.0,0.0
0.0,0.0
0.0,0.0
0.0,0.0
0.0,0.0
331.19374785703167,0.0
0.0,0.0
0.0,0.0
0.0,0.0
0.0,0.0
0.0,0.0
0.0,0.0
0.0,0.0
0.0,0.0
0.0,0.0
0.0,0.0
0.0,0.0
0.0,0.0
0.0,0.0
0.0,0.0
0.0,0.0
0.0,0.0
0.0,0.0
0.0,0.0
0.0,0.0
0.0,0.0
0.0,0.0
0.0,0.0
0.0,0.0
6931.0,0.0
1663.4399999999996,0.0
0.0,0.0
0.0,0.0
0.0,0.0
0.0,0.0
0.0,0.0
0.0,0.0
0.0,0.0
0.0,0.0
0.0,0.0
0.0,0.0
0.0,0.0
0.0,0.0
0.0,0.0
0.0,0.0
0.0,0.0
0.0,0.0
0.0,0.0
0.0,0.0
0.0,0.0
0.0,0.0
0.0,0.0
0.0,0.0
4364.600553543,0.0
3613.90357930732,0.0
0.0,0.0
0.0,0.0
0.0,0.0
3741.3001582357397,0.0
3683.6523704786237,0.0
0.0,0.0
0.0,0.0
0.0,0.0
0.0,0.0
6931.0,0.0
1663.4399999999996,0.0
399.22559999999976,0.0
95.81414399999994,0.0
0.0,0.0
0.0,0.0
0.0,0.0
0.0,0.0
0.0,0.0
0.0,0.0
0.0,0.0
0.0,0.0
6931.0,0.0
1663.4399999999996,0.0
399.22559999999976,0.0
95.81414399999994,0.0
0.0,0.0
0.0,0.0
0.0,0.0
0.0,0.0
0.0,0.0
0.0,0.0
0.0,0.0
0.0,0.0
6931.0,0.0
1663.4399999999996,0.0
399.22559999999976,0.0
95.81414399999994,0.0
0.0,0.0
0.0,0.0
0.0,0.0
0.0,0.0
0.0,0.0
0.0,0.0
0.0,0.0
0.0,0.0
0.0,0.0
0.0,0.0
0.0,0.0
0.0,0.0
0.0,0.0
0.0,0.0
0.0,0.0
0.0,0.0
0.0,0.0
0.0,0.0
0.0,0.0
0.0,0.0
0.0,0.0
0.0,0.0
0.0,0.0
0.0,0.0
0.0,0.0
0.0,0.0
0.0,0.0
0.0,0.0
0.0,0.0
0.0,0.0
0.0,0.0
0.0,0.0
0.0,0.0
0.0,0.0
0.0,0.0
0.0,0.0
0.0,0.0
0.0,0.0
0.0,0.0
0.0,0.0
0.0,0.0
0.0,0.0
0.0,0.0
0.0,0.0
0.0,0.0
0.0,0.0
0.0,0.0
0.0,0.0
0.0,0.0
0.0,0.0
0.0,0.0
0.0,0.0
0.0,0.0
0.0,0.0
0.0,0.0
0.0,0.0
0.0,0.0
6931.0,0.0
1663.4399999999996,0.0
0.0,0.0
0.0,0.0
0.0,0.0
0.0,0.0
0.0,0.0
0.0,0.0
0.0,0.0
0.0,0.0
0.0,0.0
6931.0,0.0
1663.4399999999996,0.0
399.22559999999976,0.0
0.0,0.0
0.0,0.0
0.0,0.0
0.0,0.0
0.0,0.0
0.0,0.0
0.0,0.0
0.0,0.0
0.0,0.0
0.0,0.0
6576.740756925918,0.0
774.6450093550086,0.0
0.0,0.0
0.0,0.0
0.0,0.0
0.0,0.0
0.0,0.0
0.0,0.0
0.0,0.0
0.0,0.0
0.0,0.0
2044.0599521302622,0.0
5377.514436381,0.0
1290.60346473144,0.0
309.7448315355459,0.0
74.33875956853103,0.0
0.0,0.0
0.0,0.0
0.0,0.0
4519.0183181299935,0.0
0.0,0.0
0.0,0.0
935.3197498724408,0.0
6220.156990096945,0.0
1492.8376776232672,0.0
358.2810426295837,0.0
85.98745023110041,0.0
20.636988055463917,0.0
0.0,0.0
0.0,0.0
0.0,0.0
0.0,0.0
0.0,0.0
0.0,0.0
0.0,0.0
4695.123535410624,0.0
3362.706113087926,0.0
807.0494671411016,0.0
193.6918721138644,0.0
0.0,0.0
0.0,0.0
0.0,0.0
0.0,0.0
0.0,0.0
1708.8908334324256,0.0
0.0,0.0
2577.4155293673884,0.0
4972.164197680785,0.0
0.0,0.0
1193.3194074433877,0.0
286.396657786413,0.0
20.122627236771223,0.0
0.0,0.0
53.44200116878734,0.0
12.826080280508663,0.0
3.0782592673220788,0.0
0.7387822241572988,0.0
0.1773077337977517,0.0
0.04255385611146041,0.0
0.0102129254667505,0.0
0.00245110211202012,0.0
0.0005882645068848288,0.0
0.0001411834816523589,0.0
0.0,0.0
0.0,0.0
0.0,0.0
0.0,0.0
0.0,0.0
0.0,0.0
0.0,0.0
0.0,0.0
6931.0,0.0
1663.4399999999996,0.0
399.22559999999976,0.0
0.0,0.0
0.0,0.0
0.0,0.0
0.0,0.0
0.0,0.0
0.0,0.0
0.0,0.0
0.0,0.0
0.0,0.0
0.0,0.0
6931.0,0.0
1663.4399999999996,0.0
399.22559999999976,0.0
0.0,0.0
0.0,0.0
0.0,0.0
0.0,0.0
0.0,0.0
0.0,0.0
0.0,0.0
0.0,0.0
0.0,0.0
6931.0,0.0
1663.4399999999996,0.0
399.22559999999976,0.0
0.0,0.0
0.0,0.0
0.0,0.0
0.0,0.0
0.0,0.0
0.0,0.0
0.0,0.0
0.0,0.0
0.0,0.0
6931.0,0.0
1663.4399999999996,0.0
0.0,0.0
0.0,0.0
0.0,0.0
0.0,0.0
0.0,0.0
0.0,0.0
0.0,0.0
0.0,0.0
0.0,0.0
0.0,0.0
6409.071159197167,0.0
2060.1059190101532,0.0
494.4254205624368,0.0
0.0,0.0
0.0,0.0
0.0,0.0
0.0,0.0
0.0,0.0
0.0,0.0
0.0,0.0
2965.896144193555,0.0
4676.918930412898,0.0
1122.4605432990957,0.0
269.3905303917827,0.0
64.6537272940277,0.0
15.516894550566576,0.0
0.0,0.0
326.97703907842606,0.0
78.474489378822,0.0
18.833877450917498,0.0
0.0,0.0
0.0,0.0
2537.3634781277774,0.0
5002.603756622889,0.0
1200.6249015894937,0.0
288.14997638147815,0.0
69.15599433155475,0.0
0.0,0.0
0.0,0.0
240.11621429626666,0.0
0.0,0.0
0.0,0.0
0.0,0.0
0.0,0.0
0.0,0.0
6931.0,0.0
1663.4399999999996,0.0
399.22559999999976,0.0
95.81414399999994,0.0
22.995394560000022,0.0
0.0,0.0
0.0,0.0
0.0,0.0
0.0,0.0
0.0,0.0
0.0,0.0
0.0,0.0
6931.0,0.0
1663.4399999999996,0.0
399.22559999999976,0.0
95.81414399999994,0.0
22.995394560000022,0.0
0.0,0.0
0.0,0.0
0.0,0.0
0.0,0.0
0.0,0.0
0.0,0.0
0.0,0.0
6931.0,0.0
1663.4399999999996,0.0
399.22559999999976,0.0
95.81414399999994,0.0
0.0,0.0
0.0,0.0
0.0,0.0
0.0,0.0
0.0,0.0
0.0,0.0
0.0,0.0
0.0,0.0
0.0,0.0
0.0,0.0
0.0,0.0
0.0,0.0
0.0,0.0
0.0,0.0
0.0,0.0
0.0,0.0
0.0,0.0
0.0,0.0
0.0,0.0
0.0,0.0
0.0,0.0
6931.0,0.0
1663.4399999999996,0.0
399.22559999999976,0.0
0.0,0.0
0.0,0.0
0.0,0.0
0.0,0.0
0.0,0.0
0.0,0.0
0.0,0.0
0.0,0.0
742.074157591164,0.0
6367.0236402307155,0.0
1528.0856736553715,0.0
366.7405616772892,0.0
0.0,0.0
0.0,0.0
0.0,0.0
0.0,0.0
0.0,0.0
0.0,0.0
0.0,0.0
0.0,0.0
0.0,0.0
6652.5546603398625,0.0
1875.0584581417043,0.0
450.01402995400895,0.0
108.00336718896233,0.0
25.92080812535096,0.0
6.220993950084448,0.0
1.4930385480201949,0.0
0.3583292515249923,0.0
0.0,0.0
0.0,0.0
6931.0,0.0
1663.4399999999996,0.0
399.22559999999976,0.0
95.81414399999994,0.0
22.995394560000022,0.0
5.518894694399933,0.0
0.0,0.0
0.0,0.0
0.0,0.0
0.0,0.0
0.0,0.0
0.0,0.0
0.0,0.0
6931.0,0.0
1663.4399999999996,0.0
399.22559999999976,0.0
95.81414399999994,0.0
0.0,0.0
0.0,0.0
0.0,0.0
0.0,0.0
0.0,0.0
0.0,0.0
0.0,0.0
0.0,0.0
6931.0,0.0
1663.4399999999996,0.0
399.22559999999976,0.0
95.81414399999994,0.0
0.0,0.0
0.0,0.0
0.0,0.0
0.0,0.0
0.0,0.0
0.0,0.0
0.0,0.0
0.0,0.0
6931.0,0.0
1663.4399999999996,0.0
399.22559999999976,0.0
95.81414399999994,0.0
0.0,0.0
0.0,0.0
0.0,0.0
0.0,0.0
0.0,0.0
0.0,0.0
0.0,0.0
0.0,0.0
0.0,0.0
0.0,0.0
0.0,0.0
0.0,0.0
0.0,0.0
0.0,0.0
0.0,0.0
0.0,0.0
0.0,0.0
0.0,0.0
0.0,0.0
0.0,0.0
0.0,0.0
0.0,0.0
0.0,0.0
0.0,0.0
0.0,0.0
0.0,0.0
0.0,0.0
0.0,0.0
0.0,0.0
0.0,0.0
0.0,0.0
0.0,0.0
0.0,0.0
0.0,0.0
0.0,0.0
0.0,0.0
0.0,0.0
0.0,0.0
0.0,0.0
0.0,0.0
0.0,0.0
0.0,0.0
0.0,0.0
0.0,0.0
0.0,0.0
455.07243557061884,0.0
0.0,0.0
0.0,0.0
0.0,0.0
0.0,0.0
0.0,0.0
0.0,0.0
0.0,0.0
0.0,0.0
0.0,0.0
0.0,0.0
0.0,0.0
66.21794826580663,0.0
1238.760355161383,0.0
0.0,0.0
0.0,0.0
0.0,0.0
0.0,0.0
0.0,0.0
0.0,0.0
0.0,0.0
0.0,0.0
0.0,0.0
0.0,0.0
4456.669067908275,0.0
0.0,0.0
0.0,0.0
0.0,0.0
0.0,0.0
0.0,0.0
0.0,0.0
0.0,0.0
0.0,0.0
0.0,0.0
0.0,0.0
0.0,0.0
0.0,0.0
0.0,0.0
0.0,0.0
0.0,0.0
0.0,0.0
0.0,0.0
0.0,0.0
0.0,0.0
0.0,0.0
0.0,0.0
0.0,0.0
0.0,0.0
6135.3000529225665,0.0
2268.1719597788497,0.0
544.3612703469239,0.0
0.0,0.0
0.0,0.0
0.0,0.0
0.0,0.0
0.0,0.0
0.0,0.0
0.0,0.0
0.0,0.0
6931.0,0.0
1663.4399999999996,0.0
399.22559999999976,0.0
95.81414399999994,0.0
0.0,0.0
0.0,0.0
0.0,0.0
0.0,0.0
0.0,0.0
0.0,0.0
0.0,0.0
0.0,0.0
6931.0,0.0
1663.4399999999996,0.0
399.22559999999976,0.0
95.81414399999994,0.0
0.0,0.0
0.0,0.0
0.0,0.0
0.0,0.0
0.0,0.0
0.0,0.0
0.0,0.0
0.0,0.0
0.0,0.0
6931.0,0.0
1663.4399999999996,0.0
0.0,0.0
0.0,0.0
0.0,0.0
0.0,0.0
0.0,0.0
0.0,0.0
0.0,0.0
0.0,0.0
0.0,0.0
0.0,0.0
0.0,0.0
0.0,0.0
0.0,0.0
0.0,0.0
0.0,0.0
0.0,0.0
0.0,0.0
0.0,0.0
0.0,0.0
0.0,0.0
0.0,0.0
0.0,0.0
1362.1221519278333,0.0
5739.827149673341,0.0
0.0,0.0
0.0,0.0
0.0,0.0
0.0,0.0
0.0,0.0
2048.2992341522913,0.0
0.0,0.0
0.0,0.0
0.0,0.0
6931.0,0.0
1663.4399999999996,0.0
399.22559999999976,0.0
95.81414399999994,0.0
0.0,0.0
0.0,0.0
0.0,0.0
0.0,0.0
5031.068911420079,0.0
3107.38762732074,0.0
108.61724876848257,0.0
663.2239214929305,0.0
159.17374115830353,0.0
38.201697877992956,0.0
9.168407490717982,0.0
2.2004177977723884,0.0
0.5281002714653733,0.0
0.0,0.0
0.0,0.0
0.0,0.0
790.1076085999484,0.0
0.0,0.0
0.0,0.0
0.0,0.0
6931.0,0.0
1663.4399999999996,0.0
399.22559999999976,0.0
95.81414399999994,0.0
0.0,0.0
0.0,0.0
0.0,0.0
0.0,0.0
0.0,0.0
0.0,0.0
0.0,0.0
0.0,0.0
0.0,0.0
0.0,0.0
0.0,0.0
0.0,0.0
0.0,0.0
0.0,0.0
0.0,0.0
0.0,0.0
0.0,0.0
0.0,0.0
0.0,0.0
0.0,0.0
0.0,0.0
6329.728944388661,0.0
2120.406002264617,0.0
508.8974405435083,0.0
122.13538573044207,0.0
29.31249257530635,0.0
7.0349982180732695,0.0
1.6883995723374028,0.0
0.0,0.0
0.0,0.0
0.0,0.0
0.0,0.0
6931.0,0.0
1663.4399999999996,0.0
399.22559999999976,0.0
95.81414399999994,0.0
0.0,0.0
0.0,0.0
0.0,0.0
0.0,0.0
0.0,0.0
0.0,0.0
0.0,0.0
1158.474229842173,0.0
6050.559585319948,0.0
1452.1343004767878,0.0
348.512232114429,0.0
83.64293570746304,0.0
0.0,0.0
0.0,0.0
0.0,0.0
0.0,0.0
0.0,0.0
0.0,0.0
0.0,0.0
0.0,0.0
0.0,0.0
0.0,0.0
0.0,0.0
0.0,0.0
0.0,0.0
0.0,0.0
0.0,0.0
0.0,0.0
0.0,0.0
0.0,0.0
0.0,0.0
0.0,0.0
1375.4344271804694,0.0
0.0,0.0
5885.669835342844,0.0
1412.5607604822817,0.0
339.01458251574786,0.0
0.0,0.0
265.01278835945686,0.0
63.60306920626954,0.0
15.264736609504325,0.0
3.663536786280929,0.0
0.8792488287072047,0.0
0.21101971888947446,0.0
0.05064473253332835,0.0
0.012154735807598627,0.0
0.002917136594078329,0.0
0.0007001127823969,0.0
0.00016802706795715494,0.0
0.0,0.0
0.0,0.0
0.0,0.0
0.0,0.0
0.0,0.0
0.0,0.0
0.0,0.0
0.0,0.0
0.0,0.0
0.0,0.0
0.0,0.0
0.0,0.0
0.0,0.0
0.0,0.0
0.0,0.0
0.0,0.0
0.0,0.0
0.0,0.0
0.0,0.0
0.0,0.0
0.0,0.0
3655.6528179099405,0.0
0.0,0.0
0.0,0.0
0.0,0.0
0.0,0.0
0.0,0.0
0.0,0.0
0.0,0.0
0.0,0.0
0.0,0.0
0.0,0.0
6931.0,0.0
1663.4399999999996,0.0
399.22559999999976,0.0
0.0,0.0
0.0,0.0
0.0,0.0
0.0,0.0
0.0,0.0
0.0,0.0
0.0,0.0
0.0,0.0
6931.0,0.0
1663.4399999999996,0.0
399.22559999999976,0.0
95.81414399999994,0.0
0.0,0.0
0.0,0.0
0.0,0.0
0.0,0.0
0.0,0.0
0.0,0.0
0.0,0.0
0.0,0.0
6931.0,0.0
1663.4399999999996,0.0
399.22559999999976,0.0
95.81414399999994,0.0
22.99539455999998,0.0
0.0,0.0
0.0,0.0
0.0,0.0
0.0,0.0
0.0,0.0
0.0,0.0
0.0,0.0
6931.0,0.0
1663.4399999999996,0.0
399.22559999999976,0.0
0.0,0.0
0.0,0.0
0.0,0.0
0.0,0.0
0.0,0.0
0.0,0.0
0.0,0.0
0.0,0.0
0.0,0.0
0.0,0.0
0.0,0.0
0.0,0.0
0.0,0.0
0.0,0.0
0.0,0.0
0.0,0.0
0.0,0.0
0.0,0.0
0.0,0.0
0.0,0.0
0.0,0.0
0.0,0.0
6931.0,0.0
1663.4399999999996,0.0
399.22559999999976,0.0
0.0,0.0
0.0,0.0
0.0,0.0
0.0,0.0
0.0,0.0
0.0,0.0
0.0,0.0
0.0,0.0
0.0,0.0
0.0,0.0
0.0,0.0
0.0,0.0
0.0,0.0
0.0,0.0
0.0,0.0
0.0,0.0
0.0,0.0
0.0,0.0
0.0,0.0
0.0,0.0
0.0,0.0
6931.0,0.0
1663.4399999999996,0.0
399.22559999999976,0.0
0.0,0.0
0.0,0.0
0.0,0.0
0.0,0.0
0.0,0.0
0.0,0.0
0.0,0.0
6931.0,0.0
1663.4399999999996,0.0
399.22559999999976,0.0
95.81414399999994,0.0
22.995394560000022,0.0
5.518894694399933,0.0
0.0,0.0
0.0,0.0
0.0,0.0
0.0,0.0
0.0,0.0
0.0,0.0
0.0,0.0
6931.0,0.0
1663.4399999999996,0.0
399.22559999999976,0.0
95.81414399999994,0.0
0.0,0.0
0.0,0.0
0.0,0.0
0.0,0.0
0.0,0.0
0.0,0.0
0.0,0.0
0.0,0.0
0.0,0.0
3421.14768418932,0.0
0.0,0.0
0.0,0.0
0.0,0.0
0.0,0.0
0.0,0.0
0.0,0.0
0.0,0.0
0.0,0.0
0.0,0.0
0.0,0.0
0.0,0.0
6931.0,0.0
1663.4399999999996,0.0
0.0,0.0
0.0,0.0
0.0,0.0
0.0,0.0
0.0,0.0
0.0,0.0
0.0,0.0
0.0,0.0
0.0,0.0
0.0,0.0
0.0,0.0
2029.6160129510533,0.0
0.0,0.0
0.0,0.0
0.0,0.0
0.0,0.0
0.0,0.0
0.0,0.0
0.0,0.0
0.0,0.0
0.0,0.0
0.0,0.0
6931.0,0.0
1663.4399999999996,0.0
399.22559999999976,0.0
95.81414399999994,0.0
0.0,0.0
0.0,0.0
0.0,0.0
0.0,0.0
534.3973439999972,0.0
0.0,0.0
0.0,0.0
0.0,0.0
0.0,0.0
0.0,0.0
0.0,0.0
0.0,0.0
0.0,0.0
0.0,0.0
0.0,0.0
0.0,0.0
0.0,0.0
0.0,0.0
0.0,0.0
0.0,0.0
0.0,0.0
0.0,0.0
6524.858018560002,0.0
1565.9659244544,0.0
375.8318218690565,0.0
90.19963724857371,0.0
21.647912939657544,0.0
5.195499105518138,0.0
1.2469197853242804,0.0
0.0,0.0
1665.0877048435977,0.0
399.62104916246335,0.0
95.90905179899164,0.0
23.018172431758103,0.0
5.524361383621908,0.0
1.3258467320702039,0.0
0.0,0.0
0.0,0.0
0.0,0.0
0.0,0.0
0.0,0.0
0.0,0.0
0.0,0.0
6931.0,0.0
1663.4399999999996,0.0
399.22559999999976,0.0
95.81414399999994,0.0
22.995394560000022,0.0
0.0,0.0
0.0,0.0
0.0,0.0
0.0,0.0
1042.4698925377904,0.0
0.0,0.0
0.0,0.0
6931.0,0.0
1663.4399999999996,0.0
399.22559999999976,0.0
95.81414399999994,0.0
0.0,0.0
0.0,0.0
0.0,0.0
0.0,0.0
0.0,0.0
0.0,0.0
0.0,0.0
0.0,0.0
0.0,0.0
6931.0,0.0
1663.4399999999996,0.0
399.22559999999976,0.0
0.0,0.0
0.0,0.0
0.0,0.0
0.0,0.0
0.0,0.0
0.0,0.0
0.0,0.0
0.0,0.0
2176.7855663897344,0.0
5276.642969543802,0.0
1266.3943126905106,0.0
0.0,0.0
0.0,0.0
0.0,0.0
0.0,0.0
0.0,0.0
0.0,0.0
0.0,0.0
0.0,0.0
0.0,0.0
163.57551899999817,0.0
0.0,0.0
0.0,0.0
0.0,0.0
6523.65569232826,0.0
0.0,0.0
0.0,0.0
0.0,0.0
0.0,0.0
0.0,0.0
0.0,0.0
0.0,0.0
0.0,0.0
0.0,0.0
6931.0,0.0
1663.4399999999996,0.0
232.30341464486992,0.0
0.0,0.0
222.675004869897,0.0
53.4420011687755,0.0
12.826080280505929,0.0
3.078259267321423,0.0
0.7387822241572991,0.0
0.17730773379775178,0.0
0.04255385611146042,0.0
0.0102129254667505,0.0
0.0024511021120201203,0.0
0.0005882645068848289,0.0
0.0001411834816523589,0.0
0.0,0.0
0.0,0.0
4796.269511288211,0.0
3285.8351714209593,0.0
744.6387318476882,0.0
222.67500493678276,0.0
53.44200118482808,0.0
12.82608028435865,0.0
3.0782592682460757,0.0
0.7387822243793905,0.0
0.1773077338510537,0.0
0.04255385612425288,0.0
0.01021292546982069,0.0
0.0024511021127569662,0.0
0.000588264506884829,0.0
0.00014118348165235897,0.0
0.0,0.0
0.0,0.0
0.0,0.0
6931.0,0.0
1663.4399999999996,0.0
399.22559999999976,0.0
95.81414399999994,0.0
0.0,0.0
0.0,0.0
0.0,0.0
0.0,0.0
0.0,0.0
0.0,0.0
0.0,0.0
0.0,0.0
0.0,0.0
0.0,0.0
0.0,0.0
0.0,0.0
0.0,0.0
0.0,0.0
0.0,0.0
0.0,0.0
0.0,0.0
0.0,0.0
0.0,0.0
0.0,0.0
0.0,0.0
2470.1107618503383,0.0
5053.715820993742,0.0
1212.8917970384982,0.0
0.0,0.0
0.0,0.0
0.0,0.0
0.0,0.0
0.0,0.0
0.0,0.0
0.0,0.0
0.0,0.0
6931.0,0.0
1663.4399999999996,0.0
399.22559999999976,0.0
95.81414399999994,0.0
22.995394560000022,0.0
0.0,0.0
0.0,0.0
0.0,0.0
734.8281485786893,0.0
5189.491474820693,0.0
2428.5170862164696,0.0
582.8441006919529,0.0
139.88258416606914,0.0
33.57182019985703,0.0
8.057236847966124,0.0
1.9337368435117241,0.0
0.0,0.0
0.0,0.0
0.0,0.0
0.0,0.0
0.0,0.0
0.0,0.0
0.0,0.0
0.0,0.0
0.0,0.0
6931.0,0.0
1663.4399999999996,0.0
0.0,0.0
0.0,0.0
0.0,0.0
0.0,0.0
0.0,0.0
3819.600160060035,0.0
4028.1038783543736,0.0
0.0,0.0
0.0,0.0
5614.130973170691,0.0
1347.391433560966,0.0
323.3739440546324,0.0
77.6097465731118,0.0
0.0,0.0
0.0,0.0
0.0,0.0
0.0,0.0
0.0,0.0
0.0,0.0
0.0,0.0
0.0,0.0
0.0,0.0
6490.105289952369,0.0
1998.5199796361994,0.0
0.0,0.0
0.0,0.0
0.0,0.0
0.0,0.0
0.0,0.0
0.0,0.0
0.0,0.0
0.0,0.0
0.0,0.0
0.0,0.0
6931.0,0.0
1663.4399999999996,0.0
0.0,0.0
0.0,0.0
0.0,0.0
0.0,0.0
0.0,0.0
0.0,0.0
0.0,0.0
0.0,0.0
0.0,0.0
6931.0,0.0
1663.4399999999996,0.0
399.22559999999976,0.0
95.81414399999994,0.0
0.0,0.0
0.0,0.0
0.0,0.0
0.0,0.0
0.0,0.0
0.0,0.0
0.0,0.0
0.0,0.0
0.0,0.0
6931.0,0.0
1663.4399999999996,0.0
399.22559999999976,0.0
0.0,0.0
0.0,0.0
0.0,0.0
0.0,0.0
0.0,0.0
0.0,0.0
0.0,0.0
0.0,0.0
0.0,0.0
5600.409323964347,0.0
2674.6889137870958,0.0
0.0,0.0
0.0,0.0
0.0,0.0
0.0,0.0
0.0,0.0
0.0,0.0
0.0,0.0
0.0,0.0
0.0,0.0
0.0,0.0
0.0,0.0
0.0,0.0
0.0,0.0
0.0,0.0
0.0,0.0
0.0,0.0
0.0,0.0
0.0,0.0
0.0,0.0
0.0,0.0
0.0,0.0
0.0,0.0
0.0,0.0
0.0,0.0
0.0,0.0
0.0,0.0
0.0,0.0
0.0,0.0
0.0,0.0
0.0,0.0
0.0,0.0
0.0,0.0
0.0,0.0
0.0,0.0
3131.1839423678,0.0
4551.300203800472,0.0
1092.3120489121138,0.0
0.0,0.0
0.0,0.0
952.0264907678519,0.0
6207.459867016432,0.0
1489.7903680839436,0.0
357.54968834014653,0.0
0.0,0.0
6107.522716066326,0.0
0.0,0.0
0.0,0.0
2289.282735789592,0.0
0.0,0.0
0.0,0.0
549.427856589502,0.0
131.86268558148004,0.0
31.64704453955528,0.0
7.595290689493595,0.0
1.822869765478572,0.0
0.43748874371522106,0.0
0.10499729849198047,0.0
0.025199351637638756,0.0
0.006047844392924162,0.0
0.0014514826543745585,0.0
0.00034835583664971637,0.0
6.542284972965717e-5,0.0
0.0,0.0
0.0,0.0
0.0,0.0
0.0,0.0
0.0,0.0
0.0,0.0
0.0,0.0
0.0,0.0
3191.2282246813193,0.0
1929.6976639527238,0.0
0.0,0.0
0.0,0.0
0.0,0.0
0.0,0.0
0.0,0.0
0.0,0.0
0.0,0.0
0.0,0.0
0.0,0.0
0.0,0.0
6350.83547156567,0.0
2104.365041610091,0.0
0.0,0.0
0.0,0.0
0.0,0.0
0.0,0.0
0.0,0.0
0.0,0.0
0.0,0.0
0.0,0.0
0.0,0.0
0.0,0.0
0.0,0.0
0.0,0.0
0.0,0.0
0.0,0.0
0.0,0.0
0.0,0.0
6147.742718961365,0.0
2258.715533589362,0.0
542.0917280614467,0.0
0.0,0.0
0.0,0.0
6931.0,0.0
1663.4399999999996,0.0
399.22559999999976,0.0
95.81414399999994,0.0
22.995394560000022,0.0
0.0,0.0
0.0,0.0
0.0,0.0
0.0,0.0
0.0,0.0
0.0,0.0
2986.761686938455,0.0
4661.061117926774,0.0
1118.6546683024253,0.0
268.47712039258204,0.0
64.43450889422002,0.0
15.464282134613313,0.0
0.0,0.0
0.0,0.0
0.0,0.0
0.0,0.0
0.0,0.0
0.0,0.0
0.0,0.0
6096.40537993093,0.0
2297.731911252493,0.0
551.4556587005982,0.0
132.34935808814225,0.0
0.0,0.0
0.0,0.0
0.0,0.0
0.0,0.0
0.0,0.0
0.0,0.0
0.0,0.0
0.0,0.0
0.0,0.0
6931.0,0.0
1663.4399999999996,0.0
399.22559999999976,0.0
0.0,0.0
0.0,0.0
0.0,0.0
0.0,0.0
0.0,0.0
0.0,0.0
0.0,0.0
0.0,0.0
889.8756777026032,0.0
6254.6944849460215,0.0
1501.1266763870453,0.0
360.2704023328906,0.0
86.46489655989353,0.0
0.0,0.0
0.0,0.0
0.0,0.0
0.0,0.0
0.0,0.0
0.0,0.0
0.0,0.0
6931.0,0.0
1663.4399999999996,0.0
399.22559999999976,0.0
95.81414399999994,0.0
0.0,0.0
0.0,0.0
0.0,0.0
0.0,0.0
0.0,0.0
0.0,0.0
0.0,0.0
0.0,0.0
0.0,0.0
1928.289257514618,0.0
4086.8668530894392,0.0
0.0,0.0
0.0,0.0
0.0,0.0
0.0,0.0
0.0,0.0
0.0,0.0
0.0,0.0
0.0,0.0
0.0,0.0
0.0,0.0
222.88645698128244,0.0
3343.9131737838684,0.0
0.0,0.0
0.0,0.0
0.0,0.0
0.0,0.0
0.0,0.0
0.0,0.0
0.0,0.0
0.0,0.0
0.0,0.0
0.0,0.0
0.0,0.0
0.0,0.0
0.0,0.0
0.0,0.0
0.0,0.0
0.0,0.0
0.0,0.0
422.68658488026904,0.0
0.0,0.0
0.0,0.0
0.0,0.0
6931.0,0.0
1663.4399999999996,0.0
399.22559999999976,0.0
95.81414399999994,0.0
0.0,0.0
0.0,0.0
0.0,0.0
0.0,0.0
0.0,0.0
0.0,0.0
0.0,0.0
0.0,0.0
0.0,0.0
6931.0,0.0
1663.4399999999996,0.0
0.0,0.0
0.0,0.0
0.0,0.0
0.0,0.0
0.0,0.0
0.0,0.0
0.0,0.0
0.0,0.0
0.0,0.0
6838.257285316797,0.0
1733.9244631592346,0.0
416.1418711582164,0.0
99.87404907797196,0.0
0.0,0.0
0.0,0.0
0.0,0.0
0.0,0.0
0.0,0.0
0.0,0.0
0.0,0.0
0.0,0.0
5616.762586855715,0.0
2662.260433989656,0.0
638.9425041575178,0.0
153.34620099780386,0.0
0.0,0.0
0.0,0.0
0.0,0.0
0.0,0.0
0.0,0.0
0.0,0.0
0.0,0.0
0.0,0.0
0.0,0.0
6931.0,0.0
1663.4399999999996,0.0
399.22559999999976,0.0
0.0,0.0
0.0,0.0
0.0,0.0
0.0,0.0
0.0,0.0
0.0,0.0
0.0,0.0
0.0,0.0
0.0,0.0
0.0,0.0
0.0,0.0
0.0,0.0
0.0,0.0
0.0,0.0
0.0,0.0
0.0,0.0
0.0,0.0
0.0,0.0
0.0,0.0
0.0,0.0
0.0,0.0
6129.482077260051,0.0
2272.5936212823617,0.0
0.0,0.0
0.0,0.0
0.0,0.0
0.0,0.0
0.0,0.0
0.0,0.0
0.0,0.0
0.0,0.0
0.0,0.0
0.0,0.0
6931.0,0.0
1663.4399999999996,0.0
399.22559999999976,0.0
95.81414399999994,0.0
0.0,0.0
0.0,0.0
358.0629827184812,0.0
399.74620299999515,0.0
0.0,0.0
320.54001900000003,0.0
0.0,0.0
0.0,0.0
0.0,0.0
6111.454604413958,0.0
0.0,0.0
0.0,0.0
0.0,0.0
1466.7491050593499,0.0
0.0,0.0
0.0,0.0
352.0197852142437,0.0
84.48474845141845,0.0
0.0,0.0
0.0,0.0
0.0,0.0
20.276339628340793,0.0
4.866321510801754,0.0
1.1679171625928575,0.0
0.0,0.0
0.0,0.0
3315.978214842373,0.0
795.8347715621694,0.0
191.00034517492077,0.0
45.8400828419808,0.0
11.001619882075829,0.0
2.6403887716978716,0.0
0.633693305207089,0.0
0.15208639325010154,0.0
0.03650073437984247,0.0
0.00876017624977976,0.0
0.0,0.0
0.0,0.0
0.0,0.0
0.0,0.0
0.0,0.0
6931.0,0.0
0.0,0.0
0.0,0.0
0.0,0.0
1663.4399999999996,0.0
399.22559999999976,0.0
0.0,0.0
0.0,0.0
95.81414399999994,0.0
22.995394560000022,0.0
5.518894694399933,0.0
1.3245347266556564,0.0
0.31788833439713926,0.0
0.0762932002553498,0.0
0.018310368061065674,0.0
0.004394488334583002,0.0
0.001054677200045262,0.0
0.0002531225281927618,0.0
3.534917260893915e-5,0.0
0.0,0.0
0.0,0.0
0.0,0.0
0.0,0.0
0.0,0.0
0.0,0.0
0.0,0.0
0.0,0.0
0.0,0.0
0.0,0.0
0.0,0.0
0.0,0.0
0.0,0.0
0.0,0.0
0.0,0.0
0.0,0.0
0.0,0.0
0.0,0.0
0.0,0.0
6931.0,0.0
1663.4399999999996,0.0
399.22559999999976,0.0
95.81414399999994,0.0
22.995394560000022,0.0
0.0,0.0
0.0,0.0
0.0,0.0
4883.465753337665,0.0
3219.5660274633747,0.0
0.0,0.0
0.0,0.0
6931.0,0.0
1663.4399999999996,0.0
399.22559999999976,0.0
95.81414399999994,0.0
22.995394560000022,0.0
0.0,0.0
0.0,0.0
0.0,0.0
0.0,0.0
0.0,0.0
0.0,0.0
0.0,0.0
0.0,0.0
2117.900596616684,0.0
2270.549348369819,0.0
0.0,0.0
0.0,0.0
0.0,0.0
0.0,0.0
0.0,0.0
0.0,0.0
0.0,0.0
0.0,0.0
0.0,0.0
0.0,0.0
0.0,0.0
150.56890668101914,0.0
0.0,0.0
0.0,0.0
0.0,0.0
0.0,0.0
0.0,0.0
0.0,0.0
0.0,0.0
0.0,0.0
0.0,0.0
0.0,0.0
0.0,0.0
0.0,0.0
0.0,0.0
0.0,0.0
0.0,0.0
0.0,0.0
0.0,0.0
0.0,0.0
0.0,0.0
0.0,0.0
0.0,0.0
0.0,0.0
0.0,0.0
0.0,0.0
0.0,0.0
0.0,0.0
0.0,0.0
0.0,0.0
0.0,0.0
0.0,0.0
0.0,0.0
0.0,0.0
0.0,0.0
0.0,0.0
0.0,0.0
0.0,0.0
0.0,0.0
0.0,0.0
0.0,0.0
1473.8884335149633,0.0
5810.844790528628,0.0
1394.6027497268697,0.0
334.7046599344485,0.0
0.0,0.0
0.0,0.0
4617.240523432845,0.0
1108.137725623883,0.0
265.95305414973154,0.0
63.82873299593575,0.0
15.318895919024577,0.0
0.0,0.0
0.0,0.0
0.0,0.0
0.0,0.0
0.0,0.0
0.0,0.0
0.0,0.0
0.0,0.0
4671.61379460571,0.0
3380.5735160996605,0.0
0.0,0.0
0.0,0.0
0.0,0.0
0.0,0.0
0.0,0.0
0.0,0.0
0.0,0.0
0.0,0.0
0.0,0.0
6236.143737809069,0.0
2191.530759265108,0.0
525.9673822236259,0.0
0.0,0.0
0.0,0.0
0.0,0.0
0.0,0.0
0.0,0.0
0.0,0.0
0.0,0.0
0.0,0.0
0.0,0.0
0.0,0.0
0.0,0.0
0.0,0.0
0.0,0.0
0.0,0.0
0.0,0.0
0.0,0.0
0.0,0.0
0.0,0.0
0.0,0.0
0.0,0.0
0.0,0.0
0.0,0.0
0.0,0.0
0.0,0.0
0.0,0.0
0.0,0.0
0.0,0.0
0.0,0.0
0.0,0.0
0.0,0.0
0.0,0.0
0.0,0.0
0.0,0.0
0.0,0.0
3990.6062251022813,0.0
3898.139268922266,0.0
935.185893245346,0.0
0.0,0.0
0.0,0.0
4544.158902010417,0.0
0.0,0.0
0.0,0.0
0.0,0.0
3359.884899193833,0.0
0.0,0.0
0.0,0.0
0.0,0.0
923.9267110847704,0.0
0.0,0.0
0.0,0.0
0.0,0.0
221.74241066034483,0.0
0.0,0.0
53.21817855848258,0.0
0.0,0.0
12.772362854036146,0.0
0.0,0.0
0.0,0.0
0.0,0.0
3.065367084968784,0.0
0.7356881003925082,0.0
0.0,0.0
0.17656514409463853,0.0
0.04237563458264049,0.0
0.010170152299906476,0.0
0.0024408365516137565,0.0
0.0005858007725692005,0.0
0.00014040546011528932,0.0
0.0,0.0
679.2333314851403,0.0
163.0159995564336,0.0
39.123839893543845,0.0
9.389721574450522,0.0
0.0,0.0
0.0,0.0
0.0,0.0
0.0,0.0
0.0,0.0
0.0,0.0
0.0,0.0
0.0,0.0
0.0,0.0
0.0,0.0
0.0,0.0
0.0,0.0
0.0,0.0
0.0,0.0
0.0,0.0
0.0,0.0
0.0,0.0
0.0,0.0
0.0,0.0
0.0,0.0
6931.0,0.0
1663.4399999999996,0.0
399.22559999999976,0.0
95.81414399999994,0.0
0.0,0.0
0.0,0.0
0.0,0.0
0.0,0.0
0.0,0.0
0.0,0.0
0.0,0.0
0.0,0.0
6931.0,0.0
1663.4399999999996,0.0
399.22559999999976,0.0
95.81414399999994,0.0
0.0,0.0
0.0,0.0
0.0,0.0
4748.021121600268,0.0
3282.2014156468927,0.0
0.0,0.0
0.0,0.0
0.0,0.0
433.38884532683187,0.0
0.0,0.0
0.0,0.0
0.0,0.0
0.0,0.0
0.0,0.0
0.0,0.0
6601.624477551608,0.0
0.0,0.0
1584.389874612386,0.0
0.0,0.0
380.2535699069722,0.0
91.26085677767333,0.0
11.942796508068568,0.0
12.826080280507254,0.0
3.078259267322079,0.0
0.738782224157299,0.0
0.17730773379775172,0.0
0.04255385611146041,0.0
0.0102129254667505,0.0
0.0024511021120201203,0.0
0.0005882645068848287,0.0
0.0001411834816523589,0.0
0.0,0.0
5059.851216112554,0.0
3085.513075754459,0.0
740.5231381810681,0.0
0.0,0.0
0.0,0.0
0.0,0.0
0.0,0.0
0.0,0.0
0.0,0.0
0.0,0.0
0.0,0.0
0.0,0.0
0.0,0.0
0.0,0.0
0.0,0.0
0.0,0.0
0.0,0.0
0.0,0.0
0.0,0.0
0.0,0.0
0.0,0.0
0.0,0.0
0.0,0.0
0.0,0.0
0.0,0.0
0.0,0.0
0.0,0.0
0.0,0.0
0.0,0.0
0.0,0.0
0.0,0.0
0.0,0.0
0.0,0.0
0.0,0.0
0.0,0.0
0.0,0.0
0.0,0.0
6931.0,0.0
1663.4399999999996,0.0
0.0,0.0
0.0,0.0
0.0,0.0
0.0,0.0
0.0,0.0
0.0,0.0
0.0,0.0
0.0,0.0
0.0,0.0
0.0,0.0
0.0,0.0
0.0,0.0
0.0,0.0
0.0,0.0
0.0,0.0
0.0,0.0
0.0,0.0
0.0,0.0
0.0,0.0
0.0,0.0
0.0,0.0
0.0,0.0
0.0,0.0
3353.094611750949,0.0
0.0,0.0
0.0,0.0
0.0,0.0
0.0,0.0
0.0,0.0
0.0,0.0
0.0,0.0
0.0,0.0
0.0,0.0
0.0,0.0
0.0,0.0
0.0,0.0
0.0,0.0
0.0,0.0
0.0,0.0
0.0,0.0
0.0,0.0
0.0,0.0
0.0,0.0
0.0,0.0
0.0,0.0
0.0,0.0
0.0,0.0
0.0,0.0
0.0,0.0
0.0,0.0
0.0,0.0
0.0,0.0
0.0,0.0
0.0,0.0
0.0,0.0
0.0,0.0
0.0,0.0
0.0,0.0
0.0,0.0
0.0,0.0
0.0,0.0
0.0,0.0
0.0,0.0
0.0,0.0
0.0,0.0
0.0,0.0
0.0,0.0
0.0,0.0
0.0,0.0
0.0,0.0
0.0,0.0
0.0,0.0
0.0,0.0
0.0,0.0
0.0,0.0
0.0,0.0
0.0,0.0
0.0,0.0
0.0,0.0
0.0,0.0
0.0,0.0
0.0,0.0
0.0,0.0
0.0,0.0
0.0,0.0
0.0,0.0
0.0,0.0
0.0,0.0
0.0,0.0
0.0,0.0
0.0,0.0
0.0,0.0
0.0,0.0
0.0,0.0
0.0,0.0
0.0,0.0
0.0,0.0
0.0,0.0
0.0,0.0
0.0,0.0
0.0,0.0
0.0,0.0
0.0,0.0
0.0,0.0
0.0,0.0
0.0,0.0
0.0,0.0
0.0,0.0
0.0,0.0
0.0,0.0
0.0,0.0
0.0,0.0
0.0,0.0
0.0,0.0
0.0,0.0
0.0,0.0
0.0,0.0
6931.0,0.0
0.0,0.0
518.4365099524125,0.0
0.0,0.0
0.0,0.0
0.0,0.0
616.9913699999961,0.0
1788.8544140000013,0.0
0.0,0.0
429.3250593600005,0.0
0.0,0.0
0.0,0.0
4824.402462999991,0.0
0.0,0.0
1292.6284815226027,0.0
115.20504038882336,0.0
0.0,0.0
222.67500486991878,0.0
53.44200116878024,0.0
12.826080280507256,0.0
3.078259267322079,0.0
0.738782224157299,0.0
0.17730773379775172,0.0
0.04255385611146041,0.0
0.0102129254667505,0.0
0.0024511021120201203,0.0
0.0005882645068848287,0.0
0.0001411834816523589,0.0
0.0,0.0
0.0,0.0
0.0,0.0
0.0,0.0
0.0,0.0
0.0,0.0
0.0,0.0
0.0,0.0
0.0,0.0
0.0,0.0
0.0,0.0
0.0,0.0
0.0,0.0
0.0,0.0
0.0,0.0
0.0,0.0
0.0,0.0
0.0,0.0
0.0,0.0
0.0,0.0
0.0,0.0
173.97862288713804,0.0
0.0,0.0
0.0,0.0
0.0,0.0
0.0,0.0
0.0,0.0
0.0,0.0
0.0,0.0
0.0,0.0
0.0,0.0
0.0,0.0
0.0,0.0
0.0,0.0
0.0,0.0
0.0,0.0
0.0,0.0
0.0,0.0
0.0,0.0
0.0,0.0
0.0,0.0
0.0,0.0
0.0,0.0
0.0,0.0
6931.0,0.0
1663.4399999999996,0.0
399.22559999999976,0.0
95.81414399999994,0.0
22.995394560000022,0.0
5.518894694399933,0.0
1.3245347266556564,0.0
0.31788833439713926,0.0
0.0762932002553498,0.0
0.018310368061065674,0.0
0.0,0.0
0.0,0.0
0.0,0.0
0.0,0.0
0.0,0.0
0.0,0.0
0.0,0.0
0.0,0.0
0.0,0.0
0.0,0.0
0.0,0.0
3622.335829177674,0.0
0.0,0.0
0.0,0.0
0.0,0.0
0.0,0.0
0.0,0.0
0.0,0.0
0.0,0.0
0.0,0.0
0.0,0.0
0.0,0.0
0.0,0.0
0.0,0.0
0.0,0.0
0.0,0.0
0.0,0.0
0.0,0.0
0.0,0.0
0.0,0.0
0.0,0.0
0.0,0.0
0.0,0.0
0.0,0.0
0.0,0.0
0.0,0.0
0.0,0.0
0.0,0.0
0.0,0.0
0.0,0.0
0.0,0.0
0.0,0.0
0.0,0.0
0.0,0.0
0.0,0.0
0.0,0.0
0.0,0.0
0.0,0.0
0.0,0.0
0.0,0.0
0.0,0.0
6931.0,0.0
0.0,0.0
0.0,0.0
0.0,0.0
0.0,0.0
0.0,0.0
1663.4399999999996,0.0
0.0,0.0
0.0,0.0
399.22559999999976,0.0
95.81414399999994,0.0
22.995394560000022,0.0
5.518894694399933,0.0
1.3245347266556564,0.0
0.31788833439713926,0.0
0.0762932002553498,0.0
0.018310368061065674,0.0
0.004394488334583002,0.0
0.001054677200045262,0.0
0.0002531225281927618,0.0
3.5349172776477644e-5,0.0
0.0,0.0
0.0,0.0
0.0,0.0
6931.0,0.0
1663.4399999999996,0.0
0.0,0.0
0.0,0.0
0.0,0.0
6931.0,0.0
0.0,0.0
1663.4399999999996,0.0
232.30341464518278,0.0
222.67500486965827,0.0
53.44200116871818,0.0
12.826080280492766,0.0
3.0782592673182636,0.0
0.7387822241563832,0.0
0.1773077337977518,0.0
0.04255385611146043,0.0
0.0102129254667505,0.0
0.0024511021120201203,0.0
0.0005882645068848289,0.0
0.00014118348165235897,0.0
0.0,0.0
0.0,0.0
0.0,0.0
0.0,0.0
6931.0,0.0
1663.4399999999996,0.0
399.22559999999976,0.0
95.81414399999994,0.0
0.0,0.0
0.0,0.0
0.0,0.0
0.0,0.0
0.0,0.0
0.0,0.0
0.0,0.0
0.0,0.0
0.0,0.0
1484.833030862162,0.0
0.0,0.0
0.0,0.0
6553.592284817292,0.0
0.0,0.0
0.0,0.0
0.0,0.0
0.0,0.0
0.0,0.0
0.0,0.0
0.0,0.0
0.0,0.0
0.0,0.0
1950.269863538857,0.0
468.0647672493251,0.0
77.49150390859722,0.0
53.442001169302245,0.0
12.826080280632247,0.0
3.078259267351739,0.0
0.7387822241639688,0.0
0.1773077337993525,0.0
0.042553856111460425,0.0
0.010212925466750502,0.0
0.00245110211202012,0.0
0.0005882645068848287,0.0
0.0001411834816523589,0.0
0.0,0.0
0.0,0.0
0.0,0.0
0.0,0.0
0.0,0.0
0.0,0.0
0.0,0.0
0.0,0.0
0.0,0.0
0.0,0.0
6931.0,0.0
0.0,0.0
0.0,0.0
0.0,0.0
0.0,0.0
0.0,0.0
0.0,0.0
0.0,0.0
0.0,0.0
0.0,0.0
0.0,0.0
6931.0,0.0
1663.4399999999996,0.0
399.22559999999976,0.0
0.0,0.0
0.0,0.0
0.0,0.0
0.0,0.0
0.0,0.0
0.0,0.0
0.0,0.0
0.0,0.0
0.0,0.0
3564.454769586308,0.0
0.0,0.0
0.0,0.0
0.0,0.0
0.0,0.0
0.0,0.0
0.0,0.0
0.0,0.0
0.0,0.0
0.0,0.0
4222.014375114406,0.0
0.0,0.0
0.0,0.0
1013.2834500274575,0.0
0.0,0.0
0.0,0.0
0.0,0.0
243.18802800658978,0.0
58.36512672158187,0.0
14.007630413179868,0.0
3.3618312991629864,0.0
0.8068395117988985,0.0
0.19364148283148097,0.0
0.046473955879264395,0.0
0.0012379262479953468,0.0
0.010212925465399522,0.0
0.002451102112020121,0.0
0.000588264506884829,0.0
0.00014118348165235894,0.0
0.0,0.0
0.0,0.0
0.0,0.0
0.0,0.0
0.0,0.0
0.0,0.0
0.0,0.0
0.0,0.0
6931.0,0.0
0.0,0.0
0.0,0.0
0.0,0.0
0.0,0.0
0.0,0.0
0.0,0.0
0.0,0.0
0.0,0.0
1663.4399999999996,0.0
399.22559999999976,0.0
55.752819514853066,0.0
0.0,0.0
0.0,0.0
0.0,0.0
0.0,0.0
53.442001168711315,0.0
12.82608028049026,0.0
3.078259267317633,0.0
0.7387822241563832,0.0
0.1773077337977518,0.0
0.04255385611146043,0.0
0.0102129254667505,0.0
0.0024511021120201203,0.0
0.0005882645068848289,0.0
0.00014118348165235897,0.0
0.0,0.0
0.0,0.0
0.0,0.0
0.0,0.0
0.0,0.0
0.0,0.0
3250.942397658193,0.0
0.0,0.0
0.0,0.0
0.0,0.0
4460.283777779774,0.0
0.0,0.0
0.0,0.0
0.0,0.0
0.0,0.0
0.0,0.0
0.0,0.0
0.0,0.0
0.0,0.0
0.0,0.0
0.0,0.0
0.0,0.0
0.0,0.0
0.0,0.0
0.0,0.0
0.0,0.0
0.0,0.0
0.0,0.0
0.0,0.0
1070.4681066671455,0.0
0.0,0.0
0.0,0.0
0.0,0.0
0.0,0.0
0.0,0.0
0.0,0.0
0.0,0.0
0.0,0.0
0.0,0.0
0.0,0.0
0.0,0.0
0.0,0.0
0.0,0.0
0.0,0.0
0.0,0.0
0.0,0.0
0.0,0.0
256.91234560011526,0.0
10.811791808882845,0.0
0.0,0.0
53.44200116926814,0.0
12.826080280624456,0.0
3.0782592673498694,0.0
0.7387822241639684,0.0
0.17730773379935244,0.0
0.042553856111460425,0.0
0.010212925466750502,0.0
0.00245110211202012,0.0
0.0005882645068848287,0.0
0.0001411834816523589,0.0
0.0,0.0
0.0,0.0
0.0,0.0
0.0,0.0
0.0,0.0
0.0,0.0
6931.0,0.0
1663.4399999999996,0.0
399.22559999999976,0.0
95.81414399999994,0.0
22.995394560000022,0.0
5.518894694399933,0.0
0.0,0.0
0.0,0.0
0.0,0.0
0.0,0.0
0.0,0.0
0.0,0.0
0.0,0.0
0.0,0.0
0.0,0.0
0.0,0.0
0.0,0.0
0.0,0.0
0.0,0.0
0.0,0.0
0.0,0.0
0.0,0.0
273.7924710455063,0.0
6722.917722005415,0.0
1613.5002532812996,0.0
0.0,0.0
0.0,0.0
6931.0,0.0
1663.4399999999996,0.0
399.22559999999976,0.0
95.81414399999994,0.0
22.995394560000022,0.0
5.518894694399933,0.0
1.3245347266556564,0.0
0.31788833439713926,0.0
0.0762932002553498,0.0
0.01831036806128395,0.0
0.0,0.0
0.0,0.0
0.0,0.0
6918.351252543809,0.0
0.0,0.0
0.0,0.0
0.0,0.0
0.0,0.0
0.0,0.0
0.0,0.0
0.0,0.0
0.0,0.0
0.0,0.0
0.0,0.0
6931.0,0.0
1663.4399999999996,0.0
232.3034146419846,0.0
0.0,0.0
222.67500487209116,0.0
53.44200116930201,0.0
12.82608028063219,0.0
3.078259267351739,0.0
0.7387822241639688,0.0
0.1773077337993525,0.0
0.042553856111460425,0.0
0.010212925466750502,0.0
0.00245110211202012,0.0
0.0005882645068848287,0.0
0.0001411834816523589,0.0
0.0,0.0
0.0,0.0
0.0,0.0
0.0,0.0
0.0,0.0
0.0,0.0
0.0,0.0
0.0,0.0
0.0,0.0
0.0,0.0
0.0,0.0
0.0,0.0
0.0,0.0
0.0,0.0
0.0,0.0
0.0,0.0
0.0,0.0
0.0,0.0
0.0,0.0
0.0,0.0
0.0,0.0
0.0,0.0
0.0,0.0
0.0,0.0
0.0,0.0
0.0,0.0
0.0,0.0
0.0,0.0
0.0,0.0
0.0,0.0
0.0,0.0
0.0,0.0
0.0,0.0
0.0,0.0
0.0,0.0
0.0,0.0
0.0,0.0
0.0,0.0
0.0,0.0
0.0,0.0
0.0,0.0
0.0,0.0
0.0,0.0
0.0,0.0
0.0,0.0
0.0,0.0
0.0,0.0
0.0,0.0
0.0,0.0
0.0,0.0
0.0,0.0
2816.017427246441,0.0
4790.826755292705,0.0
1149.798421270249,0.0
0.0,0.0
0.0,0.0
0.0,0.0
0.0,0.0
6931.0,0.0
0.0,0.0
0.0,0.0
0.0,0.0
0.0,0.0
0.0,0.0
0.0,0.0
0.0,0.0
0.0,0.0
0.0,0.0
0.0,0.0
0.0,0.0
0.0,0.0
0.0,0.0
0.0,0.0
0.0,0.0
0.0,0.0
0.0,0.0
0.0,0.0
0.0,0.0
0.0,0.0
0.0,0.0
0.0,0.0
0.0,0.0
0.0,0.0
0.0,0.0
0.0,0.0
0.0,0.0
0.0,0.0
0.0,0.0
0.0,0.0
0.0,0.0
0.0,0.0
0.0,0.0
0.0,0.0
0.0,0.0
0.0,0.0
0.0,0.0
0.0,0.0
0.0,0.0
0.0,0.0
0.0,0.0
0.0,0.0
0.0,0.0
0.0,0.0
0.0,0.0
0.0,0.0
0.0,0.0
0.0,0.0
0.0,0.0
0.0,0.0
0.0,0.0
0.0,0.0
0.0,0.0
0.0,0.0
0.0,0.0
0.0,0.0
0.0,0.0
0.0,0.0
0.0,0.0
0.0,0.0
0.0,0.0
0.0,0.0
0.0,0.0
0.0,0.0
0.0,0.0
0.0,0.0
0.0,0.0
0.0,0.0
0.0,0.0
0.0,0.0
0.0,0.0
0.0,0.0
0.0,0.0
0.0,0.0
0.0,0.0
0.0,0.0
0.0,0.0
0.0,0.0
0.0,0.0
0.0,0.0
0.0,0.0
0.0,0.0
0.0,0.0
0.0,0.0
0.0,0.0
0.0,0.0
0.0,0.0
0.0,0.0
0.0,0.0
0.0,0.0
0.0,0.0
0.0,0.0
0.0,0.0
0.0,0.0
0.0,0.0
0.0,0.0
0.0,0.0
0.0,0.0
0.0,0.0
0.0,0.0
0.0,0.0
0.0,0.0
0.0,0.0
0.0,0.0
0.0,0.0
0.0,0.0
0.0,0.0
0.0,0.0
0.0,0.0
0.0,0.0
0.0,0.0
0.0,0.0
0.0,0.0
0.0,0.0
0.0,0.0
0.0,0.0
0.0,0.0
0.0,0.0
0.0,0.0
1027.1484130512363,0.0
0.0,0.0
0.0,0.0
0.0,0.0
0.0,0.0
0.0,0.0
0.0,0.0
0.0,0.0
0.0,0.0
0.0,0.0
0.0,0.0
6931.0,0.0
1663.4399999999996,0.0
0.0,0.0
0.0,0.0
0.0,0.0
0.0,0.0
0.0,0.0
0.0,0.0
0.0,0.0
0.0,0.0
0.0,0.0
0.0,0.0
0.0,0.0
0.0,0.0
399.22559999999976,0.0
0.0,0.0
0.0,0.0
5472.114492052799,0.0
1313.3074780926709,0.0
315.19379474224115,0.0
75.6465107381373,0.0
18.155162577152623,0.0
4.3572390185163385,0.0
1.045737364443994,0.0
0.2509769674661584,0.0
0.06023447219195077,0.0
0.014456273325777147,0.0
0.0,0.0
222.67500674410803,0.0
53.44200161858589,0.0
12.826080388460468,0.0
3.078259293230076,0.0
0.7387822303753637,0.0
0.17730773529001453,0.0
0.04255385646956711,0.0
0.01021292555196851,0.0
0.0024511021319995052,0.0
0.0005882645109522855,0.0
0.00014118348190095276,0.0
0.0,0.0
0.0,0.0
0.0,0.0
0.0,0.0
0.0,0.0
0.0,0.0
0.0,0.0
0.0,0.0
0.0,0.0
0.0,0.0
0.0,0.0
0.0,0.0
0.0,0.0
0.0,0.0
0.0,0.0
0.0,0.0
0.0,0.0
0.0,0.0
0.0,0.0
0.0,0.0
0.0,0.0
0.0,0.0
0.0,0.0
0.0,0.0
0.0,0.0
0.0,0.0
0.0,0.0
0.0,0.0
0.0,0.0
0.0,0.0
0.0,0.0
0.0,0.0
0.0,0.0
0.0,0.0
0.0,0.0
0.0,0.0
0.0,0.0
0.0,0.0
0.0,0.0
0.0,0.0
0.0,0.0
0.0,0.0
0.0,0.0
0.0,0.0
0.0,0.0
0.0,0.0
0.0,0.0
0.0,0.0
0.0,0.0
0.0,0.0
0.0,0.0
0.0,0.0
0.0,0.0
0.0,0.0
0.0,0.0
0.0,0.0
0.0,0.0
0.0,0.0
0.0,0.0
0.0,0.0
0.0,0.0
0.0,0.0
0.0,0.0
0.0,0.0
0.0,0.0
0.0,0.0
0.0,0.0
0.0,0.0
0.0,0.0
0.0,0.0
0.0,0.0
0.0,0.0
0.0,0.0
0.0,0.0
0.0,0.0
0.0,0.0
0.0,0.0
0.0,0.0
0.0,0.0
0.0,0.0
0.0,0.0
0.0,0.0
0.0,0.0
0.0,0.0
0.0,0.0
0.0,0.0
0.0,0.0
935.2955516245587,0.0
0.0,0.0
0.0,0.0
0.0,0.0
0.0,0.0
3615.7549088991436,0.0
0.0,0.0
0.0,0.0
0.0,0.0
0.0,0.0
0.0,0.0
0.0,0.0
0.0,0.0
0.0,0.0
0.0,0.0
0.0,0.0
0.0,0.0
0.0,0.0
0.0,0.0
0.0,0.0
0.0,0.0
0.0,0.0
0.0,0.0
0.0,0.0
0.0,0.0
0.0,0.0
6931.0,0.0
0.0,0.0
967.9308939869303,0.0
0.0,0.0
0.0,0.0
0.0,0.0
0.0,0.0
0.0,0.0
0.0,0.0
0.0,0.0
0.0,0.0
0.0,0.0
0.0,0.0
0.0,0.0
927.8125205699325,0.0
222.6750049367837,0.0
53.44200118482771,0.0
12.82608028435865,0.0
3.078259268246075,0.0
0.7387822243793905,0.0
0.1773077338510537,0.0
0.04255385612425288,0.0
0.01021292546982069,0.0
0.0024511021127569662,0.0
0.000588264506884829,0.0
0.00014118348165235897,0.0
0.0,0.0
0.0,0.0
0.0,0.0
379.030419896161,0.0
0.0,0.0
0.0,0.0
0.0,0.0
0.0,0.0
0.0,0.0
0.0,0.0
0.0,0.0
0.0,0.0
0.0,0.0
0.0,0.0
0.0,0.0
0.0,0.0
0.0,0.0
0.0,0.0
0.0,0.0
0.0,0.0
0.0,0.0
0.0,0.0
0.0,0.0
0.0,0.0
0.0,0.0
0.0,0.0
0.0,0.0
0.0,0.0
0.0,0.0
0.0,0.0
0.0,0.0
0.0,0.0
0.0,0.0
0.0,0.0
0.0,0.0
0.0,0.0
0.0,0.0
0.0,0.0
0.0,0.0
0.0,0.0
0.0,0.0
0.0,0.0
0.0,0.0
0.0,0.0
0.0,0.0
0.0,0.0
0.0,0.0
0.0,0.0
0.0,0.0
0.0,0.0
0.0,0.0
0.0,0.0
0.0,0.0
0.0,0.0
0.0,0.0
0.0,0.0
0.0,0.0
0.0,0.0
0.0,0.0
0.0,0.0
0.0,0.0
0.0,0.0
0.0,0.0
0.0,0.0
0.0,0.0
0.0,0.0
0.0,0.0
6931.0,0.0
1663.4399999999996,0.0
0.0,0.0
0.0,0.0
399.22559999999976,0.0
95.81414399999994,0.0
22.995394560000022,0.0
5.518894694399933,0.0
1.3245347266556564,0.0
0.31788833439713926,0.0
0.0762932002553498,0.0
0.018310368061065674,0.0
0.004394488334583002,0.0
0.001054677200045262,0.0
0.0002531225281927618,0.0
3.534918505465612e-5,0.0
0.0,0.0
0.0,0.0
0.0,0.0
0.0,0.0
0.0,0.0
0.0,0.0
0.0,0.0
0.0,0.0
2379.5434386381803,0.0
5122.546986634983,0.0
1229.4112767923962,0.0
295.05870643017533,0.0
70.81408954324209,0.0
0.0,0.0
0.0,0.0
0.0,0.0
0.0,0.0
0.0,0.0
0.0,0.0
0.0,0.0
0.0,0.0
0.0,0.0
6931.0,0.0
1663.4399999999996,0.0
399.22559999999976,0.0
0.0,0.0
0.0,0.0
0.0,0.0
0.0,0.0
0.0,0.0
0.0,0.0
0.0,0.0
0.0,0.0
0.0,0.0
0.0,0.0
0.0,0.0
0.0,0.0
0.0,0.0
0.0,0.0
0.0,0.0
0.0,0.0
0.0,0.0
0.0,0.0
0.0,0.0
6931.0,0.0
1663.4399999999996,0.0
399.22559999999976,0.0
95.81414399999994,0.0
22.995394560000022,0.0
5.518894694399933,0.0
1.3245347266556564,0.0
0.31788833439713926,0.0
0.0762932002553498,0.0
0.0,0.0
0.0,0.0
0.0,0.0
0.0,0.0
0.0,0.0
0.0,0.0
0.0,0.0
0.0,0.0
6931.0,0.0
1663.4399999999996,0.0
399.22559999999976,0.0
95.81414399999994,0.0
22.995394560000022,0.0
5.518894694399933,0.0
1.3245347266556564,0.0
0.31788833439713926,0.0
0.0762932002553498,0.0
0.018310368061065674,0.0
0.004394488334583002,0.0
0.001054677200045262,0.0
0.0002531225281927618,0.0
0.0,0.0
0.0,0.0
279.76178254419256,0.0
0.0,0.0
0.0,0.0
0.0,0.0
0.0,0.0
0.0,0.0
0.0,0.0
0.0,0.0
0.0,0.0
0.0,0.0
0.0,0.0
0.0,0.0
0.0,0.0
0.0,0.0
0.0,0.0
0.0,0.0
0.0,0.0
0.0,0.0
0.0,0.0
0.0,0.0
0.0,0.0
0.0,0.0
0.0,0.0
0.0,0.0
0.0,0.0
0.0,0.0
0.0,0.0
0.0,0.0
0.0,0.0
0.0,0.0
0.0,0.0
0.0,0.0
0.0,0.0
0.0,0.0
0.0,0.0
0.0,0.0
6931.0,0.0
0.0,0.0
0.0,0.0
0.0,0.0
0.0,0.0
0.0,0.0
0.0,0.0
0.0,0.0
0.0,0.0
0.0,0.0
0.0,0.0
0.0,0.0
0.0,0.0
0.0,0.0
0.0,0.0
3366.837780700674,0.0
0.0,0.0
0.0,0.0
0.0,0.0
0.0,0.0
0.0,0.0
0.0,0.0
0.0,0.0
0.0,0.0
0.0,0.0
0.0,0.0
0.0,0.0
0.0,0.0
0.0,0.0
0.0,0.0
0.0,0.0
0.0,0.0
0.0,0.0
0.0,0.0
0.0,0.0
0.0,0.0
0.0,0.0
0.0,0.0
0.0,0.0
0.0,0.0
0.0,0.0
0.0,0.0
0.0,0.0
0.0,0.0
0.0,0.0
0.0,0.0
0.0,0.0
0.0,0.0
0.0,0.0
0.0,0.0
0.0,0.0
0.0,0.0
0.0,0.0
4372.203286667487,0.0
1049.3287888001978,0.0
251.8389093120477,0.0
60.44133823489119,0.0
14.505921176373704,0.0
3.481421082329689,0.0
0.8355410597587252,0.0
0.20052985434176662,0.0
0.04812716504238779,0.0
0.0,0.0
0.0,0.0
2523.6570085589083,0.0
605.6776820541381,0.0
145.36264369299352,0.0
34.88703448631844,0.0
0.0,0.0
0.0,0.0
0.0,0.0
0.0,0.0
0.0,0.0
0.0,0.0
0.0,0.0
0.0,0.0
0.0,0.0
3144.6829811129705,0.0
4541.040934354142,0.0
1089.8498242449941,0.0
261.5639578187984,0.0
0.0,0.0
777.7208472726088,0.0
186.65300334542644,0.0
44.79672080290234,0.0
0.0,0.0
0.0,0.0
0.0,0.0
0.0,0.0
0.0,0.0
0.0,0.0
0.0,0.0
0.0,0.0
0.0,0.0
0.0,0.0
6931.0,0.0
1663.4399999999996,0.0
0.0,0.0
0.0,0.0
0.0,0.0
0.0,0.0
0.0,0.0
