PumpedStor,BatteryStor
0.0,0.0
0.0,0.0
0.0,0.0
0.0,0.0
0.0,0.0
0.0,0.0
0.0,0.0
0.0,0.0
4077.1899313470735,0.0
0.0,0.0
4802.604427226602,0.0
7168.620635307782,0.0
5370.448317166085,0.0
6737.059278953777,0.0
5698.43494799513,0.0
0.0,0.0
0.0,0.0
0.0,0.0
0.0,0.0
14127.902561211975,0.0
0.0,0.0
0.0,0.0
0.0,0.0
0.0,0.0
0.0,0.0
0.0,0.0
0.0,0.0
2873.7026910594996,0.0
8634.58595479478,0.0
4256.314674355967,0.0
7583.800847489467,0.0
5054.911355908005,0.0
6976.867369509918,0.0
0.0,0.0
0.0,0.0
0.0,0.0
0.0,0.0
0.0,0.0
0.0,0.0
0.0,0.0
0.0,0.0
0.0,0.0
0.0,0.0
0.0,0.0
0.0,0.0
0.0,0.0
0.0,0.0
0.0,0.0
0.0,0.0
0.0,0.0
0.0,0.0
0.0,0.0
0.0,0.0
0.0,0.0
0.0,0.0
0.0,0.0
0.0,0.0
0.0,0.0
0.0,0.0
0.0,0.0
0.0,0.0
0.0,0.0
0.0,0.0
0.0,0.0
0.0,0.0
0.0,0.0
0.0,0.0
0.0,0.0
0.0,0.0
0.0,0.0
0.0,0.0
0.0,0.0
0.0,0.0
0.0,0.0
0.0,0.0
316.69068034458667,0.0
0.0,0.0
0.0,0.0
0.0,0.0
0.0,0.0
0.0,0.0
13797.780363023172,0.0
0.0,0.0
0.0,0.0
2057.493859429137,0.0
9254.904666833858,0.0
3784.872453206269,0.0
7942.096935563238,0.0
4782.6063289719405,0.0
7183.819189981327,0.0
5358.897415614191,0.0
6745.837964133215,0.0
5691.763147258757,0.0
6492.860008083345,0.0
5884.026393856657,0.0
6346.739940668941,0.0
5995.077645091605,0.0
6262.340989730382,0.0
6059.22084780491,0.0
6213.592155668269,0.0
6096.269961692115,0.0
6185.434829113994,0.0
6117.669529873364,0.0
6169.171157296242,0.0
6130.029920454856,0.0
6159.777260454311,0.0
6137.169282054723,0.0
6154.351345638411,0.0
6141.292977314808,0.0
6151.217337240746,0.0
6143.674823697033,0.0
6149.407133990256,0.0
6145.0505781674065,0.0
6148.361560592771,0.0
6145.845213949496,0.0
6147.757637398385,0.0
6146.30419557723,0.0
6147.408811361306,0.0
6146.569303365407,0.0
6147.20732944229,0.0
6146.72242962386,0.0
6147.090953485867,0.0
6146.8108753507395,0.0
6147.023734733437,0.0
6146.861961602588,0.0
6146.984909182032,0.0
6146.891469021655,0.0
6146.9624835435425,0.0
6146.908512506908,0.0
6146.94953049475,0.0
6146.9183568239905,0.0
6146.942048813767,0.0
6146.924042901537,0.0
6146.937727394832,0.0
6146.927327179928,0.0
6146.935231343255,0.0
6146.929224179125,0.0
6146.933789623865,0.0
6146.930319885862,0.0
6146.932956886744,0.0
6146.930952766074,0.0
6146.932475897784,0.0
6146.931318317685,0.0
6146.932198078558,0.0
6146.931529460296,0.0
6146.932037610175,0.0
6146.931651416268,0.0
6146.9319449236355,0.0
6146.931721858038,0.0
6146.931891387892,0.0
6146.931762545202,0.0
6146.931860465646,0.0
6146.931786046109,0.0
6146.931842604959,0.0
6146.931799620231,0.0
6146.931832288624,0.0
6146.931807460645,0.0
6146.931826329909,0.0
6146.93181198927,0.0
6146.931822888154,0.0
6146.931814605003,0.0
6146.931820900199,0.0
6146.931816115849,0.0
6146.931819751955,0.0
6146.931816988514,0.0
6146.93181908873,0.0
6146.931817492566,0.0
6146.93181870565,0.0
6146.931817783708,0.0
6146.931818484381,0.0
6146.931817951869,0.0
6146.931818356579,0.0
6146.931818049001,0.0
6146.93181828276,0.0
6146.931818105102,0.0
6146.931818240122,0.0
0.0,0.0
0.0,0.0
0.0,0.0
0.0,0.0
0.0,0.0
0.0,0.0
0.0,0.0
0.0,0.0
0.0,0.0
0.0,0.0
0.0,0.0
0.0,0.0
0.0,0.0
0.0,0.0
0.0,0.0
0.0,0.0
0.0,0.0
0.0,0.0
0.0,0.0
0.0,0.0
0.0,0.0
0.0,0.0
0.0,0.0
0.0,0.0
0.0,0.0
0.0,0.0
0.0,0.0
0.0,0.0
0.0,0.0
0.0,0.0
0.0,0.0
0.0,0.0
0.0,0.0
0.0,0.0
0.0,0.0
0.0,0.0
0.0,0.0
0.0,0.0
0.0,0.0
0.0,0.0
0.0,0.0
0.0,0.0
0.0,0.0
0.0,0.0
0.0,0.0
0.0,0.0
0.0,0.0
0.0,0.0
7343.3394747322345,0.0
6891.6605251062165,0.0
0.0,0.0
0.0,0.0
0.0,0.0
0.0,0.0
0.0,0.0
0.0,0.0
0.0,0.0
0.0,0.0
0.0,0.0
0.0,0.0
0.0,0.0
0.0,0.0
0.0,0.0
0.0,0.0
0.0,0.0
0.0,0.0
0.0,0.0
0.0,0.0
0.0,0.0
0.0,0.0
0.0,0.0
0.0,0.0
0.0,0.0
0.0,0.0
0.0,0.0
0.0,0.0
0.0,0.0
0.0,0.0
0.0,0.0
0.0,0.0
0.0,0.0
0.0,0.0
0.0,0.0
0.0,0.0
0.0,0.0
0.0,0.0
0.0,0.0
0.0,0.0
0.0,0.0
0.0,0.0
0.0,0.0
0.0,0.0
0.0,0.0
0.0,0.0
0.0,0.0
0.0,0.0
0.0,0.0
0.0,0.0
0.0,0.0
0.0,0.0
0.0,0.0
0.0,0.0
0.0,0.0
0.0,0.0
1188.4923146634974,0.0
9915.345840855742,0.0
3282.937160949636,0.0
8323.567757678278,0.0
0.0,0.0
0.0,0.0
0.0,0.0
0.0,0.0
0.0,0.0
0.0,0.0
0.0,0.0
0.0,0.0
0.0,0.0
0.0,0.0
0.0,0.0
0.0,0.0
0.0,0.0
0.0,0.0
0.0,0.0
0.0,0.0
0.0,0.0
6999.709202037638,0.0
7100.613083843934,0.0
0.0,0.0
0.0,0.0
0.0,0.0
0.0,0.0
0.0,0.0
0.0,0.0
0.0,0.0
0.0,0.0
0.0,0.0
0.0,0.0
0.0,0.0
0.0,0.0
0.0,0.0
0.0,0.0
0.0,0.0
0.0,0.0
0.0,0.0
0.0,0.0
0.0,0.0
0.0,0.0
0.0,0.0
0.0,0.0
0.0,0.0
0.0,0.0
0.0,0.0
0.0,0.0
10818.6,0.0
2596.4640000000004,0.0
8845.28736,0.0
4096.1816064,0.0
7705.501979135999,0.0
4962.41849585664,0.0
7047.161943148955,0.0
5462.7569232067935,0.0
6666.9047383628385,0.0
5751.752398844243,0.0
6447.268176878375,0.0
5918.676185572435,0.0
6320.40609896495,0.0
6015.091364786638,0.0
6247.130562762156,0.0
6070.78077230076,0.0
6204.806613051423,0.0
6102.946974080918,0.0
6180.360299698503,0.0
6121.526172229139,0.0
6166.240109105855,0.0
6132.25751707955,0.0
6158.084287019543,0.0
6138.455941865147,0.0
0.0,0.0
0.0,0.0
0.0,0.0
0.0,0.0
14123.279595045338,0.0
0.0,0.0
0.0,0.0
0.0,0.0
0.0,0.0
0.0,0.0
0.0,0.0
0.0,0.0
0.0,0.0
0.0,0.0
10446.306602233077,0.0
2879.406982302861,0.0
8630.250693449825,0.0
4259.6094729781325,0.0
7581.296800536619,0.0
5056.81443159217,0.0
6975.42103198995,0.0
5517.280015687637,0.0
6625.467188077396,0.0
5783.244937061178,0.0
6423.333847833506,0.0
5936.866275646535,0.0
6306.581630508635,0.0
0.0,0.0
0.0,0.0
0.0,0.0
0.0,0.0
0.0,0.0
0.0,0.0
0.0,0.0
0.0,0.0
0.0,0.0
0.0,0.0
0.0,0.0
0.0,0.0
0.0,0.0
1324.3347353070117,0.0
0.0,0.0
0.0,0.0
0.0,0.0
0.0,0.0
0.0,0.0
9265.270540995509,0.0
3531.9079499077657,0.0
0.0,0.0
0.0,0.0
0.0,0.0
0.0,0.0
0.0,0.0
0.0,0.0
-3.6058797610947685e-25,0.0
0.0,0.0
0.0,0.0
0.0,0.0
0.0,0.0
0.0,0.0
0.0,0.0
0.0,0.0
0.0,0.0
0.0,0.0
0.0,0.0
0.0,0.0
10692.158520122828,0.0
3461.98232898342,0.0
0.0,0.0
0.0,0.0
0.0,0.0
0.0,0.0
0.0,0.0
10818.6,0.0
2596.464,0.0
8845.28736,0.0
4096.181606400001,0.0
7705.501979135999,0.0
4962.41849585664,0.0
7047.161943148955,0.0
5462.756923206793,0.0
6666.9047383628385,0.0
5751.752398844243,0.0
6447.268176878376,0.0
5918.6761855724335,0.0
6320.4060989649515,0.0
6015.091364786638,0.0
6247.130562762156,0.0
6070.780772300762,0.0
6204.806613051422,0.0
6102.946974080919,0.0
6180.360299698503,0.0
6121.526172229137,0.0
735.4136124729173,0.0
6407.947495856934,0.0
7185.792667434064,0.0
5357.397572750109,0.0
0.0,0.0
0.0,0.0
1426.3618942625924,0.0
4022.5933294235647,0.0
3634.4435256556258,0.0
6918.702104994888,0.0
7.928790989427711e-13,0.0
807.7778792111758,0.0
9097.248212868213,0.0
3904.691358220161,0.0
7851.034567752678,0.0
4851.813728507964,0.0
7131.221566333948,0.0
0.0,0.0
0.0,0.0
0.0,0.0
0.0,0.0
0.0,0.0
0.0,0.0
0.0,0.0
0.0,0.0
0.0,0.0
0.0,0.0
0.0,0.0
0.0,0.0
0.0,0.0
0.0,0.0
0.0,0.0
0.0,0.0
0.0,0.0
0.0,0.0
0.0,0.0
0.0,0.0
0.0,0.0
0.0,0.0
0.0,0.0
0.0,0.0
0.0,0.0
0.0,0.0
0.0,0.0
14112.84936113092,0.0
0.0,0.0
0.0,0.0
0.0,0.0
0.0,0.0
0.0,0.0
0.0,0.0
0.0,0.0
0.0,0.0
0.0,0.0
0.0,0.0
0.0,0.0
0.0,0.0
0.0,0.0
0.0,0.0
0.0,0.0
0.0,0.0
0.0,0.0
0.0,0.0
0.0,0.0
0.0,0.0
0.0,0.0
0.0,0.0
0.0,0.0
0.0,0.0
0.0,0.0
0.0,0.0
0.0,0.0
0.0,0.0
0.0,0.0
0.0,0.0
751.0213688655589,0.0
10247.823759662175,0.0
3030.2539426567478,0.0
8515.607003580872,0.0
4346.738677278537,0.0
7515.0786052683125,0.0
5107.140259996082,0.0
6937.173402402977,0.0
5546.348214173736,0.0
6603.37535722796,0.0
5304.723057504581,0.0
6905.885277337039,0.0
0.0,0.0
0.0,0.0
0.0,0.0
0.0,0.0
0.0,0.0
0.0,0.0
0.0,0.0
0.0,0.0
0.0,0.0
0.0,0.0
0.0,0.0
0.0,0.0
0.0,0.0
0.0,0.0
0.0,0.0
0.0,0.0
0.0,0.0
0.0,0.0
0.0,0.0
0.0,0.0
0.0,0.0
0.0,0.0
0.0,0.0
0.0,0.0
0.0,0.0
0.0,0.0
0.0,0.0
0.0,0.0
0.0,0.0
0.0,0.0
0.0,0.0
0.0,0.0
0.0,0.0
0.0,0.0
2696.994901471456,0.0
0.0,0.0
0.0,0.0
0.0,0.0
0.0,0.0
0.0,0.0
13620.163057270096,0.0
0.0,0.0
0.0,0.0
0.0,0.0
0.0,0.0
0.0,0.0
0.0,0.0
0.0,0.0
0.0,0.0
0.0,0.0
0.0,0.0
0.0,0.0
0.0,0.0
0.0,0.0
0.0,0.0
0.0,0.0
0.0,0.0
0.0,0.0
0.0,0.0
0.0,0.0
0.0,0.0
6137.713128845543,0.0
0.0,0.0
4432.639156793116,0.0
9390.972943644727,0.0
0.0,0.0
4299.108699788657,0.0
7551.277388160621,0.0
5079.629184997927,0.0
4231.898776923034,0.0
8256.640859733345,0.0
4543.552946602659,0.0
7365.49976058198,0.0
5220.820181957695,0.0
6850.7766617121515,0.0
5612.009737098765,0.0
6553.472599804938,0.0
5837.960824148247,0.0
0.0,0.0
0.0,0.0
0.0,0.0
3526.826990871452,0.0
0.0,0.0
2806.2203867639296,0.0
7793.389291235519,0.0
0.0,0.0
0.0,0.0
0.0,0.0
0.0,0.0
12313.514558782335,0.0
0.0,0.0
0.0,0.0
0.0,0.0
0.0,0.0
0.0,0.0
0.0,0.0
0.0,0.0
8604.73999080777,0.0
4278.997606986095,0.0
7566.5618186905685,0.0
5068.013017795169,0.0
6966.9101064756715,0.0
5523.748319078489,0.0
6620.551277500349,0.0
5786.981029099735,0.0
6420.494417884202,0.0
5939.024242408005,0.0
6304.941575769916,0.0
6026.844402414865,0.0
6238.198254164703,0.0
6077.569326834825,0.0
6199.647311605533,0.0
6106.868043179795,0.0
6177.380287183357,0.0
6123.790981740648,0.0
6164.518853877108,0.0
6133.565671053398,0.0
6157.0900899994185,0.0
6139.211531600443,0.0
6152.799235983664,0.0
6142.472580652417,0.0
6150.320838704165,0.0
6144.356162584834,0.0
6148.889316435527,0.0
0.0,0.0
0.0,0.0
0.0,0.0
0.0,0.0
0.0,0.0
14123.169979508091,0.0
0.0,0.0
0.0,0.0
0.0,0.0
0.0,0.0
3705.6398806861666,0.0
0.0,0.0
0.0,0.0
0.0,0.0
0.0,0.0
0.0,0.0
0.0,0.0
0.0,0.0
0.0,0.0
0.0,0.0
964.2507299022884,0.0
0.0,0.0
2070.001487322404,0.0
4728.240081355459,0.0
8668.240129165782,0.0
4230.737501834004,0.0
5551.958071398992,0.0
6599.111865736765,0.0
5803.274982040058,0.0
6408.111013649557,0.0
5948.435629626337,0.0
6297.788921483984,0.0
0.0,0.0
0.0,0.0
0.0,0.0
0.0,0.0
0.0,0.0
0.0,0.0
0.0,0.0
0.0,0.0
5159.130454793554,0.0
8962.475149727996,0.0
0.0,0.0
0.0,0.0
0.0,0.0
10818.6,0.0
2596.464,0.0
8845.28736,0.0
4096.181606400003,0.0
7705.501979135998,0.0
4962.418495856642,0.0
7047.161943148954,0.0
5462.756923206794,0.0
6666.904738362837,0.0
5751.752398844243,0.0
6447.268176878377,0.0
5918.6761855724335,0.0
6320.406098964952,0.0
6015.091364786636,0.0
6247.130562762156,0.0
6070.78077230076,0.0
6204.806613051422,0.0
6102.946974080919,0.0
6180.360299698502,0.0
6121.526172229138,0.0
6166.240109105855,0.0
6132.257517079551,0.0
6158.084287019541,0.0
6138.455941865149,0.0
6153.373484182487,0.0
6142.036152021309,0.0
6150.652524463806,0.0
6144.104081407508,0.0
907.5503018696018,0.0
3064.8047629304187,0.0
3255.0784098971667,0.0
500.3230088256289,0.0
5723.245016826176,0.0
8152.367536163056,0.0
0.0,0.0
830.5601993802733,0.0
0.0,0.0
0.0,0.0
0.0,0.0
0.0,0.0
0.0,0.0
3276.8209440114397,0.0
0.0,0.0
0.0,0.0
0.0,0.0
13435.133922623863,0.0
0.0,0.0
0.0,0.0
10818.599999999999,0.0
2596.4640000000004,0.0
7860.937063189483,0.0
5080.531903210518,0.0
0.0,0.0
0.0,0.0
0.0,0.0
7530.54709421599,0.0
6603.847304681222,0.0
0.0,0.0
0.0,0.0
0.0,0.0
0.0,0.0
0.0,0.0
0.0,0.0
0.0,0.0
0.0,0.0
0.0,0.0
0.0,0.0
0.0,0.0
0.0,0.0
0.0,0.0
0.0,0.0
0.0,0.0
0.0,0.0
0.0,0.0
0.0,0.0
0.0,0.0
0.0,0.0
0.0,0.0
3495.5715361454927,0.0
0.0,0.0
0.0,0.0
0.0,0.0
10282.27858282069,0.0
0.0,0.0
0.0,0.0
0.0,0.0
9452.667829134862,0.0
0.0,0.0
0.0,0.0
0.0,0.0
0.0,0.0
0.0,0.0
0.0,0.0
0.0,0.0
0.0,0.0
0.0,0.0
0.0,0.0
0.0,0.0
0.0,0.0
0.0,0.0
0.0,0.0
0.0,0.0
0.0,0.0
0.0,0.0
0.0,0.0
0.0,0.0
0.0,0.0
0.0,0.0
0.0,0.0
0.0,0.0
0.0,0.0
0.0,0.0
0.0,0.0
0.0,0.0
0.0,0.0
0.0,0.0
0.0,0.0
0.0,0.0
0.0,0.0
0.0,0.0
0.0,0.0
0.0,0.0
0.0,0.0
0.0,0.0
1732.0973003528582,0.0
11809.336300878862,0.0
0.0,0.0
0.0,0.0
0.0,0.0
0.0,0.0
0.0,0.0
0.0,0.0
0.0,0.0
0.0,0.0
0.0,0.0
0.0,0.0
0.0,0.0
0.0,0.0
0.0,0.0
0.0,0.0
0.0,0.0
0.0,0.0
0.0,0.0
0.0,0.0
0.0,0.0
0.0,0.0
14038.215359999997,0.0
0.0,0.0
0.0,0.0
0.0,0.0
0.0,0.0
1.8109916360232042e-12,0.0
0.0,0.0
0.0,0.0
0.0,0.0
0.0,0.0
0.0,0.0
0.0,0.0
7887.18048978055,0.0
0.0,0.0
6151.03487021945,0.0
7.928790989427711e-13,0.0
0.0,0.0
0.0,0.0
0.0,0.0
0.0,0.0
0.0,0.0
0.0,0.0
0.0,0.0
0.0,0.0
0.0,0.0
0.0,0.0
2553.3956198411624,0.0
11532.173427905134,0.0
0.0,0.0
0.0,0.0
0.0,0.0
0.0,0.0
0.0,0.0
0.0,0.0
0.0,0.0
0.0,0.0
0.0,0.0
0.0,0.0
0.0,0.0
0.0,0.0
0.0,0.0
0.0,0.0
0.0,0.0
0.0,0.0
0.0,0.0
0.0,0.0
0.0,0.0
0.0,0.0
0.0,0.0
-7.2112749954629815e-25,0.0
0.0,0.0
0.0,0.0
0.0,0.0
0.0,0.0
0.0,0.0
0.0,0.0
0.0,0.0
0.0,0.0
0.0,0.0
0.0,0.0
0.0,0.0
0.0,0.0
0.0,0.0
0.0,0.0
0.0,0.0
0.0,0.0
0.0,0.0
0.0,0.0
0.0,0.0
0.0,0.0
1765.8609012264735,0.0
4118.932872562674,0.0
8251.909948834129,0.0
4720.459194938741,0.0
0.0,0.0
0.0,0.0
0.0,0.0
0.0,0.0
738.8432304104249,0.0
13472.91934779464,0.0
0.0,0.0
0.0,0.0
0.0,0.0
0.0,0.0
0.0,0.0
0.0,0.0
0.0,0.0
0.0,0.0
14041.674893391479,0.0
0.0,0.0
0.0,0.0
0.0,0.0
0.0,0.0
0.0,0.0
0.0,0.0
0.0,0.0
0.0,0.0
0.0,0.0
6040.175064504959,0.0
0.0,0.0
0.0,0.0
0.0,0.0
0.0,0.0
0.0,0.0
0.0,0.0
0.0,0.0
10818.6,0.0
2596.464,0.0
8845.28736,0.0
4096.1816064,0.0
7705.501979135999,0.0
4962.418495856641,0.0
7047.161943148954,0.0
5462.7569232067935,0.0
6666.9047383628385,0.0
5751.752398844243,0.0
6447.268176878377,0.0
5918.676185572434,0.0
0.0,0.0
0.0,0.0
0.0,0.0
0.0,0.0
0.0,0.0
0.0,0.0
0.0,0.0
0.0,0.0
0.0,0.0
0.0,0.0
0.0,0.0
0.0,0.0
0.0,0.0
0.0,0.0
0.0,0.0
0.0,0.0
0.0,0.0
0.0,0.0
0.0,0.0
0.0,0.0
0.0,0.0
0.0,0.0
0.0,0.0
0.0,0.0
0.0,0.0
0.0,0.0
0.0,0.0
0.0,0.0
0.0,0.0
0.0,0.0
0.0,0.0
6494.249331546643,0.0
0.0,0.0
0.0,0.0
0.0,0.0
0.0,0.0
0.0,0.0
0.0,0.0
0.0,0.0
13214.682021967154,0.0
0.0,0.0
0.0,0.0
0.0,0.0
0.0,0.0
0.0,0.0
0.0,0.0
0.0,0.0
10818.599999999999,0.0
2596.4640000000004,0.0
8845.287360000002,0.0
4096.181606399999,0.0
7705.501979136003,0.0
4962.418495856638,0.0
0.0,0.0
0.0,0.0
0.0,0.0
0.0,0.0
14135.635326702091,0.0
0.0,0.0
0.0,0.0
0.0,0.0
0.0,0.0
0.0,0.0
14038.21536,0.0
0.0,0.0
0.0,0.0
0.0,0.0
0.0,0.0
0.0,0.0
0.0,0.0
3262.5892082066616,0.0
8339.032201762937,0.0
4480.935526660167,0.0
7413.088999738272,0.0
5184.652360198914,0.0
6878.264206248827,0.0
5591.1192032508925,0.0
6569.349405529323,0.0
5825.894451797716,0.0
6390.920216633735,0.0
5961.500635358359,0.0
6287.8595171276465,0.0
6039.826766982989,0.0
6228.331657092929,0.0
6085.067940609374,0.0
6193.948365136876,0.0
6111.1992424959735,0.0
6174.088575703061,0.0
6126.292682465673,0.0
6162.617561326088,0.0
6135.010653392171,0.0
6155.99190342195,0.0
6140.0461533993175,0.0
6152.164923416519,0.0
6142.9546582034445,0.0
6149.954459765382,0.0
6144.63461057831,0.0
6148.677695960484,0.0
6145.604951070032,0.0
6147.940237186777,0.0
6146.165419738049,0.0
6147.514280999081,0.0
6146.489146440698,0.0
6147.26824870507,0.0
6146.676130984147,0.0
6147.126140452047,0.0
6146.784133256443,0.0
6147.044058725101,0.0
6146.846515368924,0.0
6146.996648319618,0.0
6146.88254727709,0.0
6146.969264069411,0.0
6146.903359307246,0.0
6146.953446926494,0.0
6146.915380335865,0.0
6146.944310944742,0.0
6146.922323681995,0.0
6146.939034001683,0.0
6146.926334158721,0.0
6146.9359860393715,0.0
6146.928650610077,0.0
6146.934225536341,0.0
6146.92998859238,0.0
6146.933208669792,0.0
6146.930761410958,0.0
6146.932621327672,0.0
6146.931207790969,0.0
6146.932282078865,0.0
6146.931465620062,0.0
6146.932086128752,0.0
6146.931614542148,0.0
0.0,0.0
0.0,0.0
0.0,0.0
0.0,0.0
4401.546899286562,0.0
0.0,0.0
0.0,0.0
0.0,0.0
0.0,0.0
0.0,0.0
0.0,0.0
0.0,0.0
0.0,0.0
0.0,0.0
0.0,0.0
0.0,0.0
0.0,0.0
0.0,0.0
0.0,0.0
0.0,0.0
0.0,0.0
0.0,0.0
13690.985124705487,0.0
0.0,0.0
0.0,0.0
10025.448236845876,0.0
3199.2593399971356,0.0
8387.162901602176,0.0
4444.356194782346,0.0
0.0,0.0
0.0,0.0
0.0,0.0
1789.0058638525175,0.0
8252.934843524707,0.0
4099.137506194906,0.0
7.928790989427711e-13,0.0
10818.600000000002,0.0
2596.463999999999,0.0
8845.287360000002,0.0
4096.181606399998,0.0
7705.501979136004,0.0
3772.454973104587,0.0
0.0,0.0
0.0,0.0
0.0,0.0
9283.536237887618,0.0
4605.98618894828,0.0
0.0,0.0
3219.141459037688,0.0
8372.052491131357,0.0
504.89754200802304,0.0
0.0,0.0
5731.670366359741,0.0
0.0,0.0
0.0,0.0
0.0,0.0
0.0,0.0
0.0,0.0
13928.224057056847,0.0
0.0,0.0
0.0,0.0
0.0,0.0
0.0,0.0
0.0,0.0
0.0,0.0
839.1761796498456,0.0
13207.733906966894,0.0
0.0,0.0
0.0,0.0
0.0,0.0
0.0,0.0
0.0,0.0
0.0,0.0
0.0,0.0
0.0,0.0
0.0,0.0
13777.43810693044,0.0
0.0,0.0
1.3605247597478654e-12,0.0
0.0,0.0
0.0,0.0
0.0,0.0
0.0,0.0
0.0,0.0
0.0,0.0
0.0,0.0
0.0,0.0
0.0,0.0
13642.552556743702,0.0
0.0,0.0
1.1261671906884991e-13,0.0
0.0,0.0
0.0,0.0
0.0,0.0
0.0,0.0
0.0,0.0
0.0,0.0
10818.599999999999,0.0
2596.4639999999995,0.0
8845.287360000004,0.0
4096.1816063999995,0.0
7705.501979136001,0.0
4962.418495856638,0.0
7047.161943148955,0.0
5462.756923206794,0.0
6666.904738362837,0.0
5751.752398844243,0.0
6447.268176878376,0.0
5918.6761855724335,0.0
0.0,0.0
0.0,0.0
0.0,0.0
0.0,0.0
0.0,0.0
0.0,0.0
14125.58865391209,0.0
0.0,0.0
0.0,0.0
0.0,0.0
0.0,0.0
2580.4580181576684,0.0
0.0,0.0
0.0,0.0
0.0,0.0
0.0,0.0
0.0,0.0
415.20350309850795,0.0
0.0,0.0
7139.477551638473,0.0
6978.0321936542,0.0
0.0,0.0
0.0,0.0
0.0,0.0
0.0,0.0
0.0,0.0
0.0,0.0
0.0,0.0
13733.750577785793,0.0
5.720010804625105e-27,0.0
0.0,0.0
0.0,0.0
0.0,0.0
0.0,0.0
0.0,0.0
0.0,0.0
0.0,0.0
0.0,0.0
0.0,0.0
0.0,0.0
0.0,0.0
2280.0323668347546,0.0
4707.690586549969,0.0
0.0,0.0
3924.36856569046,0.0
3126.1238409248153,0.0
0.0,0.0
0.0,0.0
0.0,0.0
0.0,0.0
0.0,0.0
0.0,0.0
0.0,0.0
14038.21536,0.0
0.0,0.0
0.0,0.0
0.0,0.0
0.0,0.0
0.0,0.0
0.0,0.0
0.0,0.0
0.0,0.0
0.0,0.0
0.0,0.0
762.8394756666366,0.0
12848.445328476237,0.0
0.0,0.0
0.0,0.0
0.0,0.0
0.0,0.0
0.0,0.0
0.0,0.0
0.0,0.0
0.0,0.0
0.0,0.0
6423.9365301607,0.0
6789.816061478002,0.0
0.0,0.0
0.0,0.0
2137.4655626457757,0.0
5588.317455744655,0.0
6604.613146654836,0.0
4441.882891266974,0.0
7442.7690026371,0.0
5162.095557995803,0.0
6895.407375923189,0.0
5578.090394298377,0.0
6579.251300333234,0.0
5818.369011746741,0.0
6396.639551072478,0.0
5957.153941184918,0.0
6291.163004699464,0.0
6037.316116428408,0.0
6230.23975151441,0.0
6083.61778884905,0.0
6195.050480474723,0.0
6110.361634839211,0.0
6174.725157522202,0.0
6125.808880283127,0.0
6162.985250984824,0.0
0.0,0.0
0.0,0.0
0.0,0.0
0.0,0.0
0.0,0.0
14123.02188423669,0.0
0.0,0.0
0.0,0.0
10495.844448475782,0.0
0.0,0.0
8878.104745503926,0.0
4700.644527919601,0.0
184.0325584473747,0.0
0.0,0.0
0.0,0.0
0.0,0.0
4516.5576133294235,0.0
9596.497365015346,0.0
-1.8109916360236026e-12,0.0
1703.4214466262295,0.0
9523.999700564067,0.0
3580.3602275713106,0.0
8097.526227045803,0.0
4664.480067445188,0.0
7273.595148741659,0.0
5290.66768695634,0.0
6797.692557913182,0.0
5652.353655985982,0.0
3384.5858012600456,0.0
8999.488891888112,0.0
3978.988442165035,0.0
7794.568783954574,0.0
4894.727724194523,0.0
7098.606929612163,0.0
5423.658733494755,0.0
0.0,0.0
0.0,0.0
0.0,0.0
0.0,0.0
0.0,0.0
0.0,0.0
3727.6669989797983,0.0
0.0,0.0
0.0,0.0
0.0,0.0
0.0,0.0
0.0,0.0
0.0,0.0
0.0,0.0
0.0,0.0
0.0,0.0
0.0,0.0
13523.268838410051,0.0
0.0,0.0
0.0,0.0
0.0,0.0
0.0,0.0
0.0,0.0
13463.069099211976,0.0
1.803589461496639e-25,0.0
0.0,0.0
0.0,0.0
0.0,0.0
0.0,0.0
0.0,0.0
0.0,0.0
0.0,0.0
3269.219052312599,0.0
0.0,0.0
0.0,0.0
0.0,0.0
0.0,0.0
0.0,0.0
0.0,0.0
0.0,0.0
1699.591404670013,0.0
12453.833081753817,0.0
1.1261671906722728e-13,0.0
0.0,0.0
0.0,0.0
0.0,0.0
0.0,0.0
10754.166533094554,0.0
2760.2098449138134,0.0
0.0,0.0
0.0,0.0
0.0,0.0
5477.173605950496,0.0
6655.948059477624,0.0
5760.079474797007,0.0
6440.939599154277,0.0
5923.485904642749,0.0
6316.750712471511,0.0
6017.869458521653,0.0
6245.019211523544,0.0
6072.385399242106,0.0
6203.587096575999,0.0
0.0,0.0
0.0,0.0
0.0,0.0
0.0,0.0
14122.595311502468,0.0
0.0,0.0
0.0,0.0
0.0,0.0
0.0,0.0
0.0,0.0
0.0,0.0
14187.7716864,0.0
1.4731414788167115e-12,0.0
0.0,0.0
0.0,0.0
0.0,0.0
0.0,0.0
0.0,0.0
0.0,0.0
0.0,0.0
0.0,0.0
0.0,0.0
0.0,0.0
0.0,0.0
0.0,0.0
0.0,0.0
0.0,0.0
0.0,0.0
14187.7716864,0.0
0.0,0.0
0.0,0.0
0.0,0.0
0.0,0.0
6192.736932569762,0.0
0.0,0.0
0.0,0.0
7919.612538320089,0.0
1.1261671906903007e-13,0.0
0.0,0.0
6441.128789582332,0.0
5923.342119917428,0.0
6316.859988862756,0.0
6017.786408464306,0.0
6245.082329567127,0.0
0.0,0.0
0.0,0.0
0.0,0.0
0.0,0.0
8674.283533463891,0.0
5447.875819161916,0.0
0.0,0.0
0.0,0.0
0.0,0.0
0.0,0.0
0.0,0.0
4279.84604757204,0.0
7565.917003845251,0.0
5068.503077077608,0.0
6966.537661421016,0.0
5524.031377320026,0.0
6620.33615323678,0.0
5787.144523540047,0.0
6420.370162109563,0.0
5939.11867679673,0.0
6304.869805634486,0.0
6026.898947717793,0.0
6238.156799734476,0.0
6077.600832201798,0.0
6199.623367526635,0.0
6106.886240679757,0.0
6177.366457083385,0.0
6123.801492616626,0.0
0.0,0.0
0.0,0.0
0.0,0.0
7142.010311725293,0.0
6981.423246480919,0.0
0.0,0.0
0.0,0.0
10818.6,0.0
2596.4640000000018,0.0
8845.287359999998,0.0
4096.181606400001,0.0
7705.501979135998,0.0
4962.418495856642,0.0
7047.161943148954,0.0
5462.756923206795,0.0
6666.904738362837,0.0
5751.752398844244,0.0
6447.268176878374,0.0
5918.676185572435,0.0
6320.40609896495,0.0
6015.091364786637,0.0
6247.130562762156,0.0
6070.780772300763,0.0
6204.806613051421,0.0
6102.94697408092,0.0
6180.360299698501,0.0
6121.526172229139,0.0
6166.240109105856,0.0
6132.257517079549,0.0
6158.084287019543,0.0
6138.455941865148,0.0
6153.373484182487,0.0
6142.036152021309,0.0
6150.652524463806,0.0
6144.104081407509,0.0
6149.0808981302935,0.0
0.0,0.0
0.0,0.0
0.0,0.0
12262.95279051169,0.0
1860.2151761931389,0.0
0.0,0.0
0.0,0.0
0.0,0.0
0.0,0.0
0.0,0.0
0.0,0.0
0.0,0.0
13656.30195879895,0.0
0.0,0.0
0.0,0.0
0.0,0.0
4117.733685973645,0.0
0.0,0.0
0.0,0.0
979.7522898508488,0.0
10073.988259713356,0.0
3162.368922617851,0.0
8415.199618810435,0.0
4423.04828970407,0.0
7457.083299824907,0.0
5151.21669213307,0.0
6903.675313978868,0.0
5571.8067613760595,0.0
6584.026861354194,0.0
5814.739585370812,0.0
6399.397915118183,0.0
5955.05758451018,0.0
6292.756235772264,0.0
6036.10526081308,0.0
0.0,0.0
0.0,0.0
0.0,0.0
0.0,0.0
0.0,0.0
14124.354915864635,0.0
0.0,0.0
0.0,0.0
0.0,0.0
0.0,0.0
0.0,0.0
0.0,0.0
14095.872932370523,0.0
0.0,0.0
0.0,0.0
0.0,0.0
0.0,0.0
0.0,0.0
13607.726781777452,0.0
0.0,0.0
0.0,0.0
0.0,0.0
0.0,0.0
0.0,0.0
12611.464754893064,0.0
0.0,0.0
0.0,0.0
0.0,0.0
0.0,0.0
0.0,0.0
0.0,0.0
0.0,0.0
90.85390528870494,0.0
0.0,0.0
0.0,0.0
0.0,0.0
0.0,0.0
0.0,0.0
0.0,0.0
0.0,0.0
3500.056912589087,0.0
0.0,0.0
2830.795377808621,0.0
7855.964863068392,0.0
0.0,0.0
2633.516798343245,0.0
0.0,0.0
0.0,0.0
0.0,0.0
0.0,0.0
9414.825518619196,0.0
4745.277808253378,0.0
7.210799361665361e-25,0.0
0.0,0.0
0.0,0.0
418.7166072335597,0.0
10500.375378502495,0.0
2838.3147123381045,0.0
8661.480818623042,0.0
0.0,0.0
0.0,0.0
0.0,0.0
7180.897092073488,0.0
72.7746428106749,0.0
0.0,0.0
6843.100355279987,0.0
-7.210988826837064e-25,0.0
0.0,0.0
10818.6,0.0
2596.464000000001,0.0
8845.287360000002,0.0
4096.1816064,0.0
7705.501979136001,0.0
4962.41849585664,0.0
7047.161943148955,0.0
5462.7569232067935,0.0
5701.5161094959485,0.0
6717.141027711132,0.0
4721.709073421746,0.0
7230.101104199472,0.0
5323.7231608084,0.0
6772.5703977856165,0.0
5671.446497682932,0.0
6508.300661760973,0.0
5872.291497061661,0.0
1041.7888455869152,0.0
0.0,0.0
0.0,0.0
0.0,0.0
8530.967235151595,0.0
5535.101709924509,0.0
0.0,0.0
10558.31477630188,0.0
0.0,0.0
0.0,0.0
0.0,0.0
0.0,0.0
6251.319537382496,0.0
0.0,0.0
0.0,0.0
0.0,0.0
0.0,0.0
7825.523959982131,0.0
0.0,0.0
10818.599999999999,0.0
2596.464000000001,0.0
8845.28736,0.0
4096.181606400002,0.0
7705.501979135999,0.0
4962.418495856641,0.0
7047.161943148954,0.0
5462.7569232067935,0.0
6666.9047383628385,0.0
5751.752398844242,0.0
6447.268176878376,0.0
5918.6761855724335,0.0
6320.40609896495,0.0
6015.091364786637,0.0
6247.130562762156,0.0
6070.780772300763,0.0
6204.806613051421,0.0
6102.94697408092,0.0
0.0,0.0
0.0,0.0
0.0,0.0
1165.071103411753,0.0
12958.581557371279,0.0
0.0,0.0
9849.223944562367,0.0
0.0,0.0
0.0,0.0
0.0,0.0
0.0,0.0
4315.716631541866,0.0
0.0,0.0
0.0,0.0
0.0,0.0
0.0,0.0
13977.734020470689,0.0
0.0,0.0
4419.947382490026,0.0
0.0,0.0
0.0,0.0
0.0,0.0
0.0,0.0
10537.21262338094,0.0
3604.122035031251,0.0
0.0,0.0
0.0,0.0
0.0,0.0
0.0,0.0
0.0,0.0
1681.483214563977,0.0
0.0,0.0
0.0,0.0
0.0,0.0
0.0,0.0
2533.998244791364,0.0
0.0,0.0
0.0,0.0
0.0,0.0
0.0,0.0
11636.107375400454,0.0
0.0,0.0
10818.599999999999,0.0
2596.464000000002,0.0
8845.28736,0.0
4096.1816064,0.0
7705.501979136,0.0
398.67310458980694,0.0
0.0,0.0
0.0,0.0
0.0,0.0
6429.766217454093,0.0
7768.958325536871,0.0
0.0,0.0
0.0,0.0
0.0,0.0
0.0,0.0
0.0,0.0
0.0,0.0
12145.508710417305,0.0
2009.7501056160472,0.0
0.0,0.0
0.0,0.0
0.0,0.0
0.0,0.0
0.0,0.0
8344.193000250018,0.0
4477.013319809987,0.0
7416.069876944411,0.0
0.0,0.0
0.0,0.0
0.0,0.0
0.0,0.0
0.0,0.0
0.0,0.0
0.0,0.0
14109.85667641605,0.0
0.0,0.0
10818.599999999999,0.0
0.0,0.0
0.0,0.0
0.0,0.0
0.0,0.0
0.0,0.0
0.0,0.0
0.0,0.0
0.0,0.0
14074.108878336001,0.0
0.0,0.0
0.0,0.0
0.0,0.0
0.0,0.0
0.0,0.0
0.0,0.0
0.0,0.0
5585.968795851553,0.0
8452.246564148445,0.0
0.0,0.0
0.0,0.0
1167.828207859178,0.0
5774.3162241937525,0.0
0.0,0.0
10818.599999999999,0.0
0.0,0.0
0.0,0.0
0.0,0.0
0.0,0.0
0.0,0.0
0.0,0.0
0.0,0.0
0.0,0.0
14074.108878336001,0.0
0.0,0.0
0.0,0.0
2371.1763648459014,0.0
9016.505962717116,0.0
3966.055468334992,0.0
7804.397844065406,0.0
4887.257638510291,0.0
7104.2841947321795,0.0
5419.344012003542,0.0
509.96017706720926,0.0
0.0,0.0
6134.455612351479,0.0
7967.005439016779,0.0
1568.0735909378582,0.0
9110.137630016017,0.0
0.0,0.0
0.0,0.0
0.0,0.0
0.0,0.0
14092.058394026022,0.0
0.0,0.0
0.0,0.0
9075.073448799685,0.0
3921.54417891224,0.0
7838.2264240266995,0.0
4861.547917739709,0.0
7123.823582517822,0.0
5404.494077286455,0.0
6711.184501262294,0.0
5718.099779040656,0.0
0.0,0.0
0.0,0.0
0.0,0.0
0.0,0.0
0.0,0.0
0.0,0.0
0.0,0.0
14127.695957777452,0.0
0.0,0.0
361.46804652787574,0.0
9742.60513674447,0.0
3606.527091568844,0.0
8077.63941040768,0.0
4660.463888425967,0.0
7276.647444796266,0.0
5288.347941954838,0.0
6799.455564114323,0.0
5651.013771273115,0.0
6523.829533832433,0.0
5860.489554287351,0.0
6364.627938741615,0.0
5981.482766556373,0.0
6272.673097417156,0.0
6051.368445962962,0.0
6219.559981068149,0.0
6091.7344143882065,0.0
6188.881845064963,0.0
6115.049797750627,0.0
3961.7238053071346,0.0
8337.955111583151,0.0
4481.754115196806,0.0
704.4655048553007,0.0
0.0,0.0
0.0,0.0
0.0,0.0
0.0,0.0
0.0,0.0
0.0,0.0
0.0,0.0
0.0,0.0
0.0,0.0
0.0,0.0
9080.284460770048,0.0
0.0,0.0
0.0,0.0
0.0,0.0
0.0,0.0
0.0,0.0
10095.27276740405,0.0
0.0,0.0
0.0,0.0
0.0,0.0
0.0,0.0
0.0,0.0
12437.982657305665,0.0
0.0,0.0
0.0,0.0
10818.6,0.0
0.0,0.0
0.0,0.0
2317.11085080583,0.0
6845.869660046631,0.0
0.0,0.0
1819.6960837394909,0.0
7515.904317672405,0.0
5406.638742810391,0.0
0.0,0.0
0.0,0.0
10062.727205272553,0.0
3170.9273239928602,0.0
8408.695233765427,0.0
4427.991622338276,0.0
7453.3263670229135,0.0
5154.071961062587,0.0
6901.505309592434,0.0
5573.455964709749,0.0
6582.773466820592,0.0
5815.69216521635,0.0
6398.673954435573,0.0
5955.607794628964,0.0
6292.338076081986,0.0
6036.42306217769,0.0
6230.9184727449565,0.0
6083.101960713831,0.0
6195.442509857488,0.0
6110.063692508309,0.0
6174.951593693686,0.0
6125.636788792799,0.0
6163.116040517473,0.0
6134.631809206721,0.0
6156.279825002892,0.0
6139.827332997802,0.0
6152.331226921671,0.0
6142.82826753953,0.0
6150.050516669957,0.0
6144.561607330834,0.0
6148.733178428566,0.0
6145.56278439429,0.0
6147.972283860339,0.0
6146.141064266143,0.0
6147.5327911577315,0.0
6146.475078720124,0.0
6147.278940172704,0.0
6146.668005468745,0.0
6147.1323158437535,0.0
6146.779439958744,0.0
6147.047625631353,0.0
6146.84380452017,0.0
6146.99870856467,0.0
6146.880981490852,0.0
6146.970454066952,0.0
6146.902454909117,0.0
6146.954134269071,0.0
6146.914857955505,0.0
6146.944707953816,0.0
6146.922021955099,0.0
6146.939263314124,0.0
6146.926159881265,0.0
6146.936118490237,0.0
6146.928549947418,0.0
6146.934302039961,0.0
6146.929930449629,0.0
0.0,0.0
0.0,0.0
0.0,0.0
0.0,0.0
14123.190565287514,0.0
0.0,0.0
0.0,0.0
0.0,0.0
0.0,0.0
0.0,0.0
0.0,0.0
8298.60424339993,0.0
0.0,0.0
0.0,0.0
0.0,0.0
8096.021318798,0.0
9.006847476101987e-26,0.0
0.0,0.0
0.0,0.0
0.0,0.0
0.0,0.0
2442.9283704902437,0.0
0.0,0.0
11595.286989509757,0.0
0.0,0.0
0.0,0.0
0.0,0.0
0.0,0.0
0.0,0.0
0.0,0.0
0.0,0.0
0.0,0.0
0.0,0.0
0.0,0.0
0.0,0.0
0.0,0.0
0.0,0.0
0.0,0.0
0.0,0.0
11588.089670175394,0.0
2523.3876398429034,0.0
0.0,0.0
0.0,0.0
0.0,0.0
0.0,0.0
0.0,0.0
0.0,0.0
16.952009526823485,0.0
0.0,0.0
0.0,0.0
0.0,0.0
0.0,0.0
0.0,0.0
0.0,0.0
0.0,0.0
0.0,0.0
0.0,0.0
0.0,0.0
0.0,0.0
0.0,0.0
1681.431300726989,0.0
3115.1874054228397,0.0
0.0,0.0
0.0,0.0
9254.666212459133,0.0
0.0,0.0
2366.232872555372,0.0
9020.263016857916,0.0
3963.200107187984,0.0
7065.919840194516,0.0
5626.256460254394,0.0
6542.64509020666,0.0
0.0,0.0
0.0,0.0
0.0,0.0
0.0,0.0
14119.033086847468,0.0
0.0,0.0
5927.007741228049,0.0
6314.074116666682,0.0
6019.903671333322,0.0
0.0,0.0
4984.216220060896,0.0
7578.15046121831,0.0
0.0,0.0
3397.1346339545776,0.0
3112.2645711598125,0.0
9943.364533782737,0.0
3251.691059313512,0.0
0.0,0.0
10818.6,0.0
0.0,0.0
0.0,0.0
0.0,0.0
0.0,0.0
0.0,0.0
0.0,0.0
0.0,0.0
0.0,0.0
14074.108878336001,0.0
0.0,0.0
0.0,0.0
9296.636154253705,0.0
1808.7838061352977,0.0
0.0,0.0
0.0,0.0
0.0,0.0
2969.3500079103933,0.0
0.0,0.0
9530.472622468691,0.0
1675.3965012698786,0.0
0.0,0.0
0.0,0.0
0.0,0.0
0.0,0.0
0.0,0.0
0.0,0.0
0.0,0.0
14136.1319468739,0.0
-1.1261671906881608e-13,0.0
0.0,0.0
0.0,0.0
0.0,0.0
0.0,0.0
0.0,0.0
0.0,0.0
10818.6,0.0
0.0,0.0
0.0,0.0
0.0,0.0
103.75241162834206,0.0
8090.963559246825,0.0
0.0,0.0
0.0,0.0
5879.392907460835,0.0
0.0,0.0
0.0,0.0
0.0,0.0
521.9445776478392,0.0
10421.922120987643,0.0
0.0,0.0
0.0,0.0
0.0,0.0
2997.6529185953186,0.0
0.0,0.0
0.0,0.0
0.0,0.0
725.2183853642874,0.0
13158.043900236378,0.0
0.0,0.0
0.0,0.0
0.0,0.0
0.0,0.0
0.0,0.0
0.0,0.0
0.0,0.0
0.0,0.0
0.0,0.0
0.0,0.0
0.0,0.0
0.0,0.0
3010.8999129386757,0.0
0.0,0.0
0.0,0.0
0.0,0.0
0.0,0.0
0.0,0.0
0.0,0.0
0.0,0.0
0.0,0.0
0.0,0.0
0.0,0.0
0.0,0.0
0.0,0.0
0.0,0.0
0.0,0.0
0.0,0.0
0.0,0.0
0.0,0.0
0.0,0.0
0.0,0.0
0.0,0.0
0.0,0.0
0.0,0.0
0.0,0.0
3596.593994289015,0.0
0.0,0.0
0.0,0.0
0.0,0.0
0.0,0.0
13296.550782748904,0.0
-4.5157525807948737e-26,0.0
0.0,0.0
0.0,0.0
0.0,0.0
0.0,0.0
0.0,0.0
0.0,0.0
8650.979381759944,0.0
0.0,0.0
0.0,0.0
0.0,0.0
0.0,0.0
0.0,0.0
14096.882420780179,0.0
0.0,0.0
0.0,0.0
0.0,0.0
0.0,0.0
0.0,0.0
0.0,0.0
0.0,0.0
0.0,0.0
0.0,0.0
0.0,0.0
0.0,0.0
0.0,0.0
0.0,0.0
0.0,0.0
0.0,0.0
0.0,0.0
1312.5394702982849,0.0
0.0,0.0
0.0,0.0
0.0,0.0
0.0,0.0
0.0,0.0
13889.195618892081,0.0
0.0,0.0
0.0,0.0
0.0,0.0
0.0,0.0
7763.9133822513995,0.0
1.1261671906866953e-13,0.0
0.0,0.0
0.0,0.0
0.0,0.0
0.0,0.0
13712.867865798175,0.0
437.92038458901106,0.0
0.0,0.0
10818.6,0.0
2596.4640000000013,0.0
147.09888910364256,0.0
12794.370077296358,0.0
1094.8787412547679,0.0
9986.492156646376,0.0
0.0,0.0
0.0,0.0
0.0,0.0
0.0,0.0
0.0,0.0
0.0,0.0
0.0,0.0
2418.0920875208703,0.0
0.0,0.0
11664.759115523288,0.0
0.0,0.0
0.0,0.0
0.0,0.0
0.0,0.0
0.0,0.0
0.0,0.0
0.0,0.0
0.0,0.0
14068.635630872493,0.0
0.0,0.0
0.0,0.0
0.0,0.0
0.0,0.0
1368.693757892303,0.0
6883.633718775014,0.0
5587.03837373099,0.0
5996.6744991480655,0.0
6399.313701483401,0.0
5955.121586872616,0.0
6292.707593976813,0.0
6036.1422285776225,0.0
122.92202260825971,0.0
2137.584288737968,0.0
11606.891623637835,0.0
1997.3623660352457,0.0
0.0,0.0
0.0,0.0
0.0,0.0
11061.531714175146,0.0
0.0,0.0
3071.5049975286965,0.0
0.0,0.0
0.0,0.0
0.0,0.0
0.0,0.0
0.0,0.0
0.0,0.0
0.0,0.0
6350.6667146105665,0.0
0.0,0.0
0.0,0.0
0.0,0.0
0.0,0.0
0.0,0.0
12119.295408237746,0.0
0.0,0.0
0.0,0.0
2001.7546494985465,0.0
0.0,0.0
0.0,0.0
0.0,0.0
0.0,0.0
0.0,0.0
0.0,0.0
0.0,0.0
0.0,0.0
7755.431484534497,0.0
0.0,0.0
0.0,0.0
0.0,0.0
0.0,0.0
2540.3411269187127,0.0
8887.94074354178,0.0
4063.7650349082487,0.0
7730.138573469732,0.0
4943.694684163003,0.0
7061.392040036118,0.0
5451.94204957255,0.0
6675.124042324862,0.0
5745.505727833106,0.0
6452.01564684684,0.0
5915.068108396401,0.0
6323.148237618735,0.0
6013.007339409762,0.0
6248.714422048582,0.0
6069.577039243078,0.0
6205.721450175261,0.0
6102.251697866802,0.0
6180.888709621231,0.0
0.0,0.0
0.0,0.0
0.0,0.0
7996.153353140469,0.0
6126.68043306296,0.0
0.0,0.0
0.0,0.0
0.0,0.0
0.0,0.0
1772.5804295720131,0.0
12376.498798391547,0.0
0.0,0.0
0.0,0.0
0.0,0.0
0.0,0.0
0.0,0.0
10823.060925442476,0.0
0.0,0.0
0.0,0.0
0.0,0.0
0.0,0.0
0.0,0.0
14187.771686399998,0.0
0.0,0.0
0.0,0.0
7513.035296949035,0.0
5108.693174318734,0.0
6579.2608023784,0.0
5903.977562625865,0.0
6331.577052404343,0.0
6006.6014401727,0.0
6253.582905468748,0.0
6065.876991843751,0.0
3966.6668936174847,0.0
2080.516665256848,0.0
0.0,0.0
0.0,0.0
0.0,0.0
9812.709931702933,0.0
0.0,0.0
4220.987215700074,0.0
0.0,0.0
10818.6,0.0
0.0,0.0
0.0,0.0
0.0,0.0
0.0,0.0
0.0,0.0
3009.9735275480666,0.0
3145.4239741359206,0.0
5424.721113340322,0.0
0.0,0.0
2493.990263311693,0.0
0.0,0.0
10818.6,0.0
2596.4640000000018,0.0
0.0,0.0
0.0,0.0
0.0,0.0
7021.613850809991,0.0
1911.7150952678908,0.0
0.0,0.0
43.87681293702799,0.0
5509.790293503191,0.0
7.365707394084364e-13,0.0
791.8153474993616,0.0
10216.820335900487,0.0
0.0,0.0
0.0,0.0
0.0,0.0
0.0,0.0
0.0,0.0
0.0,0.0
0.0,0.0
0.0,0.0
14080.43131991415,0.0
0.0,0.0
0.0,0.0
0.0,0.0
0.0,0.0
0.0,0.0
0.0,0.0
0.0,0.0
0.0,0.0
0.0,0.0
0.0,0.0
11057.063708720358,0.0
0.0,0.0
0.0,0.0
0.0,0.0
0.0,0.0
3285.036414237157,0.0
7427.141317149155,0.0
5388.732040893988,0.0
6723.16364892057,0.0
5708.995626820366,0.0
6479.763323616522,0.0
5893.9798740514425,0.0
6111.721759405261,0.0
6228.280311567757,0.0
6085.1069632085055,0.0
4600.723350832171,0.0
7322.05025336755,0.0
0.0,0.0
0.0,0.0
0.0,0.0
0.0,0.0
0.0,0.0
0.0,0.0
0.0,0.0
0.0,0.0
0.0,0.0
14110.84446914606,0.0
0.0,0.0
0.0,0.0
0.0,0.0
0.0,0.0
0.0,0.0
12937.676108634152,0.0
0.0,0.0
0.0,0.0
0.0,0.0
0.0,0.0
0.0,0.0
0.0,0.0
0.0,0.0
10818.599999999999,0.0
0.0,0.0
0.0,0.0
0.0,0.0
0.0,0.0
14074.108878336001,0.0
0.0,0.0
0.0,0.0
0.0,0.0
0.0,0.0
0.0,0.0
0.0,0.0
10818.599999999999,0.0
0.0,0.0
0.0,0.0
0.0,0.0
0.0,0.0
3817.8635575128565,0.0
0.0,0.0
0.0,0.0
0.0,0.0
0.0,0.0
13476.986064964996,0.0
0.0,0.0
0.0,0.0
0.0,0.0
0.0,0.0
0.0,0.0
0.0,0.0
14038.21536,0.0
0.0,0.0
0.0,0.0
0.0,0.0
0.0,0.0
0.0,0.0
0.0,0.0
0.0,0.0
0.0,0.0
0.0,0.0
0.0,0.0
0.0,0.0
0.0,0.0
0.0,0.0
0.0,0.0
0.0,0.0
4284.48917713238,0.0
0.0,0.0
0.0,0.0
0.0,0.0
0.0,0.0
0.0,0.0
0.0,0.0
0.0,0.0
0.0,0.0
0.0,0.0
13386.986363001888,0.0
0.0,0.0
0.0,0.0
0.0,0.0
0.0,0.0
0.0,0.0
5864.103152314331,0.0
6361.881604241109,0.0
5983.569980776757,0.0
6271.0868146096645,0.0
6052.5740208966545,0.0
6218.6437441185435,0.0
6092.430754469907,0.0
6188.352626602871,0.0
6115.4520037818165,0.0
6170.85647712582,0.0
6128.7490773843765,0.0
6160.750701187876,0.0
6136.429467097214,0.0
0.0,0.0
0.0,0.0
0.0,0.0
13130.044902754084,0.0
993.2559829215221,0.0
0.0,0.0
0.0,0.0
0.0,0.0
0.0,0.0
3466.3966254606526,0.0
8184.138564649906,0.0
4598.654690866072,0.0
7323.622434941786,0.0
5252.646949444243,0.0
6826.588318422374,0.0
5630.3928779989965,0.0
6539.501412720762,0.0
5848.57892633222,0.0
6373.680015987512,0.0
5974.6031878494905,0.0
6277.901577234388,0.0
6047.394801301866,0.0
6222.579951010583,0.0
6089.439237231957,0.0
6190.626179703713,0.0
6113.724103425179,0.0
6172.169681396864,0.0
6127.751042138384,0.0
6161.509207974828,0.0
6135.85300193913,0.0
6155.351718526261,0.0
6140.532693920041,0.0
6151.795152620769,0.0
6143.235684008215,0.0
6149.740880153757,0.0
0.0,0.0
0.0,0.0
0.0,0.0
0.0,0.0
6525.627528104934,0.0
2688.400417832236,0.0
0.0,0.0
0.0,0.0
0.0,0.0
4909.133086838125,0.0
0.0,0.0
10818.599999999999,0.0
0.0,0.0
0.0,0.0
0.0,0.0
0.0,0.0
1166.8117635963376,0.0
0.0,0.0
0.0,0.0
0.0,0.0
0.0,0.0
13916.351307537518,0.0
0.0,0.0
582.818700784073,0.0
0.0,0.0
0.0,0.0
1123.0136078768433,0.0
9236.681914534933,0.0
3653.006366142699,0.0
0.0,0.0
0.0,0.0
1.4421735949318903e-24,0.0
0.0,0.0
0.0,0.0
0.0,0.0
0.0,0.0
0.0,0.0
2231.8466053909324,0.0
10935.023722623153,0.0
0.0,0.0
0.0,0.0
0.0,0.0
0.0,0.0
0.0,0.0
0.0,0.0
0.0,0.0
0.0,0.0
0.0,0.0
0.0,0.0
0.0,0.0
0.0,0.0
6628.352301154727,0.0
0.0,0.0
0.0,0.0
0.0,0.0
0.0,0.0
0.0,0.0
0.0,0.0
0.0,0.0
8062.6254893310015,0.0
4691.004628108439,0.0
7253.436482637587,0.0
2373.1982760463857,0.0
9718.838909520518,0.0
3432.2824287644066,0.0
3174.720879152867,0.0
8405.812131843822,0.0
24.791137251596478,0.0
0.0,0.0
13664.292655176025,0.0
0.0,0.0
4006.57578810089,0.0
0.0,0.0
0.0,0.0
0.0,0.0
0.0,0.0
10307.02933143343,0.0
0.0,0.0
0.0,0.0
0.0,0.0
0.0,0.0
8787.181495845502,0.0
0.0,0.0
10818.6,0.0
0.0,0.0
0.0,0.0
0.0,0.0
0.0,0.0
1547.5952929876862,0.0
0.0,0.0
0.0,0.0
12526.513585348315,0.0
0.0,0.0
0.0,0.0
0.0,0.0
889.1029450502318,0.0
0.0,0.0
0.0,0.0
0.0,0.0
0.0,0.0
6490.549290006853,0.0
6912.914713690118,0.0
0.0,0.0
774.9665537776235,0.0
0.0,0.0
-7.038544942062266e-15,0.0
0.0,0.0
0.0,0.0
0.0,0.0
0.0,0.0
0.0,0.0
0.0,0.0
0.0,0.0
0.0,0.0
0.0,0.0
0.0,0.0
0.0,0.0
0.0,0.0
0.0,0.0
0.0,0.0
0.0,0.0
0.0,0.0
6127.932893532341,0.0
0.0,0.0
8036.672002801334,0.0
-1.8109916360243234e-12,0.0
0.0,0.0
0.0,0.0
0.0,0.0
0.0,0.0
0.0,0.0
0.0,0.0
0.0,0.0
0.0,0.0
0.0,0.0
0.0,0.0
0.0,0.0
0.0,0.0
0.0,0.0
649.0013167981039,0.0
0.0,0.0
742.159981451884,0.0
7.0385449424228254e-15,0.0
2832.5238624811127,0.0
0.0,0.0
0.0,0.0
0.0,0.0
0.0,0.0
13930.873493586156,0.0
0.0,0.0
0.0,0.0
0.0,0.0
0.0,0.0
0.0,0.0
0.0,0.0
0.0,0.0
0.0,0.0
0.0,0.0
13861.483317620607,0.0
0.0,0.0
1.1261671906882728e-13,0.0
0.0,0.0
0.0,0.0
0.0,0.0
0.0,0.0
0.0,0.0
0.0,0.0
0.0,0.0
0.0,0.0
560.4862638652337,0.0
3806.2185416030434,0.0
0.0,0.0
0.0,0.0
0.0,0.0
0.0,0.0
0.0,0.0
0.0,0.0
12350.073955160076,0.0
0.0,0.0
0.0,0.0
0.0,0.0
1180.4644833830343,0.0
11461.138675110242,0.0
0.0,0.0
0.0,0.0
0.0,0.0
0.0,0.0
0.0,0.0
518.7324715674374,0.0
13133.61697808019,0.0
0.0,0.0
0.0,0.0
0.0,0.0
0.0,0.0
0.0,0.0
0.0,0.0
9312.080261115509,0.0
0.0,0.0
0.0,0.0
823.10395850244,0.0
0.0,0.0
3523.1460571396506,0.0
0.0,0.0
10818.6,0.0
2596.464,0.0
8845.287360000002,0.0
4096.1816063999995,0.0
7705.501979135998,0.0
4962.418495856642,0.0
7047.161943148953,0.0
5462.756923206796,0.0
6666.904738362836,0.0
5751.752398844243,0.0
6447.268176878375,0.0
5918.676185572435,0.0
6320.406098964951,0.0
0.0,0.0
0.0,0.0
0.0,0.0
0.0,0.0
9283.973952735618,0.0
2114.3550051263005,0.0
0.0,0.0
0.0,0.0
0.0,0.0
0.0,0.0
0.0,0.0
0.0,0.0
0.0,0.0
0.0,0.0
0.0,0.0
0.0,0.0
0.0,0.0
0.0,0.0
0.0,0.0
0.0,0.0
10782.837507159904,0.0
0.0,0.0
0.0,0.0
0.0,0.0
0.0,0.0
0.0,0.0
0.0,0.0
0.0,0.0
453.1144397483309,0.0
0.0,0.0
0.0,0.0
0.0,0.0
0.0,0.0
0.0,0.0
0.0,0.0
0.0,0.0
0.0,0.0
0.0,0.0
0.0,0.0
0.0,0.0
14016.655549821822,0.0
0.0,0.0
0.0,0.0
0.0,0.0
0.0,0.0
0.0,0.0
0.0,0.0
0.0,0.0
0.0,0.0
0.0,0.0
0.0,0.0
9569.820881687838,0.0
0.0,0.0
0.0,0.0
0.0,0.0
0.0,0.0
0.0,0.0
0.0,0.0
0.0,0.0
0.0,0.0
0.0,0.0
0.0,0.0
0.0,0.0
0.0,0.0
0.0,0.0
0.0,0.0
0.0,0.0
0.0,0.0
12564.870036548475,0.0
0.0,0.0
0.0,0.0
0.0,0.0
0.0,0.0
0.0,0.0
0.0,0.0
0.0,0.0
11166.450379506954,0.0
0.0,0.0
0.0,0.0
0.0,0.0
0.0,0.0
9016.227393117491,0.0
0.0,0.0
5491.220181837075,0.0
1631.3389389211316,0.0
0.0,0.0
10795.086425872785,0.0
3241.028060522135,0.0
0.0,0.0
9928.386152004718,0.0
3273.026524476417,0.0
8331.099841397921,0.0
4486.964120537578,0.0
7408.5072683914395,0.0
5188.134476022506,0.0
6875.617798222896,0.0
5593.130473350599,0.0
6567.820840253546,0.0
0.0,0.0
9699.840423134774,0.0
4050.8620117622877,0.0
159.9573316455463,0.0
9699.735594544338,0.0
3446.8009481463046,0.0
8199.03127940881,0.0
4587.336227649304,0.0
7332.224466986528,0.0
5246.109405090238,0.0
6831.55685213142,0.0
5626.61679238012,0.0
6542.37123779111,0.0
5846.397859278758,0.0
6375.337626948145,0.0
5973.34340351941,0.0
6278.859013325249,0.0
6046.66714987281,0.0
6223.132966096664,0.0
6089.0189457665365,0.0
6190.945601217434,0.0
6113.48134307475,0.0
6172.35417926319,0.0
6127.610823759975,0.0
6161.615773942421,0.0
6135.77201180376,0.0
6155.413271029143,0.0
6140.485914017851,0.0
6151.830705346435,0.0
6143.20866393671,0.0
6149.761415408102,0.0
6144.781324289841,0.0
6148.566193539721,0.0
6145.689692909812,0.0
6147.875833388543,0.0
6146.214366624707,0.0
6147.477081365223,0.0
6146.51741816243,0.0
6147.2467621965525,0.0
6146.69246073062,0.0
6147.113729844728,0.0
6146.793565318007,0.0
2784.722289977639,0.0
9509.166563708357,0.0
3591.633411581649,0.0
0.0,0.0
0.0,0.0
0.0,0.0
12082.000210579277,0.0
0.0,0.0
0.0,0.0
0.0,0.0
2011.017145415059,0.0
0.0,0.0
0.0,0.0
0.0,0.0
0.0,0.0
0.0,0.0
0.0,0.0
0.0,0.0
0.0,0.0
0.0,0.0
0.0,0.0
0.0,0.0
1697.4003632071372,0.0
3.605430448327247e-25,0.0
0.0,0.0
0.0,0.0
0.0,0.0
0.0,0.0
0.0,0.0
0.0,0.0
11822.892536790452,0.0
0.0,0.0
2232.4173601466455,0.0
0.0,0.0
0.0,0.0
0.0,0.0
0.0,0.0
5125.762359076478,0.0
0.0,0.0
2338.613730988083,0.0
0.0,0.0
0.0,0.0
0.0,0.0
0.0,0.0
14163.201649274944,0.0
0.0,0.0
0.0,0.0
0.0,0.0
0.0,0.0
0.0,0.0
0.0,0.0
946.9538635104715,0.0
0.0,0.0
0.0,0.0
0.0,0.0
10777.851484606372,0.0
3399.971277234662,0.0
0.0,0.0
0.0,0.0
0.0,0.0
3427.9181011257606,0.0
8213.382243144422,0.0
4576.42949521024,0.0
0.0,0.0
0.0,0.0
0.0,0.0
8997.774306768313,0.0
0.0,0.0
0.0,0.0
0.0,0.0
0.0,0.0
0.0,0.0
0.0,0.0
0.0,0.0
0.0,0.0
0.0,0.0
0.0,0.0
0.0,0.0
0.0,0.0
0.0,0.0
12506.370084837497,0.0
0.0,0.0
0.0,0.0
0.0,0.0
0.0,0.0
0.0,0.0
0.0,0.0
0.0,0.0
0.0,0.0
0.0,0.0
0.0,0.0
0.0,0.0
11195.221628464891,0.0
0.0,0.0
0.0,0.0
0.0,0.0
0.0,0.0
0.0,0.0
2289.194855906016,0.0
0.0,0.0
0.0,0.0
0.0,0.0
0.0,0.0
0.0,0.0
7704.880077438388,0.0
0.0,0.0
0.0,0.0
0.0,0.0
6142.42921637156,0.0
0.0,0.0
0.0,0.0
4073.569399239049,0.0
7722.687256578323,0.0
192.8094142799196,0.0
0.0,0.0
5067.524207056682,0.0
8586.348536172167,0.0
2825.816707331296,0.0
0.0,0.0
0.0,0.0
3269.4989120987457,0.0
5143.554817248826,0.0
4506.618963826691,0.0
7393.569587491716,0.0
0.0,0.0
0.0,0.0
0.0,0.0
0.0,0.0
0.0,0.0
0.0,0.0
0.0,0.0
0.0,0.0
14110.093069857108,0.0
0.0,0.0
0.0,0.0
2577.3108189194245,0.0
0.0,0.0
0.0,0.0
0.0,0.0
7200.74691324374,0.0
2637.7229045559834,0.0
0.0,0.0
0.0,0.0
0.0,0.0
285.3855349539014,0.0
13140.8027122871,0.0
0.0,0.0
0.0,0.0
0.0,0.0
0.0,0.0
7875.663743459749,0.0
6208.9780506970865,0.0
0.0,0.0
0.0,0.0
0.0,0.0
0.0,0.0
456.39669541092735,0.0
13685.849421024112,0.0
0.0,0.0
0.0,0.0
0.0,0.0
0.0,0.0
12550.634671086456,0.0
1548.8387175975854,0.0
0.0,0.0
1711.5639024436384,0.0
0.0,0.0
0.0,0.0
9297.71555366742,0.0
4635.414366446695,0.0
0.0,0.0
0.0,0.0
0.0,0.0
0.0,0.0
14038.21536,0.0
0.0,0.0
0.0,0.0
0.0,0.0
0.0,0.0
0.0,0.0
3727.1197376688137,0.0
0.0,0.0
0.0,0.0
0.0,0.0
0.0,0.0
0.0,0.0
0.0,0.0
13909.667013511631,0.0
3.0773929163399584e-27,0.0
0.0,0.0
6651.751991873341,0.0
5763.26848617626,0.0
6438.515950506043,0.0
5925.3278776154075,0.0
6315.350813012291,0.0
0.0,0.0
0.0,0.0
0.0,0.0
0.0,0.0
0.0,0.0
14121.421095074298,0.0
0.0,0.0
0.0,0.0
0.0,0.0
0.0,0.0
0.0,0.0
0.0,0.0
0.0,0.0
10818.6,0.0
2596.4639999999995,0.0
3014.1001993271234,0.0
3540.952782359048,0.0
9660.215721738443,0.0
3296.5625067026413,0.0
8313.21249490599,0.0
4500.558503871446,0.0
7398.175537057701,0.0
5195.986591836146,0.0
6869.650190204529,0.0
5597.665855444558,0.0
6564.373949862138,0.0
5829.675798104775,0.0
6388.046393440372,0.0
5963.684740985318,0.0
6286.199596851158,0.0
6041.08830639312,0.0
6227.372887141229,0.0
6085.796605772665,0.0
6193.3945796127755,0.0
6111.6201194942905,0.0
6173.768709184338,0.0
6126.535781019903,0.0
6162.432806424874,0.0
6135.151067117095,0.0
6155.885188991007,0.0
6140.127256366835,0.0
6152.103285161205,0.0
6143.001503277484,0.0
6149.918857509113,0.0
6144.6616682930735,0.0
6148.657132097263,0.0
6145.62057960608,0.0
6147.9283594993785,0.0
6146.174446780472,0.0
6147.507420446842,0.0
6146.4943604604005,0.0
6147.2642860500955,0.0
6146.679142601929,0.0
6147.123851622535,0.0
6146.7858727668745,0.0
6147.042736697178,0.0
6146.847520110145,0.0
6146.99588471629,0.0
6146.883127615621,0.0
6146.968823012129,0.0
6146.903694510782,0.0
6146.953192171805,0.0
6146.915573949426,0.0
0.0,0.0
8063.970814563672,0.0
5705.157169271117,0.0
2998.191291842107,0.0
8486.454456675105,0.0
4368.8946129269225,0.0
4913.874477328399,0.0
7704.303145273732,0.0
4358.412390125626,0.0
7506.206583504525,0.0
0.0,0.0
0.0,0.0
0.0,0.0
1639.9865001035716,0.0
7829.403454504937,0.0
1255.572525660701,0.0
3383.9471982749133,0.0
0.0,0.0
0.0,0.0
0.0,0.0
0.0,0.0
0.0,0.0
0.0,0.0
0.0,0.0
0.0,0.0
0.0,0.0
0.0,0.0
13829.580024824092,0.0
0.0,0.0
0.0,0.0
0.0,0.0
0.0,0.0
0.0,0.0
0.0,0.0
0.0,0.0
0.0,0.0
13771.15265480399,0.0
0.0,0.0
0.0,0.0
0.0,0.0
0.0,0.0
0.0,0.0
0.0,0.0
0.0,0.0
0.0,0.0
0.0,0.0
0.0,0.0
0.0,0.0
10689.97354637403,0.0
3022.0746341444847,0.0
3.604796556178143e-25,0.0
0.0,0.0
5189.8210770423275,0.0
6874.335981447832,0.0
5594.104654099648,0.0
6567.080462884269,0.0
5827.618848207956,0.0
6389.609675361954,0.0
5962.496646724916,0.0
6287.102548489066,0.0
6040.402063148311,0.0
6227.894432007284,0.0
6085.4002316744645,0.0
0.0,0.0
0.0,0.0
0.0,0.0
0.0,0.0
14123.837011069974,0.0
0.0,0.0
0.0,0.0
0.0,0.0
0.0,0.0
2800.4540070619946,0.0
6379.4424226416,0.0
0.0,0.0
0.0,0.0
0.0,0.0
0.0,0.0
1822.4432426497567,0.0
3830.7780495569104,0.0
0.0,0.0
0.0,0.0
0.0,0.0
0.0,0.0
0.0,0.0
3274.9640409434055,0.0
0.0,0.0
0.0,0.0
0.0,0.0
0.0,0.0
0.0,0.0
0.0,0.0
0.0,0.0
0.0,0.0
0.0,0.0
0.0,0.0
0.0,0.0
0.0,0.0
9555.07704135483,0.0
3882.5967935547524,0.0
0.0,0.0
0.0,0.0
0.0,0.0
0.0,0.0
0.0,0.0
0.0,0.0
10818.6,0.0
2596.4640000000018,0.0
8845.287359999998,0.0
4096.181606400002,0.0
7705.501979135999,0.0
4962.418495856641,0.0
7047.161943148954,0.0
5462.7569232067935,0.0
6666.904738362836,0.0
5751.752398844244,0.0
6447.268176878376,0.0
5918.6761855724335,0.0
6320.40609896495,0.0
6015.091364786639,0.0
6247.130562762155,0.0
6070.780772300763,0.0
6204.806613051422,0.0
6102.946974080919,0.0
6180.360299698503,0.0
6121.526172229138,0.0
5477.325947732432,0.0
6821.171678452974,0.0
5634.5095243757405,0.0
6536.372761474437,0.0
5850.956701279429,0.0
6371.872907027635,0.0
5975.976590658998,0.0
6276.857791099162,0.0
6048.188078764639,0.0
6221.977060138875,0.0
6089.897434294454,0.0
6190.277949936216,0.0
6113.988758048475,0.0
6171.968543883159,0.0
6127.9039066487985,0.0
6161.393030946914,0.0
6135.941296480345,0.0
6155.28461467494,0.0
6140.583692847047,0.0
6151.756393436246,0.0
6143.265140988454,0.0
6149.718492848776,0.0
6144.813945434929,0.0
6148.541401469454,0.0
6145.708534883216,0.0
6147.861513488756,0.0
6146.225249748545,0.0
6147.468810191106,0.0
6146.523704254761,0.0
6147.241984766383,0.0
6146.696091577548,0.0
6147.110970401065,0.0
6146.79566249519,0.0
6147.035296503655,0.0
6146.853174657223,0.0
3627.7127384972628,0.0
5018.3714870252015,0.0
7880.108171161663,0.0
0.0,0.0
10818.6,0.0
2596.464,0.0
8845.28736,0.0
4096.181606399999,0.0
7705.501979135999,0.0
4962.41849585664,0.0
0.0,0.0
0.0,0.0
0.0,0.0
0.0,0.0
14135.635326702091,0.0
0.0,0.0
0.0,0.0
0.0,0.0
0.0,0.0
0.0,0.0
0.0,0.0
0.0,0.0
0.0,0.0
0.0,0.0
0.0,0.0
0.0,0.0
0.0,0.0
0.0,0.0
0.0,0.0
0.0,0.0
0.0,0.0
0.0,0.0
0.0,0.0
12743.252644649085,0.0
0.0,0.0
0.0,0.0
0.0,0.0
0.0,0.0
0.0,0.0
0.0,0.0
0.0,0.0
10818.6,0.0
2596.4640000000018,0.0
8845.287359999998,0.0
4096.1816064,0.0
7705.501979135998,0.0
4962.41849585664,0.0
7047.161943148954,0.0
5462.7569232067935,0.0
6666.9047383628385,0.0
5751.752398844242,0.0
6447.268176878377,0.0
5918.676185572434,0.0
6320.40609896495,0.0
2234.6487603768683,0.0
10027.573167171928,0.0
3197.6443929493353,0.0
7989.787428646739,0.0
4746.361554228478,0.0
7211.36521878636,0.0
5337.962433722365,0.0
6761.748550371002,0.0
5679.671101718038,0.0
6502.049962694292,0.0
5877.042028352339,0.0
6352.048058452222,0.0
5991.043475576312,0.0
6265.4069585620055,0.0
6056.890711492876,0.0
6215.363059265414,0.0
6094.924074958285,0.0
6186.457703031704,0.0
6116.892145695906,0.0
6169.761969271112,0.0
6129.580903353953,0.0
6160.118513450996,0.0
0.0,0.0
0.0,0.0
0.0,0.0
0.0,0.0
11013.926700258608,0.0
0.0,0.0
0.0,0.0
0.0,0.0
0.0,0.0
0.0,0.0
0.0,0.0
0.0,0.0
0.0,0.0
0.0,0.0
0.0,0.0
0.0,0.0
0.0,0.0
0.0,0.0
0.0,0.0
0.0,0.0
0.0,0.0
0.0,0.0
0.0,0.0
0.0,0.0
0.0,0.0
0.0,0.0
0.0,0.0
0.0,0.0
5225.712061526644,0.0
1383.0942910993485,0.0
0.0,0.0
0.0,0.0
0.0,0.0
5963.068537140223,0.0
0.0,0.0
0.0,0.0
0.0,0.0
10818.599999999999,0.0
2464.8144039114923,0.0
8976.93695608851,0.0
3199.357235376208,0.0
2360.7545309517363,0.0
0.0,0.0
0.0,0.0
0.0,0.0
6465.673434876594,0.0
7717.923966165296,0.0
0.0,0.0
4739.213839661577,0.0
7216.797481857205,0.0
3382.9155943817927,0.0
8715.804544927452,0.0
0.0,0.0
0.0,0.0
0.0,0.0
0.0,0.0
0.0,0.0
0.0,0.0
0.0,0.0
0.0,0.0
0.0,0.0
0.0,0.0
0.0,0.0
0.0,0.0
10195.563198813865,0.0
4006.125125680032,0.0
0.0,0.0
0.0,0.0
0.0,0.0
0.0,0.0
0.0,0.0
0.0,0.0
0.0,0.0
10818.599999999999,0.0
0.0,0.0
0.0,0.0
0.0,0.0
0.0,0.0
0.0,0.0
0.0,0.0
0.0,0.0
0.0,0.0
14074.108878336001,0.0
0.0,0.0
0.0,0.0
0.0,0.0
0.0,0.0
0.0,0.0
13727.378553874605,0.0
0.0,0.0
0.0,0.0
0.0,0.0
0.0,0.0
0.0,0.0
0.0,0.0
0.0,0.0
0.0,0.0
0.0,0.0
0.0,0.0
0.0,0.0
0.0,0.0
0.0,0.0
0.0,0.0
0.0,0.0
0.0,0.0
0.0,0.0
0.0,0.0
0.0,0.0
0.0,0.0
0.0,0.0
0.0,0.0
0.0,0.0
0.0,0.0
0.0,0.0
0.0,0.0
0.0,0.0
0.0,0.0
0.0,0.0
0.0,0.0
0.0,0.0
0.0,0.0
0.0,0.0
0.0,0.0
0.0,0.0
0.0,0.0
0.0,0.0
0.0,0.0
0.0,0.0
0.0,0.0
0.0,0.0
0.0,0.0
0.0,0.0
0.0,0.0
0.0,0.0
0.0,0.0
0.0,0.0
0.0,0.0
0.0,0.0
0.0,0.0
0.0,0.0
0.0,0.0
0.0,0.0
0.0,0.0
0.0,0.0
0.0,0.0
0.0,0.0
0.0,0.0
0.0,0.0
10907.615319097751,0.0
0.0,0.0
0.0,0.0
0.0,0.0
0.0,0.0
0.0,0.0
0.0,0.0
0.0,0.0
0.0,0.0
0.0,0.0
0.0,0.0
0.0,0.0
0.0,0.0
0.0,0.0
0.0,0.0
0.0,0.0
0.0,0.0
0.0,0.0
0.0,0.0
0.0,0.0
0.0,0.0
0.0,0.0
0.0,0.0
0.0,0.0
0.0,0.0
0.0,0.0
0.0,0.0
0.0,0.0
0.0,0.0
3076.4640693850047,0.0
0.0,0.0
0.0,0.0
0.0,0.0
0.0,0.0
0.0,0.0
0.0,0.0
0.0,0.0
0.0,0.0
0.0,0.0
0.0,0.0
0.0,0.0
0.0,0.0
0.0,0.0
0.0,0.0
0.0,0.0
0.0,0.0
0.0,0.0
0.0,0.0
0.0,0.0
0.0,0.0
0.0,0.0
1739.159319349431,0.0
0.0,0.0
0.0,0.0
0.0,0.0
0.0,0.0
0.0,0.0
0.0,0.0
0.0,0.0
0.0,0.0
469.0262335857008,0.0
0.0,0.0
0.0,0.0
0.0,0.0
0.0,0.0
0.0,0.0
0.0,0.0
0.0,0.0
0.0,0.0
0.0,0.0
0.0,0.0
0.0,0.0
13969.566944071139,0.0
0.0,0.0
0.0,0.0
0.0,0.0
0.0,0.0
5409.99349306921,0.0
0.0,0.0
0.0,0.0
0.0,0.0
10818.6,0.0
2596.464,0.0
8845.28736,0.0
4096.1816064,0.0
7705.501979135999,0.0
4962.41849585664,0.0
7047.161943148954,0.0
5462.756923206795,0.0
0.0,0.0
3491.8997511226635,0.0
9860.68030662733,0.0
0.0,0.0
0.0,0.0
0.0,0.0
0.0,0.0
0.0,0.0
1475.6578442908444,0.0
6834.632901440405,0.0
947.1474381042516,0.0
0.0,0.0
0.0,0.0
0.0,0.0
0.0,0.0
0.0,0.0
0.0,0.0
0.0,0.0
0.0,0.0
0.0,0.0
0.0,0.0
0.0,0.0
615.3597630690394,0.0
0.0,0.0
0.0,0.0
6032.000086997496,0.0
7158.250909944094,0.0
0.0,0.0
0.0,0.0
0.0,0.0
0.0,0.0
12384.081084030207,0.0
0.0,0.0
0.0,0.0
0.0,0.0
0.0,0.0
0.0,0.0
5608.516411377487,0.0
8360.539647373798,0.0
0.0,0.0
1779.66024763852,0.0
679.1855962447175,0.0
12713.408557656996,0.0
1156.409496180683,0.0
5275.416369212842,0.0
6809.283559398241,0.0
5643.544494857337,0.0
5272.355078245921,0.0
4176.3179131136085,0.0
8349.480424300495,0.0
4472.994877531626,0.0
0.0,0.0
0.0,0.0
0.0,0.0
0.0,0.0
213.40542722254804,0.0
0.0,0.0
0.0,0.0
0.0,0.0
0.0,0.0
3846.5180433590867,0.0
0.0,0.0
10311.69206965199,0.0
0.0,0.0
0.0,0.0
0.0,0.0
13612.443700588055,0.0
0.0,0.0
0.0,0.0
0.0,0.0
0.0,0.0
0.0,0.0
0.0,0.0
0.0,0.0
0.0,0.0
0.0,0.0
8892.86266987414,0.0
4060.024370895655,0.0
7732.9814781193045,0.0
4941.534076629328,0.0
7063.034101761712,0.0
5450.694082661099,0.0
6676.072497177567,0.0
5744.78490214505,0.0
0.0,0.0
3415.0521797282618,0.0
10371.679476395433,0.0
2554.0818420094374,0.0
7329.864078204862,0.0
2095.1348810714458,0.0
9982.961911063989,0.0
3231.5489475913687,0.0
3974.4469351574044,0.0
7798.020329280375,0.0
4892.104549746915,0.0
7100.600542192345,0.0
5422.143587933819,0.0
4946.4220940198475,0.0
7479.642915541023,0.0
0.0,0.0
0.0,0.0
0.0,0.0
13710.786511729277,0.0
0.0,0.0
0.0,0.0
0.0,0.0
0.0,0.0
0.0,0.0
0.0,0.0
0.0,0.0
0.0,0.0
0.0,0.0
6937.664694954014,0.0
5545.97483183495,0.0
6603.659127805438,0.0
5799.819062867867,0.0
6410.737512220421,0.0
5946.439490712481,0.0
6299.305987058515,0.0
6031.12744983553,0.0
4367.338135877165,0.0
7947.648217272836,0.0
4778.387354872644,0.0
6623.446796632398,0.0
5784.780434559378,0.0
6422.166869734875,0.0
5937.753179001494,0.0
6305.907583958864,0.0
6026.110236191262,0.0
6238.756220494641,0.0
6077.145272424073,0.0
6199.969592957705,0.0
6106.623109352145,0.0
6177.566436892369,0.0
6123.6495079618,0.0
6164.626373949032,0.0
6133.483955798735,0.0
0.0,0.0
0.0,0.0
0.0,0.0
0.0,0.0
0.0,0.0
0.0,0.0
13234.150078695784,0.0
889.1817532284435,0.0
0.0,0.0
5362.275799582811,0.0
6743.270392317063,0.0
5693.714501839032,0.0
6491.376978602337,0.0
5885.153496262224,0.0
6345.8833428407115,0.0
5995.728659441058,0.0
6261.846218824798,0.0
6059.596873693154,0.0
6213.306375993204,0.0
6096.487154245166,0.0
6185.269762773676,0.0
6117.794980292007,0.0
6169.075814978075,0.0
6130.102380616663,0.0
6159.722190731336,0.0
6137.211135044185,0.0
6154.319537366418,0.0
6141.317151601522,0.0
6151.198964782845,0.0
6143.6887867650385,0.0
6149.396522058571,0.0
4373.1364635595755,0.0
7920.277610816941,0.0
4799.189015779125,0.0
0.0,0.0
0.0,0.0
0.0,0.0
1636.4341506069138,0.0
0.0,0.0
0.0,0.0
0.0,0.0
0.0,0.0
0.0,0.0
0.0,0.0
12422.32131887924,0.0
0.0,0.0
0.0,0.0
0.0,0.0
0.0,0.0
0.0,0.0
0.0,0.0
0.0,0.0
0.0,0.0
0.0,0.0
0.0,0.0
0.0,0.0
0.0,0.0
0.0,0.0
0.0,0.0
0.0,0.0
0.0,0.0
0.0,0.0
11686.166447699059,0.0
0.0,0.0
0.0,0.0
1476.4908531229692,0.0
0.0,0.0
0.0,0.0
9778.289807133187,0.0
4192.207877753336,0.0
0.0,0.0
10263.201783009532,0.0
3018.566644912757,0.0
8524.489349866304,0.0
4339.988094101608,0.0
7520.2090484827795,0.0
5103.241123153089,0.0
6940.136746403654,0.0
3507.2998744181405,0.0
4461.46075029616,0.0
8431.191213632921,0.0
3549.513405419109,0.0
2081.509356603792,0.0
9236.652888981116,0.0
3798.7438043743523,0.0
7931.554708675493,0.0
4790.618421406626,0.0
7177.729999730966,0.0
5363.525200204466,0.0
6742.320847844606,0.0
5694.4361556381,0.0
6490.828521715044,0.0
5885.570323496566,0.0
6345.566554142609,0.0
5995.969418851617,0.0
6261.663241672772,0.0
6059.735936328693,0.0
6213.200688390195,0.0
6096.567476823452,0.0
6185.208717614179,0.0
6117.841374613224,0.0
6169.04055529395,0.0
6130.129177976598,0.0
6159.701824737787,0.0
6137.226613199281,0.0
6154.307773968548,0.0
6141.326091783904,0.0
6151.192170244232,0.0
6143.693950614383,0.0
6149.392597533069,0.0
6145.061625874867,0.0
6148.353164335101,0.0
6145.851595105323,0.0
6147.7527877199545,0.0
6146.307881332834,0.0
6147.406010187046,0.0
6146.571432257844,0.0
6147.205711484039,0.0
6146.723659272131,0.0
6147.09001895318,0.0
6146.811585595583,0.0
6147.023194947358,0.0
6146.862371840008,0.0
6146.984597401593,0.0
6146.891705974789,0.0
6146.962303459161,0.0
6146.908649371037,0.0
6146.949426478011,0.0
6146.918435876712,0.0
6146.941988733699,0.0
6146.9240885623885,0.0
6146.937692692585,0.0
6146.927353553635,0.0
6146.935211299237,0.0
6146.92923941258,0.0
6146.93377804644,0.0
6146.930328684706,0.0
6146.9329501996235,0.0
6146.930957848285,0.0
6146.932472035302,0.0
6146.93132125317,0.0
6146.932195847591,0.0
6146.931531155832,0.0
6146.9320363215675,0.0
6146.931652395608,0.0
6146.931944179339,0.0
6146.931722423702,0.0
6146.931890957985,0.0
6146.931762871931,0.0
6146.9318602173325,0.0
6146.931786234828,0.0
6146.93184246153,0.0
6146.931799729237,0.0
6146.931832205781,0.0
6146.931807523609,0.0
6146.931826282057,0.0
6146.931812025638,0.0
6146.931822860516,0.0
6146.9318146260075,0.0
6146.931820884234,0.0
6146.931816127982,0.0
6146.931819742734,0.0
6146.931816995523,0.0
6146.931819083402,0.0
6146.931817496613,0.0
6146.931818702574,0.0
6146.931817786043,0.0
6146.931818482608,0.0
6146.931817953218,0.0
6146.931818355553,0.0
6146.931818049779,0.0
0.0,0.0
0.0,0.0
0.0,0.0
0.0,0.0
0.0,0.0
0.0,0.0
0.0,0.0
0.0,0.0
0.0,0.0
0.0,0.0
0.0,0.0
0.0,0.0
14123.190545455931,0.0
0.0,0.0
0.0,0.0
0.0,0.0
0.0,0.0
0.0,0.0
0.0,0.0
0.0,0.0
0.0,0.0
0.0,0.0
0.0,0.0
0.0,0.0
0.0,0.0
0.0,0.0
0.0,0.0
0.0,0.0
0.0,0.0
0.0,0.0
0.0,0.0
0.0,0.0
10818.599999999999,0.0
2596.4640000000004,0.0
1179.8029208191515,0.0
7424.235979493351,0.0
4547.44588661205,0.0
2742.469981813143,0.0
0.0,0.0
0.0,0.0
0.0,0.0
13543.068861789883,0.0
0.0,0.0
444.4997193272837,0.0
0.0,0.0
10818.6,0.0
2596.4640000000013,0.0
8845.287359999998,0.0
4096.181606400003,0.0
0.0,0.0
0.0,0.0
0.0,0.0
0.0,0.0
0.0,0.0
0.0,0.0
0.0,0.0
0.0,0.0
0.0,0.0
0.0,0.0
0.0,0.0
0.0,0.0
0.0,0.0
0.0,0.0
0.0,0.0
0.0,0.0
0.0,0.0
0.0,0.0
6024.361894508517,0.0
0.0,0.0
0.0,0.0
8120.374324851057,0.0
0.0,0.0
4000.2743129280034,0.0
7778.391522174719,0.0
4907.022443147213,0.0
7089.262943208119,0.0
5430.76016316183,0.0
3002.395406108513,0.0
9422.097940130769,0.0
3657.805565500616,0.0
4964.17598568787,0.0
7045.826250877221,0.0
5463.772049333312,0.0
6666.133242506684,0.0
5752.338735694921,0.0
6446.82256087186,0.0
5919.014853737386,0.0
6320.148711159588,0.0
6015.2869795187125,0.0
6246.981895565778,0.0
6070.89375937001,0.0
6204.720742878793,0.0
6103.012235412116,0.0
6180.310701086793,0.0
6121.563867174038,0.0
6166.211460947734,0.0
6132.279289679723,0.0
6158.067739843412,0.0
6138.468517719008,0.0
6153.363926533553,0.0
6142.0434158345,0.0
6150.6470039657825,0.0
6144.108276986006,0.0
6149.077709490637,0.0
6145.300940787115,0.0
6148.171285001792,0.0
6145.989823398637,0.0
6147.647734217036,0.0
6146.387721995053,0.0
6147.34533128376,0.0
6146.617548224342,0.0
6147.1706633495,0.0
6146.750295854381,0.0
6147.069775150671,0.0
0.0,0.0
0.0,0.0
0.0,0.0
0.0,0.0
0.0,0.0
14123.18909604552,0.0
0.0,0.0
0.0,0.0
0.0,0.0
0.0,0.0
0.0,0.0
0.0,0.0
0.0,0.0
0.0,0.0
0.0,0.0
0.0,0.0
0.0,0.0
0.0,0.0
0.0,0.0
0.0,0.0
0.0,0.0
0.0,0.0
0.0,0.0
0.0,0.0
0.0,0.0
0.0,0.0
0.0,0.0
1546.1105310757605,0.0
0.0,0.0
690.335092184453,0.0
10293.945329939817,0.0
2995.2015492457404,0.0
8542.24682257324,0.0
0.0,0.0
0.0,0.0
0.0,0.0
0.0,0.0
0.0,0.0
0.0,0.0
0.0,0.0
14098.024791142809,0.0
0.0,0.0
0.0,0.0
0.0,0.0
0.0,0.0
0.0,0.0
0.0,0.0
327.4937213902485,0.0
8467.51999468887,0.0
0.0,0.0
3056.7302132746604,0.0
8495.48503791126,0.0
4362.031371187444,0.0
7503.456157897542,0.0
5115.973319997868,0.0
6930.460276801621,0.0
5551.450189630767,0.0
6599.497855880617,0.0
5802.981629530732,0.0
6408.333961556645,0.0
5948.26618921695,0.0
6297.917696195118,0.0
6032.18255089171,0.0
6234.1412613223,0.0
0.0,0.0
0.0,0.0
0.0,0.0
0.0,0.0
0.0,0.0
0.0,0.0
7564.7322296718785,0.0
6557.542072442766,0.0
0.0,0.0
0.0,0.0
1003.4522083054994,0.0
9086.604242670164,0.0
4145.430074534916,0.0
7668.073143353465,0.0
4990.864411051367,0.0
7025.543047600961,0.0
0.0,0.0
0.0,0.0
0.0,0.0
6727.441655357376,0.0
0.0,0.0
0.0,0.0
0.0,0.0
0.0,0.0
0.0,0.0
0.0,0.0
0.0,0.0
0.0,0.0
0.0,0.0
0.0,0.0
0.0,0.0
0.0,0.0
0.0,0.0
0.0,0.0
0.0,0.0
0.0,0.0
0.0,0.0
0.0,0.0
0.0,0.0
0.0,0.0
0.0,0.0
0.0,0.0
0.0,0.0
0.0,0.0
12682.705321312482,0.0
0.0,0.0
3.6055758688411277e-25,0.0
0.0,0.0
0.0,0.0
0.0,0.0
0.0,0.0
0.0,0.0
0.0,0.0
0.0,0.0
0.0,0.0
8245.254036870894,0.0
0.0,0.0
0.0,0.0
2907.859720125893,0.0
8608.62661270432,0.0
0.0,0.0
0.0,0.0
0.0,0.0
0.0,0.0
0.0,0.0
0.0,0.0
6507.986901655636,0.0
0.0,0.0
0.0,0.0
0.0,0.0
0.0,0.0
0.0,0.0
0.0,0.0
0.0,0.0
0.0,0.0
0.0,0.0
0.0,0.0
0.0,0.0
0.0,0.0
0.0,0.0
0.0,0.0
0.0,0.0
0.0,0.0
0.0,0.0
0.0,0.0
0.0,0.0
0.0,0.0
0.0,0.0
0.0,0.0
0.0,0.0
0.0,0.0
0.0,0.0
0.0,0.0
0.0,0.0
0.0,0.0
0.0,0.0
12884.07626791632,0.0
0.0,0.0
0.0,0.0
0.0,0.0
0.0,0.0
0.0,0.0
0.0,0.0
0.0,0.0
0.0,0.0
0.0,0.0
0.0,0.0
0.0,0.0
0.0,0.0
4790.595871559127,0.0
7177.747137615065,0.0
5363.512175412553,0.0
6742.330746686462,0.0
5694.42863251829,0.0
4918.527488133171,0.0
767.6225819352785,0.0
0.0,0.0
0.0,0.0
0.0,0.0
5015.371001490619,0.0
5002.81251696093,0.0
4112.459113431585,0.0
0.0,0.0
1177.9648028349543,0.0
2232.801663720631,0.0
7962.755740763666,0.0
4766.905637019614,0.0
7195.7517158650935,0.0
5349.828695942528,0.0
6752.7301910836795,0.0
5686.5250547764035,0.0
6496.840958369933,0.0
5881.000871638849,0.0
5885.878669729154,0.0
3377.6209661688845,0.0
6817.856645864189,0.0
0.0,0.0
0.0,0.0
2544.0379928053353,0.0
1841.150067699714,0.0
0.0,0.0
0.0,0.0
0.0,0.0
0.0,0.0
0.0,0.0
9384.603937678188,0.0
0.0,0.0
0.0,0.0
0.0,0.0
0.0,0.0
1538.7557095172033,0.0
1835.0006749167244,0.0
3635.3910865032885,0.0
8055.702774257501,0.0
4696.265891564298,0.0
7249.4379224111335,0.0
5309.027178967537,0.0
6783.739343984674,0.0
5662.958098571649,0.0
6514.751845085548,0.0
5867.388597734982,0.0
6359.3846657214135,0.0
5985.467654051724,0.0
6269.64458292069,0.0
6053.6701169802745,0.0
6217.810711094991,0.0
6093.0638595678065,0.0
6187.8714667284685,0.0
6115.8176852863635,0.0
6170.578559182364,0.0
6128.960295021403,0.0
6160.590175783735,0.0
6136.551466404361,0.0
6154.820885532686,0.0
6140.936126995158,0.0
6151.488543483681,0.0
6143.4687069524025,0.0
6149.563782716174,0.0
6144.9315251357075,0.0
6148.452040896863,0.0
6145.776448918385,0.0
6147.809898822028,0.0
6146.264476895259,0.0
6147.438997559603,0.0
6146.546361854702,0.0
6147.224764990427,0.0
6146.709178607274,0.0
6147.101024258471,0.0
6146.80322156356,0.0
6147.029551611695,0.0
6146.857540775112,0.0
6146.988269010916,0.0
6146.888915551705,0.0
6146.9644241807055,0.0
6146.907037622665,0.0
6146.950651406774,0.0
6146.9175049308515,0.0
6146.942696252552,0.0
6146.92355084806,0.0
0.0,0.0
0.0,0.0
420.93866858237186,0.0
0.0,0.0
3039.746602881428,0.0
9549.119968443634,0.0
1433.2987805283071,0.0
0.0,0.0
2786.2324975947804,0.0
3170.117762368655,0.0
8409.310500599822,0.0
4427.524019544135,0.0
7453.681745146459,0.0
5153.801873688692,0.0
6901.710575996594,0.0
5573.299962242588,0.0
6582.892028695634,0.0
5815.602058191319,0.0
6398.742435774596,0.0
5955.555748811307,0.0
6292.3776309034065,0.0
6036.39300051341,0.0
6230.9413196098085,0.0
6083.084597096546,0.0
6195.455706206626,0.0
6110.0536632829635,0.0
6174.959215904948,0.0
6125.63099591224,0.0
6163.120443106698,0.0
6134.62846323891,0.0
6156.28236793843,0.0
6139.825400366794,0.0
6152.332695721237,0.0
6142.8271512518595,0.0
6150.051365048586,0.0
6144.560962563075,0.0
6148.733668452062,0.0
6145.562411976432,0.0
6147.972566897913,0.0
6146.140849157587,0.0
6147.532954640233,0.0
6146.474954473423,0.0
6147.279034600198,0.0
6146.667933703849,0.0
6147.132370385076,0.0
6146.779398507342,0.0
6147.047657134421,0.0
6146.84378057784,0.0
6146.998726760842,0.0
6146.880967661759,0.0
6146.970464577062,0.0
6146.902446921432,0.0
6146.9541403397125,0.0
6146.914853341818,0.0
6146.944711460217,0.0
6146.922019290235,0.0
6146.939265339422,0.0
6146.92615834204,0.0
6146.9361196600485,0.0
6146.9285490583625,0.0
6146.934302715645,0.0
6146.929929936111,0.0
6146.933253248556,0.0
6146.930727531098,0.0
6146.932647076365,0.0
6146.931188221962,0.0
6146.932296951309,0.0
6146.931454317005,0.0
6146.932094719077,0.0
6146.931608013503,0.0
6146.931977909737,0.0
5525.338563738757,0.0
4518.91435844813,0.0
7924.131651989592,0.0
4796.259944487911,0.0
413.14305853809265,0.0
911.8747669689743,0.0
7193.262710864134,0.0
6663.489864954944,0.0
2132.796555840474,0.0
6048.567030219363,0.0
6221.689057033285,0.0
6090.116316654702,0.0
6190.111599342427,0.0
6114.115184499755,0.0
6171.8724597801875,0.0
6127.976930567058,0.0
6161.337532769037,0.0
6135.9834750955315,0.0
6155.252558927396,0.0
6140.608055215179,0.0
6151.737878036463,0.0
6143.279212692288,0.0
6149.707798353862,0.0
6144.822073251064,0.0
6148.535224329191,0.0
6145.7132295098145,0.0
6147.85794557254,0.0
6146.22796136487,0.0
6147.4667493626985,0.0
2018.1370952259945,0.0
2786.0179650383357,0.0
0.0,0.0
0.0,0.0
14019.79102009079,0.0
