Lignite,Coal,Gas,WindOnshore,WindOffshore,PVGround,PVRoof
13494.644699140401,0.0,0.0,14804.355300859603,0.0,0.0,0.0
9072.974621367168,0.0,0.0,16198.02537863283,0.0,0.0,0.0
8750.057715923045,0.0,0.0,17222.94228407696,0.0,0.0,0.0
4860.823168235774,0.0,0.0,17136.176831764227,0.0,0.0,0.0
5840.6721244371665,0.0,0.0,16317.327875562834,0.0,0.0,0.0
12054.209578387223,0.0,0.0,14527.790421612777,0.0,0.0,0.0
14112.598853868196,0.0,0.0,12868.40114613181,0.0,0.0,0.0
18755.148587801876,0.0,0.0,11360.85141219812,0.0,0.0,0.0
25139.46786737618,0.0,0.0,10108.175194433079,0.0,0.0,0.0
25139.467867376177,0.0,0.0,9365.246009005321,0.0,0.0,0.0
25139.467867376177,0.0,1126.9991813344195,8958.5329512894,0.0,0.0,0.0
25139.467867376177,0.0,2109.7151043798585,9500.817028243962,0.0,0.0,0.0
25139.467867376177,0.0,2044.066721244368,10509.465411379455,0.0,0.0,0.0
25139.467867376177,0.0,0.0,11908.558329922227,0.0,0.0,0.0
25139.467867376177,0.0,0.0,12467.11092918543,0.0,0.0,0.0
25139.467867376174,0.0,0.0,13182.925910765454,0.0,0.0,0.0
25139.46786737618,0.0,1041.084322554232,14446.44781006959,0.0,0.0,0.0
25139.467867376177,0.0,7692.022513303313,14793.50961932051,0.0,0.0,0.0
25139.46786737618,0.0,5333.460908718791,14262.071223905034,0.0,0.0,0.0
25139.467867376177,0.0,1908.2636103151833,13264.26852230864,0.0,0.0,0.0
25139.467867376177,0.0,2315.2329103561206,12559.299222267706,0.0,0.0,0.0
25139.46786737618,0.0,274.58493655341664,11810.947196070407,0.0,0.0,0.0
25139.467867376177,0.0,0.0,11198.16618911175,0.0,0.0,0.0
23161.65493246009,0.0,0.0,10623.345067539909,0.0,0.0,0.0
22619.78469095374,0.0,0.0,10070.215309046258,0.0,0.0,0.0
21965.155137126483,0.0,0.0,9744.844862873517,0.0,0.0,0.0
20121.062627916497,0.0,0.0,9386.937372083505,0.0,0.0,0.0
19412.204666393776,0.0,0.0,9115.795333606226,0.0,0.0,0.0
19826.198526401964,0.0,0.0,8974.801473598036,0.0,0.0,0.0
19140.33442488743,0.0,0.0,8562.665575112569,0.0,0.0,0.0
21752.510437986086,0.0,0.0,8188.48956201392,0.0,0.0,0.0
22460.20180106426,0.0,0.0,8166.798198935737,0.0,0.0,0.0
25139.467867376177,0.0,390.76790830945424,8063.76422431437,0.0,0.0,0.0
25139.467867376177,0.0,178.36062218584036,7543.171510437986,0.0,0.0,0.0
25139.467867376177,0.0,4803.079819893565,7277.452312730254,0.0,0.0,0.0
25139.467867376177,0.0,1072.7433483421996,7499.7887842816235,0.0,0.0,0.0
25139.46786737618,0.0,5460.440851412196,7619.091281211628,0.0,0.0,0.0
25139.467867376177,0.0,3720.3606221858263,7543.171510437986,0.0,0.0,0.0
25139.467867376177,0.0,4477.206303724922,7532.325828898895,0.0,0.0,0.0
25139.467867376174,0.0,5488.795742939015,7819.736389684814,0.0,0.0,0.0
25139.467867376177,0.0,13512.962341383543,8112.569791240282,0.0,0.0,0.0
25139.467867376177,0.0,13405.43143675808,8286.100695865738,0.0,0.0,0.0
25139.467867376177,0.0,14440.733933688085,8166.798198935737,0.0,0.0,0.0
25139.467867376177,0.0,10569.641424478095,7808.890708145725,0.0,0.0,0.0
25139.46786737618,0.0,9333.132214490379,7597.399918133443,0.0,0.0,0.0
25139.467867376177,0.0,6438.126074498577,7456.406058125257,0.0,0.0,0.0
25139.467867376177,0.0,2816.5088006549267,7413.023331968892,0.0,0.0,0.0
25139.467867376177,0.0,0.0,7331.680720425707,0.0,0.0,0.0
24358.674171101105,0.0,0.0,7532.325828898895,0.0,0.0,0.0
22984.13712648383,0.0,0.0,7564.86287351617,0.0,0.0,0.0
21987.223495702005,0.0,0.0,7781.776504297996,0.0,0.0,0.0
22016.43020875972,0.0,0.0,8112.569791240282,0.0,0.0,0.0
21602.013507981985,0.0,0.0,8258.986492018013,0.0,0.0,0.0
22986.482603356533,0.0,0.0,8432.51739664347,0.0,0.0,0.0
25139.467867376177,0.0,3393.9652067130587,9061.566925910765,0.0,0.0,0.0
25139.46786737618,0.0,9514.619320507567,9950.91281211625,0.0,0.0,0.0
25139.467867376177,0.0,6413.98076917236,10796.875972165373,0.0,0.0,0.0
25139.46786737618,0.0,6643.1097011870625,11496.422431436757,0.0,0.0,0.0
25139.46786737618,0.0,7526.677445763397,12168.854686860417,0.0,0.0,0.0
25139.467867376177,0.0,3327.9455587392536,13909.58657388457,0.0,0.0,0.0
25139.467867376177,0.0,5676.321735571024,15482.210397052806,0.0,0.0,0.0
25139.46786737618,0.0,2039.9632370031607,16924.68604175195,0.0,0.0,0.0
25139.46786737618,0.0,0.0,18383.430208759728,0.0,0.0,0.0
25139.467867376177,0.0,0.0,20888.78264428981,0.0,0.0,0.0
25139.467867376177,0.0,2985.0761358984805,23090.45599672534,0.0,0.0,0.0
25139.467867376177,0.0,0.0,24950.490380679494,0.0,0.0,0.0
23542.870241506334,0.0,0.0,27049.129758493666,0.0,0.0,0.0
19612.53950061399,0.0,0.0,29169.46049938601,0.0,0.0,0.0
14606.202619729833,0.0,0.0,31148.797380270164,0.0,0.0,0.0
8913.230045026605,0.0,0.0,32661.7699549734,0.0,0.0,0.0
3264.7359803520203,0.0,0.0,33681.26401964798,0.0,0.0,0.0
0.0,0.0,0.0,32573.0925091494,0.0,0.0,0.0
0.0,0.0,0.0,31351.022202195854,0.0,0.0,0.0
0.0,0.0,0.0,30877.325328527004,0.0,0.0,0.0
0.0,0.0,0.0,30009.03807884648,0.0,0.0,0.0
0.0,0.0,0.0,29278.249138923155,0.0,0.0,0.0
0.0,0.0,0.0,28887.059793341556,0.0,0.0,0.0
716.7924682767007,0.0,0.0,29679.207531723303,0.0,0.0,0.0
8323.21571837904,0.0,0.0,27916.784281620963,0.0,0.0,0.0
16479.972165370444,0.0,0.0,26740.02783462956,0.0,0.0,0.0
18599.17601309865,0.0,0.0,26121.823986901352,0.0,0.0,0.0
19960.83667621776,0.0,0.0,25395.163323782243,0.0,0.0,0.0
21394.096193205063,0.0,0.0,24288.90380679493,0.0,0.0,0.0
21906.466639377813,0.0,0.0,23963.533360622194,0.0,0.0,0.0
22561.207531723292,0.0,0.0,23312.79246827671,0.0,0.0,0.0
23143.32501023332,0.0,0.0,22477.674989766685,0.0,0.0,0.0
23280.352844862875,0.0,0.0,22233.64715513712,0.0,0.0,0.0
23984.90216946377,0.0,0.0,22483.09783053623,0.0,0.0,0.0
25139.467867376177,0.0,236.05978640197708,22743.394187474427,0.0,0.0,0.0
25139.467867376177,0.0,756.242734343019,23383.289398280805,0.0,0.0,0.0
25139.467867376177,0.0,0.0,24055.721653704466,0.0,0.0,0.0
22436.785421946875,0.0,0.0,25107.75276299632,0.0,0.0,0.0
13698.240687679085,0.0,0.0,26723.759312320915,0.0,0.0,0.0
9130.39370979007,0.0,0.0,27629.373720835036,0.0,0.0,0.0
4161.767579290348,0.0,0.0,27775.790421612775,0.0,0.0,0.0
0.0,0.0,0.0,27694.447810069596,0.0,0.0,0.0
0.0,0.0,0.0,27065.398280802303,0.0,0.0,0.0
4761.672943102735,0.0,0.0,26051.327056897262,0.0,0.0,0.0
1154.768726975027,0.0,0.0,25601.231273024972,0.0,0.0,0.0
3038.012689316415,0.0,0.0,25020.987310683588,0.0,0.0,0.0
2619.2594164839966,0.0,0.0,25086.06139991814,0.0,0.0,0.0
4878.63610315186,0.0,0.0,25205.363896848143,0.0,0.0,0.0
10395.071223905035,0.0,0.0,25481.928776094966,0.0,0.0,0.0
17145.460090053217,0.0,0.0,25579.53990994679,0.0,0.0,0.0
18652.68235775685,0.0,0.0,25384.31764224315,0.0,0.0,0.0
19925.35530085961,0.0,0.0,24939.644699140397,0.0,0.0,0.0
19214.636103151857,0.0,0.0,25205.363896848143,0.0,0.0,0.0
18096.889070814566,0.0,0.0,25715.110929185434,0.0,0.0,0.0
17891.84895620139,0.0,0.0,25677.151043798614,0.0,0.0,0.0
18262.413835448217,0.0,0.0,25400.586164551783,0.0,0.0,0.0
19133.97257470323,0.0,0.0,24983.027425296772,0.0,0.0,0.0
20919.142447810063,0.0,0.0,24467.857552189937,0.0,0.0,0.0
25139.467867376177,0.0,0.0,23790.00245599673,0.0,0.0,0.0
25139.467867376177,0.0,0.0,23220.60417519444,0.0,0.0,0.0
25139.467867376174,0.0,1157.3855503229106,22521.05771592305,0.0,0.0,0.0
25139.467867376177,0.0,0.0,21485.29512893983,0.0,0.0,0.0
25139.46786737618,0.0,0.0,20422.418338108888,0.0,0.0,0.0
17409.93417672143,0.0,0.0,19641.52926729431,0.0,0.0,0.0
15264.714695047072,0.0,0.0,19061.285304952933,0.0,0.0,0.0
9834.072861236182,0.0,0.0,18453.92713876382,0.0,0.0,0.0
8855.636719943803,0.0,0.0,17857.414654113796,0.0,0.0,0.0
8377.410811634409,0.0,0.0,17624.232501023336,0.0,0.0,0.0
7318.94351207531,0.0,0.0,17250.05648792469,0.0,0.0,0.0
12121.503797061316,0.0,0.0,17065.67990176013,0.0,0.0,0.0
7494.620715838318,0.0,0.0,17412.741711011055,0.0,0.0,0.0
13554.75521899304,0.0,0.0,17342.244781006964,0.0,0.0,0.0
19027.150225133035,0.0,0.0,17580.84977486697,0.0,0.0,0.0
25139.467867376177,0.0,0.0,17851.991813344255,0.0,0.0,0.0
25139.467867376177,0.0,0.0,17732.689316414246,0.0,0.0,0.0
25139.467867376177,0.0,1642.2472370036849,17304.28489562014,0.0,0.0,0.0
25139.467867376177,0.0,707.5714285714309,16799.9607040524,0.0,0.0,0.0
25139.467867376177,0.0,0.0,16127.528448628735,0.0,0.0,0.0
25139.467867376174,0.0,3866.3340155546384,15764.198117069182,0.0,0.0,0.0
25139.467867376177,0.0,3000.710601719195,15579.82153090463,0.0,0.0,0.0
25139.46786737618,0.0,4414.429799426928,15314.102333196892,0.0,0.0,0.0
25139.467867376177,0.0,1111.8088056012296,15845.540728612365,0.0,0.0,0.0
25139.467867376177,0.0,3814.9418747441673,16474.59025787966,0.0,0.0,0.0
25139.46786737618,0.0,6115.475644699131,17250.05648792469,0.0,0.0,0.0
25139.467867376177,0.0,4131.700777732294,18003.831354891536,0.0,0.0,0.0
25139.46786737618,0.0,3145.713057715923,18285.8190749079,0.0,0.0,0.0
25139.46786737618,0.0,0.0,18285.8190749079,0.0,0.0,0.0
22795.81989357347,0.0,0.0,17944.180106426527,0.0,0.0,0.0
17783.1127964835,0.0,0.0,17391.05034793287,0.0,0.0,0.0
12531.193614408507,0.0,0.0,16810.80638559149,0.0,0.0,0.0
9042.38518215309,0.0,0.0,15910.614817846912,0.0,0.0,0.0
11773.011870650842,0.0,0.0,15286.988129349162,0.0,0.0,0.0
11897.422431436755,0.0,0.0,14999.577568563243,0.0,0.0,0.0
8573.735393361301,0.0,0.0,15075.497339336885,0.0,0.0,0.0
10277.187883749482,0.0,0.0,14912.812116250516,0.0,0.0,0.0
12069.123209169054,0.0,0.0,14310.87679083095,0.0,0.0,0.0
20169.5955792059,0.0,0.0,13676.404420794106,0.0,0.0,0.0
25139.467867376177,0.0,0.0,12944.320916905446,0.0,0.0,0.0
25139.467867376177,0.0,1951.2451903397423,12841.28694228408,0.0,0.0,0.0
25139.467867376177,0.0,2357.6618911174787,12694.870241506347,0.0,0.0,0.0
25139.467867376177,0.0,1095.5047073270532,11735.02742529677,0.0,0.0,0.0
25139.46786737618,0.0,408.94637740483057,10395.585755218997,0.0,0.0,0.0
25139.467867376177,0.0,7858.307818256245,8980.224314367584,0.0,0.0,0.0
25139.467867376177,0.0,2644.37904216127,7966.15309046255,0.0,0.0,0.0
25139.467867376177,0.0,3572.851412198117,7331.680720425707,0.0,0.0,0.0
25139.46786737618,0.0,4354.514940646742,7554.01719197708,0.0,0.0,0.0
25139.467867376177,0.0,8374.767908309455,8063.76422431437,0.0,0.0,0.0
25139.467867376177,0.0,12277.425296766272,8145.106835857553,0.0,0.0,0.0
25139.467867376177,0.0,9073.57961522718,8155.952517396644,0.0,0.0,0.0
25139.467867376177,0.0,8849.579615227178,8155.952517396644,0.0,0.0,0.0
25139.467867376177,0.0,6417.808022922631,8101.724109701188,0.0,0.0,0.0
25139.467867376177,0.0,1658.2464183381107,7570.2857142857165,0.0,0.0,0.0
25139.467867376177,0.0,0.0,6995.464592713877,0.0,0.0,0.0
25139.467867376177,0.0,0.0,6664.671305771592,0.0,0.0,0.0
