Price
115.93942446043157
115.93942446043157
115.93942446043157
115.93942446043157
115.93942446043157
115.93942446043157
115.93942446043157
115.93942446043157
164.05937649880084
164.05937649880084
164.05937649880084
164.05937649880084
164.05937649880084
164.05937649880084
164.05937649880084
164.05937649880084
164.05937649880084
164.05937649880084
164.05937649880084
164.05937649880082
164.05937649880084
164.05937649880084
115.93942446043157
115.93942446043157
115.93942446043157
115.93942446043155
115.93942446043155
115.93942446043157
115.93942446043155
115.93942446043158
115.93942446043157
115.93942446043157
164.05937649880084
164.05937649880084
164.05937649880084
164.05937649880084
164.05937649880084
164.05937649880084
164.05937649880084
164.05937649880084
164.05937649880084
164.05937649880084
164.05937649880082
164.05937649880084
164.05937649880084
164.05937649880084
164.05937649880082
115.93942446043155
115.93942446043157
115.93942446043157
115.93942446043155
115.93942446043155
115.93942446043157
115.93942446043157
164.05937649880084
164.05937649880084
164.05937649880084
164.05937649880084
164.05937649880084
164.05937649880084
164.05937649880084
164.05937649880084
164.05937649880087
164.05937649880084
164.05937649880084
164.05937649880084
115.93942446043155
115.93942446043158
115.93942446043157
115.93942446043155
115.93942446043157
-11.32912594119083
-11.32912594119083
-11.329125941190831
-11.32912594119083
-11.32912594119083
-11.329125941190831
115.93942446043157
115.93942446043158
115.93942446043157
115.93942446043157
115.93942446043155
115.93942446043155
115.93942446043158
115.93942446043155
115.93942446043157
115.93942446043158
115.93942446043157
164.05937649880084
164.05937649880084
164.05937649880084
115.93942446043157
115.93942446043158
115.93942446043157
115.93942446043157
115.93942446043158
115.93942446043157
115.93942446043158
115.93942446043157
115.93942446043158
115.93942446043157
115.93942446043157
115.93942446043157
115.93942446043157
115.93942446043157
115.93942446043157
115.93942446043157
115.93942446043155
115.93942446043157
115.93942446043157
115.93942446043157
115.93942446043158
164.05937649880084
164.05937649880084
164.05937649880084
115.93942446043157
115.93942446043158
115.93942446043157
115.93942446043157
115.93942446043157
115.93942446043157
115.93942446043157
115.93942446043157
115.93942446043155
115.93942446043155
115.93942446043157
115.93942446043157
164.05937649880082
164.05937649880084
164.05937649880084
164.05937649880084
164.05937649880084
164.05937649880084
164.05937649880087
164.05937649880084
164.05937649880084
164.05937649880084
164.05937649880084
164.05937649880084
164.05937649880082
164.05937649880082
115.93942446043157
115.93942446043157
115.93942446043157
115.93942446043158
115.93942446043158
115.93942446043157
115.93942446043157
115.93942446043155
115.93942446043158
115.93942446043155
164.05937649880084
164.05937649880084
164.05937649880084
164.05937649880084
164.05937649880084
164.05937649880084
164.05937649880084
164.05937649880084
164.05937649880084
164.05937649880082
164.05937649880084
164.05937649880084
164.05937649880084
164.05937649880084
164.05937649880084
164.05937649880084
115.93942446043157
